0.0
0.0
0.0
0.0
0.0
0.0
0.0
0.0
0.0
0.0
0.0
0.0
0.0
0.0
0.0
0.0
0.0
0.0
0.0
0.0
0.0
0.0
0.0
0.0
0.0
0.0
0.0
0.0
0.0
0.0
0.0
0.0
0.0
0.0
0.0
0.0
0.0
0.0
0.0
0.0
0.0
0.0
0.0
0.0
0.0
0.0
0.0
0.0
0.0
0.0
0.0
0.0
0.0
0.0
0.0
0.0
0.0
0.0
0.0
0.0
0.1355463347
0.0
0.0
0.0
0.0
0.0
0.0
0.0
0.0
0.0
0.0
0.0
0.0
0.0
0.0
0.1085271318
0.0
0.0
0.0
0.1505376344
0.0
0.0
0.0
0.0
0.0
0.0
0.1040339703
0.0
0.0
0.0
0.0
0.1311914324
0.0
0.0
0.0
0.0
0.0
0.0
0.0
0.0
0.0
0.0
0.0
0.0
0.0
0.0
0.0
0.0
0.0
0.1578099839
0.0
0.0
0.0
0.0
0.0
0.0
0.0
0.0
0.1505376344
0.1214374226
0.0
0.0873440285
0.0
0.0
0.0
0.0
0.0
0.0
0.0
0.0
0.0
0.0
0.0
0.1526479751
0.0
0.0
0.0
0.1464872945
0.0
0.1471471471
0.0
0.1396011396
0.0
0.0
0.0
0.0
0.0
0.0
0.0
0.0
0.1183574879
0.0
0.0289351852
0.0
0.0
0.0
0.1361111111
0.0
0.0104166667
0.0
0.0
0.0104166667
0.1162514828
0.0104166667
0.1327913279
0.0
0.0
0.1017653167
0.0
0.0
0.0
0.1585760518
0.0
0.1471471471
0.0
0.0000000000
0.1445427729
0.1458333333
0.0
0.1228070175
0.0
0.0
0.1420289855
0.1150234742
0.0289351852
0.0
0.0
0.0
0.1402002861
0.0
0.0
0.0963618486
0.1471471471
0.0
0.0
0.0
0.0
0.0
0.1008230453
0.0
0.0
0.0
0.0
0.0
0.1179302046
0.0372023810
0.1526479751
0.0
0.0
0.0955165692
0.0
0.0
0.0
0.0000000000
0.1322537112
0.1384180791
0.0
0.1242078580
0.1200980392
0.0
0.0104166667
0.0
0.1008230453
0.1548183254
0.0
0.0983935743
0.0
0.0200320513
0.1451851852
0.0885275519
0.1414141414
0.0
0.0104166667
0.0986908359
0.0
0.1464872945
0.0104166667
0.0
0.0
0.0
0.0104166667
0.1306666667
0.1138211382
0.0000000000
0.1033755274
0.0200320513
0.0000000000
0.1166666667
0.1251596424
0.0885275519
0.0000000000
0.0
0.0104166667
0.0000000000
0.1085271318
0.0
0.0
0.0104166667
0.0000000000
0.1005128205
0.0761460761
0.0104166667
0.1142191142
0.0104166667
0.0
0.0000000000
0.0
0.0000000000
0.0989898990
0.1187878788
0.0000000000
0.0236742424
0.0000000000
0.0104166667
0.1209876543
0.0104166667
0.0104166667
0.0000000000
0.0000000000
0.0000000000
0.0000000000
0.0000000000
0.0000000000
0.0000000000
0.0000000000
0.0000000000
