0.0
0.0
0.0
0.0
0.0
0.0
0.0
0.0
0.0
0.2153069807
0.0243902439
0.0
0.0
0.0
0.0
0.0000000000
0.0
0.0
0.1676215420
0.0
0.0
0.2472832649
0.0
0.0
0.2116577098
0.0
0.1966583445
0.0
0.0
0.0
0.2744572501
0.2047181128
0.0
0.0
0.0
0.1877865395
0.1863851474
0.0
0.0
0.0
0.0
0.2497560976
0.0
0.2291340345
0.0
0.0
0.2601626016
0.0
0.0
0.1796806457
0.3045806068
0.0
0.1758845757
0.1314505777
0.0
0.0
0.2448589192
0.0
0.1783972125
0.2116577098
0.0243902439
0.1551280109
0.2656979761
0.0
0.0000000000
0.0
0.2250054933
0.0
0.2171792153
0.1746546137
0.2356189600
0.1130118089
0.2171792153
0.0
0.3009109609
0.0
0.0
0.2229965157
0.2424816481
0.1522903034
0.2210230952
0.0000000000
0.2190842961
0.0000000000
0.0000000000
0.0000000000
0.0000000000
