0.0
0.0
0.0
0.0
0.0
0.0
0.0
0.0
0.0
0.0
0.0
0.0
0.0
0.0
0.0
0.0
0.0
0.0
0.0
0.0
0.0
0.0
0.0
0.0
0.0
0.0
0.0
0.0
0.0
0.0
0.0
0.0
0.0
0.0
0.0
0.0
0.0
0.0
0.0
0.0
0.0
0.0
0.0
0.0
0.0
0.0
0.0
0.0
0.0
0.0
0.0
0.0
0.0745313147
0.0
0.0
0.0
0.0
0.0
0.0
0.0
0.0
0.0797677068
0.0
0.0
0.0
0.0
0.0
0.0
0.0
0.0
0.0
0.0
0.0
0.0
0.0
0.0
0.0
0.0
0.0
0.0
0.0
0.0
0.0
0.0
0.0
0.0000000000
0.0
0.0
0.0
0.0
0.0
0.0
0.0
0.0
0.0
0.0
0.0755228621
0.0
0.0
0.0
0.0
0.0
0.0
0.0
0.0
0.0
0.0
0.0
0.0
0.0
0.0
0.0067567568
0.0
0.0
0.0
0.0
0.0
0.0
0.0
0.0
0.0918081154
0.0
0.0090090090
0.0
0.0788444695
0.0
0.0000000000
0.0
0.0836874958
0.0
0.0
0.0
0.0
0.0
0.0
0.0
0.0657544610
0.0
0.0135135135
0.0
0.0
0.0797677068
0.0
0.0
0.0
0.0
0.0653758365
0.0
0.0
0.0
0.0067567568
0.0753557761
0.0
0.0
0.0
0.0
0.0
0.0
0.0000000000
0.0607144578
0.0
0.0000000000
0.0
0.0
0.0
0.0
0.0
0.0
0.0656277665
0.0
0.0
0.0
0.0
0.0
0.0
0.0
0.0
0.0
0.0
0.0
0.0
0.0
0.0
0.0
0.0
0.0
0.0
0.0987269879
0.0000000000
0.0
0.0
0.0
0.0090090090
0.0
0.0
0.0
0.0
0.0000000000
0.0
0.0
0.0646315196
0.0702284759
0.0
0.0
0.0
0.0
0.0
0.0
0.0
0.0000000000
0.0
0.0
0.0
0.0918081154
0.0723159465
0.0
0.0135135135
0.0
0.0690888657
0.0000000000
0.0067567568
0.0180180180
0.0490083609
0.0995930141
0.0543234622
0.0940906376
0.0604987759
0.0067567568
0.0
0.0
0.1054514267
0.0000000000
0.0657544610
0.0
0.0
0.0709600225
0.0000000000
0.0
0.0797677068
0.0681216216
0.0
0.0000000000
0.0
0.0000000000
0.0
0.0709600225
0.0550255425
0.0135135135
0.0703735761
0.0000000000
0.0445239357
0.0
0.0
0.0845181410
0.0000000000
0.0935736561
0.0067567568
0.0
0.0000000000
0.0067567568
0.0891644262
0.0671810864
0.0
0.0964895490
0.0
0.0
0.0
0.0
0.0
0.0
0.0
0.0784811309
0.0
0.0
0.0875599250
0.0067567568
0.0
0.0539790980
0.0
0.0
0.0460904071
0.0636650669
0.0000000000
0.0
0.0000000000
0.0618163536
0.0000000000
0.0618163536
0.0
0.0000000000
0.0
0.0
0.0
0.0602846209
0.0000000000
0.0067567568
0.0
0.0
0.0067567568
0.0792111879
0.0
0.0775872684
0.0
0.0566735621
0.0000000000
0.0000000000
0.0948769103
0.0690888657
0.0000000000
0.0
0.0
0.0
0.0000000000
0.0
0.0
0.0067567568
0.0000000000
0.0669171136
0.0000000000
0.0445239357
0.0
0.0067567568
0.0
0.0090090090
0.0000000000
0.0578282017
0.0000000000
0.0551145806
0.0828730190
0.0000000000
0.0536390721
0.0090090090
0.0548483266
0.0494351391
0.0490083609
0.0621547643
0.0000000000
0.0760285956
0.0216216216
0.0551145806
0.0000000000
0.0000000000
0.0720101708
0.0
0.0000000000
0.0
0.0000000000
0.0
0.0509130206
0.0
0.0807128218
0.0
0.0685328185
0.0940906376
0.0000000000
0.0604987759
0.0551145806
0.0135135135
0.0000000000
0.0891644262
0.0000000000
0.0067567568
0.0067567568
0.0548483266
0.0685328185
0.0000000000
0.0067567568
0.0000000000
0.0000000000
0.0000000000
0.0000000000
0.0120120120
0.0000000000
0.0000000000
0.0000000000
0.0000000000
0.0000000000
0.0000000000
0.0000000000
0.0000000000
0.0000000000
0.0000000000
