0.0
0.0
0.0
0.0
0.0
0.0
0.0
0.0
0.0
0.0
0.0
0.0
0.0
0.0
0.0
0.0
0.0
0.0
0.0
0.0
0.0
0.0
0.0
0.0
0.0
0.0
0.0
0.0
0.0
0.0
0.0
0.0
0.0
0.0
0.0
0.0
0.0
0.0
0.0
0.0
0.0
0.0
0.0000000000
0.0000000000
0.0
0.0
0.0
0.0
0.0
0.0192307692
0.0
0.0
0.0
0.0
0.0
0.0
0.0
0.0
0.0
0.0
0.0856643357
0.0
0.0
0.0
0.0
0.0
0.0
0.0
0.0
0.0
0.0
0.0554298643
0.0
0.0
0.0
0.0000000000
0.0
0.0000000000
0.0
0.0673076923
0.0
0.0
0.0256410256
0.0
0.0
0.0
0.0628205128
0.0
0.0
0.0
0.0
0.0384615385
0.0
0.0
0.0000000000
0.0
0.0
0.0
0.0
0.0
0.0
0.0000000000
0.0
0.0000000000
0.0000000000
0.0
0.0
0.0256410256
0.0
0.0409698997
0.0
0.0384615385
0.0
0.0
0.0
0.0384615385
0.0256410256
0.0
0.0192307692
0.0000000000
0.0000000000
0.0471153846
0.0724852071
0.0
0.0
0.0000000000
0.0
0.0
0.0256410256
0.0
0.0000000000
0.0192307692
0.0
0.0000000000
0.0000000000
0.0
0.0
0.0256410256
0.0554298643
0.0000000000
0.0
0.0000000000
0.0
0.0384615385
0.0
0.0
0.0256410256
0.0256410256
0.0192307692
0.0000000000
0.0256410256
0.0000000000
0.0000000000
0.0384615385
0.0000000000
0.0000000000
0.0256410256
0.0000000000
0.0000000000
0.0000000000
0.0256410256
0.0000000000
0.0000000000
