0.0
0.0
0.0
0.0
0.0
0.0
0.0000000000
0.0
0.0
0.0000000000
0.0
0.0
0.0
0.0
0.0
0.0
0.0
0.0
0.0
0.0
0.0
0.0
0.0
0.0000000000
0.0
0.0
0.0
0.0
0.0
0.0
0.0
0.0
0.0
0.0
0.0
0.0
0.0
0.0
0.0
0.0
0.0
0.0
0.0000000000
0.0
0.0
0.0
0.0
0.0
0.0
0.0
0.0
0.0
0.0000000000
0.0
0.0060606061
0.0
0.0
0.0
0.0040404040
0.0
0.0
0.0000000000
0.0
0.0
0.0
0.0000000000
0.0
0.0069264069
0.0000000000
0.0
0.0000000000
0.0196303208
0.0
0.0
0.0314269455
0.0
0.0
0.0
0.0
0.0
0.0
0.0
0.0
0.0000000000
0.0
0.0262507427
0.0
0.0
0.0
0.0
0.0
0.0
0.0000000000
0.0
0.0000000000
0.0
0.0
0.0
0.0103305785
0.0
0.0
0.0
0.0
0.0
0.0
0.0
0.0
0.0
0.0
0.0
0.0
0.0040404040
0.0
0.0
0.0
0.0
0.0
0.0000000000
0.0
0.0
0.0
0.0307061440
0.0
0.0000000000
0.0
0.0221653622
0.0
0.0
0.0097402597
0.0
0.0
0.0
0.0
0.0
0.0113636364
0.0060606061
0.0
0.0
0.0
0.0317248313
0.0159000936
0.0
0.0
0.0
0.0226913200
0.0
0.0302893185
0.0040404040
0.0000000000
0.0000000000
0.0000000000
0.0
0.0092137592
0.0
0.0000000000
0.0
0.0
0.0
0.0220922092
0.0
0.0
0.0232428451
0.0
0.0
0.0
0.0
0.0193466456
0.0082491582
0.0350468031
0.0
0.0121753247
0.0
0.0
0.0
0.0030303030
0.0
0.0
0.0060606061
0.0
0.0068870523
0.0
0.0000000000
0.0
0.0
0.0
0.0
0.0
0.0
0.0000000000
0.0030303030
0.0000000000
0.0251651857
0.0179425837
0.0
0.0000000000
0.0
0.0
0.0
0.0082491582
0.0
0.0197461339
0.0280081146
0.0
0.0
0.0
0.0200417347
0.0000000000
0.0030303030
0.0
0.0
0.0258453258
0.0
0.0
0.0030303030
0.0000000000
0.0
0.0
0.0040404040
0.0060606061
0.0000000000
0.0
0.0
0.0
0.0
0.0
0.0000000000
0.0
0.0
0.0030303030
0.0
0.0
0.0
0.0253558310
0.0
0.0000000000
0.0
0.0030303030
0.0030303030
0.0
0.0
0.0000000000
0.0142045455
0.0
0.0
0.0
0.0328134284
0.0
0.0068181818
0.0
0.0000000000
0.0
0.0000000000
0.0223877572
0.0
0.0
0.0000000000
0.0030303030
0.0
0.0
0.0000000000
0.0
0.0069264069
0.0
0.0
0.0
0.0
0.0000000000
0.0131118881
0.0000000000
0.0030303030
0.0
0.0053030303
0.0068870523
0.0000000000
0.0
0.0
0.0
0.0
0.0000000000
0.0
0.0
0.0
0.0030303030
0.0060606061
0.0257459207
0.0
0.0097402597
0.0
0.0
0.0030303030
0.0
0.0000000000
0.0000000000
0.0248845331
0.0040404040
0.0
0.0
0.0000000000
0.0030303030
0.0
0.0212506013
0.0
0.0
0.0
0.0
0.0000000000
0.0
0.0080808081
0.0040404040
0.0
0.0
0.0
0.0
0.0
0.0067493113
0.0
0.0131118881
0.0068181818
0.0
0.0000000000
0.0000000000
0.0000000000
0.0
0.0304269972
0.0
0.0199224387
0.0000000000
0.0
0.0173868556
0.0
0.0230825496
0.0
0.0108225108
0.0194027229
0.0
0.0030303030
0.0
0.0
0.0045454545
0.0060606061
0.0
0.0000000000
0.0269916911
0.0
0.0
0.0
0.0
0.0
0.0000000000
0.0045454545
0.0
0.0
0.0040404040
0.0030303030
0.0108225108
0.0000000000
0.0
0.0170763760
0.0
0.0
0.0040404040
0.0
0.0060606061
0.0
0.0000000000
0.0
0.0
0.0
0.0000000000
0.0
0.0
0.0000000000
0.0045454545
0.0000000000
0.0
0.0000000000
0.0000000000
0.0087412587
0.0090909091
0.0
0.0000000000
0.0030303030
0.0148221344
0.0030303030
0.0
0.0000000000
0.0030303030
0.0040404040
0.0000000000
0.0030303030
0.0048484848
0.0040404040
0.0000000000
0.0229244500
0.0
0.0
0.0
0.0000000000
0.0060606061
0.0
0.0
0.0222390013
0.0
0.0092803030
0.0000000000
0.0000000000
0.0
0.0000000000
0.0
0.0048484848
0.0
0.0000000000
0.0000000000
0.0000000000
0.0000000000
0.0000000000
0.0067493113
0.0000000000
0.0040404040
0.0068181818
0.0000000000
0.0143339173
0.0068870523
0.0000000000
0.0068181818
0.0
0.0
0.0030303030
0.0201624681
0.0000000000
0.0000000000
0.0
0.0000000000
0.0
0.0000000000
0.0000000000
0.0198045544
0.0045454545
0.0054545455
0.0
0.0000000000
0.0000000000
0.0030303030
0.0030303030
0.0
0.0177088344
0.0142045455
0.0092803030
0.0000000000
0.0000000000
0.0030303030
0.0074110672
0.0
0.0000000000
0.0000000000
0.0000000000
0.0121753247
0.0068870523
0.0
0.0000000000
0.0000000000
0.0000000000
0.0000000000
0.0000000000
0.0
0.0000000000
0.0030303030
0.0000000000
0.0
0.0000000000
0.0
0.0030303030
0.0000000000
0.0262507427
0.0000000000
0.0000000000
0.0000000000
0.0
0.0040404040
0.0000000000
0.0
0.0162337662
0.0
0.0000000000
0.0336378864
0.0
0.0197461339
0.0
0.0000000000
0.0054545455
0.0000000000
0.0
0.0
0.0
0.0000000000
0.0000000000
0.0000000000
0.0199224387
0.0040404040
0.0000000000
0.0040404040
0.0159000936
0.0030303030
0.0000000000
0.0030303030
0.0053030303
0.0267757576
0.0282444700
0.0
0.0
0.0040404040
0.0
0.0030303030
0.0030303030
0.0000000000
0.0000000000
0.0250709341
0.0000000000
0.0000000000
0.0030303030
0.0000000000
0.0000000000
0.0000000000
0.0177558074
0.0060606061
0.0000000000
0.0000000000
0.0030303030
0.0030303030
0.0000000000
0.0143339173
0.0000000000
0.0000000000
0.0000000000
0.0000000000
0.0000000000
0.0040404040
0.0030303030
0.0000000000
0.0000000000
0.0000000000
0.0000000000
0.0030303030
0.0000000000
0.0
0.0000000000
0.0000000000
0.0000000000
0.0000000000
0.0054545455
0.0030303030
0.0000000000
0.0000000000
0.0
0.0030303030
0.0000000000
0.0000000000
0.0000000000
0.0030303030
0.0030303030
0.0000000000
0.0000000000
0.0000000000
0.0234875066
0.0000000000
0.0000000000
0.0000000000
0.0000000000
0.0000000000
0.0000000000
0.0
0.0000000000
0.0000000000
0.0000000000
0.0040404040
0.0000000000
0.0000000000
0.0000000000
0.0000000000
0.0000000000
0.0000000000
0.0
0.0030303030
0.0000000000
0.0000000000
0.0000000000
0.0000000000
0.0000000000
0.0000000000
0.0000000000
0.0000000000
0.0000000000
0.0000000000
0.0000000000
0.0000000000
0.0040404040
0.0000000000
0.0000000000
0.0000000000
0.0000000000
0.0000000000
0.0000000000
0.0000000000
0.0000000000
0.0000000000
0.0000000000
