0.0
0.0
0.0
0.0
0.0
0.0
0.0
0.0
0.0
0.0
0.0
0.0
0.0
0.0
0.0
0.1124455802
0.0
0.0
0.0
0.0
0.0
0.0
0.0
0.0
0.0
0.0
0.0
0.0
0.0
0.0000000000
0.0
0.1130232116
0.0
0.0
0.0
0.0
0.1013910224
0.0912939911
0.1155964195
0.0
0.1138026820
0.0
0.0
0.1029727856
0.0882427213
0.0
0.0
0.0
0.0
0.0806913882
0.0
0.0
0.1057781339
0.0
0.1107475764
0.0
0.0
0.0
0.0
0.0
0.0
0.0
0.0
0.0
0.0
0.0
0.0
0.0
0.0
0.0
0.1031336806
0.1068051061
0.1078522150
0.0
0.0966406377
0.0
0.1195752818
0.0
0.0767506460
0.0
0.1259648007
0.1229153735
0.0
0.1047707231
0.1296769264
0.0901715240
0.0
0.1132170764
0.1189289289
0.0160130719
0.0
0.0
0.0
0.0
0.0
0.0
0.0000000000
0.0880074074
0.0
0.0
0.0
0.1054401846
0.0000000000
0.0074074074
0.0
0.0
0.0
0.0
0.0
0.1304457620
0.0000000000
0.0000000000
0.1130232116
0.0953837508
0.0883608508
0.1168239921
0.1160027338
0.0000000000
0.0
0.0
0.0
0.0
0.0840835103
0.1170311269
0.0
0.0847311368
0.0
0.0
0.0
0.0
0.0
0.0994059572
0.0615723466
0.0
0.0559369115
0.0916743827
0.1178670635
0.0
0.0
0.0771994802
0.0980766056
0.0
0.0681875574
0.0
0.0665378584
0.0
0.0741635456
0.0
0.1217814678
0.0868494152
0.0000000000
0.0000000000
0.0844060813
0.0893173959
0.0
0.0911678944
0.1000084175
0.0967823395
0.0880074074
0.0118357488
0.1000084175
0.0
0.1028123918
0.0964993502
0.1069782100
0.0000000000
0.0643329002
0.0645846923
0.0
0.0976413544
0.0
0.1001601753
0.0000000000
0.0
0.0767506460
0.0778367400
0.0
0.0
0.0765725703
0.0000000000
0.0681875574
0.0
0.0742469691
0.0000000000
0.0000000000
0.0779286370
0.0854994243
0.0181481481
0.0860567869
0.0884792970
0.0
0.0719014766
0.0932281858
0.0
0.0055555556
0.1009259259
0.0942936508
0.0938912597
0.0
0.0000000000
0.0111111111
0.0889562743
0.0600050505
0.0691882134
0.0801038296
0.0
0.0
0.1071518759
0.0000000000
0.0
0.0000000000
0.0887171446
0.0
0.0
0.1042741794
0.0
0.0780207512
0.0
0.0988107119
0.0
0.0
0.0000000000
0.0000000000
0.0055555556
0.0000000000
0.0916743827
0.0
0.0000000000
0.1164119146
0.0000000000
0.0683287325
0.0921865301
0.0662041681
0.0584119961
0.0621521239
0.0691882134
0.1023341947
0.0882427213
0.0000000000
0.0181481481
0.0744983697
0.0
0.0000000000
0.1023341947
0.0772898777
0.0836572314
0.0055555556
0.0000000000
0.0
0.0662041681
0.0000000000
0.0
0.0938912597
0.0074074074
0.0000000000
0.0000000000
0.0
0.0000000000
0.0000000000
0.0000000000
0.0000000000
0.0055555556
0.0
0.0000000000
0.0909167432
0.0000000000
0.0160130719
0.0850587056
0.1000084175
0.0118357488
0.0000000000
0.0
0.0000000000
0.0129629630
0.0000000000
0.0882427213
0.0875405246
0.0000000000
0.0744143806
0.0584119961
0.0735847888
0.0000000000
0.0000000000
0.0100823045
0.0000000000
0.0859447338
0.0000000000
0.0000000000
0.0000000000
0.0000000000
0.0000000000
0.0000000000
0.0691882134
0.0000000000
0.0000000000
0.0000000000
0.0000000000
0.0000000000
0.0000000000
0.0000000000
0.0000000000
0.0000000000
0.0000000000
