0.0
0.0
0.0
0.0
0.0
0.0
0.0
0.0
0.0
0.0
0.0
0.0
0.0
0.0
0.0
0.0
0.0
0.0
0.0
0.0
0.0
0.0
0.0
0.0
0.0
0.0
0.0
0.0
0.0
0.0742665441
0.0
0.1100245098
0.0
0.0
0.0
0.0
0.0
0.0869886315
0.0
0.0
0.1085173247
0.0
0.0
0.0
0.0822897996
0.0
0.0
0.0
0.0
0.0930512691
0.0
0.0
0.1095174844
0.0
0.1182352941
0.0
0.0
0.0
0.0
0.0
0.0
0.0
0.0
0.0
0.0
0.0
0.0
0.0
0.0
0.0
0.1256093769
0.1053426158
0.1050631924
0.0
0.0932703851
0.0
0.1048777322
0.0
0.0890085922
0.0
0.0
0.0977995643
0.0
0.0
0.1140369200
0.1244256237
0.0
0.1060950630
0.0
0.1007003988
0.0
0.0
0.0
0.0
0.0
0.0
0.0000000000
0.0029411765
0.0
0.0
0.0
0.0922565765
0.0660147059
0.0778169421
0.0
0.0
0.0
0.0
0.0
0.1232639736
0.0980416424
0.0
0.0932703851
0.0999381586
0.1108455882
0.1079259497
0.0
0.0
0.0
0.0
0.0
0.0
0.1037785769
0.1096185153
0.0
0.0881502007
0.0
0.0
0.0
0.0
0.0
0.0
0.0
0.0
0.0
0.0924719615
0.1059059453
0.0
0.0
0.1302921827
0.0
0.0
0.0774113815
0.0
0.1053426158
0.0
0.0029411765
0.0
0.1102286369
0.1017349919
0.0058823529
0.0
0.0
0.0
0.0
0.1168401874
0.1028800611
0.0
0.1064753321
0.1093159803
0.0
0.0
0.1141464655
0.0
0.1059059453
0.0931241933
0.0798564991
0.0
0.0
0.1039601667
0.0
0.0946824467
0.0
0.0
0.0989396091
0.0599830745
0.0
0.0
0.0869886315
0.0843938001
0.0848154679
0.0
0.1060004198
0.0000000000
0.0983662836
0.0
0.0
0.1062848574
0.0993532363
0.1227546184
0.0
0.1101264788
0.1118893320
0.0
0.0
0.0888754455
0.0894104369
0.0894777640
0.0
0.0
0.1308661570
0.1065708256
0.0
0.1029692119
0.0847549719
0.0
0.0
0.0
0.0000000000
0.0
0.0852413706
0.0
0.0
0.0
0.0039215686
0.0
0.0
0.0
0.0000000000
0.0
0.0
0.0851802657
0.0896127229
0.0000000000
0.0
0.1072441070
0.0
0.0029411765
0.0
0.0962157657
0.0
0.0992702344
0.0
0.1032375939
0.0750641002
0.0667189616
0.0985294118
0.0000000000
0.0
0.1217484330
0.1041423932
0.0
0.0
0.0000000000
0.1246867477
0.0809444623
0.0
0.0851802657
0.0
0.1102286369
0.1082208293
0.0
0.0
0.0
0.0
0.1073409852
0.0
0.1230087687
0.0000000000
0.0973987464
0.0916870915
0.0061274510
0.0
0.1067623276
0.0039215686
0.0818928123
0.0
0.0000000000
0.0
0.0
0.0091911765
0.0
0.0643348514
0.1030585174
0.1187077628
0.0894104369
0.1045087692
0.0039215686
0.0768605890
0.0723669127
0.0714101386
0.0949093216
0.1090151106
0.1108455882
0.0817800899
0.0
0.0
0.1350300802
0.0000000000
0.0
0.0
0.0
0.0897480896
0.0917578923
0.0
0.0
0.0915458171
0.0982036947
0.1032375939
0.0
0.0
0.0896127229
0.0058823529
0.0884783847
0.0
0.0
0.0
0.0
0.0
0.0
0.0643348514
0.1040512002
0.0
0.0994363771
0.1103309848
0.0934170366
0.1084183126
0.0
0.0000000000
0.0
0.1124186098
0.0930512691
0.0778679362
0.0000000000
0.1145867605
0.0953663488
0.1037785769
0.0980416424
0.1123123541
0.1132759491
0.1028800611
0.0
0.0000000000
0.1098211373
0.1112607403
0.0855482150
0.0922565765
0.0885443149
0.1032375939
0.1011289111
0.0
0.1098211373
0.0880848559
0.0948335759
0.1032375939
0.0
0.0882811817
0.0000000000
0.0
0.0073529412
0.0804512326
0.0
0.0
0.0000000000
0.0
0.0911245940
0.0
0.0
0.1025249962
0.0000000000
0.0923282600
0.0000000000
0.0
0.0798564991
0.0
0.0000000000
0.0
0.0794825890
0.0000000000
0.0
0.0029411765
0.0000000000
0.0904311039
0.0
0.0039215686
0.0964500573
0.0638165793
0.0029411765
0.0000000000
0.0029411765
0.0029411765
0.0576268044
0.0000000000
0.0885443149
0.0000000000
0.0000000000
0.0791121642
0.0807245045
0.0000000000
0.0894777640
0.0710684633
0.0029411765
0.0986111789
0.0
0.0721472195
0.0942319354
0.0000000000
0.1082208293
0.0930512691
0.0000000000
0.0894777640
0.0091911765
0.0
0.0851802657
0.0794294589
0.0
0.0
0.0000000000
0.0000000000
0.0000000000
0.0
0.1002755026
0.0
0.0000000000
0.0000000000
0.0000000000
0.0680563978
0.0748749027
0.0000000000
0.0000000000
0.0029411765
0.0666441226
0.0000000000
0.1109490855
0.0000000000
0.0029411765
0.0000000000
0.1006151317
0.0000000000
0.0917578923
0.0688051364
0.1128456511
0.0795890627
0.0000000000
0.0000000000
0.0039215686
0.0767612859
0.0000000000
0.0777151541
0.0844537815
0.0664949472
0.0000000000
0.0000000000
0.1020845967
0.0000000000
0.0
0.1072441070
0.0767117305
0.0925439802
0.0722788751
0.0915458171
0.1163824394
0.0029411765
0.0029411765
0.0698157877
0.0899519081
0.1152536087
0.0000000000
0.0
0.0000000000
0.0000000000
0.0000000000
0.0894104369
0.0000000000
0.0879544564
0.0000000000
0.0000000000
0.0901566545
0.0701869289
0.0000000000
0.0061274510
0.0758789723
0.0000000000
0.0000000000
0.0058823529
0.0029411765
0.0778679362
0.1001909533
0.0892760861
0.0000000000
0.0000000000
0.0898838658
0.0900200535
0.0000000000
0.0000000000
0.0000000000
0.0000000000
0.0000000000
0.0000000000
0.0000000000
0.0876948122
0.0777151541
0.0879544564
0.0817800899
0.0000000000
0.0039215686
0.0784851193
0.0000000000
0.0000000000
0.0000000000
0.0000000000
0.0029411765
0.0000000000
0.0000000000
0.0000000000
0.0000000000
0.0000000000
0.0000000000
0.0000000000
0.0000000000
0.0000000000
0.0000000000
0.0000000000
0.0000000000
0.0000000000
0.0000000000
0.0000000000
0.0645094846
0.0000000000
0.0052521008
0.0000000000
0.0000000000
0.0000000000
0.0000000000
0.0000000000
0.0000000000
0.0000000000
0.0000000000
0.0000000000
0.0000000000
0.0000000000
0.0805057389
0.0000000000
0.0000000000
0.0000000000
0.0000000000
0.0000000000
0.0000000000
0.0000000000
0.0000000000
0.0000000000
0.0000000000
0.0000000000
0.0000000000
0.0000000000
0.0000000000
