0.0
0.0
0.0
0.0
0.0
0.0
0.0
0.0
0.0
0.0
0.0
0.0
0.0
0.0
0.0
0.0
0.0
0.0
0.0
0.0
0.0
0.0
0.0
0.0
0.0
0.0
0.0
0.0
0.0
0.0762752625
0.0
0.1103365890
0.0
0.0
0.0
0.0
0.0
0.0884615789
0.0
0.0
0.1106372336
0.0
0.0
0.0
0.0842403833
0.0
0.0
0.0
0.0
0.1172392629
0.0
0.0
0.1127885132
0.0
0.1202483655
0.0
0.0
0.0
0.0
0.0
0.0
0.0
0.0
0.0
0.0
0.0
0.0
0.0
0.0
0.0
0.1293116711
0.1105368368
0.1073229905
0.0
0.0947213019
0.0
0.1073229905
0.0
0.0805099763
0.0
0.0
0.1014251409
0.0
0.0
0.1163434520
0.1259685566
0.0
0.1084698078
0.0
0.1018491590
0.0
0.0
0.0
0.0
0.0
0.0
0.0000000000
0.0028985507
0.0
0.0
0.0
0.0945008489
0.0676355326
0.0788424558
0.0
0.0
0.0
0.0
0.0
0.1241708402
0.1000095190
0.0
0.0950168442
0.1018491590
0.1115490789
0.1102367368
0.0
0.0
0.0
0.0
0.0
0.0
0.1036694419
0.1134186166
0.0
0.0898315591
0.0
0.0
0.0
0.0
0.0
0.0
0.0
0.0
0.0
0.0948688428
0.1072285160
0.0
0.0
0.1312624938
0.0
0.0
0.0930569856
0.0
0.1070400652
0.0
0.0028985507
0.0
0.1125800316
0.1037577463
0.0057971014
0.0
0.0
0.0
0.0
0.1187247507
0.1051005990
0.0
0.1091501740
0.1121653722
0.0
0.0
0.1215684573
0.0
0.1077978710
0.0932707459
0.0000000000
0.0
0.0
0.1052822768
0.0
0.0953142365
0.0
0.0
0.0993569284
0.0987127992
0.0
0.0
0.0885258679
0.0843570597
0.0851829330
0.0
0.1057392311
0.0000000000
0.0982351566
0.0
0.0
0.1069460880
0.1006707390
0.1251917720
0.0
0.1182636837
0.1175787589
0.0
0.0
0.0901640224
0.0897653605
0.0932707459
0.0
0.0
0.1343016474
0.1093461348
0.0
0.1051913594
0.0873201392
0.0
0.0
0.0
0.0000000000
0.0
0.0893702085
0.0
0.0
0.0
0.0038647343
0.0
0.0
0.0
0.0000000000
0.0
0.0
0.0862077808
0.0934137992
0.0000000000
0.0
0.1100375738
0.0
0.0028985507
0.0
0.1000095190
0.0
0.1000095190
0.0
0.1043801150
0.0832046408
0.0875712395
0.1019343885
0.0000000000
0.0
0.1224237128
0.1095428005
0.0
0.0
0.0000000000
0.1275514075
0.0820832845
0.0
0.0862077808
0.0
0.1103365890
0.1109395211
0.0
0.0
0.0
0.0
0.1095428005
0.0
0.1319735582
0.0000000000
0.0999274768
0.0937012263
0.0060386473
0.0
0.1089549143
0.0038647343
0.0825841317
0.0
0.0000000000
0.0
0.0
0.0090579710
0.0
0.0648278841
0.1050099950
0.1213262890
0.0907011126
0.1062001693
0.0820832845
0.0781845919
0.0739148023
0.0723346759
0.0953888756
0.1120621842
0.1124760796
0.0862077808
0.0
0.0
0.1356476550
0.0000000000
0.0
0.0
0.0
0.0911081482
0.0934854906
0.0
0.0
0.0935572920
0.0987127992
0.1052822768
0.0
0.0
0.1014251409
0.0951653080
0.0895015387
0.0
0.0
0.0
0.0
0.0
0.0
0.0648278841
0.1066651438
0.0
0.1007540068
0.1139491059
0.0939904276
0.1095428005
0.0
0.0000000000
0.0
0.1157904888
0.0956886050
0.0807769192
0.0000000000
0.1200114229
0.0959146411
0.1052822768
0.1000095190
0.1129977683
0.1125800316
0.0947213019
0.0
0.0000000000
0.1106372336
0.1132078013
0.0871951283
0.0943544494
0.0904989556
0.1051005990
0.1031427555
0.0
0.1117537561
0.0889785202
0.1007540068
0.1052822768
0.0
0.0888487193
0.0000000000
0.0
0.0072463768
0.0979980645
0.0
0.0
0.0000000000
0.0
0.0913815410
0.0
0.0
0.1033177220
0.0000000000
0.0944275924
0.0000000000
0.0
0.0815884757
0.0
0.0000000000
0.0
0.0808305204
0.0000000000
0.0
0.0028985507
0.0000000000
0.0924215434
0.0
0.0038647343
0.0969837533
0.0645872716
0.0028985507
0.0000000000
0.0028985507
0.0028985507
0.0582830594
0.0000000000
0.0904989556
0.0000000000
0.0000000000
0.0796154210
0.0820832845
0.0000000000
0.0932707459
0.0721632667
0.0028985507
0.1000916961
0.0
0.0727233398
0.0955385053
0.0000000000
0.1131026873
0.0939179601
0.0000000000
0.0909041748
0.0090579710
0.0
0.0862077808
0.0809917515
0.0
0.0
0.0956886050
0.0000000000
0.0000000000
0.0
0.1022767374
0.0
0.0000000000
0.0000000000
0.0000000000
0.0691325733
0.0761798588
0.0000000000
0.0000000000
0.0028985507
0.0730285337
0.0000000000
0.1123723194
0.0000000000
0.0028985507
0.0000000000
0.1025350120
0.0000000000
0.0933422178
0.0696464232
0.1140557998
0.0809379363
0.0000000000
0.0000000000
0.0820832845
0.0780843553
0.0000000000
0.0787405263
0.0848861284
0.0675605070
0.0000000000
0.0028985507
0.1027945943
0.0000000000
0.0
0.1096413989
0.0774390300
0.0953142365
0.0738252086
0.0935572920
0.1170140194
0.0028985507
0.0028985507
0.0702489009
0.0898315591
0.1169017219
0.0000000000
0.0
0.0000000000
0.0000000000
0.0000000000
0.0899642498
0.0000000000
0.0895015387
0.0000000000
0.0000000000
0.0907011126
0.0712765326
0.0000000000
0.0060386473
0.0770959457
0.0000000000
0.0000000000
0.0057971014
0.0028985507
0.1031427555
0.1025350120
0.0909720644
0.0000000000
0.0000000000
0.0909041748
0.0917947206
0.0000000000
0.0000000000
0.0000000000
0.0000000000
0.0000000000
0.0000000000
0.0000000000
0.0893702085
0.0787405263
0.0895015387
0.0862077808
0.0000000000
0.0038647343
0.0800338990
0.0000000000
0.0028985507
0.0000000000
0.0000000000
0.0028985507
0.0000000000
0.0000000000
0.0000000000
0.0000000000
0.0000000000
0.0000000000
0.0000000000
0.0000000000
0.0000000000
0.0000000000
0.0000000000
0.0000000000
0.0000000000
0.0000000000
0.0000000000
0.0657729990
0.0000000000
0.0051759834
0.0000000000
0.0000000000
0.0000000000
0.0000000000
0.0000000000
0.0788935196
0.0000000000
0.0000000000
0.0000000000
0.0000000000
0.0000000000
0.0806699299
0.0000000000
0.0000000000
0.0000000000
0.0000000000
0.0000000000
0.0000000000
0.0000000000
0.0000000000
0.0000000000
0.0000000000
0.0000000000
0.0000000000
0.0000000000
0.0000000000
0.0000000000
0.0000000000
0.0000000000
0.0000000000
0.0000000000
