0.0086956522
0.0
0.0
0.0
0.0
0.0
0.0334185848
0.0
0.0
0.0086956522
0.0
0.0
0.0
0.0
0.0
0.0
0.0173913043
0.0415694592
0.0
0.0
0.0
0.0
0.0
0.0241545894
0.0
0.0
0.0000000000
0.0
0.0
0.0
0.0115942029
0.0
0.0
0.0
0.0
0.0086956522
0.0
0.0
0.0
0.0
0.0
0.0
0.0460634548
0.0115942029
0.0
0.0
0.0
0.0
0.0
0.0
0.0347826087
0.0154589372
0.0195652174
0.0000000000
0.0000000000
0.0
0.0448512586
0.0
0.0000000000
0.0
0.0197628458
0.0000000000
0.0
0.0086956522
0.0086956522
0.0195652174
0.0
0.0130434783
0.0173913043
0.0
0.0000000000
0.0568115942
0.0315619968
0.0
0.0315619968
0.0086956522
0.0
0.0
0.0
0.0
0.0355072464
0.0
0.0
0.0241545894
0.0115942029
0.0115942029
0.0197628458
0.0
0.0144927536
0.0000000000
0.0
0.0000000000
0.0195652174
0.0000000000
0.0086956522
0.0279401283
0.0
0.0
0.0000000000
0.0
0.0415694592
0.0340869565
0.0
0.0
0.0000000000
0.0
0.0130434783
0.0000000000
0.0
0.0
0.0
0.0086956522
0.0000000000
0.0000000000
0.0
0.0
0.0
0.0334185848
0.0000000000
0.0000000000
0.0144927536
0.0086956522
0.0
0.0000000000
0.0
0.0130434783
0.0000000000
0.0173913043
0.0000000000
0.0
0.0516469038
0.0000000000
0.0
0.0
0.0000000000
0.0086956522
0.0195652174
0.0000000000
0.0000000000
0.0000000000
0.0000000000
0.0
0.0
0.0000000000
0.0000000000
0.0000000000
0.0000000000
0.0000000000
0.0000000000
0.0115942029
0.0000000000
0.0130434783
0.0000000000
0.0115942029
0.0173913043
0.0
0.0000000000
0.0000000000
0.0231884058
0.0
0.0000000000
0.0000000000
0.0000000000
0.0
0.0000000000
0.0
0.0000000000
0.0278260870
0.0274894811
0.0086956522
0.0000000000
0.0000000000
0.0000000000
0.0000000000
0.0000000000
0.0000000000
0.0000000000
0.0000000000
0.0000000000
0.0173913043
0.0000000000
0.0000000000
0.0000000000
0.0086956522
0.0000000000
0.0000000000
0.0000000000
0.0000000000
0.0000000000
0.0000000000
0.0000000000
0.0000000000
0.0000000000
