0.0
0.0
0.0
0.0
0.0
0.0
0.0
0.0
0.0
0.1508272412
0.0
0.0
0.0
0.0
0.0
0.1342006162
0.0
0.0
0.1200244948
0.0
0.0
0.0
0.0
0.0
0.1253196931
0.0
0.1128707170
0.0
0.0
0.0
0.1058601134
0.1217391304
0.0
0.0
0.0
0.1739130435
0.0
0.0
0.0
0.0
0.0
0.0
0.0
0.1794050343
0.0
0.0
0.1253196931
0.0
0.0
0.1482041588
0.0
0.0
0.0000000000
0.0
0.0
0.0
0.0
0.0
0.1444362564
0.0
0.0
0.0000000000
0.0
0.0
0.0000000000
0.0
0.0
0.0
0.0
0.0000000000
0.1271901363
0.1175412294
0.0
0.0
0.0000000000
0.0
0.0
0.0217391304
0.0803937654
0.0
0.1704347826
0.0
0.0000000000
0.0
0.0
0.1039236479
0.1342006162
0.0
0.0
0.0906567993
0.1508272412
0.0000000000
0.0
0.1191851627
0.0892328705
0.0
0.0000000000
0.0
0.0
0.0217391304
0.1002557545
0.1331521739
0.1342006162
0.0911415950
0.0000000000
0.0217391304
0.0217391304
0.0713116245
0.0000000000
0.1058601134
0.0000000000
0.0000000000
0.1020567561
0.0
0.0000000000
0.0000000000
