0.0
0.0
0.0
0.0
0.0
0.0
0.0
0.0
0.0
0.0
0.0
0.0
0.0
0.0
0.0
0.0
0.0
0.0
0.0
0.0
0.0
0.0
0.0
0.0
0.0
0.0
0.0
0.0
0.0
0.0
0.0
0.0000000000
0.0
0.0
0.0
0.0
0.0
0.0
0.0
0.0
0.0
0.0
0.0
0.0
0.0
0.0
0.0
0.0
0.0
0.0
0.0
0.0
0.0217687075
0.0
0.0
0.0
0.0
0.0
0.0
0.0
0.0
0.0878431373
0.0
0.0
0.0
0.0
0.0
0.0
0.0
0.0
0.0000000000
0.0
0.0
0.0
0.0
0.0
0.0
0.0
0.0
0.0
0.0
0.0
0.0
0.0
0.0
0.1516074450
0.0
0.0
0.0
0.0
0.0
0.0954206603
0.0
0.0
0.0
0.0
0.1376344086
0.0
0.0
0.0
0.0807207207
0.0
0.1040650407
0.0
0.0
0.0
0.0
0.0
0.0
0.0
0.0
0.0883629191
0.0
0.0
0.0
0.0
0.0
0.0
0.0
0.0
0.0936259143
0.0
0.1047953216
0.0924664603
0.1214092141
0.0
0.0095238095
0.0
0.0000000000
0.0
0.0
0.0
0.0
0.0
0.0
0.0
0.1270921986
0.0
0.0095238095
0.0
0.0
0.0000000000
0.0000000000
0.1415481833
0.0
0.0
0.0253968254
0.0
0.0
0.0
0.0767780634
0.1055359246
0.0
0.0
0.0
0.0
0.0
0.0
0.0000000000
0.1122807018
0.0
0.0942166141
0.0
0.0
0.0
0.0
0.0
0.0
0.0000000000
0.0
0.0
0.0
0.0
0.0
0.0
0.0
0.0
0.0
0.1185185185
0.0
0.0
0.1563699825
0.0
0.1139949109
0.0
0.0
0.0
0.1363774734
0.0966558792
0.0790123457
0.0
0.0
0.0000000000
0.0
0.0000000000
0.0
0.0
0.1012429379
0.0000000000
0.0
0.0000000000
0.0843691149
0.0152380952
0.0
0.0
0.0
0.0
0.0
0.0
0.0000000000
0.0
0.0217687075
0.0
0.1309941520
0.1090024331
0.0000000000
0.0811594203
0.0
0.1276353276
0.0000000000
0.0000000000
0.0000000000
0.0000000000
0.0816029144
0.0152380952
0.0000000000
0.1047953216
0.0998885173
0.0
0.0
0.0706067770
0.1055359246
0.1090024331
0.0
0.0
0.0811594203
0.0723163842
0.0829629630
0.0000000000
0.0095238095
0.0
0.0638176638
0.0
0.0000000000
0.0
0.1090024331
0.0000000000
0.0000000000
0.0894211577
0.0709422011
0.0000000000
0.1012429379
0.0
0.0000000000
0.0000000000
0.1055359246
0.0763853367
0.0
0.1244444444
0.0000000000
0.0873294347
0.1131313131
0.0
0.0888888889
0.0000000000
0.0948148148
0.0
0.0000000000
0.1106172840
0.0000000000
0.1363774734
0.0000000000
0.0
0.0767780634
0.0878431373
0.0000000000
0.0000000000
0.1033448674
0.0095238095
0.0820512821
0.0000000000
0.0000000000
0.1012429379
0.0000000000
0.0000000000
0.0000000000
0.0000000000
0.0000000000
0.0000000000
