0.0
0.0
0.0
0.0
0.0
0.0
0.0
0.0
0.0
0.0
0.0
0.0
0.0
0.0
0.0
0.1147688463
0.0
0.0
0.0
0.0
0.0
0.0
0.0
0.0
0.0
0.0
0.0
0.0
0.0
0.1118026535
0.0
0.1100523184
0.0
0.0
0.0
0.0
0.0
0.1007826787
0.0
0.0
0.1298769854
0.0
0.0
0.0
0.1006924525
0.0
0.0
0.0
0.0
0.1148860770
0.0
0.0
0.0982301043
0.0
0.1355102041
0.0
0.0
0.0
0.0
0.0
0.0
0.0
0.0
0.0
0.0
0.0
0.0
0.0
0.0
0.0
0.1096232645
0.1217245340
0.1470241430
0.0
0.0880763269
0.0
0.1139548829
0.0
0.1158326152
0.0
0.1376664252
0.1086700187
0.0
0.1219885785
0.1050172450
0.0897633435
0.0
0.1044321907
0.1033763505
0.0807999062
0.0
0.0
0.0
0.0
0.0
0.0
0.0872563766
0.0949143202
0.0
0.0
0.0
0.1043353148
0.0000000000
0.0000000000
0.0
0.0
0.0
0.0
0.0
0.1470241430
0.1055098212
0.1137244382
0.1034714530
0.0947543971
0.0857267297
0.1103763193
0.1001544696
0.0
0.0
0.0
0.0
0.0
0.1169162883
0.1346987657
0.0
0.0882144858
0.0
0.0
0.0
0.0
0.0
0.1096232645
0.0782152082
0.0
0.0
0.0903401361
0.1182686324
0.0
0.0
0.0978881370
0.1045292466
0.0
0.0990083357
0.0
0.1036621838
0.0
0.0934941558
0.0
0.1129251701
0.1186429002
0.0000000000
0.0000000000
0.0822174484
0.0848856373
0.0
0.1081475667
0.1190195443
0.0
0.0988343316
0.0854012676
0.0701643602
0.0
0.1102681072
0.1022486085
0.1067110715
0.0919652244
0.0000000000
0.0
0.0
0.1100523184
0.0
0.1229218245
0.0
0.0
0.0127551020
0.0682070766
0.0
0.0
0.1075272174
0.0072886297
0.0127551020
0.0
0.1011452063
0.0000000000
0.0102040816
0.0
0.0
0.0844395416
0.1084604334
0.1169162883
0.0
0.1244175546
0.1091975431
0.0
0.0751325781
0.1123611083
0.1086700187
0.1032814228
0.0
0.0878013032
0.1266593124
0.1046264832
0.0
0.0953164995
0.1190195443
0.0
0.0
0.1192719718
0.0000000000
0.0
0.0637604702
0.0
0.0
0.0
0.0961311704
0.0
0.1076301142
0.0
0.0842497898
0.0
0.0
0.1034714530
0.0886315756
0.1049192811
0.1016939145
0.1338969874
0.0
0.0000000000
0.0
0.0000000000
0.1121370582
0.1191456244
0.0000000000
0.0794304162
0.0682899025
0.0757907476
0.0952357912
0.0000000000
0.0040816327
0.0931843160
0.0899787755
0.0
0.0
0.0990083357
0.1172820327
0.1009636170
0.0
0.0935719379
0.0
0.0924946294
0.1007826787
0.0
0.1262328500
0.0040816327
0.0000000000
0.0922669970
0.0
0.1170379494
0.0085034014
0.0000000000
0.0040816327
0.0844395416
0.0
0.1229218245
0.0949944843
0.0997989968
0.0
0.0000000000
0.0
0.1062072421
0.0962134041
0.0
0.0754855499
0.1199077499
0.1068124116
0.0000000000
0.1276656860
0.0831904359
0.0863188560
0.0000000000
0.0915162485
0.1041421013
0.0962957786
0.1115808228
0.0637604702
0.0
0.0
0.1101601071
0.0000000000
0.0
0.0
0.0
0.0970435456
0.0759955874
0.0
0.0
0.0000000000
0.0085034014
0.0997989968
0.0000000000
0.0881453522
0.1052137225
0.0859232004
0.0000000000
0.0
0.1012362461
0.0
0.0742399138
0.0
0.1052137225
0.1039496020
0.0944361624
0.0000000000
0.0000000000
0.1018781426
0.0982301043
0.1056088914
0.0
0.0000000000
0.0
0.0989212572
0.0992704937
0.0784333817
0.0968763733
0.0040816327
0.0761499454
0.0722372957
0.1012362461
0.1020630394
0.0835612700
0.0950747839
0.0744364457
0.0000000000
0.0836233973
0.1197800526
0.0000000000
0.1004227405
0.0000000000
0.0000000000
0.0000000000
0.0
0.0779982451
0.0711407144
0.0703398808
0.0000000000
0.1036621838
0.0849497503
0.0000000000
0.0
0.0000000000
0.0000000000
0.0875279917
0.0879386000
0.0000000000
0.0
0.0000000000
0.0997989968
0.0
0.0000000000
0.0000000000
0.0000000000
0.0000000000
0.0773545181
0.0620714511
0.0000000000
0.0000000000
0.0000000000
0.0683729297
0.0000000000
0.0000000000
0.0000000000
0.0669484937
0.1124734694
0.0000000000
0.0000000000
0.0000000000
0.0806839809
0.0000000000
0.0000000000
0.0000000000
0.0000000000
0.0000000000
0.0000000000
0.0000000000
0.0000000000
0.0000000000
0.0000000000
0.0976332200
0.0000000000
0.0000000000
0.1010543301
0.0000000000
0.0000000000
0.0000000000
0.0000000000
0.0000000000
0.0000000000
0.0000000000
0.0000000000
0.0000000000
0.0000000000
