0.0
0.0
0.0
0.0
0.0
0.0
0.0
0.0
0.0
0.2160493827
0.1746506986
0.0
0.0
0.0
0.0
0.1957494407
0.0
0.0
0.1893939394
0.0
0.0
0.0000000000
0.0
0.0
0.2430555556
0.0
0.2160493827
0.0
0.0
0.0
0.2651515152
0.2025462963
0.0
0.0
0.0
0.1970720721
0.2581120944
0.0
0.0
0.0
0.0
0.2260981912
0.0
0.2430555556
0.0
0.0
0.2450980392
0.0
0.0
0.2083333333
0.2314814815
0.0
0.1451077944
0.1705653021
0.0
0.0
0.2887788779
0.0
0.2068557920
0.1944444444
0.2192982456
0.2068557920
0.2471751412
0.0
0.1230661041
0.0
0.1746506986
0.0
0.2053990610
0.1488095238
0.2314814815
0.1436781609
0.0
0.0
0.2243589744
0.0
0.0
0.1800411523
0.1997716895
0.1602564103
0.1997716895
0.0
0.1778455285
0.0000000000
0.2083333333
0.0000000000
0.0000000000
0.0000000000
0.0000000000
0.0000000000
