0.0
0.0
0.0
0.0
0.0
0.0
0.0
0.0
0.0
0.0
0.0
0.0
0.0
0.0
0.0
0.0
0.0
0.0
0.0
0.0
0.0
0.0
0.0
0.0
0.0
0.0
0.0
0.0
0.0
0.0
0.0
0.0
0.0
0.0
0.0
0.0
0.0
0.0
0.0
0.0
0.0
0.0
0.1001418085
0.0961015050
0.0
0.0
0.0
0.0
0.0
0.0
0.0
0.0
0.0
0.0
0.0
0.0
0.0
0.0
0.0
0.0
0.1051962846
0.0
0.0
0.0
0.0
0.0
0.0
0.0
0.0
0.0
0.0
0.0
0.0
0.0
0.0
0.0763094330
0.0
0.0
0.0
0.1239673689
0.0
0.0
0.0
0.0
0.0
0.0
0.0000000000
0.0
0.0
0.0
0.0
0.1395281265
0.0
0.0
0.0
0.0
0.0
0.0
0.0
0.0
0.0
0.0
0.0
0.0
0.0
0.0
0.0
0.0000000000
0.0
0.1065406461
0.0
0.0
0.0
0.0
0.0
0.0
0.0000000000
0.0
0.1339245872
0.1186733887
0.0
0.0000000000
0.0
0.0
0.0
0.0
0.0
0.0
0.0
0.0
0.0
0.0
0.0
0.1407055790
0.0
0.0
0.0
0.1659065782
0.1170077973
0.1675739810
0.0
0.1551033592
0.0
0.0
0.0
0.0
0.0
0.0
0.0
0.0
0.0000000000
0.0
0.0923745768
0.0
0.0
0.1230524805
0.1051962846
0.1469040627
0.1086228737
0.1710113960
0.0
0.1361111111
0.1045367468
0.0000000000
0.0857255070
0.0
0.0
0.0000000000
0.0913622527
0.0
0.0
0.0939358372
0.0831601552
0.1079198130
0.0
0.1419030733
0.1203870838
0.1431211254
0.0
0.0138888889
0.0
0.0
0.1419030733
0.1221509972
0.1350089969
0.0
0.0742699827
0.0000000000
0.1350089969
0.0000000000
0.1013593381
0.0000000000
0.0939358372
0.0
0.1267955218
0.0
0.0000000000
0.0000000000
0.1019792729
0.0000000000
0.0
0.0
0.0000000000
0.0
0.0889259259
0.1065406461
0.0827474497
0.1395281265
0.0
0.0000000000
0.0807438795
0.0923745768
0.0000000000
0.1130414313
0.1277671350
0.0908643657
0.0000000000
0.0763094330
0.0000000000
0.0
0.0000000000
0.0000000000
0.0000000000
0.0763094330
0.0138888889
