0.0044642857
0.0
0.0
0.0
0.0
0.0
0.0000000000
0.0
0.0
0.0000000000
0.0
0.0
0.0
0.0
0.0
0.0
0.0
0.0145574534
0.0
0.0
0.0
0.0
0.0
0.0000000000
0.0
0.0
0.0000000000
0.0
0.0
0.0
0.0
0.0
0.0
0.0
0.0
0.0
0.0
0.0
0.0
0.0
0.0
0.0
0.0125000000
0.0000000000
0.0
0.0
0.0
0.0
0.0
0.0
0.0
0.0
0.0000000000
0.0000000000
0.0000000000
0.0
0.0044642857
0.0
0.0000000000
0.0
0.0
0.0000000000
0.0
0.0
0.0074404762
0.0000000000
0.0
0.0000000000
0.0164666276
0.0
0.0044642857
0.0182629870
0.0044642857
0.0
0.0224358974
0.0
0.0
0.0
0.0
0.0
0.0
0.0
0.0
0.0000000000
0.0
0.0271476834
0.0
0.0
0.0
0.0119047619
0.0
0.0
0.0099431818
0.0078125000
0.0000000000
0.0000000000
0.0
0.0
0.0213715805
0.0
0.0099431818
0.0000000000
0.0
0.0
0.0
0.0
0.0
0.0
0.0
0.0
0.0
0.0165094340
0.0
0.0
0.0
0.0
0.0
0.0102040816
0.0000000000
0.0136718750
0.0
0.0190217391
0.0
0.0071428571
0.0
0.0100446429
0.0
0.0
0.0000000000
0.0
0.0
0.0164666276
0.0
0.0
0.0149920043
0.0000000000
0.0
0.0
0.0000000000
0.0213414634
0.0132575758
0.0
0.0
0.0
0.0233596346
0.0
0.0171568627
0.0044642857
0.0153508772
0.0044642857
0.0000000000
0.0
0.0145574534
0.0
0.0000000000
0.0
0.0
0.0
0.0100446429
0.0
0.0
0.0000000000
0.0
0.0
0.0
0.0
0.0066964286
0.0044642857
0.0230263158
0.0
0.0000000000
0.0
0.0044642857
0.0
0.0102040816
0.0
0.0000000000
0.0000000000
0.0
0.0000000000
0.0
0.0044642857
0.0
0.0000000000
0.0
0.0
0.0101461039
0.0102040816
0.0000000000
0.0000000000
0.0044642857
0.0000000000
0.0113636364
0.0
0.0182629870
0.0
0.0
0.0
0.0100446429
0.0
0.0100446429
0.0044642857
0.0
0.0
0.0000000000
0.0190217391
0.0124007937
0.0000000000
0.0
0.0101461039
0.0175000000
0.0044642857
0.0
0.0000000000
0.0074404762
0.0
0.0044642857
0.0138888889
0.0044642857
0.0124007937
0.0
0.0
0.0
0.0
0.0
0.0000000000
0.0189521563
0.0121527778
0.0000000000
0.0
0.0
0.0089285714
0.0044642857
0.0
0.0000000000
0.0
0.0000000000
0.0000000000
0.0
0.0
0.0000000000
0.0000000000
0.0
0.0
0.0
0.0119047619
0.0
0.0000000000
0.0000000000
0.0059523810
0.0066964286
0.0044642857
0.0257554945
0.0044642857
0.0
0.0059523810
0.0000000000
0.0
0.0136718750
0.0233596346
0.0
0.0000000000
0.0
0.0071428571
0.0
0.0
0.0000000000
0.0000000000
0.0000000000
0.0059523810
0.0044642857
0.0000000000
0.0000000000
0.0000000000
0.0
0.0
0.0044642857
0.0
0.0000000000
0.0
0.0078125000
0.0
0.0044642857
0.0000000000
0.0000000000
0.0
0.0136718750
0.0000000000
0.0000000000
0.0071428571
0.0000000000
0.0121527778
0.0000000000
0.0071428571
0.0000000000
0.0
0.0066964286
0.0000000000
0.0000000000
0.0000000000
0.0000000000
0.0148305085
0.0000000000
0.0
0.0102040816
0.0000000000
0.0000000000
0.0000000000
0.0000000000
0.0145574534
0.0000000000
0.0000000000
0.0
0.0066964286
0.0149920043
0.0000000000
0.0000000000
0.0000000000
0.0000000000
0.0182629870
0.0000000000
0.0059523810
0.0000000000
0.0000000000
0.0000000000
0.0000000000
0.0000000000
0.0000000000
0.0000000000
0.0000000000
0.0000000000
0.0000000000
0.0000000000
0.0000000000
0.0
0.0000000000
0.0
0.0044642857
0.0044642857
0.0000000000
0.0000000000
0.0000000000
0.0044642857
0.0000000000
0.0
0.0000000000
0.0044642857
0.0000000000
0.0000000000
0.0089285714
0.0000000000
0.0
0.0000000000
0.0000000000
0.0000000000
0.0044642857
0.0000000000
0.0044642857
0.0044642857
0.0000000000
0.0000000000
0.0000000000
0.0000000000
0.0000000000
0.0000000000
0.0
0.0000000000
0.0000000000
0.0000000000
0.0000000000
0.0000000000
0.0000000000
0.0000000000
0.0000000000
0.0000000000
0.0000000000
0.0000000000
0.0000000000
0.0044642857
0.0000000000
0.0000000000
0.0000000000
0.0000000000
0.0000000000
0.0000000000
0.0000000000
0.0000000000
0.0000000000
0.0000000000
