0.0
0.0
0.0
0.0
0.0
0.0
0.0
0.0
0.0
0.0
0.0
0.0
0.0
0.0
0.0
0.1217851149
0.0
0.0
0.0
0.0
0.0
0.0
0.0
0.0
0.0
0.0
0.0
0.0
0.0
0.1154586155
0.0
0.1130124584
0.0
0.0
0.0
0.0
0.0
0.1068975558
0.0
0.0
0.1340248250
0.0
0.0
0.0
0.1108978801
0.0
0.0
0.0
0.0
0.1171062137
0.0
0.0
0.1021875102
0.0
0.1426253485
0.0
0.0
0.0
0.0
0.0
0.0
0.0
0.0
0.0
0.0
0.0
0.0
0.0
0.0
0.0
0.1261037360
0.1229075584
0.1555156861
0.0
0.0917315225
0.0
0.1165942740
0.0
0.1200042302
0.0
0.1418667030
0.1264025601
0.0
0.1159606094
0.1131323019
0.1014104189
0.0
0.1196006286
0.1148372020
0.1050037015
0.0
0.0
0.0
0.0
0.0
0.0
0.0945778020
0.1026792692
0.0
0.0
0.0
0.1153337953
0.0000000000
0.0000000000
0.0
0.0
0.0
0.0
0.0
0.1557427163
0.1091952515
0.1197348605
0.1021875102
0.0968971487
0.0913388362
0.1132523999
0.1078703344
0.0
0.0
0.0
0.0
0.0
0.1191997326
0.1457428425
0.0
0.0920481110
0.0
0.0
0.0
0.0
0.0
0.1125356125
0.1089721764
0.0
0.0
0.1016035816
0.1243400474
0.0
0.0
0.1053146700
0.1103244681
0.0
0.1019921230
0.0
0.1087500109
0.0
0.1032756638
0.0
0.1159606094
0.1249224364
0.0000000000
0.0000000000
0.0896502191
0.0854837826
0.0
0.1215077001
0.1212315462
0.0
0.1013141127
0.1014104189
0.1241952977
0.0
0.1209566448
0.0970734856
0.1134933624
0.0965463898
0.0000000000
0.0
0.0
0.1121806106
0.0
0.1276121539
0.0
0.0
0.0133547009
0.0064102564
0.0
0.0
0.1134933624
0.0076312576
0.0133547009
0.0
0.1028773006
0.0000000000
0.0106837607
0.0
0.0
0.0975171487
0.1114772839
0.1280717415
0.0
0.1360762254
0.1025805391
0.0
0.0784439417
0.1171062137
0.1122986955
0.1040817177
0.0
0.1044894816
0.1392738390
0.1165942740
0.0
0.1004555185
0.1230493203
0.0
0.0
0.1325264108
0.0000000000
0.0
0.0827647484
0.0
0.0
0.0
0.0976063684
0.0
0.1145905056
0.0
0.0853470085
0.0
0.0
0.1056274858
0.0907946899
0.1074358114
0.1045919222
0.1407437476
0.0
0.0000000000
0.0
0.0000000000
0.1205466222
0.1212315462
0.0000000000
0.0883875399
0.0096153846
0.0096153846
0.1080889166
0.0000000000
0.0042735043
0.0994256856
0.0937467141
0.0
0.0
0.1019921230
0.1282256739
0.1058370642
0.0
0.0957663920
0.0
0.0950835657
0.1030760973
0.0
0.1294705834
0.0042735043
0.0000000000
0.0949143778
0.0
0.1271558530
0.0089031339
0.0000000000
0.0042735043
0.0886814303
0.0
0.1288451216
0.0970734856
0.1077613744
0.0
0.0000000000
0.0
0.1142224418
0.1017974816
0.0
0.0759315023
0.1271558530
0.1155837060
0.0000000000
0.1333547009
0.0863836119
0.0890515532
0.0000000000
0.0953384814
0.1083083865
0.1066837607
0.1191997326
0.0827647484
0.0
0.0
0.1194666973
0.0000000000
0.0
0.0
0.0
0.0992407076
0.0883875399
0.0
0.0
0.0000000000
0.0089031339
0.1077613744
0.0000000000
0.0042735043
0.1246305615
0.0886077747
0.0000000000
0.0
0.1059421655
0.0
0.0767509070
0.0
0.1149609490
0.1093071318
0.1193330656
0.0000000000
0.0000000000
0.1077613744
0.1032756638
0.1107827214
0.0
0.0000000000
0.0
0.0883875399
0.1018947093
0.0800929134
0.0990564166
0.0042735043
0.0805160458
0.0909494976
0.0042735043
0.1016035816
0.0852106715
0.0972504655
0.0757159409
0.0000000000
0.0875174411
0.1270044770
0.0000000000
0.0992407076
0.0000000000
0.0000000000
0.1014104189
0.0
0.0808210308
0.0782139008
0.0942436048
0.0000000000
0.1061529957
0.0865939616
0.0000000000
0.0
0.0000000000
0.0000000000
0.0865939616
0.0915740435
0.0000000000
0.0
0.0000000000
0.1014104189
0.0
0.0000000000
0.0000000000
0.0000000000
0.0000000000
0.0830223819
0.0064102564
0.0000000000
0.0000000000
0.0000000000
0.0782139008
0.0000000000
0.0000000000
0.0000000000
0.0689617070
0.1261037360
0.0000000000
0.0000000000
0.0000000000
0.0000000000
0.0000000000
0.0000000000
0.0000000000
0.0000000000
0.0000000000
0.0000000000
0.0000000000
0.0000000000
0.0000000000
0.0000000000
0.0000000000
0.0000000000
0.0000000000
