0.0
0.0
0.0
0.0
0.0
0.0
0.0836378329
0.0
0.0
0.0
0.0
0.0
0.0
0.0
0.0
0.1005533497
0.0
0.0
0.0
0.0
0.0
0.0
0.0
0.0
0.0
0.0
0.0
0.0
0.0
0.0000000000
0.0
0.0994360902
0.0
0.0
0.0
0.0
0.0836378329
0.0000000000
0.0000000000
0.0
0.0980739520
0.0
0.0
0.0776507429
0.0824815495
0.0
0.0
0.0
0.0
0.0769827795
0.0
0.0
0.1068566940
0.0
0.0897167731
0.0
0.0906252974
0.0000000000
0.0
0.0
0.0
0.0
0.0
0.0
0.0
0.0
0.0
0.0
0.0
0.0
0.0978059904
0.0075187970
0.1002716876
0.0
0.0150375940
0.0
0.0970108197
0.0
0.0000000000
0.0
0.1016960014
0.0906252974
0.0
0.0736563631
0.1088054483
0.0888262841
0.0
0.1108266021
0.1132816218
0.0901687468
0.0
0.0
0.0
0.0
0.0
0.0
0.0000000000
0.0739607283
0.0
0.0
0.0
0.0000000000
0.0854343496
0.0075187970
0.0
0.0000000000
0.0
0.0
0.0
0.1081480135
0.0819153146
0.0000000000
0.0848269964
0.0646155099
0.0864661654
0.1098067254
0.1217584778
0.0000000000
0.0800827572
0.0
0.0
0.0000000000
0.0100250627
0.0920231169
0.0
0.0836378329
0.1022771214
0.0
0.0
0.0000000000
0.0
0.0986143044
0.0601630126
0.0
0.0679259819
0.0901687468
0.1019857336
0.0
0.0944511675
0.0742676193
0.0994360902
0.0840304988
0.1034595158
0.0
0.0952047672
0.0
0.0643830800
0.0
0.0908553109
0.0075187970
0.0000000000
0.0000000000
0.0733544928
0.0150375940
0.0
0.0000000000
0.0819153146
0.0848269964
0.0000000000
0.0776507429
0.0075187970
0.0
0.0932213346
0.0733544928
0.0000000000
0.0000000000
0.0000000000
0.0000000000
0.0
0.0999915991
0.0
0.0200501253
0.0852309345
0.0
0.0000000000
0.1143673881
0.0
0.0
0.0730550867
0.0730550867
0.0674142985
0.0000000000
0.0000000000
0.0100250627
0.0742676193
0.0000000000
0.0830556670
0.0864661654
0.0133667502
0.0860504627
0.0
0.1084757348
0.0643830800
0.0000000000
0.0000000000
0.0240601504
0.0150375940
0.0075187970
0.0000000000
0.0000000000
0.0075187970
0.0075187970
0.0806238569
0.0742676193
0.0000000000
0.0
0.0000000000
0.0000000000
0.0000000000
0.0000000000
0.0000000000
0.0000000000
0.0000000000
0.0
0.0908553109
0.0000000000
0.0075187970
0.0
0.0000000000
0.0000000000
0.0773153185
0.0000000000
0.0000000000
0.0000000000
0.0000000000
0.0000000000
0.0000000000
0.0000000000
0.0000000000
0.0000000000
