0.0
0.0
0.0
0.0
0.0
0.0
0.0
0.0
0.0
0.0
0.0
0.0
0.0
0.0
0.0
0.0994319160
0.0
0.0
0.0
0.0
0.0
0.0
0.0
0.0
0.0
0.0
0.0
0.0
0.0
0.0000000000
0.0
0.1088455885
0.0
0.0
0.0
0.0
0.0895129171
0.0873867195
0.0084925690
0.0
0.1005186036
0.0
0.0
0.0950641057
0.0699426025
0.0
0.0
0.0
0.0
0.0986321955
0.0
0.0
0.0849649167
0.0
0.0899506330
0.0
0.0
0.1091685725
0.0
0.0
0.0
0.0
0.0
0.0
0.0
0.0
0.0
0.0
0.0
0.0
0.0815738557
0.0851615947
0.0880138969
0.0
0.0845742734
0.0
0.0929035579
0.0
0.0063694268
0.0
0.1007939970
0.1078880027
0.0
0.1175393256
0.1131994121
0.0724208837
0.0
0.1098203251
0.0910638835
0.0704785611
0.0
0.0
0.0
0.0
0.0
0.0
0.0000000000
0.0616244705
0.0
0.0
0.0
0.0084925690
0.0000000000
0.0063694268
0.0
0.0000000000
0.0
0.0
0.0
0.1066371273
0.0000000000
0.0000000000
0.1082053203
0.1085245101
0.0853591854
0.1218205593
0.1027648294
0.0000000000
0.0
0.0
0.0
0.0
0.0799778455
0.0781099977
0.0
0.0727071322
0.0
0.0
0.0
0.0000000000
0.0
0.0931387568
0.0063694268
0.0
0.0063694268
0.0924367058
0.0000000000
0.0
0.0144759699
0.0727071322
0.0853591854
0.0
0.0063694268
0.0
0.0063694268
0.0
0.0662879440
0.0
0.1085245101
0.0063694268
0.0000000000
0.0000000000
0.0766454352
0.0871796420
0.0
0.0000000000
0.0781099977
0.0903926509
0.0000000000
0.0616244705
0.0063694268
0.0
0.0791178686
0.1002447109
0.0919745223
0.0000000000
0.0873867195
0.0933751495
0.0
0.0815738557
0.0
0.0808567229
0.1063289275
0.0
0.0000000000
0.0227479527
0.0
0.0
0.0890794405
0.0763274044
0.0000000000
0.0
0.0063694268
0.0000000000
0.0000000000
0.0000000000
0.0849649167
0.0616244705
0.0694147338
0.0704785611
0.0
0.1153285546
0.1098203251
0.0
0.0000000000
0.0801520891
0.0738751183
0.0731407732
0.0
0.0000000000
0.0063694268
0.0740237604
0.0063694268
0.0781099977
0.0000000000
0.0
0.0794596305
0.0127388535
0.0000000000
0.0
0.0000000000
0.0144759699
0.0753889527
0.0
0.1005186036
0.0
0.0735796178
0.0
0.0756991953
0.0144759699
0.0978452365
0.0000000000
0.0000000000
0.0000000000
0.0000000000
0.0746243589
0.0000000000
0.0000000000
0.0000000000
0.0000000000
0.0000000000
0.0636501884
0.0063694268
0.0000000000
0.0144759699
0.0227479527
0.0000000000
0.0636501884
0.0000000000
0.0000000000
0.0000000000
0.0000000000
0.0000000000
0.0000000000
0.0616244705
0.0000000000
0.0000000000
0.0000000000
0.0
0.0000000000
0.0000000000
0.0000000000
0.0000000000
0.0000000000
0.0000000000
0.0000000000
0.0
0.0000000000
0.0000000000
0.0000000000
0.0000000000
0.0000000000
0.0
0.0000000000
0.0725637257
0.0000000000
0.0000000000
0.0000000000
