0.0
0.0
0.0
0.0
0.0
0.0
0.0
0.0846118692
0.0
0.0
0.0
0.0
0.0
0.0
0.0
0.0
0.0
0.0
0.1619392728
0.0
0.1072492552
0.0
0.0
0.1547647480
0.0
0.0
0.0377358491
0.0
0.0
0.0
0.0
0.0947784116
0.1389365352
0.1091644205
0.0
0.0
0.0
0.1314668290
0.0
0.1063166530
0.0
0.0
0.0
0.1567489115
0.0
0.1709988125
0.0
0.0
0.1358490566
0.0
0.0
0.0
0.1438401776
0.0962709850
0.0962709850
0.0
0.1253991292
0.1072492552
0.0
0.1280252889
0.0
0.1293800539
0.0
0.0951471992
0.1509433962
0.0251572327
0.0251572327
0.0
0.0000000000
0.1036136872
0.1216558716
0.1187030592
0.1674851383
0.0
0.0188679245
0.1014640257
0.1413458392
0.0000000000
0.0
0.0
0.0000000000
0.1280252889
0.1307637978
0.0
0.1181296144
0.1187030592
0.1464241329
0.1216558716
0.1358490566
0.1175616836
0.1137340939
0.0000000000
0.0000000000
0.0000000000
0.0000000000
0.0000000000
0.0188679245
0.1210536148
0.0000000000
0.0000000000
0.0000000000
0.0000000000
