0.0
0.0
0.0
0.0
0.0
0.0
0.0
0.0
0.0
0.0
0.0
0.0
0.0
0.0
0.0
0.1217713204
0.0
0.0
0.0
0.0
0.0
0.0
0.0
0.0
0.0
0.0
0.0
0.0
0.0
0.1232533243
0.0
0.1164059174
0.0
0.0
0.0
0.0
0.0
0.1064166180
0.0
0.0
0.1382568575
0.0
0.0
0.0
0.1056763285
0.0
0.0
0.0
0.0
0.1296988023
0.0
0.0
0.1218934582
0.0
0.1453681552
0.0
0.0
0.0
0.0
0.0
0.0
0.0
0.0
0.0
0.0
0.0
0.0
0.0
0.0
0.0
0.1159616200
0.1279239766
0.1473063973
0.0
0.0926278794
0.0
0.1286008230
0.0
0.1240079365
0.0
0.1446759259
0.1108830089
0.0
0.1273876077
0.1083135274
0.0842772384
0.0
0.1126300072
0.1046750885
0.0947954585
0.0
0.0
0.0
0.0
0.0
0.0
0.0918577307
0.0968348827
0.0
0.0
0.0
0.1189117199
0.0000000000
0.0000000000
0.0
0.0
0.0
0.0
0.0
0.1517200721
0.1128391623
0.1174181428
0.1096821099
0.0997765006
0.0841605109
0.1233784546
0.0910320433
0.0
0.0
0.0
0.0
0.0
0.1231284476
0.1374748617
0.0
0.0996946495
0.0
0.0
0.0
0.0
0.0
0.1159616200
0.0812894835
0.0
0.0
0.1046750885
0.1231284476
0.0
0.0
0.0955407058
0.0
0.0
0.1053100327
0.0
0.1119040311
0.0
0.0957665704
0.0
0.1208029600
0.1276552288
0.0000000000
0.0
0.0842188342
0.0979272988
0.0
0.1107819305
0.1277894614
0.0
0.1032521476
0.1071673525
0.0
0.0
0.1124216261
0.1076419644
0.1106810362
0.0974561169
0.0000000000
0.0
0.0
0.1240079365
0.0
0.1322391488
0.0
0.0
0.0124007937
0.0825035830
0.0
0.0
0.1148655745
0.0070861678
0.0124007937
0.0
0.1062305750
0.0000000000
0.0099206349
0.0
0.0
0.0909639055
0.1197318008
0.1220158411
0.0
0.1379429941
0.1150831229
0.0
0.0785570639
0.1129440314
0.1115957555
0.1083135274
0.0
0.0915808423
0.1284648814
0.1168536325
0.0
0.1128391623
0.1298373694
0.0
0.0
0.1271211065
0.0000000000
0.0
0.0660836203
0.0
0.0
0.0
0.1067906659
0.0
0.1173048048
0.0
0.0926278794
0.0
0.0
0.1131543555
0.0950921579
0.1203245325
0.1098804501
0.1342848373
0.0
0.0000000000
0.0
0.0871166866
0.1168536325
0.1313813814
0.0000000000
0.0752960209
0.0949435764
0.0935548713
0.0978484523
0.0000000000
0.0
0.0954656542
0.0964506173
0.0
0.0
0.1053100327
0.1208029600
0.1066033138
0.0
0.1022100738
0.0
0.0974561169
0.1182176827
0.0
0.1077373916
0.0891619793
0.0
0.0996129326
0.0
0.1194963400
0.0082671958
0.0956158755
0.0000000000
0.0885125840
0.0
0.1235038392
0.1048557185
0.1038698955
0.0
0.0000000000
0.0
0.1151922064
0.1011888241
0.0
0.0860069199
0.1276552288
0.1085069444
0.0000000000
0.1320954106
0.0906247411
0.0945006048
0.0000000000
0.0978484523
0.1049462675
0.1245161658
0.1178736933
0.0660836203
0.0
0.0
0.1096821099
0.0000000000
0.0
0.0
0.0
0.1031644973
0.0930534286
0.0
0.0
0.1011046404
0.0082671958
0.1038698955
0.0000000000
0.1103794530
0.1151922064
0.0932676729
0.0000000000
0.0
0.1169660999
0.0
0.0840441063
0.0
0.1103794530
0.1046750885
0.0994499000
0.0000000000
0.1144329358
0.1033399471
0.1036926432
0.1066033138
0.0
0.0000000000
0.0
0.1086039122
0.1000228624
0.0836968167
0.1029896422
0.1022100738
0.0751098750
0.0834668803
0.1144329358
0.1088958582
0.0876823793
0.1001052535
0.0779024217
0.0000000000
0.0971445066
0.1299762329
0.0000000000
0.1103794530
0.0000000000
0.0000000000
0.0000000000
0.0
0.0817818155
0.0679685558
0.0729896563
0.0000000000
0.1247718458
0.0898874096
0.0000000000
0.0
0.0000000000
0.1093859386
0.0953159041
0.0924868933
0.0000000000
0.0
0.0000000000
0.0
0.0
0.0000000000
0.0000000000
0.0000000000
0.0000000000
0.0811808803
0.1032521476
0.0000000000
0.0000000000
0.0000000000
0.0821133634
0.0000000000
0.0000000000
0.0000000000
0.0819472541
0.1148655745
0.0000000000
0.0000000000
0.0000000000
0.0858247018
0.0000000000
0.0000000000
0.0000000000
0.0000000000
0.0000000000
0.0000000000
0.0000000000
0.0000000000
0.0000000000
0.0000000000
0.1086039122
0.0000000000
0.0000000000
0.1079287547
0.0000000000
0.1203245325
0.0937714335
0.0000000000
0.1011046404
0.0765770496
0.0000000000
0.0000000000
0.0000000000
0.0000000000
0.0000000000
0.0000000000
0.0000000000
0.0000000000
0.0822801474
0.0000000000
0.0000000000
0.0000000000
0.0000000000
0.0000000000
0.0000000000
0.0000000000
0.0000000000
