0.0
0.0
0.0
0.0
0.0
0.0
0.0
0.0
0.0
0.0
0.0
0.0
0.0
0.0
0.0
0.0
0.0
0.0
0.0
0.0
0.0
0.0
0.0
0.0
0.0
0.0
0.0
0.0
0.0
0.0
0.0
0.0
0.0
0.0
0.0
0.0
0.0
0.0
0.0
0.0
0.0
0.0
0.0000000000
0.0000000000
0.0
0.0
0.0
0.0
0.0
0.1281028369
0.0
0.0
0.0
0.0
0.0
0.0
0.0
0.0
0.0
0.0
0.0824771689
0.0
0.0
0.0
0.0
0.0
0.0
0.0
0.0
0.0
0.0
0.0000000000
0.0
0.0
0.0
0.0000000000
0.0
0.0000000000
0.0
0.1056286550
0.0
0.0
0.0
0.0
0.0
0.0
0.1056286550
0.0
0.0
0.0
0.0
0.1543803419
0.0
0.0
0.1543803419
0.0
0.0
0.0
0.0
0.0
0.0
0.0000000000
0.0
0.1094696970
0.0
0.0
0.0
0.0000000000
0.0
0.0926282051
0.0
0.0000000000
0.0
0.0
0.0
0.0
0.1180555556
0.0
0.0955687831
0.0416666667
0.0277777778
0.1281028369
0.0000000000
0.0
0.0
0.0
0.0
0.0
0.1094696970
0.0
0.0000000000
0.1020480226
0.0
0.0277777778
0.0955687831
0.0
0.0
0.0208333333
0.0743312757
0.0802777778
0.0
0.0416666667
0.0
0.0
0.0
0.0
0.0
0.0000000000
0.0802777778
0.0
0.0000000000
0.0
0.0208333333
0.0208333333
0.0
0.0000000000
0.0000000000
0.1228741497
0.0208333333
0.0000000000
0.0
0.0277777778
0.0000000000
0.0208333333
0.0000000000
0.0
0.0208333333
0.0000000000
0.0277777778
0.0000000000
