0.0
0.0
0.0
0.0
0.0
0.0
0.0
0.0
0.0
0.0
0.0
0.0
0.0
0.0
0.0
0.0
0.0
0.0
0.0
0.0
0.0
0.0
0.0
0.0
0.0
0.0
0.0
0.0
0.0
0.0
0.0
0.0
0.0
0.0
0.0
0.0
0.0
0.0
0.0
0.0
0.0
0.0
0.0000000000
0.0327868852
0.0
0.0
0.0
0.0
0.0
0.0
0.0
0.0
0.0
0.0
0.0
0.0
0.0
0.0
0.0
0.0
0.0809552722
0.0
0.0
0.0
0.0
0.0
0.0
0.0
0.0
0.0
0.0
0.0636638548
0.0
0.0
0.0
0.0437158470
0.0
0.0
0.0
0.1024590164
0.0
0.0
0.0
0.0
0.0
0.0
0.0163934426
0.0
0.0
0.0
0.0
0.0524590164
0.0
0.0
0.0
0.0
0.0
0.0
0.0
0.0
0.0
0.0000000000
0.0
0.0000000000
0.0
0.0
0.0
0.0669120107
0.0
0.0163934426
0.0
0.0000000000
0.0
0.0
0.0
0.0
0.0000000000
0.0
0.0000000000
0.0327868852
0.0862812770
0.0000000000
0.0
0.0
0.0
0.0
0.0
0.0
0.0437158470
0.0
0.0
0.0
0.0
0.0964320154
0.0
0.0
0.0
0.0862812770
0.0291438980
0.1261034048
0.0
0.1150417026
0.0
0.0
0.0
0.0
0.0
0.0
0.0
0.0
0.0163934426
0.0
0.0000000000
0.0830047728
0.0
0.0790045428
0.0000000000
0.0000000000
0.0642880103
0.0923574232
0.0
0.0978712992
0.0000000000
0.0163934426
0.0524590164
0.0
0.0000000000
0.0291438980
0.0000000000
0.0
0.0000000000
0.0669120107
0.0327868852
0.0642880103
0.0163934426
0.0790045428
0.0753721500
0.0655737705
0.0000000000
0.0000000000
0.0
0.0780640125
0.1150417026
0.0163934426
0.0000000000
0.0000000000
0.0000000000
0.0000000000
0.0000000000
0.0000000000
0.0327868852
0.0000000000
0.0000000000
0.0000000000
