0.0
0.0
0.0
0.0
0.0
0.0
0.0000000000
0.0
0.0
0.0000000000
0.0
0.0
0.0
0.0
0.0
0.0
0.0
0.0
0.0
0.0
0.0
0.0
0.0
0.0000000000
0.0
0.0
0.0
0.0
0.0
0.0
0.0
0.0
0.0
0.0
0.0
0.0
0.0
0.0
0.0
0.0
0.0
0.0
0.0000000000
0.0
0.0
0.0
0.0
0.0
0.0
0.0
0.0
0.0
0.0000000000
0.0
0.0032154341
0.0
0.0
0.0
0.0032154341
0.0
0.0
0.0000000000
0.0
0.0
0.0
0.0000000000
0.0
0.0042872454
0.0000000000
0.0
0.0000000000
0.0102529879
0.0
0.0
0.0215211232
0.0
0.0
0.0
0.0
0.0
0.0
0.0
0.0
0.0000000000
0.0
0.0146867124
0.0
0.0
0.0
0.0
0.0
0.0
0.0000000000
0.0
0.0000000000
0.0
0.0
0.0
0.0042872454
0.0
0.0
0.0
0.0
0.0
0.0
0.0
0.0
0.0
0.0
0.0
0.0
0.0000000000
0.0
0.0
0.0
0.0
0.0
0.0000000000
0.0
0.0000000000
0.0
0.0315019339
0.0
0.0000000000
0.0
0.0042872454
0.0
0.0
0.0095334800
0.0
0.0
0.0
0.0
0.0
0.0161009884
0.0064308682
0.0
0.0
0.0
0.0289817792
0.0089472948
0.0
0.0
0.0
0.0132538624
0.0
0.0211032373
0.0032154341
0.0000000000
0.0000000000
0.0000000000
0.0
0.0135852090
0.0
0.0057163273
0.0
0.0
0.0
0.0114326545
0.0
0.0
0.0155259531
0.0
0.0
0.0
0.0
0.0064308682
0.0032154341
0.0271704180
0.0
0.0000000000
0.0
0.0
0.0
0.0032154341
0.0
0.0
0.0064308682
0.0
0.0146867124
0.0
0.0000000000
0.0
0.0
0.0
0.0
0.0
0.0
0.0000000000
0.0032154341
0.0000000000
0.0175293019
0.0238860818
0.0
0.0042872454
0.0
0.0
0.0
0.0100482315
0.0
0.0121051636
0.0073495636
0.0
0.0
0.0
0.0120757413
0.0000000000
0.0064308682
0.0
0.0000000000
0.0172510591
0.0
0.0
0.0217363344
0.0032154341
0.0
0.0
0.0042872454
0.0032154341
0.0000000000
0.0
0.0
0.0
0.0
0.0
0.0000000000
0.0
0.0
0.0032154341
0.0
0.0
0.0
0.0231237600
0.0
0.0000000000
0.0
0.0000000000
0.0032154341
0.0
0.0
0.0000000000
0.0211032373
0.0
0.0
0.0
0.0286004400
0.0
0.0072347267
0.0
0.0000000000
0.0
0.0187382193
0.0155259531
0.0
0.0
0.0000000000
0.0207012709
0.0
0.0
0.0000000000
0.0
0.0072347267
0.0
0.0
0.0
0.0
0.0000000000
0.0187382193
0.0000000000
0.0000000000
0.0
0.0000000000
0.0092103112
0.0000000000
0.0
0.0
0.0
0.0
0.0000000000
0.0
0.0032154341
0.0
0.0032154341
0.0072347267
0.0032154341
0.0
0.0146867124
0.0000000000
0.0085744909
0.0032154341
0.0042872454
0.0000000000
0.0000000000
0.0097994182
0.0042872454
0.0
0.0
0.0000000000
0.0167202572
0.0
0.0073495636
0.0095334800
0.0
0.0
0.0
0.0000000000
0.0
0.0048231511
0.0042872454
0.0
0.0
0.0
0.0
0.0
0.0100482315
0.0
0.0187382193
0.0072347267
0.0000000000
0.0032154341
0.0000000000
0.0076536389
0.0
0.0219558933
0.0
0.0110899665
0.0000000000
0.0
0.0086255295
0.0
0.0146867124
0.0
0.0132538624
0.0115618800
0.0
0.0032154341
0.0
0.0
0.0048231511
0.0102893891
0.0
0.0000000000
0.0187382193
0.0
0.0
0.0
0.0
0.0
0.0000000000
0.0048231511
0.0217363344
0.0
0.0000000000
0.0000000000
0.0110899665
0.0000000000
0.0
0.0042872454
0.0
0.0
0.0032154341
0.0
0.0064308682
0.0
0.0000000000
0.0
0.0
0.0
0.0064308682
0.0
0.0
0.0000000000
0.0000000000
0.0000000000
0.0
0.0000000000
0.0000000000
0.0064308682
0.0064308682
0.0
0.0000000000
0.0032154341
0.0095334800
0.0000000000
0.0
0.0172510591
0.0000000000
0.0064308682
0.0000000000
0.0032154341
0.0064308682
0.0064308682
0.0000000000
0.0175293019
0.0
0.0
0.0
0.0000000000
0.0032154341
0.0
0.0102529879
0.0000000000
0.0
0.0080385852
0.0032154341
0.0000000000
0.0
0.0000000000
0.0
0.0072347267
0.0
0.0000000000
0.0000000000
0.0000000000
0.0000000000
0.0000000000
0.0032154341
0.0042872454
0.0032154341
0.0032154341
0.0000000000
0.0000000000
0.0042872454
0.0000000000
0.0000000000
0.0
0.0
0.0032154341
0.0115618800
0.0000000000
0.0042872454
0.0
0.0000000000
0.0
0.0000000000
0.0000000000
0.0126374037
0.0032154341
0.0042872454
0.0
0.0000000000
0.0000000000
0.0032154341
0.0000000000
0.0000000000
0.0000000000
0.0194074414
0.0057418466
0.0000000000
0.0066988210
0.0032154341
0.0042872454
0.0
0.0000000000
0.0000000000
0.0000000000
0.0120757413
0.0102529879
0.0000000000
0.0000000000
0.0000000000
0.0000000000
0.0000000000
0.0000000000
0.0
0.0000000000
0.0000000000
0.0032154341
0.0000000000
0.0000000000
0.0
0.0032154341
0.0000000000
0.0000000000
0.0000000000
0.0000000000
0.0000000000
0.0
0.0042872454
0.0000000000
0.0
0.0278670954
0.0
0.0000000000
0.0265077249
0.0
0.0106550659
0.0
0.0000000000
0.0042872454
0.0032154341
0.0032154341
0.0000000000
0.0
0.0000000000
0.0000000000
0.0000000000
0.0110899665
0.0042872454
0.0000000000
0.0000000000
0.0082315113
0.0000000000
0.0000000000
0.0042872454
0.0066988210
0.0215211232
0.0000000000
0.0
0.0000000000
0.0048231511
0.0048231511
0.0000000000
0.0032154341
0.0048231511
0.0000000000
0.0169815113
0.0000000000
0.0000000000
0.0000000000
0.0000000000
0.0000000000
0.0000000000
0.0114326545
0.0032154341
0.0000000000
0.0000000000
0.0000000000
0.0032154341
0.0000000000
0.0068595927
0.0000000000
0.0000000000
0.0000000000
0.0000000000
0.0000000000
0.0072347267
0.0032154341
0.0000000000
0.0000000000
0.0000000000
0.0000000000
0.0000000000
0.0000000000
0.0032154341
0.0000000000
0.0000000000
0.0000000000
0.0000000000
0.0000000000
0.0032154341
0.0000000000
0.0000000000
0.0
0.0000000000
0.0000000000
0.0000000000
0.0000000000
0.0000000000
0.0000000000
0.0000000000
0.0000000000
0.0000000000
0.0000000000
0.0000000000
0.0000000000
0.0000000000
