0.0
0.0
0.0
0.0
0.0
0.0
0.1964695752
0.0
0.0
0.0
0.0
0.0
0.2632692308
0.0
0.0
0.2212346477
0.0
0.0
0.0
0.0
0.0
0.0
0.0
0.0
0.2056790865
0.0
0.0
0.2175778767
0.2106153846
0.2437678063
0.0
0.2329816201
0.1720713927
0.0
0.0
0.0
0.1655781326
0.0000000000
0.2056790865
0.0
0.1790947148
0.1979467901
0.2393356643
0.1950142450
0.2483671988
0.1803213909
0.0
0.0
0.0
0.1964695752
0.0
0.2350618132
0.1438629676
0.0
0.1766907589
0.0
0.2140400250
0.1790947148
0.2140400250
0.0000000000
0.2250164366
0.1994463869
0.0
0.2212346477
0.0000000000
0.0
0.2393356643
0.0000000000
0.1438629676
0.0
0.1854008667
0.1645432692
0.3026083112
0.1645432692
0.1950142450
0.0
0.2123138958
0.0000000000
0.0000000000
0.2606626047
0.0000000000
0.1841043572
0.0000000000
0.0000000000
0.1539586145
0.0000000000
0.0000000000
0.0000000000
0.0000000000
0.0000000000
0.0000000000
