0.0
0.0
0.0
0.0
0.0
0.0
0.0
0.0
0.0
0.0
0.0
0.0
0.0
0.0
0.0
0.0
0.0
0.0
0.0
0.0
0.0
0.0
0.0
0.0
0.0
0.0
0.0
0.0
0.0
0.0
0.0
0.0000000000
0.0
0.0
0.0
0.0
0.0
0.0
0.0
0.0
0.0
0.0
0.0
0.0899685110
0.0
0.0
0.0
0.0
0.0
0.0
0.0
0.0
0.0674763833
0.0
0.0
0.0
0.0
0.0
0.0
0.0
0.0
0.0256410256
0.0
0.0
0.0192307692
0.0
0.0
0.0
0.0
0.0
0.0000000000
0.0
0.0
0.0
0.0
0.0
0.0
0.0
0.1046572475
0.0
0.0
0.0
0.0
0.0
0.0
0.0000000000
0.0
0.0
0.0
0.0
0.0
0.0518000518
0.0
0.0
0.0000000000
0.0
0.0617856040
0.0
0.0
0.0
0.0000000000
0.0
0.0827129859
0.0
0.0
0.0
0.0
0.0
0.0
0.0
0.0288461538
0.0288461538
0.0
0.0
0.0
0.0128205128
0.0
0.0
0.0230769231
0.0
0.0170940171
0.0
0.0128205128
0.0814000814
0.0271493213
0.0000000000
0.0170940171
0.0
0.0986193294
0.0
0.0
0.0
0.0
0.1046572475
0.0192307692
0.0
0.0625390869
0.0
0.0384615385
0.0
0.0
0.0801282051
0.0754147813
0.0777000777
0.0
0.0693000693
0.0307692308
0.0777000777
0.0
0.0
0.0801282051
0.0128205128
0.0617856040
0.0128205128
0.0
0.0
0.0
0.0
0.0000000000
0.0754147813
0.0
0.0384615385
0.0
0.0
0.0
0.0
0.0
0.0288461538
0.0000000000
0.0170940171
0.0
0.0000000000
0.0192307692
0.0192307692
0.0
0.0
0.0
0.0419580420
0.0271493213
0.0
0.0
0.0625390869
0.0
0.0641025641
0.0000000000
0.0617856040
0.0256410256
0.0288461538
0.0128205128
0.0000000000
0.0170940171
0.0000000000
0.0000000000
0.0128205128
0.0000000000
0.0000000000
0.0000000000
0.0000000000
0.0000000000
0.0000000000
0.0000000000
0.0000000000
0.0000000000
0.0000000000
0.0000000000
0.0000000000
0.0000000000
0.0000000000
0.0000000000
0.0000000000
0.0000000000
0.0000000000
