0.0
0.0
0.0
0.0
0.0
0.0
0.0
0.0
0.0
0.0
0.0
0.0
0.0
0.0
0.0
0.0
0.0
0.0
0.0
0.0
0.0
0.0
0.0
0.0
0.0
0.0
0.0
0.0
0.0
0.0916942945
0.0
0.1056815597
0.0
0.0
0.0
0.0
0.0
0.0805673464
0.0
0.0
0.1105704522
0.0
0.0
0.0
0.0741903138
0.0
0.0
0.0
0.0
0.0952256816
0.0
0.0
0.1072624357
0.0
0.1061509079
0.0
0.0
0.0
0.0
0.0
0.0
0.0
0.0
0.0
0.0
0.0
0.0
0.0
0.0
0.0
0.1150962091
0.1154668893
0.0766897736
0.0
0.0000000000
0.0
0.1050621806
0.0
0.0820892253
0.0
0.0
0.0948478019
0.0
0.0
0.0789267345
0.0978239267
0.0
0.0979575659
0.0
0.1064661296
0.0
0.0
0.0
0.0
0.0
0.0
0.0000000000
0.0841113645
0.0
0.0
0.0
0.0834263389
0.0842596219
0.0
0.0
0.0
0.0
0.0
0.0
0.1121265649
0.0931232965
0.0
0.0970953802
0.0991084150
0.0
0.1079893649
0.0
0.0
0.0
0.0
0.0
0.0
0.0931838054
0.1006385099
0.0
0.0794514551
0.0
0.0
0.0
0.0
0.0
0.0
0.0
0.0
0.0
0.0909384125
0.0768953762
0.0
0.0
0.1174528063
0.0
0.0
0.0967677979
0.0
0.0914603804
0.0
0.0032921811
0.0
0.1095568194
0.0981587108
0.0079012346
0.0
0.0
0.0
0.0
0.1089740703
0.1028765255
0.0
0.0956703646
0.1159336108
0.0
0.0
0.1051392057
0.0
0.0847075467
0.0725391384
0.0000000000
0.0
0.0
0.0892407446
0.0
0.0
0.0
0.0
0.0888537029
0.0979575659
0.0
0.0
0.0945351856
0.0000000000
0.0773516055
0.0
0.0883065742
0.0000000000
0.0858227867
0.0
0.0
0.1086438459
0.0938546312
0.1132779436
0.0
0.0994520642
0.0944729094
0.0
0.0
0.0837185502
0.0739607409
0.0967677979
0.0
0.0
0.1265753544
0.1114295855
0.0
0.0878736989
0.0913438704
0.0
0.0
0.0
0.0820422635
0.0
0.0659962616
0.0
0.0
0.0
0.0049382716
0.0
0.0
0.0
0.0000000000
0.0
0.0
0.0949734282
0.0639081446
0.0
0.0
0.1130992717
0.0
0.0701957301
0.0
0.0816684946
0.0
0.1007091830
0.0
0.0841607257
0.0860287202
0.0944729094
0.0996594000
0.0000000000
0.0
0.1173566911
0.0986312769
0.0
0.0
0.0049382716
0.1155599328
0.0577334447
0.0
0.0859771442
0.0
0.0879275761
0.0
0.0
0.0
0.0
0.0
0.0793196220
0.0
0.1118641783
0.0991769547
0.1015650684
0.0049382716
0.0049382716
0.0
0.0
0.0643382129
0.0997287041
0.0
0.0000000000
0.0
0.0
0.0079012346
0.0
0.0837185502
0.1019984897
0.1154668893
0.0839144977
0.0973590472
0.0790137061
0.0753995145
0.0660570597
0.0639081446
0.0024691358
0.0968331374
0.1052935951
0.0747705300
0.0
0.0
0.1275888581
0.0000000000
0.0
0.0
0.0
0.0860287202
0.0925225010
0.0
0.0
0.0000000000
0.0741519527
0.0837674513
0.0
0.0
0.1010640427
0.0910538899
0.0776447626
0.0
0.0
0.0
0.0
0.0
0.0
0.0801172495
0.0966373831
0.0
0.0970296864
0.1101458345
0.0049382716
0.1079081088
0.0
0.0000000000
0.0
0.1139983120
0.0930025140
0.0577334447
0.0000000000
0.0967677979
0.0658145372
0.1062295382
0.0843091573
0.1070222959
0.1089740703
0.0950993876
0.0
0.0697858280
0.1011353149
0.0952889545
0.0855157284
0.0833293879
0.0831843831
0.0983606835
0.0959263388
0.0
0.0
0.0
0.0854647655
0.0
0.0
0.0794514551
0.0534911886
0.0
0.0043895748
0.0858741776
0.0
0.0
0.0024691358
0.0
0.0024691358
0.0
0.0
0.0945975439
0.0000000000
0.0976241501
0.0718486355
0.0
0.0732056542
0.0
0.0844581134
0.0
0.0801172495
0.0000000000
0.0
0.0995901920
0.0000000000
0.0825618172
0.0
0.0819016999
0.0796279159
0.0714904669
0.0049382716
0.0000000000
0.0853630218
0.0024691358
0.0638512362
0.0000000000
0.0769366290
0.0000000000
0.0000000000
0.1025088467
0.0935485170
0.0024691358
0.0967677979
0.0808854352
0.0000000000
0.0916357039
0.0
0.0925225010
0.0741519527
0.0735058311
0.0974914185
0.1058375473
0.0000000000
0.0898558124
0.0065843621
0.0
0.0851602592
0.0032921811
0.0
0.0
0.0930025140
0.0718846499
0.0000000000
0.0
0.0766078400
0.0
0.0000000000
0.0000000000
0.0000000000
0.0812520547
0.0827046578
0.0659962616
0.0032921811
0.0795395877
0.0752018230
0.0852615199
0.0881437471
0.0738084800
0.1093896846
0.0819485009
0.0978907007
0.0
0.0933050596
0.0
0.0901382002
0.0807488044
0.0587023645
0.0000000000
0.0
0.0701270790
0.0753598931
0.0735812604
0.0882522317
0.0000000000
0.0000000000
0.0817616172
0.0944107153
0.0000000000
0.0
0.1044500193
0.0024691358
0.0862356443
0.0843091573
0.0000000000
0.0
0.0000000000
0.0
0.0874983994
0.0769366290
0.0983606835
0.0000000000
0.0
0.0000000000
0.0
0.0000000000
0.0846575422
0.0901382002
0.0734681745
0.0000000000
0.0821362409
0.1009217991
0.0711358515
0.0925822315
0.0049382716
0.0817150294
0.0000000000
0.0899121483
0.0721014965
0.0972270349
0.0960548403
0.0947225076
0.0679667661
0.0032921811
0.0
0.0681282074
0.0874450467
0.0967677979
0.0000000000
0.0000000000
0.0032921811
0.0000000000
0.0907657446
0.0000000000
0.0877661423
0.0735812604
0.0971611630
0.0747705300
0.0
0.0065843621
0.0725391384
0.0000000000
0.0719207004
0.0000000000
0.0840620613
0.0024691358
0.0899121483
0.0000000000
0.0024691358
0.0000000000
0.0944107153
0.0000000000
0.0000000000
0.0000000000
0.0000000000
0.0000000000
0.0000000000
0.0000000000
0.0024691358
0.0000000000
0.0901948909
0.0594814917
0.0024691358
0.0000000000
0.0024691358
0.0965073193
0.0624879636
0.0000000000
0.0000000000
0.0781099545
0.0839144977
0.0000000000
0.0000000000
0.0
0.0024691358
0.0649207227
0.0656939425
0.0000000000
0.0000000000
0.0000000000
0.0043895748
0.0000000000
0.0000000000
0.0734681745
0.0000000000
0.0000000000
0.0
0.0000000000
0.0925822315
0.0000000000
0.0720290691
0.0000000000
0.0000000000
0.0828958824
0.0000000000
0.0000000000
0.0000000000
0.0490961577
0.0000000000
0.0000000000
0.0024691358
0.0000000000
0.0000000000
0.0
0.0000000000
0.0
0.0000000000
0.0836209193
0.0534513144
0.0000000000
0.0000000000
0.0715261230
0.0000000000
0.0032921811
0.0000000000
0.0733554356
0.0024691358
0.0000000000
0.0766078400
0.0024691358
0.0000000000
0.0000000000
0.0000000000
0.0737705126
0.0000000000
0.0000000000
0.0000000000
0.0000000000
0.0000000000
0.0
0.0000000000
0.0000000000
0.0821833103
0.0793196220
0.0000000000
0.0000000000
0.0903653916
0.0000000000
0.0000000000
0.0000000000
0.0000000000
0.0024691358
0.0000000000
0.0000000000
0.0000000000
0.0861838200
0.0654540742
0.0000000000
0.0000000000
0.0000000000
0.0000000000
0.0000000000
0.0000000000
0.0000000000
0.0841607257
0.0000000000
0.0000000000
0.0000000000
0.0000000000
0.0000000000
0.0000000000
0.0000000000
0.0000000000
0.0000000000
0.0000000000
0.0000000000
0.0000000000
0.0715261230
0.0000000000
0.0000000000
0.0000000000
0.0000000000
0.0000000000
0.0000000000
0.0000000000
0.0000000000
0.0000000000
