0.0
0.0
0.0
0.0
0.0
0.0
0.1625192012
0.0
0.0
0.0
0.0
0.0
0.1975723623
0.0
0.0
0.1843205575
0.0
0.0
0.0
0.0
0.0
0.0
0.0
0.0
0.0
0.0
0.0
0.0
0.0
0.1460317460
0.0
0.2084729064
0.1901168014
0.0
0.0
0.0
0.1889285714
0.1526695527
0.1542274052
0.0
0.1747316268
0.0142857143
0.1511428571
0.1607902736
0.1950230415
0.0
0.0
0.0
0.0
0.2042471042
0.0
0.0
0.1238875878
0.0
0.1962894249
0.0
0.1297363581
0.1788672866
0.0
0.0
0.1889285714
0.0
0.0
0.0
0.0
0.0
0.0
0.0000000000
0.1199546485
0.0
0.1607902736
0.1550183150
0.1962894249
0.0
0.1717532468
0.0
0.1679365079
0.1399470899
0.0000000000
0.2084729064
0.1679365079
0.1737274220
0.1297363581
0.1843205575
0.1380300065
0.1489092189
0.0
0.0285714286
0.0910499139
0.1302955665
0.0
0.0
0.0
0.1590977444
0.0
0.0
0.1053260329
0.1158182813
0.1254297570
0.0
0.1707828894
0.1474564460
0.1607902736
0.0000000000
0.1788672866
0.1503909026
0.0142857143
0.0
0.0190476190
0.0000000000
0.0000000000
0.1660910518
0.1727346939
0.1446343131
0.0000000000
0.0000000000
0.0190476190
0.0000000000
0.0000000000
0.0
0.0000000000
0.0000000000
0.0000000000
0.0000000000
0.0
0.0000000000
0.0000000000
0.0000000000
0.0000000000
0.0000000000
0.0000000000
