0.0
0.0
0.0
0.0
0.0
0.0
0.0
0.0
0.0
0.0
0.0
0.0
0.0
0.0
0.0
0.0
0.0
0.0
0.0
0.0
0.0
0.0
0.0
0.0
0.0
0.0
0.0
0.0
0.0
0.0
0.0
0.0
0.0
0.0
0.0
0.0
0.0
0.0
0.0
0.0
0.0
0.0
0.0
0.0
0.0
0.0
0.0
0.0
0.0
0.0
0.0
0.0
0.0
0.0
0.0
0.0
0.0
0.0
0.0
0.0
0.1361579080
0.0
0.0
0.0
0.0
0.0
0.0
0.0
0.0
0.0
0.0
0.0
0.0
0.0
0.0
0.1623850460
0.0
0.0
0.0
0.1932778108
0.0
0.0
0.0
0.0
0.0
0.0
0.0000000000
0.0
0.0
0.0
0.0
0.1686040477
0.0
0.0
0.0
0.0
0.0
0.0
0.0
0.0
0.0
0.0
0.0
0.0
0.0
0.0
0.0
0.0
0.0
0.2031894934
0.0
0.0
0.0
0.0
0.0
0.0
0.0
0.0
0.1238185976
0.1400068948
0.0
0.1352285025
0.0
0.0
0.0
0.0
0.0
0.0
0.0
0.0
0.0
0.0
0.0
0.1053775298
0.0
0.0
0.0
0.1489547038
0.1230495379
0.2096399535
0.0
0.1371001772
0.0
0.0
0.0
0.0
0.0
0.0
0.0
0.0
0.1352285025
0.0
0.1604127580
0.0
0.0
0.0
0.1700512928
0.0
0.0243902439
0.1415069686
0.0
0.0000000000
0.1578563794
0.0162601626
0.1604127580
0.0
0.0
0.1657822227
0.0
0.0
0.0
0.1686040477
0.0
0.1737804878
0.0
0.1784772577
0.1578563794
0.1518082422
0.0
0.1361579080
0.0
0.0
0.1971241354
0.1610648424
0.1610648424
0.0
0.1842881452
0.0
0.1610648424
0.1395139127
0.0000000000
0.1311985140
0.1329595679
0.0
0.0
0.0
0.0
0.1868959963
0.1175725555
0.0
0.0
0.0
0.1135299462
0.0
0.1008192143
0.1914103924
0.1657822227
0.1489547038
0.0
0.0000000000
0.0000000000
0.0
0.1961482734
0.1311985140
0.1553802009
0.1650914634
0.0162601626
0.1529805066
0.0000000000
0.0
0.0000000000
0.0
0.1168789122
0.1541710164
0.1135299462
0.1135299462
0.0
0.1307655156
0.1591243021
0.1352285025
0.1311985140
0.0
0.1535734543
0.0000000000
0.0000000000
0.0000000000
0.0000000000
0.0000000000
0.0000000000
0.0
0.0000000000
0.1338579433
0.0000000000
0.0000000000
0.0000000000
0.0000000000
0.0000000000
0.1299080368
0.1168789122
0.0000000000
0.0000000000
0.0000000000
