0.0033222591
0.0
0.0
0.0
0.0
0.0
0.0000000000
0.0
0.0
0.0000000000
0.0
0.0
0.0
0.0
0.0
0.0
0.0
0.0
0.0
0.0
0.0
0.0
0.0
0.0246022802
0.0
0.0
0.0000000000
0.0
0.0
0.0
0.0
0.0
0.0
0.0
0.0
0.0
0.0
0.0
0.0
0.0
0.0
0.0
0.0000000000
0.0
0.0
0.0
0.0
0.0
0.0
0.0
0.0
0.0
0.0000000000
0.0
0.0033222591
0.0
0.0
0.0
0.0033222591
0.0
0.0
0.0000000000
0.0
0.0
0.0
0.0033222591
0.0
0.0044296788
0.0000000000
0.0
0.0000000000
0.0198744399
0.0
0.0
0.0292393592
0.0
0.0
0.0
0.0
0.0
0.0
0.0
0.0
0.0000000000
0.0
0.0272425249
0.0
0.0
0.0
0.0
0.0
0.0
0.0000000000
0.0
0.0000000000
0.0
0.0
0.0
0.0000000000
0.0
0.0298648000
0.0000000000
0.0
0.0
0.0
0.0
0.0
0.0
0.0
0.0
0.0
0.0066445183
0.0
0.0
0.0
0.0
0.0
0.0000000000
0.0
0.0044296788
0.0
0.0351240101
0.0
0.0000000000
0.0
0.0044296788
0.0
0.0
0.0066445183
0.0
0.0
0.0
0.0
0.0
0.0085429521
0.0066445183
0.0
0.0
0.0
0.0360304362
0.0000000000
0.0
0.0
0.0
0.0231731021
0.0
0.0264678560
0.0194589464
0.0033222591
0.0053156146
0.0000000000
0.0
0.0108728481
0.0
0.0059062385
0.0
0.0
0.0
0.0088593577
0.0
0.0
0.0212346677
0.0
0.0
0.0
0.0
0.0066445183
0.0033222591
0.0326591673
0.0
0.0000000000
0.0
0.0
0.0
0.0033222591
0.0
0.0
0.0033222591
0.0
0.0206078141
0.0
0.0000000000
0.0
0.0044296788
0.0
0.0
0.0066445183
0.0000000000
0.0000000000
0.0000000000
0.0000000000
0.0033222591
0.0277846647
0.0
0.0044296788
0.0
0.0
0.0
0.0125223614
0.0
0.0059062385
0.0066445183
0.0
0.0
0.0
0.0248209671
0.0000000000
0.0000000000
0.0
0.0000000000
0.0250435767
0.0
0.0
0.0326591673
0.0033222591
0.0
0.0
0.0215626162
0.0066445183
0.0044296788
0.0
0.0
0.0
0.0
0.0
0.0000000000
0.0108527132
0.0059062385
0.0044296788
0.0
0.0
0.0
0.0315520769
0.0
0.0000000000
0.0
0.0053156146
0.0000000000
0.0
0.0
0.0000000000
0.0000000000
0.0
0.0
0.0
0.0280639076
0.0
0.0119601329
0.0
0.0000000000
0.0
0.0231731021
0.0229823770
0.0033222591
0.0
0.0000000000
0.0066445183
0.0
0.0
0.0000000000
0.0
0.0033222591
0.0
0.0
0.0
0.0
0.0000000000
0.0231731021
0.0000000000
0.0000000000
0.0
0.0000000000
0.0183105495
0.0033222591
0.0
0.0
0.0
0.0
0.0000000000
0.0
0.0066445183
0.0
0.0075937352
0.0000000000
0.0000000000
0.0
0.0088593577
0.0000000000
0.0088593577
0.0033222591
0.0044296788
0.0000000000
0.0033222591
0.0106312292
0.0165718623
0.0
0.0
0.0000000000
0.0044296788
0.0
0.0066445183
0.0210744061
0.0289363607
0.0
0.0
0.0000000000
0.0
0.0033222591
0.0044296788
0.0
0.0
0.0
0.0
0.0
0.0147991543
0.0
0.0231731021
0.0092001022
0.0000000000
0.0044296788
0.0000000000
0.0161875873
0.0000000000
0.0033222591
0.0000000000
0.0049833887
0.0000000000
0.0
0.0000000000
0.0000000000
0.0074750831
0.0
0.0241762667
0.0197339845
0.0
0.0000000000
0.0
0.0
0.0079734219
0.0106312292
0.0
0.0000000000
0.0074750831
0.0033222591
0.0
0.0
0.0
0.0
0.0044296788
0.0066445183
0.0000000000
0.0
0.0000000000
0.0000000000
0.0209165453
0.0033222591
0.0000000000
0.0044296788
0.0
0.0
0.0044296788
0.0
0.0188037630
0.0
0.0000000000
0.0
0.0
0.0212346677
0.0066445183
0.0
0.0
0.0000000000
0.0000000000
0.0000000000
0.0000000000
0.0000000000
0.0000000000
0.0033222591
0.0033222591
0.0044296788
0.0000000000
0.0033222591
0.0066445183
0.0000000000
0.0
0.0241762667
0.0000000000
0.0066445183
0.0000000000
0.0077519380
0.0066445183
0.0066445183
0.0000000000
0.0049833887
0.0
0.0
0.0
0.0000000000
0.0033222591
0.0
0.0198744399
0.0000000000
0.0
0.0095759234
0.0033222591
0.0000000000
0.0
0.0000000000
0.0
0.0000000000
0.0
0.0000000000
0.0000000000
0.0224285848
0.0000000000
0.0000000000
0.0033222591
0.0033222591
0.0033222591
0.0267211369
0.0000000000
0.0000000000
0.0044296788
0.0000000000
0.0000000000
0.0
0.0
0.0066445183
0.0184314112
0.0000000000
0.0000000000
0.0
0.0000000000
0.0000000000
0.0000000000
0.0000000000
0.0000000000
0.0226101927
0.0033222591
0.0
0.0000000000
0.0044296788
0.0000000000
0.0000000000
0.0000000000
0.0000000000
0.0062948068
0.0070778564
0.0000000000
0.0095759234
0.0044296788
0.0033222591
0.0
0.0000000000
0.0000000000
0.0000000000
0.0106312292
0.0206078141
0.0000000000
0.0000000000
0.0000000000
0.0033222591
0.0000000000
0.0000000000
0.0075937352
0.0000000000
0.0000000000
0.0088593577
0.0000000000
0.0000000000
0.0033222591
0.0000000000
0.0000000000
0.0000000000
0.0000000000
0.0000000000
0.0000000000
0.0000000000
0.0044296788
0.0000000000
0.0
0.0311995397
0.0000000000
0.0000000000
0.0044296788
0.0
0.0000000000
0.0000000000
0.0000000000
0.0000000000
0.0000000000
0.0000000000
0.0000000000
0.0
0.0000000000
0.0000000000
0.0000000000
0.0000000000
0.0000000000
0.0000000000
0.0000000000
0.0000000000
0.0000000000
0.0000000000
0.0000000000
0.0095759234
0.0000000000
0.0000000000
0.0000000000
0.0000000000
0.0000000000
0.0000000000
0.0000000000
0.0000000000
0.0000000000
0.0000000000
0.0000000000
0.0000000000
0.0000000000
0.0033222591
0.0000000000
0.0000000000
0.0000000000
0.0000000000
0.0000000000
0.0000000000
0.0000000000
0.0000000000
0.0000000000
0.0000000000
