0.0
0.0
0.0
0.0
0.0
0.0
0.0
0.0
0.0
0.0
0.0
0.0
0.0
0.0
0.0
0.0
0.0
0.0
0.0
0.0
0.0
0.0
0.0
0.0
0.0
0.0
0.0
0.0
0.0
0.0
0.0
0.0
0.0
0.0
0.0
0.0
0.0
0.0
0.0
0.0
0.0
0.0
0.0
0.0
0.0
0.0
0.0
0.0
0.0
0.0
0.0
0.0
0.0
0.0
0.0
0.0
0.0
0.0
0.0
0.0
0.1156212973
0.0
0.0
0.0
0.0
0.0
0.0
0.0
0.0
0.0
0.0
0.0
0.0
0.0
0.0
0.1536859219
0.0
0.0
0.0
0.1839688621
0.0
0.0
0.0
0.0
0.0
0.0
0.0000000000
0.0
0.0
0.0
0.0
0.1602818842
0.0
0.0
0.0
0.0
0.0
0.0
0.0
0.0
0.0
0.0
0.0
0.0
0.0
0.0
0.0
0.1128268248
0.0
0.1630815677
0.0
0.0
0.0
0.0
0.0
0.0
0.0000000000
0.0
0.1034506344
0.1348219459
0.0
0.0123456790
0.0
0.0
0.0
0.0
0.0
0.0
0.0
0.0
0.0
0.0
0.0
0.1082483450
0.0
0.0
0.0
0.1200825692
0.1063979459
0.1955271152
0.0
0.1329027723
0.0
0.0
0.0
0.0
0.0
0.0
0.0
0.0
0.0246913580
0.0
0.1398714570
0.0
0.0
0.1283356667
0.1623725174
0.1549613237
0.1082483450
0.1156212973
0.0
0.1575767047
0.1193152684
0.0123456790
0.1441918109
0.0
0.0
0.0164609053
0.0
0.0
0.0
0.1388315205
0.1458815586
0.1630815677
0.0
0.1602818842
0.1301243171
0.1915163026
0.0
0.0123456790
0.0
0.0
0.1848795991
0.1338554803
0.1028806584
0.0
0.1720999033
0.0000000000
0.1562580712
0.1319635301
0.1128268248
0.0000000000
0.1114796388
0.0
0.0
0.0
0.0899895880
0.1135127022
0.1135127022
0.0
0.0
0.0
0.0123456790
0.0
0.0975083003
0.1575767047
0.1170710941
0.1257430270
0.0
0.0000000000
0.1001224638
0.1283356667
0.1338554803
0.0895579832
0.1493827160
0.1409270906
0.0123456790
0.1193152684
0.1017593434
0.0
0.0000000000
0.0
0.1128268248
0.1409270906
0.0123456790
0.0164609053
0.0899895880
0.1170710941
0.1319635301
0.0000000000
0.0000000000
0.0000000000
0.0000000000
0.0000000000
0.0000000000
0.0000000000
0.0000000000
0.0000000000
0.0000000000
0.0000000000
