0.0
0.0
0.0
0.0
0.0
0.0
0.0
0.0
0.0
0.0
0.0
0.0
0.0
0.0
0.0
0.0
0.0
0.0
0.0
0.0
0.0
0.0
0.0
0.0
0.0
0.0
0.0
0.0
0.0
0.0
0.0
0.0000000000
0.0
0.0
0.0
0.0
0.0
0.0
0.0
0.0
0.0
0.0
0.0
0.0
0.0
0.0
0.0
0.0
0.0
0.0
0.0
0.0
0.0217687075
0.0
0.0
0.0
0.0
0.0
0.0
0.0
0.0
0.0851884312
0.0
0.0
0.0
0.0
0.0
0.0
0.0
0.0
0.0000000000
0.0
0.0
0.0
0.0
0.0
0.0
0.0
0.0
0.0
0.0
0.0
0.0
0.0
0.0
0.1477203647
0.0
0.0
0.0
0.0
0.0
0.0931927133
0.0
0.0
0.0
0.0
0.1341614907
0.0
0.0
0.0
0.0786726022
0.0
0.1009870130
0.0
0.0
0.0
0.0
0.0
0.0
0.0
0.0
0.0857142857
0.0
0.0
0.0
0.0
0.0
0.0
0.0
0.0
0.0913533835
0.0
0.1017268446
0.0895852535
0.1171790235
0.0
0.0095238095
0.0
0.0000000000
0.0
0.0
0.0
0.0
0.0
0.0
0.0
0.1234285714
0.0
0.0095238095
0.0
0.0
0.0000000000
0.0000000000
0.1381663113
0.0
0.0
0.0253968254
0.0
0.0
0.0
0.0744542321
0.1024775962
0.0
0.0
0.0
0.0
0.0
0.0
0.0000000000
0.1097684924
0.0
0.0907563025
0.0
0.0
0.0
0.0
0.0
0.0
0.0000000000
0.0
0.0
0.0
0.0
0.0
0.0
0.0
0.0
0.0
0.1152341434
0.0
0.0
0.1525902669
0.0
0.1097684924
0.0
0.0
0.0
0.1322448980
0.0925714286
0.0765053129
0.0
0.0
0.0000000000
0.0
0.0000000000
0.0
0.0
0.0984802432
0.0000000000
0.0
0.0000000000
0.0000000000
0.0152380952
0.0
0.0
0.0
0.0
0.0
0.0
0.0000000000
0.0
0.0217687075
0.0
0.1268101761
0.1064039409
0.0000000000
0.0791208791
0.0
0.1239795918
0.0000000000
0.0000000000
0.0000000000
0.0000000000
0.0795742939
0.0152380952
0.0000000000
0.1017268446
0.0957635468
0.0
0.0
0.0687411598
0.1024775962
0.1055947854
0.0
0.0
0.0791208791
0.0694285714
0.0795742939
0.0000000000
0.0095238095
0.0
0.0613055818
0.0
0.0000000000
0.0
0.1055947854
0.0000000000
0.0000000000
0.0867857143
0.0690831557
0.0000000000
0.0984802432
0.0
0.0000000000
0.0000000000
0.1021008403
0.0740571429
0.0
0.1212726138
0.0000000000
0.0846689895
0.1106431417
0.0
0.0862466726
0.0000000000
0.0925714286
0.0
0.0000000000
0.1072255929
0.0000000000
0.1335164835
0.0000000000
0.0
0.0744542321
0.0851884312
0.0000000000
0.0000000000
0.1002578649
0.0095238095
0.0000000000
0.0000000000
0.0000000000
0.0984802432
0.0000000000
0.0000000000
0.0000000000
0.0000000000
0.0000000000
0.0000000000
