0.0
0.0
0.0
0.0
0.1340532489
0.0
0.1327580485
0.0
0.0
0.1169400682
0.0
0.1334025050
0.0
0.1205303335
0.0
0.0999306037
0.0203562341
0.1278182141
0.0
0.1431297710
0.0076335878
0.0000000000
0.0
0.0
0.0
0.1232328073
0.0988522159
0.1243480363
0.0995685363
0.1040943789
0.0
0.0
0.1237879100
0.1423881660
0.1260592478
0.1402087553
0.1200040001
0.1215969736
0.0152671756
0.0
0.0
0.1493528045
0.1103651246
0.0152671756
0.0
0.0076335878
0.0000000000
0.1094857212
0.0076335878
0.1121670042
0.1037015699
0.0135708227
0.0152671756
0.0710101189
0.1254836348
0.0101781170
0.0822781917
0.1655476869
0.0000000000
0.0000000000
0.0
0.1021595391
0.0000000000
0.1103651246
0.0
0.1090512541
0.0
0.1130901894
0.1081925828
0.1037015699
0.1232328073
0.0934725035
0.0076335878
0.1194822436
0.0995685363
0.1266401660
0.0101781170
0.0909964107
0.0765485126
0.0101781170
0.1221374046
0.0909964107
0.0919094182
0.0
0.0000000000
0.1014055942
0.1200040001
0.0101781170
0.1174398121
0.0000000000
0.1130901894
0.0
0.0101781170
0.1006626961
0.0000000000
0.1040943789
0.0152671756
0.1121670042
0.0000000000
0.0954198473
0.0000000000
0.0000000000
0.0000000000
0.0916030534
0.0837832806
0.1477468604
0.0076335878
0.0152671756
0.1040943789
0.0244274809
0.0950896748
0.0000000000
0.0000000000
0.0000000000
0.0000000000
0.0000000000
0.0152671756
0.0000000000
0.0000000000
0.0000000000
0.0000000000
0.0101781170
0.0000000000
0.0000000000
0.0000000000
0.0101781170
0.0000000000
0.0000000000
0.0000000000
0.0848176421
0.0000000000
0.0000000000
0.0000000000
0.0000000000
0.0000000000
0.0000000000
0.0000000000
0.0076335878
0.0000000000
0.0000000000
0.0076335878
0.0000000000
0.0916030534
0.0101781170
0.1094857212
0.0850802354
0.0000000000
0.0000000000
0.0000000000
0.0000000000
0.0000000000
0.0000000000
0.0000000000
0.0000000000
0.0076335878
0.0000000000
