0.0
0.0
0.0
0.0
0.0
0.0
0.0
0.0
0.0
0.0
0.0
0.0
0.0
0.0
0.0
0.1117906127
0.0
0.0
0.0
0.0
0.0
0.0
0.0
0.0
0.0
0.0
0.0
0.0
0.0
0.0850316332
0.0
0.1292736558
0.0
0.0
0.0
0.0
0.1364555256
0.1249520075
0.0
0.0
0.1286930855
0.0
0.0
0.0084905660
0.1132634798
0.0
0.0
0.0
0.0
0.1123751387
0.0
0.0
0.0890849545
0.0
0.1388804219
0.0
0.0
0.0
0.0
0.0
0.0
0.0
0.0
0.0
0.0
0.0
0.0
0.0
0.0
0.0
0.1075932179
0.1155470177
0.1202335400
0.0
0.0747538966
0.0
0.0980239238
0.0
0.0905869137
0.0
0.1302530017
0.0709884237
0.0
0.1172810111
0.1264220311
0.0873648182
0.0
0.1122284349
0.1000779757
0.0692723458
0.0
0.0
0.0
0.0
0.0
0.0
0.0000000000
0.0931386578
0.0
0.0
0.0
0.0730390664
0.0000000000
0.0975788662
0.0
0.0
0.0
0.0
0.0
0.1377675980
0.1150829734
0.0817176627
0.1137129380
0.1075932179
0.0141509434
0.1102140784
0.0906824695
0.0
0.0
0.0
0.0
0.0
0.1093727495
0.1153919210
0.0
0.0849476098
0.0
0.0
0.0
0.0
0.0
0.1075932179
0.1074587264
0.0
0.0
0.1029544684
0.1065266185
0.0
0.0
0.0084905660
0.0862256581
0.0
0.0793785606
0.0
0.0141509434
0.0
0.1128175605
0.0
0.1143177941
0.0996141149
0.0000000000
0.0850316332
0.0959452914
0.0906824695
0.0
0.0729151664
0.1150829734
0.0
0.1146226415
0.0626125136
0.1174412311
0.0
0.1089568836
0.0983603903
0.1125222266
0.1045827021
0.1047100866
0.1054809584
0.0
0.0783655252
0.0
0.1343234080
0.0
0.0
0.0841988062
0.0849476098
0.0
0.0
0.0907782272
0.0047169811
0.0745593939
0.0
0.0938504161
0.0047169811
0.0047169811
0.0
0.0
0.0627038520
0.1110684511
0.0925371164
0.0
0.1251338881
0.1003115299
0.0
0.0062893082
0.1048377819
0.1166444791
0.0992690313
0.0
0.1011376249
0.0047169811
0.0968096634
0.0
0.0839521300
0.1219389803
0.0
0.0
0.0822650537
0.0861392597
0.0
0.0062893082
0.0974682326
0.0
0.0
0.1056105419
0.0
0.0913570469
0.0
0.1169618791
0.0
0.0
0.0000000000
0.0912600649
0.0975788662
0.1063947786
0.1012567505
0.0
0.0000000000
0.0
0.0758755350
0.0936459489
0.1189031551
0.0818733154
0.0905869137
0.0672668084
0.0751459625
0.0639159711
0.0883524986
0.0047169811
0.0571969269
0.0084905660
0.0
0.0
0.0796728277
0.0808720425
0.0846131704
0.0
0.0000000000
0.0
0.0818733154
0.0698350781
0.0
0.1129658096
0.0047169811
0.0000000000
0.0084905660
0.0
0.0047169811
0.0000000000
0.0000000000
0.0047169811
0.0094339623
0.0
0.0047169811
0.0950962181
0.0808720425
0.0
0.0000000000
0.0
0.0768248267
0.0000000000
0.0
0.1125222266
0.1077280465
0.0047169811
0.0921403871
0.0964837050
0.0047169811
0.0899236204
0.0905869137
0.0972477162
0.0047169811
0.0655735935
0.0924376141
0.0000000000
0.0994988208
0.0906824695
0.0000000000
0.0000000000
0.0
0.0094339623
0.0062893082
0.0889007044
0.0570451102
0.0
0.0
0.0000000000
0.0667964111
0.0062893082
0.0000000000
0.0000000000
0.1047100866
0.0047169811
0.0000000000
0.0047169811
0.0860530342
0.0
0.0905869137
0.0
0.0820295621
0.0047169811
0.0000000000
0.0000000000
0.0000000000
0.0000000000
0.0000000000
0.0525149549
0.0860530342
0.0000000000
0.0000000000
0.0000000000
0.0000000000
0.0000000000
0.0000000000
0.0047169811
0.0084905660
0.0625214408
0.0000000000
0.0934423708
0.0862256581
0.0993837932
0.0760097092
0.0000000000
0.0979122792
0.0084905660
0.0000000000
0.0047169811
0.0000000000
0.0000000000
0.0807960349
0.0000000000
0.0000000000
0.0000000000
0.0000000000
0.0000000000
0.0793785606
0.0000000000
0.0000000000
0.0000000000
0.0000000000
0.0000000000
0.0047169811
0.0000000000
