0.0
0.0
0.0
0.0
0.0
0.0
0.0966770740
0.0
0.0
0.0
0.0
0.0
0.0
0.0
0.0
0.0987696514
0.0
0.0
0.0
0.0
0.0
0.0
0.0
0.0
0.0
0.0
0.0
0.0
0.0
0.0000000000
0.0
0.1041816871
0.0
0.0
0.0
0.0
0.1009548207
0.0000000000
0.0000000000
0.0
0.0854523950
0.0000000000
0.0
0.0640892963
0.0286549708
0.0
0.0
0.0
0.0
0.1061199510
0.0
0.0
0.1041816871
0.0
0.0000000000
0.0
0.0740772386
0.0000000000
0.0
0.0
0.0
0.0
0.0
0.0
0.0
0.0
0.0
0.0000000000
0.0
0.0
0.0390749601
0.0669084735
0.0870831659
0.0
0.0719740993
0.0
0.0938921378
0.0
0.0000000000
0.1037081340
0.0728938961
0.0884332925
0.0792214912
0.0611683364
0.0870831659
0.0848170612
0.0
0.0778695886
0.0330634278
0.0286549708
0.0
0.0
0.0
0.0
0.0
0.0
0.0226223453
0.0087719298
0.0
0.0
0.0
0.0000000000
0.0675023357
0.0000000000
0.0
0.0000000000
0.0
0.0
0.0
0.0867520512
0.0784047748
0.0204678363
0.0950657895
0.0706371191
0.0979218432
0.0673032138
0.0916296766
0.0000000000
0.0131578947
0.0
0.0
0.0845029240
0.0854523950
0.0877530364
0.0
0.0717477656
0.0894736842
0.0
0.0
0.0000000000
0.0838815789
0.0927471117
0.0197368421
0.0
0.0131578947
0.1046595847
0.0748058671
0.0
0.0197368421
0.0966770740
0.0851335428
0.0778695886
0.0226223453
0.0000000000
0.0200501253
0.0
0.0087719298
0.0
0.0586524151
0.0829665072
0.0000000000
0.0000000000
0.0000000000
0.0000000000
0.0
0.0000000000
0.0000000000
0.0860973188
0.0000000000
0.0204678363
0.0702024291
0.0
0.0000000000
0.0000000000
0.0140350877
0.0087719298
0.0000000000
0.0000000000
0.0000000000
0.0938921378
0.0561965258
0.0087719298
0.0811949803
0.0
0.0000000000
0.0000000000
0.0000000000
0.0140350877
0.0786751361
0.0724310777
0.0000000000
0.0000000000
0.0000000000
0.0000000000
0.0200501253
0.0000000000
0.0770803698
0.0233918129
0.0000000000
0.0087719298
0.0000000000
0.0586524151
0.0000000000
0.0087719298
0.0000000000
0.0000000000
0.0000000000
