0.0
0.0
0.0
0.0
0.0
0.0
0.0
0.0
0.0
0.0
0.0
0.0
0.0
0.0
0.0
0.0
0.0
0.0
0.0
0.0
0.0
0.0
0.0
0.0
0.0
0.0
0.0
0.0
0.0
0.0969424512
0.0
0.1263189516
0.0
0.0
0.0
0.0
0.0
0.1048929971
0.0
0.0
0.1352766657
0.0
0.0
0.0
0.1014879945
0.0
0.0
0.0
0.0
0.1132295633
0.0
0.0
0.0960325818
0.0
0.1246402944
0.0
0.0
0.0
0.0
0.0
0.0
0.0
0.0
0.0
0.0
0.0
0.0
0.0
0.0
0.0
0.1105601040
0.1266031337
0.1066826406
0.0
0.0997785336
0.0
0.1113256042
0.0
0.0974460484
0.0
0.1352766657
0.1188491931
0.0
0.1162708532
0.1171177793
0.0905472131
0.0
0.1124377481
0.0
0.1240906129
0.0
0.0
0.0
0.0
0.0
0.0
0.0874515819
0.1074977898
0.0
0.0
0.0
0.1197342403
0.0000000000
0.0000000000
0.0
0.0
0.0
0.0
0.0
0.1299655726
0.1134578487
0.0
0.1066826406
0.1148471284
0.0904017557
0.1116569304
0.0000000000
0.0
0.0
0.0
0.0
0.0
0.1246402944
0.1232751214
0.0
0.0906201175
0.0
0.0
0.0
0.0
0.0
0.0
0.0675166082
0.0
0.0
0.0843072553
0.1133435910
0.0
0.0
0.1047953314
0.0
0.0
0.0847516460
0.0
0.1035420293
0.0
0.0904017557
0.0
0.1124377481
0.1139171922
0.0000000000
0.0
0.0793724865
0.0151796778
0.0
0.1042131351
0.1207620020
0.0
0.1068852667
0.1280434424
0.0
0.0
0.1149644391
0.1078066914
0.1076005601
0.0957059404
0.0764607241
0.0
0.0
0.1013965639
0.0
0.1106688160
0.0
0.0
0.0834323098
0.0101197852
0.0
0.0
0.1010324828
0.0830628678
0.0741437325
0.0
0.1104516054
0.0000000000
0.0952201234
0.0
0.0
0.1109962385
0.1000446097
0.1157923723
0.0
0.1251948675
0.1163910919
0.0
0.0749834683
0.1131157647
0.1064807813
0.1059794594
0.0
0.0750334572
0.1236815229
0.0946595340
0.0
0.0970260223
0.1055817879
0.0
0.0
0.1184738799
0.0000000000
0.0
0.0560229895
0.0
0.0
0.0
0.0101197852
0.0
0.1038285848
0.0
0.0000000000
0.0
0.0
0.0940268888
0.0960325818
0.0037174721
0.1124377481
0.1039244560
0.0
0.0000000000
0.0
0.0953815135
0.1025047230
0.1178535978
0.0000000000
0.0795970197
0.0113847584
0.0151796778
0.1008514210
0.0000000000
0.0
0.0996901558
0.0982971056
0.0
0.0
0.0000000000
0.1153178134
0.1173620291
0.0
0.0870457741
0.0
0.0979549050
0.0941055066
0.0
0.0
0.0853299362
0.0
0.0905472131
0.0
0.1154360881
0.0665583595
0.1102352457
0.0000000000
0.0847516460
0.0
0.0966096016
0.0953007501
0.0984691040
0.0
0.0000000000
0.0
0.0
0.0972776023
0.0
0.0113847584
0.1216758766
0.1039244560
0.0874515819
0.1010324828
0.0765647523
0.0916532458
0.0000000000
0.1019476321
0.0841182256
0.1304173649
0.1139171922
0.0560229895
0.0
0.0
0.1235457584
0.0000000000
0.0
0.0
0.0
0.0961967401
0.0954624138
0.0
0.0
0.0822134301
0.0665583595
0.0000000000
0.0000000000
0.0844971365
0.1167533048
0.0814400766
0.0874515819
0.0
0.0037174721
0.0
0.0776208178
0.0
0.0
0.1010324828
0.0945005759
0.0000000000
0.1019476321
0.1002227835
0.0000000000
0.0943421508
0.0
0.0000000000
0.0
0.1251948675
0.0961967401
0.0836804356
0.0958689829
0.0982113315
0.0793724865
0.1226036883
0.0971097376
0.1242275782
0.0990758678
0.1168745440
0.0000000000
0.0000000000
0.0981257070
0.1161508626
0.0082798243
0.1088493094
0.0000000000
0.0000000000
0.0923299310
0.0
0.0866437151
0.0709200919
0.0613018442
0.0000000000
0.0971935975
0.0839300417
0.0000000000
0.0
0.0037174721
0.0964440325
0.0000000000
0.1104516054
0.0000000000
0.0
0.0000000000
0.0
0.0
0.0958689829
0.0000000000
0.0000000000
0.0000000000
0.0770891684
0.1053840692
0.0
0.0000000000
0.0
0.0832471789
0.0000000000
0.0844337478
0.0000000000
0.0843704542
0.0919527662
0.0000000000
0.0000000000
0.0743396208
0.0882746556
0.0793724865
0.0000000000
0.0000000000
0.0000000000
0.0777280289
0.0000000000
0.0000000000
0.0000000000
0.0000000000
0.0855244574
0.0000000000
0.0000000000
0.0000000000
0.0969424512
0.0793724865
0.1046005445
0.0
0.0000000000
0.0822134301
0.0082798243
0.0918027617
0.0000000000
0.0000000000
0.0000000000
0.0037174721
0.0793724865
0.0000000000
0.0000000000
0.0
0.0
0.0000000000
0.0000000000
0.0000000000
0.0932478756
0.0000000000
0.0
0.0000000000
0.0944212969
0.0000000000
0.0803356073
0.0000000000
0.0000000000
0.0000000000
0.0000000000
0.0000000000
0.0000000000
0.0826359661
0.0000000000
0.0000000000
0.0805656305
0.0000000000
0.0000000000
0.0000000000
0.0693470030
0.0000000000
0.0000000000
0.0000000000
0.0000000000
0.0000000000
0.0000000000
0.0000000000
0.0000000000
0.0000000000
0.0000000000
0.0000000000
0.0000000000
0.0000000000
