0.0
0.0
0.0
0.0
0.0
0.0
0.0
0.0
0.0
0.0
0.0
0.0
0.0
0.0
0.0
0.0
0.0
0.0
0.0
0.0
0.0
0.0
0.0
0.0
0.0
0.0
0.0
0.0
0.0
0.0
0.0
0.0000000000
0.0
0.0
0.0
0.0
0.0
0.0
0.0
0.0
0.0
0.0
0.0
0.0
0.0
0.0
0.0
0.0
0.0
0.0
0.0
0.0
0.0625051657
0.0
0.0
0.0
0.0
0.0
0.0
0.0
0.0
0.0796849481
0.0
0.0
0.0
0.0
0.0
0.0
0.0
0.0
0.0000000000
0.0
0.0
0.0
0.0
0.0
0.0
0.0
0.0
0.0
0.0
0.0
0.0
0.0
0.0
0.1273469731
0.0
0.0
0.0
0.0
0.0
0.1013094879
0.0
0.0
0.0
0.0
0.1174666045
0.0
0.0
0.0
0.0724793943
0.0
0.0920684198
0.0
0.0
0.0
0.0
0.0
0.0
0.0
0.0
0.0000000000
0.0
0.0
0.0
0.0
0.0
0.0
0.0
0.0
0.0884813385
0.0
0.0994607746
0.0908408408
0.1044147596
0.0
0.0090090090
0.0
0.0000000000
0.0
0.0
0.0
0.0
0.0
0.0
0.0
0.1140261601
0.0
0.0090090090
0.0
0.0
0.0000000000
0.0000000000
0.1227578930
0.0
0.0
0.0706016898
0.0
0.0
0.0
0.0681306306
0.0926947356
0.0
0.0
0.0
0.0
0.0
0.0
0.0000000000
0.0994607746
0.0
0.0851632883
0.0
0.0
0.0
0.0
0.0
0.0
0.0000000000
0.0
0.0
0.0
0.0
0.0
0.0
0.0
0.0
0.0
0.1016875084
0.0
0.0
0.1329378159
0.0
0.1024520761
0.0
0.0
0.0
0.1227578930
0.0867906123
0.0796849481
0.0
0.0
0.0000000000
0.0
0.0000000000
0.0
0.0
0.0162162162
0.0000000000
0.0
0.0000000000
0.0000000000
0.0558447792
0.0
0.0
0.0
0.0
0.0
0.0
0.0000000000
0.0
0.0622197540
0.0
0.1107815132
0.0966391924
0.0000000000
0.0843722980
0.0
0.1116895584
0.0000000000
0.0000000000
0.0000000000
0.0000000000
0.0969831041
0.0553907566
0.0000000000
0.0946258759
0.0865150865
0.0
0.0
0.0636734866
0.0926947356
0.0987400444
0.0
0.0
0.0728669846
0.0655102218
0.0748688249
0.0000000000
0.0090090090
0.0
0.0579835154
0.0
0.0000000000
0.0
0.0987400444
0.0000000000
0.0000000000
0.0787637348
0.0813500067
0.0000000000
0.0162162162
0.0
0.0000000000
0.0000000000
0.0908408408
0.0681306306
0.0
0.0270270270
0.0000000000
0.0778635779
0.1072923317
0.0
0.0787637348
0.0966391924
0.0846343238
0.0
0.0000000000
0.1048163548
0.0090090090
0.1195274222
0.0000000000
0.0
0.0000000000
0.0830861349
0.0502809082
0.0000000000
0.0914505109
0.0090090090
0.0000000000
0.0000000000
0.0090090090
0.0162162162
0.0000000000
0.0000000000
0.0000000000
0.0000000000
0.0000000000
0.0000000000
0.0000000000
0.0000000000
0.0000000000
0.0000000000
0.0000000000
0.0000000000
