0.0
0.0
0.0
0.0
0.0
0.0
0.0
0.0
0.0
0.0
0.0
0.0
0.0
0.0
0.0
0.0
0.0
0.0
0.0
0.0
0.0
0.0
0.0
0.0
0.0
0.0
0.0
0.0
0.0
0.0
0.0
0.0
0.0
0.0
0.0
0.0
0.0
0.0
0.0
0.0
0.0
0.0
0.0
0.0
0.0
0.0
0.0
0.0
0.0
0.0
0.0
0.0
0.0
0.0
0.0
0.0
0.0
0.0
0.0
0.0
0.1086956522
0.0
0.0
0.0
0.0
0.0
0.0
0.0
0.0
0.0
0.0
0.0
0.0
0.0
0.0
0.0150000000
0.0
0.0
0.0
0.1168224299
0.0
0.0
0.0
0.0
0.0
0.0
0.0838926174
0.0
0.0
0.0
0.0
0.0
0.0
0.0
0.0
0.0
0.0
0.0
0.0
0.0
0.0
0.0
0.0
0.0
0.0
0.0
0.0
0.0
0.0
0.1059322034
0.0
0.0
0.0
0.0
0.0
0.0
0.0
0.0
0.0965250965
0.0788643533
0.0
0.0838926174
0.0
0.0
0.0
0.0
0.0
0.0
0.0
0.0
0.0
0.0
0.0
0.1046025105
0.0
0.0
0.0
0.0
0.0
0.1063829787
0.0
0.1152073733
0.0
0.0
0.0
0.0
0.0
0.0
0.0
0.0
0.0825082508
0.0
0.0200000000
0.0
0.0
0.0
0.1250000000
0.0
0.0225000000
0.0
0.0
0.0000000000
0.0
0.0150000000
0.0225000000
0.0
0.0
0.0783699060
0.0
0.0
0.0
0.0769230769
0.0
0.0
0.0
0.0000000000
0.0
0.0
0.0
0.0000000000
0.0
0.0
0.1184834123
0.0683060109
0.0000000000
0.0
0.0
0.0
0.0803858521
0.0
0.0
0.0602409639
0.1077586207
0.0
0.0
0.0
0.0
0.0
0.0686813187
0.0
0.0
0.0
0.0
0.0
0.0225000000
0.0
0.0905797101
0.0
0.0
0.0000000000
0.0
0.0
0.0
0.0
0.0
0.0877192982
0.0
0.0847457627
0.0000000000
0.0
0.0200000000
0.0
0.0919117647
0.0992063492
0.0
0.0150000000
0.0
0.0133333333
0.1050420168
0.0862068966
0.0783699060
0.0
0.0000000000
0.0976562500
0.0
0.1086956522
0.0000000000
0.0
0.0
0.0
0.0912408759
0.0748502994
0.0954198473
0.0932835821
0.0753012048
0.0
0.0
0.0
0.0656167979
0.0720461095
0.0000000000
0.0
0.0865051903
0.0000000000
0.0225000000
0.0
0.0
0.1041666667
0.0000000000
0.0708215297
0.0
0.0773993808
0.0679347826
0.0
0.0
0.0150000000
0.0
0.0000000000
0.0773993808
0.0133333333
0.0000000000
0.0000000000
0.0000000000
0.0133333333
0.0773993808
0.0605326877
0.0
0.0000000000
0.0000000000
0.0000000000
0.0000000000
0.0822368421
0.0000000000
0.0000000000
0.0877192982
0.0000000000
0.0871080139
0.0803858521
0.0000000000
0.0877192982
0.0000000000
0.0000000000
0.0000000000
0.0000000000
0.0000000000
0.0000000000
0.0000000000
0.0000000000
0.0133333333
0.0000000000
0.0000000000
0.0710227273
0.0000000000
0.0000000000
0.0000000000
