0.0065359477
0.0
0.0
0.0
0.0
0.0
0.0000000000
0.0
0.0
0.0065359477
0.0
0.0
0.0
0.0
0.0
0.0
0.0130718954
0.0159413359
0.0
0.0
0.0
0.0
0.0
0.0065359477
0.0
0.0
0.0228758170
0.0
0.0
0.0
0.0087145969
0.0
0.0
0.0
0.0
0.0000000000
0.0
0.0
0.0
0.0
0.0
0.0
0.0266884532
0.0087145969
0.0
0.0
0.0
0.0
0.0
0.0
0.0000000000
0.0
0.0000000000
0.0228758170
0.0320261438
0.0
0.0130718954
0.0
0.0000000000
0.0
0.0
0.0000000000
0.0
0.0
0.0174291939
0.0209150327
0.0
0.0130718954
0.0065359477
0.0
0.0087145969
0.0204248366
0.0177923021
0.0
0.0087145969
0.0130718954
0.0
0.0
0.0
0.0
0.0200163399
0.0
0.0
0.0087145969
0.0000000000
0.0186741363
0.0065359477
0.0
0.0000000000
0.0065359477
0.0
0.0
0.0000000000
0.0116194626
0.0000000000
0.0000000000
0.0
0.0
0.0148544266
0.0
0.0174291939
0.0200163399
0.0
0.0
0.0
0.0
0.0
0.0
0.0
0.0
0.0
0.0130718954
0.0160130719
0.0
0.0
0.0
0.0
0.0087145969
0.0000000000
0.0104575163
0.0
0.0087145969
0.0
0.0065359477
0.0
0.0104575163
0.0
0.0233426704
0.0149393091
0.0
0.0261437908
0.0087145969
0.0
0.0
0.0000000000
0.0000000000
0.0
0.0087145969
0.0000000000
0.0000000000
0.0087145969
0.0
0.0
0.0000000000
0.0200163399
0.0087145969
0.0065359477
0.0000000000
0.0228758170
0.0000000000
0.0000000000
0.0
0.0000000000
0.0261437908
0.0065359477
0.0
0.0
0.0
0.0000000000
0.0
0.0
0.0145573381
0.0
0.0
0.0
0.0
0.0087145969
0.0145573381
0.0159413359
0.0
0.0000000000
0.0
0.0000000000
0.0228758170
0.0000000000
0.0
0.0000000000
0.0000000000
0.0
0.0160130719
0.0
0.0065359477
0.0
0.0130718954
0.0065359477
0.0
0.0130718954
0.0000000000
0.0000000000
0.0000000000
0.0133442266
0.0000000000
0.0000000000
0.0130718954
0.0000000000
0.0
0.0
0.0
0.0149393091
0.0065359477
0.0000000000
0.0065359477
0.0
0.0204248366
0.0087145969
0.0000000000
0.0000000000
0.0065359477
0.0130718954
0.0000000000
0.0065359477
0.0000000000
0.0
0.0272331155
0.0000000000
0.0
0.0000000000
0.0065359477
0.0000000000
0.0000000000
0.0065359477
0.0087145969
0.0
0.0
0.0000000000
0.0000000000
0.0087145969
0.0000000000
0.0000000000
0.0087145969
0.0065359477
0.0000000000
0.0000000000
0.0000000000
0.0065359477
0.0000000000
0.0000000000
0.0000000000
0.0176647235
0.0000000000
0.0160130719
0.0000000000
0.0065359477
0.0000000000
0.0
0.0000000000
0.0000000000
0.0000000000
0.0130718954
0.0000000000
0.0000000000
0.0000000000
0.0000000000
0.0000000000
0.0000000000
0.0000000000
0.0000000000
0.0000000000
0.0000000000
0.0000000000
0.0000000000
0.0000000000
0.0000000000
0.0000000000
