0.0
0.0
0.0
0.0
0.1752403846
0.0
0.1869230769
0.0
0.0
0.1198224852
0.0
0.1709662289
0.0
0.1752403846
0.0
0.1298076923
0.1229757085
0.1507444169
0.1557692308
0.1920442571
0.1445281523
0.0000000000
0.0
0.1445281523
0.0
0.1752403846
0.0000000000
0.1689063948
0.0000000000
0.1322568940
0.0
0.1507444169
0.1445281523
0.1752403846
0.1310208483
0.1491407529
0.1774586173
0.1540574810
0.0256410256
0.0
0.0384615385
0.1540574810
0.1178086619
0.0000000000
0.0
0.0000000000
0.0256410256
0.0000000000
0.0000000000
0.1322568940
0.0000000000
0.1001373626
0.0000000000
0.0000000000
0.0000000000
0.0000000000
0.1046211251
0.1668956044
0.0000000000
0.0000000000
0.0000000000
0.0000000000
0.0000000000
0.0000000000
0.0000000000
0.0000000000
0.0000000000
0.0000000000
