0.0
0.0
0.0
0.0
0.0
0.0
0.0
0.0
0.0
0.2034883721
0.1675786594
0.0
0.0
0.0
0.0
0.0000000000
0.0
0.0
0.1837959490
0.0
0.0
0.0000000000
0.0
0.0
0.2354410917
0.0
0.1874235006
0.0
0.0
0.0
0.2662464682
0.2020451921
0.0
0.0
0.0
0.1992193853
0.2521094875
0.0
0.0
0.0
0.0
0.2297449362
0.0
0.2374031008
0.0
0.0
0.2208400937
0.0
0.0
0.2079443218
0.2354410917
0.0
0.1523442358
0.1665986672
0.0
0.0
0.2739266547
0.0
0.1924890006
0.2006223387
0.2094733242
0.2020451921
0.2566520008
0.0
0.1202041017
0.0
0.1861985104
0.0
0.2110249785
0.1515338941
0.2297449362
0.1403368083
0.2158210007
0.0
0.2335112467
0.0
0.0
0.1849894292
0.2020451921
0.1609512548
0.1837959490
0.0000000000
0.1826177698
0.0000000000
0.1780523256
0.0000000000
0.0000000000
0.0000000000
0.0000000000
