0.0
0.0
0.0
0.0
0.0
0.0
0.0086471483
0.0
0.0
0.0000000000
0.0
0.0
0.0
0.0
0.0
0.0
0.0
0.0
0.0
0.0
0.0
0.0
0.0
0.0076009501
0.0
0.0
0.0
0.0
0.0
0.0
0.0
0.0
0.0
0.0
0.0
0.0
0.0
0.0
0.0
0.0
0.0
0.0
0.0000000000
0.0
0.0
0.0
0.0
0.0
0.0
0.0
0.0
0.0
0.0059382423
0.0
0.0047505938
0.0
0.0
0.0
0.0023752969
0.0
0.0
0.0000000000
0.0
0.0
0.0
0.0056303334
0.0
0.0047505938
0.0000000000
0.0
0.0000000000
0.0023752969
0.0
0.0
0.0
0.0
0.0
0.0
0.0
0.0
0.0
0.0
0.0
0.0023752969
0.0
0.0089422943
0.0
0.0
0.0
0.0
0.0
0.0
0.0023752969
0.0
0.0000000000
0.0
0.0
0.0
0.0093853195
0.0
0.0
0.0
0.0
0.0
0.0
0.0
0.0
0.0
0.0
0.0
0.0
0.0031670625
0.0
0.0
0.0
0.0
0.0
0.0000000000
0.0
0.0
0.0
0.0095011876
0.0
0.0000000000
0.0
0.0000000000
0.0
0.0
0.0000000000
0.0
0.0
0.0
0.0
0.0
0.0063341251
0.0047505938
0.0
0.0
0.0
0.0116937694
0.0031670625
0.0
0.0
0.0
0.0108585002
0.0
0.0069099547
0.0031670625
0.0035629454
0.0000000000
0.0023752969
0.0
0.0042227501
0.0
0.0
0.0
0.0
0.0
0.0000000000
0.0
0.0
0.0
0.0
0.0
0.0
0.0
0.0000000000
0.0047505938
0.0095011876
0.0
0.0105424137
0.0
0.0
0.0
0.0080010001
0.0
0.0
0.0053444181
0.0
0.0000000000
0.0
0.0000000000
0.0
0.0
0.0
0.0
0.0
0.0
0.0000000000
0.0
0.0000000000
0.0
0.0128266033
0.0
0.0000000000
0.0
0.0
0.0
0.0109069756
0.0
0.0031670625
0.0113711022
0.0
0.0
0.0
0.0
0.0000000000
0.0080010001
0.0
0.0
0.0000000000
0.0
0.0
0.0023752969
0.0047505938
0.0
0.0
0.0023752969
0.0074228029
0.0000000000
0.0
0.0
0.0
0.0
0.0
0.0000000000
0.0
0.0
0.0031670625
0.0
0.0
0.0
0.0066095218
0.0
0.0085510689
0.0
0.0023752969
0.0035629454
0.0
0.0
0.0049038388
0.0116605485
0.0
0.0
0.0
0.0076009501
0.0
0.0080166271
0.0
0.0031670625
0.0
0.0031670625
0.0031670625
0.0
0.0
0.0000000000
0.0000000000
0.0
0.0
0.0000000000
0.0
0.0000000000
0.0
0.0
0.0
0.0
0.0023752969
0.0118399415
0.0000000000
0.0035629454
0.0
0.0047505938
0.0047505938
0.0042227501
0.0
0.0
0.0
0.0
0.0023752969
0.0
0.0
0.0
0.0069099547
0.0023752969
0.0066095218
0.0
0.0065777453
0.0
0.0
0.0058468847
0.0
0.0000000000
0.0023752969
0.0100838076
0.0031670625
0.0
0.0
0.0000000000
0.0
0.0
0.0087613411
0.0
0.0
0.0
0.0
0.0000000000
0.0
0.0031670625
0.0031670625
0.0
0.0
0.0
0.0
0.0
0.0097171237
0.0
0.0099947558
0.0092722434
0.0
0.0023752969
0.0000000000
0.0000000000
0.0
0.0095011876
0.0
0.0117945778
0.0000000000
0.0
0.0063341251
0.0
0.0171021378
0.0
0.0054292501
0.0047505938
0.0
0.0000000000
0.0
0.0
0.0068105858
0.0047505938
0.0
0.0000000000
0.0136817102
0.0
0.0
0.0
0.0
0.0
0.0047505938
0.0106888361
0.0
0.0
0.0074228029
0.0
0.0031670625
0.0000000000
0.0
0.0
0.0
0.0
0.0049485352
0.0
0.0023752969
0.0
0.0068105858
0.0
0.0
0.0
0.0000000000
0.0
0.0
0.0000000000
0.0000000000
0.0
0.0
0.0058468847
0.0
0.0077736990
0.0071258907
0.0
0.0000000000
0.0
0.0057007126
0.0023752969
0.0
0.0117945778
0.0023752969
0.0031670625
0.0047505938
0.0075273494
0.0031670625
0.0031670625
0.0000000000
0.0100600810
0.0
0.0
0.0
0.0000000000
0.0023752969
0.0
0.0
0.0060807601
0.0
0.0113711022
0.0000000000
0.0
0.0
0.0
0.0
0.0000000000
0.0
0.0031670625
0.0042755344
0.0023752969
0.0000000000
0.0000000000
0.0031670625
0.0023752969
0.0000000000
0.0
0.0000000000
0.0
0.0063341251
0.0000000000
0.0
0.0
0.0
0.0047505938
0.0
0.0063341251
0.0000000000
0.0
0.0000000000
0.0
0.0000000000
0.0000000000
0.0076009501
0.0000000000
0.0023752969
0.0
0.0023752969
0.0000000000
0.0
0.0053444181
0.0
0.0000000000
0.0099947558
0.0031670625
0.0000000000
0.0
0.0000000000
0.0
0.0
0.0000000000
0.0047505938
0.0
0.0085510689
0.0038004751
0.0
0.0000000000
0.0023752969
0.0000000000
0.0000000000
0.0
0.0
0.0000000000
0.0023752969
0.0000000000
0.0
0.0
0.0
0.0053444181
0.0000000000
0.0084455001
0.0000000000
0.0073211206
0.0000000000
0.0
0.0000000000
0.0117945778
0.0
0.0126163311
0.0
0.0023752969
0.0066095218
0.0
0.0089422943
0.0
0.0023752969
0.0042755344
0.0000000000
0.0
0.0
0.0
0.0000000000
0.0000000000
0.0000000000
0.0117945778
0.0035629454
0.0
0.0000000000
0.0000000000
0.0023752969
0.0000000000
0.0084455001
0.0084832033
0.0
0.0000000000
0.0
0.0
0.0045005626
0.0
0.0023752969
0.0000000000
0.0000000000
0.0000000000
0.0052420346
0.0062875506
0.0031670625
0.0000000000
0.0000000000
0.0
0.0000000000
0.0047505938
0.0
0.0000000000
0.0000000000
0.0023752969
0.0053444181
0.0000000000
0.0000000000
0.0063341251
0.0000000000
0.0000000000
0.0
0.0038004751
0.0023752969
0.0023752969
0.0069963291
0.0
0.0023752969
0.0000000000
0.0023752969
0.0
0.0
0.0000000000
0.0062875506
0.0000000000
0.0000000000
0.0042755344
0.0035629454
0.0063341251
0.0000000000
0.0
0.0023752969
0.0
0.0000000000
0.0000000000
0.0080010001
0.0063341251
0.0000000000
0.0023752969
0.0000000000
0.0087613411
0.0031670625
0.0000000000
0.0000000000
0.0042227501
0.0000000000
0.0
0.0
0.0000000000
0.0000000000
0.0085510689
0.0053444181
0.0031670625
0.0047505938
0.0000000000
0.0
0.0047505938
0.0000000000
0.0
0.0042227501
0.0000000000
0.0000000000
0.0053444181
0.0
0.0000000000
0.0054292501
0.0023752969
0.0047505938
0.0000000000
0.0076009501
0.0061079063
0.0000000000
0.0000000000
0.0062875506
0.0000000000
0.0047505938
0.0
0.0000000000
0.0000000000
0.0084832033
0.0
0.0023752969
0.0000000000
0.0000000000
0.0023752969
0.0000000000
0.0000000000
0.0000000000
0.0
0.0031670625
0.0000000000
0.0098666179
0.0000000000
0.0000000000
0.0081010126
0.0000000000
0.0087613411
0.0000000000
0.0077736990
0.0000000000
0.0000000000
0.0000000000
0.0000000000
0.0047505938
0.0000000000
0.0000000000
0.0000000000
0.0023752969
0.0
0.0000000000
0.0063341251
0.0023752969
0.0044711471
0.0000000000
0.0000000000
0.0000000000
0.0000000000
0.0000000000
0.0076009501
0.0000000000
0.0023752969
0.0000000000
0.0000000000
0.0000000000
0.0060598126
0.0000000000
0.0000000000
0.0000000000
0.0
0.0000000000
0.0031670625
0.0000000000
0.0000000000
0.0000000000
0.0000000000
0.0000000000
0.0000000000
0.0000000000
0.0042416016
0.0000000000
0.0000000000
0.0000000000
0.0049485352
0.0000000000
0.0000000000
0.0000000000
0.0000000000
0.0023752969
0.0
0.0000000000
0.0053984021
0.0023752969
0.0047505938
0.0000000000
0.0000000000
0.0000000000
0.0000000000
0.0031670625
0.0000000000
0.0023752969
0.0085510689
0.0000000000
0.0000000000
0.0000000000
0.0000000000
0.0000000000
0.0000000000
0.0000000000
0.0085510689
0.0000000000
0.0000000000
0.0066095218
0.0000000000
0.0000000000
0.0000000000
0.0000000000
0.0000000000
0.0047505938
0.0000000000
0.0000000000
0.0000000000
0.0000000000
0.0000000000
0.0000000000
0.0000000000
0.0000000000
0.0000000000
0.0000000000
0.0000000000
0.0000000000
0.0000000000
0.0000000000
0.0000000000
0.0000000000
0.0
0.0000000000
0.0000000000
0.0000000000
0.0000000000
0.0000000000
0.0035629454
0.0000000000
0.0023752969
0.0000000000
0.0000000000
0.0000000000
0.0000000000
0.0000000000
0.0000000000
0.0000000000
0.0000000000
0.0000000000
0.0000000000
0.0000000000
0.0000000000
0.0000000000
