0.0
0.0
0.0
0.0
0.0
0.0
0.0
0.0
0.0
0.0
0.0
0.0
0.0
0.0
0.0
0.0
0.0
0.0
0.0
0.0
0.0
0.0
0.0
0.0
0.0
0.0
0.0
0.0
0.0
0.0937339492
0.0
0.1082630640
0.0
0.0
0.0
0.0
0.0
0.0808323663
0.0
0.0
0.1117093262
0.0
0.0
0.0
0.0751732561
0.0
0.0
0.0
0.0
0.0966946318
0.0
0.0
0.1089187071
0.0
0.1074545273
0.0
0.0
0.0
0.0
0.0
0.0
0.0
0.0
0.0
0.0
0.0
0.0
0.0
0.0
0.0
0.1172629275
0.1172629275
0.0851370486
0.0
0.0000000000
0.0
0.1058731509
0.0
0.0837494832
0.0
0.0
0.0982127045
0.0
0.0
0.0806059451
0.0994344244
0.0
0.0980788085
0.0
0.1068956999
0.0
0.0
0.0
0.0
0.0
0.0
0.0000000000
0.0858994699
0.0
0.0
0.0
0.0850867014
0.0856948255
0.0747436946
0.0
0.0
0.0
0.0
0.0
0.1137404048
0.0933084385
0.0
0.0980119973
0.1011825683
0.0
0.1090012213
0.0
0.0
0.0
0.0
0.0
0.0
0.0952858358
0.1025528240
0.0
0.0863635127
0.0
0.0
0.0
0.0
0.0
0.0
0.0
0.0
0.0
0.0922909635
0.0777738444
0.0
0.0
0.1192059752
0.0
0.0
0.0972173055
0.0
0.0938562375
0.0
0.0033585223
0.0
0.1106781631
0.0997792039
0.0089960417
0.0
0.0
0.0
0.0
0.1117961244
0.1036611038
0.0
0.0972173055
0.1188122313
0.0
0.0
0.1065000830
0.0
0.0866756699
0.0739371080
0.0000000000
0.0
0.0
0.0903211626
0.0
0.0
0.0
0.0
0.0900385558
0.0990238211
0.0
0.0
0.0950969016
0.0000000000
0.0783668911
0.0
0.0903211626
0.0000000000
0.0875192288
0.0
0.0
0.1092495156
0.0950969016
0.1149214154
0.0
0.1013964849
0.0959210747
0.0
0.0
0.0849861855
0.0749383396
0.0982127045
0.0
0.0
0.1285805291
0.1143733005
0.0
0.0989557167
0.0946589553
0.0
0.0
0.0
0.0831685619
0.0
0.0668594852
0.0
0.0
0.0
0.0069969214
0.0
0.0
0.0
0.0000000000
0.0
0.0
0.0961775482
0.0645788205
0.0
0.0
0.1141917556
0.0
0.0709825417
0.0
0.0828811130
0.0
0.1021886450
0.0
0.0853896808
0.0839449312
0.0943485981
0.1036611038
0.0000000000
0.0
0.1193048193
0.1018991587
0.0
0.0
0.0057247538
0.1172629275
0.0583461525
0.0
0.0870427175
0.0
0.0889805888
0.0
0.0
0.0
0.0
0.0
0.0812431463
0.0
0.1136505625
0.0908343511
0.1034375357
0.0050377834
0.0050377834
0.0
0.0
0.0648407445
0.1003358522
0.0
0.0000000000
0.0
0.0
0.0080604534
0.0
0.0799342289
0.1031409406
0.1170721010
0.0852884482
0.0988877059
0.0801568870
0.0792736155
0.0669216800
0.0645788205
0.0025188917
0.0988877059
0.1066579778
0.0760875791
0.0
0.0
0.1296230740
0.0000000000
0.0
0.0
0.0
0.0872009770
0.0934296182
0.0
0.0
0.0000000000
0.0751732561
0.0848859068
0.0
0.0
0.1026259715
0.0924095132
0.0785808914
0.0
0.0
0.0
0.0
0.0
0.0
0.0798455117
0.0983469666
0.0
0.0984815962
0.1147381277
0.0050377834
0.1095823397
0.0
0.0000000000
0.0
0.1165977408
0.1007574314
0.0583461525
0.0000000000
0.0980788085
0.0666735923
0.1074545273
0.0856438167
0.1095823397
0.1105081506
0.0964353968
0.0
0.0711932766
0.1035864738
0.0967596584
0.0822650727
0.0849861855
0.0845864857
0.0995031896
0.0982797897
0.0
0.0
0.0
0.0870427175
0.0
0.0
0.0803359085
0.0544181589
0.0
0.0044780297
0.0872009770
0.0
0.0
0.0000000000
0.0
0.0025188917
0.0
0.0
0.0954755223
0.0000000000
0.0998484470
0.0728883547
0.0
0.0745887051
0.0
0.0856438167
0.0
0.0809232914
0.0000000000
0.0
0.0909491859
0.0000000000
0.0838470933
0.0
0.0824536459
0.0802462979
0.0722297249
0.0050377834
0.0000000000
0.0790558308
0.0025188917
0.0645209023
0.0000000000
0.0785808914
0.0000000000
0.0000000000
0.1031409406
0.0946589553
0.0050377834
0.0982127045
0.0818439204
0.0000000000
0.0926475287
0.0
0.0919959157
0.0751732561
0.0705994171
0.0990238211
0.1071344841
0.0000000000
0.0917612322
0.0067170445
0.0
0.0864673150
0.0033585223
0.0
0.0
0.0964353968
0.0724114807
0.0000000000
0.0
0.0850364138
0.0
0.0000000000
0.0000000000
0.0000000000
0.0818905020
0.0724114807
0.0668594852
0.0033585223
0.0804257194
0.0737098423
0.0868325963
0.0891459802
0.0752912674
0.1111054920
0.0829767082
0.0992286980
0.0048440225
0.0942867707
0.0
0.0912375473
0.0815655397
0.0597515000
0.0000000000
0.0
0.0755680736
0.0766550943
0.0747436946
0.0888706684
0.0000000000
0.0000000000
0.0825482571
0.0957296155
0.0000000000
0.0
0.1060291909
0.0025188917
0.0877862185
0.0854403872
0.0000000000
0.0
0.0000000000
0.0
0.0881087643
0.0785808914
0.0997792039
0.0000000000
0.0
0.0000000000
0.0
0.0000000000
0.0858482172
0.0912375473
0.0744343570
0.0000000000
0.0833613048
0.1024797807
0.0718689371
0.0935511132
0.0050377834
0.0822650727
0.0000000000
0.0910067123
0.0726307986
0.0985490494
0.0972830372
0.0959850648
0.0746273922
0.0033585223
0.0
0.0689088181
0.0876258295
0.0982127045
0.0000000000
0.0000000000
0.0033585223
0.0000000000
0.0927669968
0.0000000000
0.0884880763
0.0747436946
0.0984815962
0.0760875791
0.0
0.0069969214
0.0736343972
0.0000000000
0.0726307986
0.0000000000
0.0853896808
0.0025188917
0.0910067123
0.0000000000
0.0025188917
0.0000000000
0.0956024001
0.0000000000
0.0000000000
0.0000000000
0.0000000000
0.0000000000
0.0000000000
0.0000000000
0.0025188917
0.0000000000
0.0912375473
0.0602519314
0.0000000000
0.0000000000
0.0033585223
0.0982127045
0.0636926127
0.0000000000
0.0000000000
0.0796686667
0.0856948255
0.0000000000
0.0000000000
0.0
0.0025188917
0.0661220644
0.0669528209
0.0000000000
0.0000000000
0.0000000000
0.0048440225
0.0000000000
0.0000000000
0.0744343570
0.0000000000
0.0000000000
0.0
0.0000000000
0.0935511132
0.0000000000
0.0725575452
0.0000000000
0.0000000000
0.0834096302
0.0000000000
0.0000000000
0.0000000000
0.0499242235
0.0000000000
0.0000000000
0.0025188917
0.0000000000
0.0000000000
0.0
0.0000000000
0.0
0.0000000000
0.0844375658
0.0543770265
0.0000000000
0.0000000000
0.0721211088
0.0000000000
0.0033585223
0.0033585223
0.0740893986
0.0025188917
0.0000000000
0.0850364138
0.0025188917
0.0000000000
0.0000000000
0.0000000000
0.0000000000
0.0000000000
0.0000000000
0.0000000000
0.0000000000
0.0000000000
0.0
0.0000000000
0.0000000000
0.0834096302
0.0812431463
0.0000000000
0.0000000000
0.0908343511
0.0000000000
0.0000000000
0.0000000000
0.0000000000
0.0025188917
0.0000000000
0.0000000000
0.0000000000
0.0874128871
0.0000000000
0.0000000000
0.0000000000
0.0000000000
0.0000000000
0.0000000000
0.0000000000
0.0000000000
0.0850867014
0.0000000000
0.0000000000
0.0000000000
0.0000000000
0.0000000000
0.0000000000
0.0000000000
0.0000000000
0.0000000000
0.0000000000
0.0000000000
0.0000000000
