0.0
0.0
0.0
0.0
0.0
0.0
0.0
0.0
0.0
0.0
0.0
0.0
0.0
0.0
0.0
0.0
0.0
0.0
0.0
0.0
0.0
0.0
0.0
0.0
0.0
0.0
0.0
0.0
0.0
0.0
0.0
0.0000000000
0.0
0.0
0.0
0.0
0.0
0.0
0.0
0.0
0.0
0.0
0.0
0.0
0.0
0.0
0.0
0.0
0.0
0.0
0.0
0.0
0.0208333333
0.0
0.0
0.0
0.0
0.0
0.0
0.0
0.0
0.0609950682
0.0
0.0
0.0
0.0
0.0
0.0
0.0
0.0
0.0427859178
0.0
0.0
0.0
0.0
0.0
0.0
0.0
0.0
0.0
0.0
0.0
0.0
0.0
0.0
0.0453613808
0.0
0.0
0.0
0.0
0.0
0.0
0.0
0.0
0.0
0.0
0.0138888889
0.0
0.0
0.0
0.0
0.0
0.0631381381
0.0
0.0
0.0
0.0
0.0
0.0
0.0
0.0
0.0138888889
0.0
0.0
0.0
0.0
0.0
0.0
0.0
0.0
0.0000000000
0.0
0.0568396864
0.0
0.0535805301
0.0
0.0000000000
0.0
0.0000000000
0.0
0.0
0.0
0.0
0.0
0.0
0.0
0.0000000000
0.0
0.0000000000
0.0
0.0
0.0000000000
0.0
0.0503472222
0.0
0.0
0.0092592593
0.0
0.0
0.0
0.0000000000
0.0687091503
0.0
0.0
0.0
0.0
0.0
0.0
0.0710064168
0.0123456790
0.0
0.0573983074
0.0
0.0
0.0
0.0
0.0
0.0
0.0092592593
0.0
0.0
0.0
0.0
0.0
0.0
0.0
0.0
0.0
0.0
0.0
0.0
0.0000000000
0.0
0.0
0.0
0.0
0.0
0.0455382283
0.0069444444
0.0594430308
0.0
0.0
0.0000000000
0.0
0.0
0.0
0.0
0.0000000000
0.0529730411
0.0
0.0125000000
0.0512305068
0.0
0.0
0.0
0.0
0.0
0.0
0.0
0.0603646282
0.0
0.0
0.0
0.0411287167
0.0524968789
0.0000000000
0.0634812802
0.0
0.0647122191
0.0000000000
0.0648919753
0.0222222222
0.0381094798
0.0697346600
0.0420163869
0.0156250000
0.0558878256
0.0475786377
0.0
0.0
0.0753584229
0.0000000000
0.0000000000
0.0
0.0
0.0069444444
0.0478711293
0.0
0.0506748614
0.0428644241
0.0
0.0069444444
0.0
0.0000000000
0.0
0.0462596260
0.0521453373
0.0329029734
0.0636542537
0.0343545752
0.0000000000
0.0547098621
0.0
0.0695271164
0.0545820353
0.0374977706
0.0000000000
0.0
0.0000000000
0.0000000000
0.0562918340
0.0464435609
0.0
0.0156250000
0.0
0.0
0.0
0.0
0.0000000000
0.0
0.0
0.0465360779
0.0
0.0
0.0125000000
0.0000000000
0.0000000000
0.0185185185
0.0
0.0
0.0092592593
0.0000000000
0.0477732334
0.0
0.0092592593
0.0000000000
0.0418657905
0.0542021139
0.0
0.0000000000
0.0390654032
0.0
0.0
0.0512305068
0.0357750553
0.0429432190
0.0472896986
0.0000000000
0.0000000000
0.0000000000
0.0092592593
0.0000000000
0.0381094798
0.0000000000
0.0000000000
0.0069444444
0.0716598500
0.0530934343
0.0379855465
0.0000000000
0.0
0.0000000000
0.0125000000
0.0
0.0
0.0608362269
0.0000000000
0.0000000000
0.0481672394
0.0138888889
0.0
0.0000000000
0.0
0.0069444444
0.0000000000
0.0000000000
0.0000000000
0.0104166667
0.0000000000
0.0000000000
0.0000000000
0.0549673203
0.0573983074
0.0000000000
0.0000000000
0.0138888889
0.0069444444
0.0000000000
0.0138888889
0.0092592593
0.0000000000
0.0494938795
0.0595946712
0.0000000000
0.0000000000
0.0000000000
0.0000000000
0.0000000000
0.0104166667
0.0000000000
0.0000000000
0.0069444444
0.0000000000
0.0069444444
0.0000000000
