0.0
0.0
0.0
0.0
0.0
0.0
0.0
0.0
0.0
0.0
0.0
0.0
0.0
0.0
0.0
0.1227963767
0.0
0.0
0.0
0.0
0.0
0.0
0.0
0.0
0.0
0.0
0.0
0.0
0.0
0.1247829712
0.0
0.1178704475
0.0
0.0
0.0
0.0
0.0
0.1077819725
0.0
0.0
0.1400798622
0.0
0.0
0.0
0.1069413852
0.0
0.0
0.0
0.0
0.1307313120
0.0
0.0
0.1234103586
0.0
0.1467424002
0.0
0.0
0.0
0.0
0.0
0.0
0.0
0.0
0.0
0.0
0.0
0.0
0.0
0.0
0.0
0.1171988211
0.1293609629
0.1486871790
0.0
0.0934219217
0.0
0.1303171685
0.0
0.1251626355
0.0
0.1463942569
0.1118860912
0.0
0.1285524568
0.1095034237
0.0850519356
0.0
0.1139523163
0.1057500930
0.0955928416
0.0
0.0
0.0
0.0
0.0
0.0
0.0926504193
0.0977895076
0.0
0.0
0.0
0.1199323212
0.0000000000
0.0000000000
0.0
0.0
0.0
0.0
0.0
0.1533047932
0.1143747531
0.1184360447
0.1108808253
0.1009904735
0.0849348648
0.1249092698
0.0919600287
0.0
0.0
0.0
0.0
0.0
0.1245311388
0.1388193010
0.0
0.1004970347
0.0
0.0
0.0
0.0
0.0
0.1174218445
0.0822187599
0.0
0.0
0.1059316383
0.1244056034
0.0
0.0
0.0964143426
0.0
0.0
0.1062966051
0.0
0.1129097517
0.0
0.0966408446
0.0
0.1221884738
0.1290903332
0.0000000000
0.0
0.0849933599
0.0990452316
0.0
0.1117847451
0.1296327296
0.0
0.1043198297
0.1080651126
0.0
0.0
0.1135329886
0.1087315934
0.1117847451
0.0986493674
0.0000000000
0.0
0.0
0.1254170311
0.0
0.1334166039
0.0
0.0
0.0124501992
0.0833853774
0.0
0.0
0.1160962922
0.0071143995
0.0124501992
0.0
0.1074067525
0.0000000000
0.0099601594
0.0
0.0
0.0917549134
0.1208720456
0.1234103586
0.0
0.1391323095
0.1160962922
0.0
0.0794146452
0.1140576327
0.1126006921
0.1095034237
0.0
0.0926504193
0.1296327296
0.1179831344
0.0
0.1137422660
0.1310088732
0.0
0.0
0.1282851960
0.0000000000
0.0
0.0668166533
0.0
0.0
0.0
0.1080651126
0.0
0.1183224914
0.0
0.0937056633
0.0
0.0
0.1143747531
0.0959645090
0.1212282501
0.1108808253
0.1354669139
0.0
0.0000000000
0.0
0.0879617666
0.1179831344
0.1326993103
0.0000000000
0.0759916001
0.0959645090
0.0945673246
0.0987282869
0.0000000000
0.0
0.0963390777
0.0973267812
0.0
0.0
0.1062966051
0.1220676148
0.1075003123
0.0
0.1031859185
0.0
0.0985705739
0.1194679173
0.0
0.1087315934
0.0899492409
0.0
0.1004970347
0.0
0.1205179283
0.0083001328
0.0965652258
0.0000000000
0.0894926458
0.0
0.1246569278
0.1061138079
0.1050300924
0.0
0.0000000000
0.0
0.1160962922
0.1023303139
0.0
0.0869699497
0.1292255064
0.1095034237
0.0000000000
0.1334166039
0.0913474157
0.0952240421
0.0000000000
0.0986493674
0.1059316383
0.1255446171
0.1192370614
0.0668166533
0.0
0.0
0.1106819359
0.0000000000
0.0
0.0
0.0
0.1043198297
0.0938481814
0.0
0.0
0.1021608929
0.0083001328
0.1050300924
0.0000000000
0.1114818054
0.1162056107
0.0940627733
0.0000000000
0.0
0.1177579757
0.0
0.0847598617
0.0
0.1113811900
0.1055691690
0.1004970347
0.0000000000
0.1155527702
0.1042317218
0.1045850496
0.1075940354
0.0
0.0000000000
0.0
0.1096980965
0.1008254563
0.0844697868
0.1041437625
0.1030997148
0.0758048886
0.0841816907
0.1156610671
0.1100895259
0.0887206029
0.1013221335
0.0788061038
0.0000000000
0.0979447290
0.1311480962
0.0000000000
0.1113811900
0.0000000000
0.0000000000
0.0000000000
0.0
0.0824935552
0.0685994211
0.0738100231
0.0000000000
0.1259289373
0.0908765527
0.0000000000
0.0
0.0000000000
0.1102862900
0.0961888999
0.0932806943
0.0000000000
0.0
0.0000000000
0.0
0.0
0.0000000000
0.0000000000
0.0000000000
0.0000000000
0.0818914125
0.1044080868
0.0000000000
0.0000000000
0.0000000000
0.0828257440
0.0000000000
0.0000000000
0.0000000000
0.0827147175
0.1159871791
0.0000000000
0.0000000000
0.0000000000
0.0865430284
0.0000000000
0.0000000000
0.0000000000
0.0000000000
0.0000000000
0.0000000000
0.0000000000
0.0000000000
0.0000000000
0.0000000000
0.1099914069
0.0000000000
0.0000000000
0.1091161437
0.0000000000
0.1214668884
0.0947852216
0.0000000000
0.1021608929
0.0774218059
0.0000000000
0.0000000000
0.0000000000
0.0000000000
0.0000000000
0.0000000000
0.0000000000
0.0000000000
0.0829928437
0.1095034237
0.0000000000
0.0000000000
0.0000000000
0.0000000000
0.0000000000
0.0
0.0000000000
