0.0
0.0
0.0
0.0
0.0
0.0
0.0
0.0
0.0
0.0
0.0
0.0
0.0
0.0
0.0
0.0
0.0
0.0
0.0
0.0
0.0
0.0
0.0
0.0
0.0
0.0
0.0
0.0
0.0
0.0891075808
0.0
0.1194187660
0.0
0.0
0.0
0.0
0.0
0.0850749749
0.0
0.0
0.1138210114
0.0
0.0
0.0
0.0747132793
0.0
0.0
0.0
0.0
0.0927967481
0.0
0.0
0.1010864837
0.0
0.1025089847
0.0
0.0
0.0
0.0
0.0
0.0
0.0
0.0
0.0
0.0
0.0
0.0
0.0
0.0
0.0
0.1093365062
0.1060534264
0.0875677804
0.0
0.0924287991
0.0
0.1043444187
0.0
0.0900716504
0.0
0.0
0.0816195488
0.0
0.0
0.1173743360
0.1001311990
0.0
0.1087245482
0.0
0.1053822022
0.0
0.0
0.0
0.0
0.0
0.0
0.0000000000
0.0863353449
0.0
0.0
0.0
0.1005631714
0.0000000000
0.0031948882
0.0
0.0
0.0
0.0
0.0
0.1035104047
0.0986063584
0.0
0.0916294934
0.1069290969
0.0912707249
0.1075209554
0.0042598509
0.0
0.0
0.0
0.0
0.0
0.1120699189
0.0939941255
0.0
0.0702124793
0.0
0.0
0.0
0.0
0.0
0.0
0.1034185587
0.0
0.0
0.0867853430
0.0816195488
0.0
0.0
0.1070272871
0.0
0.0
0.0785395658
0.0
0.0915575143
0.0
0.0063897764
0.0
0.1077197002
0.1042510873
0.0635857696
0.0
0.0042598509
0.0798853431
0.0
0.0946813287
0.1050024465
0.0
0.1096450759
0.1127202279
0.0
0.0
0.1004764790
0.1042510873
0.1098517584
0.0846424950
0.0811083616
0.0
0.0
0.0830147547
0.0
0.0863353449
0.0
0.0
0.0793415355
0.1045315835
0.0
0.0
0.0896559351
0.0780138659
0.0702548015
0.0
0.1026896173
0.0000000000
0.0893809169
0.0
0.0
0.0924287991
0.0973706898
0.1101632473
0.0
0.1091317562
0.1057647148
0.0
0.0
0.0907025025
0.0831331781
0.0904210362
0.0
0.0
0.1178490553
0.1023289865
0.0
0.0790723987
0.0000000000
0.0
0.0
0.0
0.0000000000
0.0
0.0887682526
0.0
0.0
0.0
0.0708527147
0.0
0.0
0.0
0.0000000000
0.0
0.0
0.0840928684
0.0063897764
0.0000000000
0.0042598509
0.0988572652
0.0
0.0031948882
0.0
0.0927967481
0.0
0.0937672692
0.0
0.0862076299
0.0808271260
0.0911280029
0.0720350529
0.0000000000
0.0
0.0837905936
0.0976971632
0.0
0.0
0.0000000000
0.1176112166
0.0981083465
0.0
0.0840928684
0.0
0.0981909989
0.0760291687
0.0
0.0
0.0869147768
0.0
0.0851371188
0.0
0.1080191989
0.0000000000
0.1042510873
0.0031948882
0.0820216155
0.0
0.0839112424
0.0914856481
0.0540597011
0.0
0.0000000000
0.0
0.0
0.0946813287
0.0
0.0707666762
0.1091317562
0.1102674699
0.0988572652
0.1053822022
0.0785395658
0.0630696513
0.0000000000
0.0848273040
0.0738142594
0.1100592216
0.1117475701
0.0887682526
0.0
0.0
0.1122858532
0.0000000000
0.0
0.0
0.0
0.0929447493
0.0919185455
0.0
0.0
0.0676452209
0.0774951567
0.0031948882
0.0000000000
0.0
0.1040649247
0.0697085620
0.0899326510
0.0
0.0000000000
0.0
0.0
0.0
0.0
0.0459955468
0.0927967481
0.0
0.0894495132
0.0890395078
0.0000000000
0.0791798340
0.0
0.0000000000
0.0
0.1164362794
0.0777536462
0.0042598509
0.0000000000
0.1012621335
0.0794497039
0.0960071793
0.1016152708
0.1228163495
0.1052870060
0.1119622629
0.0000000000
0.0000000000
0.0771361454
0.1006500135
0.0757819998
0.0934664921
0.0891075808
0.0878317375
0.1020601713
0.0
0.0932421725
0.0755854187
0.1037869240
0.0986898524
0.0
0.0815053956
0.0000000000
0.0
0.0031948882
0.0806035378
0.0
0.0
0.0000000000
0.0
0.0756835816
0.0
0.0
0.0976153397
0.0000000000
0.0952228069
0.0000000000
0.0
0.1019708798
0.0
0.0000000000
0.0
0.0799401342
0.0000000000
0.0700436993
0.0042598509
0.0000000000
0.0933168260
0.0
0.0000000000
0.0724830321
0.0746176157
0.0042598509
0.0000000000
0.0063897764
0.0000000000
0.0665255226
0.0696252782
0.0000000000
0.0000000000
0.0000000000
0.0591638151
0.0000000000
0.0000000000
0.0904210362
0.0891075808
0.0000000000
0.0878317375
0.0
0.0497238548
0.0724830321
0.0634473139
0.1050971286
0.0000000000
0.0000000000
0.0796669280
0.0031948882
0.0
0.0780661190
0.0031948882
0.0
0.0
0.0000000000
0.0000000000
0.0000000000
0.0
0.0809393859
0.0
0.0000000000
0.0000000000
0.0000000000
0.0571897525
0.0674494882
0.0000000000
0.0000000000
0.0031948882
0.0714171052
0.0000000000
0.0914856481
0.0000000000
0.0000000000
0.0809956328
0.0948354074
0.0000000000
0.0960071793
0.0031948882
0.0755854187
0.0800499421
0.0000000000
0.0000000000
0.0625954434
0.0000000000
0.0000000000
0.0981083465
0.0651860826
0.0000000000
0.0000000000
0.0000000000
0.0000000000
0.0000000000
0.0
0.0988572652
0.0000000000
0.0815053956
0.0000000000
0.0676452209
0.0862076299
0.0000000000
0.0000000000
0.0539595906
0.0879643137
0.0960863278
0.0000000000
0.0
0.0000000000
0.0000000000
0.0000000000
0.0730280173
0.0000000000
0.0000000000
0.0000000000
0.0000000000
0.0803257861
0.0708096693
0.0000000000
0.0000000000
0.0000000000
0.0000000000
0.0000000000
0.0000000000
0.0000000000
0.0889715387
0.0815053956
0.0000000000
0.0000000000
0.0000000000
0.0720350529
0.0923555592
0.0000000000
0.0000000000
0.0000000000
0.0000000000
0.0000000000
0.0000000000
0.0000000000
0.0000000000
0.0000000000
0.0031948882
0.0000000000
0.0000000000
0.0576137991
0.0809956328
0.0000000000
0.0000000000
0.0000000000
0.0000000000
0.0000000000
0.0000000000
0.0000000000
0.0000000000
0.0000000000
0.0000000000
0.0000000000
