0.0
0.0
0.0
0.0
0.0
0.0
0.0
0.0
0.0
0.0
0.0
0.0
0.0
0.0
0.0
0.0
0.0
0.0
0.0
0.0
0.0
0.0
0.0
0.0
0.0
0.0
0.0
0.0
0.0
0.0870518585
0.0
0.0
0.0
0.0
0.0
0.0
0.0
0.0769519191
0.0
0.0
0.1010028815
0.0
0.0
0.0
0.0
0.0
0.0
0.0
0.0
0.0926083601
0.0
0.0
0.1007107546
0.0
0.0869431795
0.0
0.0
0.0
0.0
0.0
0.0
0.0
0.0
0.0
0.0
0.0
0.0
0.0
0.0
0.0
0.1061608031
0.1039425176
0.0
0.0
0.0000000000
0.0
0.1018895198
0.0
0.0887152698
0.0
0.0
0.0
0.0
0.0
0.0866726656
0.0912134732
0.0
0.0924240037
0.0
0.1038650064
0.0
0.0
0.0
0.0
0.0
0.0
0.0000000000
0.0622911331
0.0
0.0
0.0
0.0788691810
0.0788245465
0.0
0.0
0.0
0.0
0.0
0.0
0.0761109145
0.0887152698
0.0
0.0882096096
0.0808844214
0.0
0.1029438090
0.0
0.0
0.0
0.0
0.0
0.0
0.0672215124
0.0
0.0
0.0730760617
0.0
0.0
0.0
0.0
0.0
0.0
0.0
0.0
0.0
0.0858182216
0.0725054522
0.0
0.0
0.1088999012
0.0
0.0
0.0895710441
0.0
0.0855021324
0.0
0.0
0.0
0.1002035781
0.0823185423
0.0715004998
0.0
0.0
0.0
0.0
0.1000596075
0.0975370964
0.0
0.0840573166
0.1037876107
0.0
0.0
0.1023387021
0.0
0.0825136100
0.0888851140
0.0000000000
0.0
0.0
0.0838548908
0.0
0.0
0.0
0.0
0.0872700336
0.0727326233
0.0
0.0
0.0906790193
0.0000000000
0.0759449147
0.0
0.0758621861
0.0000000000
0.0771650823
0.0
0.0
0.1049607940
0.0831540141
0.0996301671
0.0
0.0896863964
0.0915732897
0.0
0.0
0.0874893050
0.0661362648
0.0881537808
0.0
0.0
0.1148252050
0.1023387021
0.0
0.0834029782
0.0825625214
0.0
0.0
0.0
0.0768669832
0.0
0.0000000000
0.0
0.0
0.0
0.0636576662
0.0
0.0
0.0
0.0000000000
0.0
0.0
0.0728467435
0.0059952038
0.0
0.0
0.1018150392
0.0
0.0710990167
0.0
0.0791830436
0.0
0.0948794098
0.0
0.0
0.0816908936
0.0830548441
0.0880980225
0.0023980815
0.0
0.1101051175
0.0915131233
0.0
0.0
0.0636576662
0.0913330975
0.0049960032
0.0
0.0728086637
0.0
0.0795448165
0.0
0.0
0.0
0.0
0.0
0.0745227253
0.0
0.1083914192
0.0937301303
0.0773794298
0.0596245606
0.0494612832
0.0
0.0
0.0619586182
0.0955301602
0.0
0.0000000000
0.0
0.0
0.0540694773
0.0
0.0697810489
0.0919359562
0.1051192254
0.0746825596
0.0847220034
0.0741655877
0.0649035292
0.0023980815
0.0074940048
0.0811672340
0.0911537785
0.0898599830
0.0685785198
0.0
0.0
0.1150148420
0.0000000000
0.0
0.0
0.0
0.1008566065
0.0874343839
0.0
0.0
0.0000000000
0.0591184099
0.0775949714
0.0
0.0
0.0882655093
0.0657615551
0.0732682660
0.0
0.0
0.0
0.0
0.0
0.0
0.0762358914
0.0898599830
0.0
0.0904434894
0.0988523589
0.0671566893
0.1029438090
0.0
0.0000000000
0.0
0.0
0.0844651144
0.0
0.0000000000
0.0889987052
0.0
0.0971967715
0.0720926364
0.0602956596
0.1010028815
0.0886024005
0.0
0.0912134732
0.0965901343
0.0843117274
0.0832534212
0.0787799625
0.0778117171
0.0768669832
0.0889987052
0.0
0.0
0.0
0.0777682711
0.0
0.0
0.0928553157
0.0613311200
0.0
0.0660735169
0.0842097785
0.0
0.0
0.0023980815
0.0
0.0712080642
0.0
0.0
0.0874343839
0.0
0.0696414868
0.0696763250
0.0
0.0694331872
0.0
0.0656995159
0.0
0.0000000000
0.0023980815
0.0
0.1019641095
0.0000000000
0.0735002499
0.0
0.0786909455
0.0848768883
0.0099920064
0.0023980815
0.0000000000
0.0988523589
0.0751662027
0.0059952038
0.0031974420
0.0670919911
0.0000000000
0.0000000000
0.1019641095
0.0814996920
0.0023980815
0.0882655093
0.0714638141
0.0000000000
0.0940465723
0.0
0.0877649487
0.0591184099
0.0623468996
0.0944291347
0.1008566065
0.0000000000
0.0806035727
0.0595226383
0.0
0.0884898181
0.0663884526
0.0
0.0
0.0844651144
0.0694331872
0.0000000000
0.0
0.0729994621
0.0
0.0669629681
0.0000000000
0.0696414868
0.0810255809
0.0791380532
0.0000000000
0.0023980815
0.0810255809
0.0778552116
0.0816430092
0.0819311610
0.0562986959
0.0941101173
0.0647225714
0.0914530359
0.0
0.0862433273
0.0
0.0756150780
0.0059952038
0.0685110544
0.0000000000
0.0
0.0649035292
0.0023980815
0.0661676834
0.0888851140
0.0648430976
0.0000000000
0.0760693466
0.0672864607
0.0000000000
0.0
0.0977424376
0.0023980815
0.0023980815
0.0746425368
0.0000000000
0.0
0.0000000000
0.0
0.0919966801
0.0670919911
0.0740866881
0.0000000000
0.0
0.0000000000
0.0
0.0000000000
0.0658237115
0.0756972683
0.0684437217
0.0000000000
0.0874343839
0.1010761782
0.0
0.0854496771
0.0494612832
0.0788691810
0.0000000000
0.0859241046
0.0693640307
0.0855546521
0.0766132968
0.0678766928
0.0000000000
0.0601914320
0.0
0.0644530188
0.0822213540
0.0881537808
0.0000000000
0.0000000000
0.0540694773
0.0732682660
0.0546207740
0.0843117274
0.0835029818
0.0669307898
0.0893412275
0.0000000000
0.0
0.0637159074
0.0652379268
0.0000000000
0.0672539708
0.0000000000
0.0788245465
0.0665470490
0.0859241046
0.0765711785
0.0031974420
0.0000000000
0.0748430809
0.0000000000
0.0000000000
0.0000000000
0.0023980815
0.0000000000
0.0000000000
0.0000000000
0.0047961631
0.0000000000
0.0000000000
0.0023980815
0.0023980815
0.0000000000
0.0023980815
0.0
0.0788245465
0.0000000000
0.0000000000
0.0000000000
0.0000000000
0.0000000000
0.0000000000
0.0
0.0031974420
0.0774224423
0.0513201819
0.0897441840
0.0000000000
0.0000000000
0.0574126025
0.0671566893
0.0
0.0684437217
0.0000000000
0.0
0.0
0.0797269454
0.0855546521
0.0000000000
0.0692950118
0.0000000000
0.0000000000
0.0769944575
0.0023980815
0.0000000000
0.0000000000
0.0554691253
0.0000000000
0.0000000000
0.0047961631
0.0539856487
0.0000000000
0.0
0.0000000000
0.0
0.0000000000
0.0031974420
0.0612771551
0.0000000000
0.0000000000
0.0
0.0000000000
0.0758621861
0.0000000000
0.0047961631
0.0023980815
0.0000000000
0.0729230228
0.0023980815
0.0000000000
0.0000000000
0.0000000000
0.0000000000
0.0000000000
0.0000000000
0.0000000000
0.0000000000
0.0000000000
0.0
0.0000000000
0.0000000000
0.0736167937
0.0745227253
0.0745626197
0.0000000000
0.0882096096
0.0000000000
0.0000000000
0.0000000000
0.0000000000
0.0023980815
0.0000000000
0.0000000000
0.0000000000
0.0815474084
0.0562986959
0.0031974420
0.0000000000
0.0000000000
0.0000000000
0.0000000000
0.0000000000
0.0798640904
0.0646324704
0.0000000000
0.0000000000
0.0000000000
0.0000000000
0.0000000000
0.0031974420
0.0000000000
0.0000000000
0.0000000000
0.0766132968
0.0000000000
0.0000000000
0.0710990167
0.0
0.0000000000
0.0000000000
0.0000000000
0.0023980815
0.0000000000
0.0000000000
0.0000000000
0.0000000000
0.0000000000
0.0000000000
0.0000000000
0.0000000000
0.0000000000
0.0000000000
0.0000000000
0.0000000000
0.0023980815
0.0000000000
0.0000000000
0.0000000000
0.0000000000
0.0000000000
0.0000000000
0.0000000000
0.0000000000
0.0000000000
0.0000000000
0.0000000000
0.0000000000
0.0000000000
0.0000000000
0.0000000000
0.0000000000
0.0000000000
0.0000000000
0.0000000000
0.0000000000
