0.0
0.0
0.0
0.0
0.0
0.0
0.0
0.0
0.0
0.0
0.0
0.0
0.0
0.0
0.0
0.0
0.0
0.0
0.0
0.0
0.0
0.0
0.0
0.0
0.0
0.0
0.0
0.0
0.0
0.0908761214
0.0
0.1148298817
0.0
0.0
0.0
0.0
0.0
0.0891506254
0.0
0.0
0.1125863138
0.0
0.0
0.0
0.0837332823
0.0
0.0
0.0
0.0
0.0943245456
0.0
0.0
0.1113991119
0.0
0.1202772195
0.0
0.0
0.0
0.0
0.0
0.0
0.0
0.0
0.0
0.0
0.0
0.0
0.0
0.0
0.0
0.1279235009
0.1079831255
0.1071616140
0.0
0.0954609860
0.0
0.1077994807
0.0
0.0912030139
0.0
0.0
0.1003738633
0.0
0.0
0.1175994335
0.1270262418
0.0
0.1092863701
0.0
0.1017433301
0.0
0.0
0.0
0.0
0.0
0.0
0.0000000000
0.0029585799
0.0
0.0
0.0
0.0932148451
0.0791831289
0.0798313535
0.0
0.0
0.0
0.0
0.0
0.1253928678
0.1008529748
0.0
0.0958217607
0.1045975160
0.1123866927
0.1109118017
0.0
0.0
0.0
0.0
0.0
0.0
0.1068905475
0.1131894548
0.0
0.0907460196
0.0
0.0
0.0
0.0
0.0
0.0
0.0
0.0
0.0
0.0943245456
0.1095697401
0.0
0.0
0.1313701444
0.0
0.0
0.0794311963
0.0
0.1057316008
0.0
0.0029585799
0.0
0.1130884829
0.1062633607
0.0634813166
0.0
0.0
0.0
0.0
0.1177086252
0.1063525078
0.0
0.1097594713
0.1106214567
0.0
0.0
0.1165185564
0.0
0.1096645237
0.0954609860
0.0809528668
0.0
0.0
0.1075251818
0.0
0.0905515638
0.0
0.0
0.1015802799
0.0617798194
0.0
0.0
0.0911374474
0.0864159437
0.0871885759
0.0
0.1087240046
0.0000000000
0.1005330605
0.0
0.0
0.1075251818
0.1006128487
0.1247757769
0.0
0.1112036749
0.1146222327
0.0
0.0
0.0910719751
0.0884045951
0.0918639053
0.0
0.0
0.1321920640
0.1100453033
0.0
0.1059082618
0.0791831289
0.0
0.0
0.0
0.0000000000
0.0
0.0862982909
0.0
0.0
0.0
0.0707039539
0.0
0.0
0.0
0.0000000000
0.0
0.0
0.0866522142
0.0919972347
0.0000000000
0.0
0.1088173299
0.0
0.0029585799
0.0
0.0985786853
0.0
0.1024007992
0.0
0.1056434911
0.0772059618
0.0686739921
0.1003738633
0.0000000000
0.0
0.1238009662
0.1048570632
0.0
0.0
0.0000000000
0.1272813146
0.0829660925
0.0
0.0867708346
0.0
0.1127866453
0.1112036749
0.0
0.0
0.0987322347
0.0
0.1084449866
0.0
0.1253928678
0.0000000000
0.0997420845
0.0943245456
0.0061637081
0.0
0.1077078924
0.0039447732
0.0841222225
0.0
0.0000000000
0.0
0.0
0.0092455621
0.0
0.0661995767
0.1068905475
0.1208505142
0.0915984027
0.1068905475
0.0039447732
0.0791831289
0.0737905642
0.0732787222
0.0916646344
0.1096645237
0.1142091796
0.0829660925
0.0
0.0
0.1358758728
0.0000000000
0.0
0.0
0.0
0.0914002807
0.0943947799
0.0
0.0
0.0941843903
0.1000569766
0.1056434911
0.0
0.0
0.0919972347
0.0059171598
0.0915322667
0.0
0.0
0.0
0.0
0.0
0.0
0.0661995767
0.1060855141
0.0
0.1019888893
0.1116935589
0.0950316262
0.1107180693
0.0
0.0000000000
0.0
0.1151427696
0.0945355625
0.0800329478
0.0000000000
0.1173816568
0.0967726636
0.1068905475
0.1018250517
0.1160917485
0.1159855346
0.1065312516
0.0
0.0000000000
0.1128870787
0.1124864147
0.0879141396
0.0932148451
0.0906162897
0.1059082618
0.1048570632
0.0
0.1121877782
0.0902935822
0.0958942431
0.1056434911
0.0
0.0900370663
0.0000000000
0.0
0.0073964497
0.0817885093
0.0
0.0
0.0000000000
0.0
0.0789366061
0.0
0.0
0.1048570632
0.0000000000
0.0937664122
0.0000000000
0.0
0.0809528668
0.0
0.0000000000
0.0
0.0818413101
0.0000000000
0.0
0.0029585799
0.0000000000
0.0932834359
0.0
0.0039447732
0.0981208896
0.0655492189
0.0029585799
0.0000000000
0.0029585799
0.0677563813
0.0592393408
0.0000000000
0.0904869303
0.0000000000
0.0000000000
0.0812642239
0.0830204252
0.0000000000
0.0918639053
0.0731518692
0.0029585799
0.1006128487
0.0
0.0741791629
0.0968465923
0.0000000000
0.1114970883
0.0951743163
0.0000000000
0.0902293163
0.0092455621
0.0
0.0874894336
0.0817885093
0.0
0.0
0.0000000000
0.0000000000
0.0000000000
0.0
0.1033188177
0.0
0.0000000000
0.0000000000
0.0000000000
0.0701561646
0.0770183410
0.0000000000
0.0000000000
0.0029585799
0.0685996696
0.0000000000
0.1147259632
0.0000000000
0.0029585799
0.0000000000
0.1026495460
0.0000000000
0.0951743163
0.0706645426
0.1148298817
0.0819471166
0.0000000000
0.0000000000
0.0039447732
0.0790843352
0.0000000000
0.0797309367
0.0861224112
0.0684515061
0.0000000000
0.0000000000
0.1041677809
0.0000000000
0.0
0.1088173299
0.0787404903
0.0956049693
0.0000000000
0.0941843903
0.1182576393
0.0000000000
0.0000000000
0.0717849317
0.0923995549
0.1179276180
0.0000000000
0.0
0.0000000000
0.0000000000
0.0000000000
0.0915984027
0.0000000000
0.0901651418
0.0000000000
0.0000000000
0.0915322667
0.0723172786
0.0000000000
0.0061637081
0.0796808230
0.0000000000
0.0000000000
0.0059171598
0.0029585799
0.0800329478
0.1030668206
0.0912686748
0.0000000000
0.0000000000
0.0930096767
0.0928054095
0.0000000000
0.0000000000
0.0000000000
0.0000000000
0.0000000000
0.0000000000
0.0000000000
0.0906811083
0.0797309367
0.0901651418
0.0829660925
0.0000000000
0.0575452516
0.0810045938
0.0000000000
0.0000000000
0.0000000000
0.0000000000
0.0761394531
0.0000000000
0.0000000000
0.0000000000
0.0000000000
0.0000000000
0.0000000000
0.0000000000
0.0000000000
0.0000000000
0.0000000000
0.0000000000
0.0000000000
0.0000000000
0.0000000000
0.0000000000
0.0658899113
0.0000000000
0.0052831784
0.0000000000
0.0000000000
0.0000000000
0.0000000000
0.0000000000
0.0000000000
0.0850820063
0.0000000000
0.0000000000
0.0000000000
0.0000000000
0.0826415837
0.0000000000
0.0000000000
0.0000000000
0.0000000000
0.0000000000
0.0000000000
0.0000000000
0.0000000000
0.0000000000
0.0000000000
0.0000000000
