0.0
0.0
0.0
0.0
0.1256227904
0.0
0.1451506921
0.0
0.0
0.1137150432
0.0
0.1202044219
0.0
0.1336886080
0.0
0.1275690590
0.0
0.1309819695
0.0
0.0
0.1482390047
0.0996962376
0.0
0.0
0.0
0.1244148790
0.1229789978
0.1251887103
0.1330992386
0.1292068929
0.0
0.0
0.1417433989
0.1251887103
0.1374416265
0.1289310063
0.1362015517
0.1221497396
0.1338862260
0.0
0.0
0.1457345646
0.1393446644
0.1341837509
0.0
0.1357931513
0.1393446644
0.1257972665
0.1205243272
0.1176286128
0.1259722279
0.1084069801
0.1392375586
0.1369221948
0.1351851222
0.0
0.1287477355
0.0
0.1087976359
0.1437683046
0.0
0.0022779043
0.1287477355
0.1368187793
0.0
0.1429740046
0.0
0.0929441066
0.1239042844
0.1368187793
0.1409712559
0.1402074797
0.1132175399
0.1378600181
0.1268543864
0.1267656150
0.1168697186
0.0892794794
0.0930395808
0.1239042844
0.1308873293
0.1336886080
0.1380701706
0.0
0.1345825140
0.1316483022
0.1291147996
0.0
0.0973914321
0.1014835091
0.1301351033
0.0
0.1304161726
0.1145781555
0.0022779043
0.0
0.0928012622
0.1305101324
0.1250159170
0.1327092042
0.1341837509
0.1322248641
0.1170963567
0.1087323312
0.1287477355
0.1359970449
0.0
0.1144333947
0.1420769128
0.0
0.1251887103
0.1319359532
0.1155281019
0.1187077744
0.1173999117
0.1153809323
0.1349836541
0.0
0.1280198331
0.1413011418
0.1205243272
0.1205243272
0.1107262004
0.1210073906
0.0022779043
0.1399907757
0.0
0.1108617281
0.0000000000
0.1308873293
0.0
0.0
0.1134302215
0.1133592389
0.1353871927
0.0903031225
0.1116131015
0.1238195925
0.1277489872
0.1336886080
0.1219031385
0.1137150432
0.1256227904
0.0
0.0000000000
0.1365094678
0.1199656052
0.0000000000
0.1398826747
0.1171720982
0.1193333754
0.1344826012
0.1249296992
0.1212503774
0.1285649849
0.1174760466
0.0000000000
0.0000000000
0.1151608797
0.1123747294
0.1387044899
0.0000000000
0.1112703094
0.0998060957
0.1220674284
0.1140730880
0.1240740163
0.1033950136
0.1089940215
0.1326120525
0.0
0.0
0.0784190752
0.0
0.1076980165
0.1095211994
0.0
0.1329039353
0.1185523978
0.0
0.1003590381
0.1051963204
0.1128648372
0.1308873293
0.1064950404
0.1179349374
0.1122354794
0.0
0.1001371276
0.1170963567
0.1148687786
0.1357931513
0.0955926458
0.1104561365
0.1356914335
0.1040482848
0.1127945603
0.1441114270
0.1145057293
0.0
0.0
0.1182428615
0.1240740163
0.0
0.1131468231
0.0879786614
0.0
0.1202044219
0.0
0.0974962668
0.1077620843
0.1302286584
0.0
0.1015403945
0.0992592130
0.1269432823
0.1086019567
0.1132883451
0.0
0.1324181753
0.0000000000
0.1317440464
0.1323214491
0.0000000000
0.0
0.1251022540
0.0022779043
0.0000000000
0.1212503774
0.1373374252
0.1059345402
0.1257972665
0.0
0.1389172268
0.1262355845
0.1073152037
0.1359970449
0.0
0.1280198331
0.0
0.1254487976
0.0000000000
0.0045558087
0.0000000000
0.1251022540
0.0909834574
0.1263236149
0.0000000000
0.1280198331
0.1244148790
0.0969224525
0.0000000000
0.1118197925
0.1265884443
0.0868399155
0.0860152250
0.1271214483
0.1123050612
0.1424119998
0.0000000000
0.0
0.0000000000
0.1016543568
0.1014266874
0.1219031385
0.1137864722
0.1135012931
0.1174760466
0.0865908527
0.0000000000
0.0022779043
0.1376505044
0.1068089999
0.1137150432
0.0
0.0
0.0000000000
0.0000000000
0.0000000000
0.1145781555
0.0999161962
0.1126542685
0.1018830505
0.0763371529
0.1251022540
0.0030372058
0.1038693026
0.0964066332
0.0045558087
0.1322248641
0.0
0.0936165704
0.1087976359
0.0929441066
0.1225629660
0.1164190641
0.1201247107
0.0000000000
0.1024013928
0.1210073906
0.0000000000
0.0966638547
0.1011435309
0.1103215979
0.0942988359
0.1068089999
0.0000000000
0.0030372058
0.1099866811
0.0000000000
0.1075701091
0.1187856156
0.0989339507
0.0
0.0022779043
0.1151608797
0.1016543568
0.1055641397
0.1130056543
0.1245860136
0.1119580122
0.1164190641
0.0939564646
0.0
0.0000000000
0.0000000000
0.0774799246
0.0691668819
0.0000000000
0.1062451987
0.0000000000
0.1146506733
0.1292068929
0.0000000000
0.0000000000
0.1076340248
0.1145057293
0.0000000000
0.1164190641
0.1003034683
0.1196486551
0.1047704244
0.0022779043
0.0000000000
0.1075701091
0.1026916461
0.0000000000
0.0982897796
0.0973914321
0.1275690590
0.0000000000
0.0000000000
0.1006937542
0.0000000000
0.1252752862
0.1026334639
0.0784190752
0.0000000000
0.0030372058
0.1107262004
0.0000000000
0.0
0.1038097787
0.1226459470
0.0846090910
0.0000000000
0.0966638547
0.1120965741
0.0000000000
0.1273896370
0.0000000000
0.0000000000
0.0000000000
0.0000000000
0.0000000000
0.0923282690
0.1126542685
0.0000000000
0.1011435309
0.0868399155
0.0000000000
0.0000000000
0.0792077236
0.0000000000
0.0846090910
0.0022779043
0.1224800972
0.0000000000
0.0000000000
0.0000000000
0.0000000000
0.0000000000
0.0942007612
0.0000000000
0.0000000000
0.0000000000
0.0000000000
0.1228122466
0.0000000000
0.0030372058
0.1262355845
0.0876381537
0.0945942892
0.1151608797
0.0000000000
0.0000000000
0.0973914321
0.0000000000
0.1053799091
0.0000000000
0.0846090910
0.0000000000
0.0000000000
0.0000000000
0.0022779043
0.0000000000
0.0000000000
0.1145057293
0.0022779043
0.0000000000
0.0000000000
0.0000000000
0.0792077236
0.0000000000
0.1044081059
0.0000000000
0.0000000000
0.0000000000
0.0000000000
0.0022779043
0.0000000000
0.0
0.0000000000
0.0000000000
0.0000000000
0.0000000000
0.0000000000
0.0000000000
0.0000000000
0.1012566036
0.0000000000
0.0022779043
0.0000000000
0.0000000000
0.0000000000
0.0000000000
0.0000000000
0.0000000000
0.0000000000
0.0000000000
0.0000000000
0.0000000000
0.0000000000
0.0000000000
0.0000000000
0.1181657298
0.0000000000
0.1112703094
0.0000000000
0.0000000000
0.0000000000
0.0000000000
0.0878080775
0.0000000000
0.0000000000
0.1052574455
0.0000000000
0.0000000000
0.0000000000
0.0000000000
0.0000000000
0.0000000000
0.0000000000
0.0000000000
0.0000000000
0.0000000000
0.0000000000
0.0000000000
0.0000000000
0.0000000000
0.0000000000
0.0000000000
0.1003034683
0.0000000000
0.0000000000
0.0000000000
0.0000000000
0.0000000000
0.0000000000
0.0000000000
0.0000000000
0.0000000000
0.0000000000
0.0000000000
0.0000000000
0.0000000000
0.0000000000
0.0000000000
0.0000000000
0.0000000000
0.0000000000
0.0000000000
