0.0
0.0
0.0
0.0
0.0
0.0
0.0
0.0
0.0
0.0
0.0
0.0
0.0
0.0
0.0
0.0
0.0
0.0
0.0
0.0
0.0
0.0
0.0
0.0
0.0
0.0
0.0
0.0
0.0
0.0916543568
0.0
0.1192245125
0.0
0.0
0.0
0.0
0.0
0.0912774369
0.0
0.0
0.1180618621
0.0
0.0
0.0
0.0855322932
0.0
0.0
0.0
0.0
0.0936524476
0.0
0.0
0.1130507474
0.0
0.1144104643
0.0
0.0
0.0
0.0
0.0
0.0
0.0
0.0
0.0
0.0
0.0
0.0
0.0
0.0
0.0
0.1304346528
0.1090694353
0.1017370363
0.0
0.0946508745
0.0
0.1096983365
0.0
0.0951241289
0.0
0.0
0.0982107526
0.0
0.0
0.1137265418
0.1270742180
0.0
0.1073982101
0.0
0.1119107399
0.0
0.0
0.0
0.0
0.0
0.0
0.0000000000
0.0990876343
0.0
0.0
0.0
0.0954650756
0.0000000000
0.0030487805
0.0
0.0
0.0
0.0
0.0
0.1204102898
0.1020488739
0.0
0.0973492547
0.1082713663
0.1145088396
0.1107013969
0.0
0.0
0.0
0.0
0.0
0.0
0.1082713663
0.1029959633
0.0
0.0903485621
0.0
0.0
0.0
0.0
0.0
0.0
0.0
0.0
0.0
0.0960849787
0.0888417482
0.0
0.0
0.1349278424
0.0
0.0
0.0828195152
0.0
0.1033155783
0.0
0.0030487805
0.0
0.1148049832
0.1067953332
0.0691093827
0.0
0.0
0.0743572197
0.0
0.1215089238
0.1100609756
0.0
0.1102431958
0.1111634228
0.0
0.0
0.1172304406
0.1185875160
0.1091588365
0.0981383791
0.0830778419
0.0
0.0
0.1076586746
0.0
0.0894384019
0.0
0.0
0.1051095347
0.0680847549
0.0
0.0
0.0938504443
0.0890794518
0.0902873088
0.0
0.1120048616
0.0000000000
0.1034761309
0.0
0.0
0.1132430106
0.1029163682
0.1278059314
0.0
0.1095179116
0.1103345323
0.0
0.0
0.0957395978
0.0861408671
0.0931936882
0.0
0.0
0.1368692502
0.1140186477
0.0
0.1046963683
0.0801768696
0.0
0.0
0.0
0.0000000000
0.0
0.0872698430
0.0
0.0
0.0
0.0773816272
0.0
0.0
0.0
0.0000000000
0.0
0.0
0.0888417482
0.0933243031
0.0000000000
0.0
0.1127635737
0.0
0.0030487805
0.0
0.0967832707
0.0
0.1022840096
0.0
0.1063688343
0.0829226529
0.0761863733
0.1033155783
0.0000000000
0.0
0.1268321719
0.1057774269
0.0
0.0
0.0000000000
0.1312056951
0.0827680426
0.0
0.0889604412
0.0
0.1159040735
0.1119107399
0.0
0.0
0.0988669491
0.0
0.1078330206
0.0
0.1257542781
0.0000000000
0.1025992146
0.0953966909
0.0873270692
0.0
0.1074848914
0.0000000000
0.0742742780
0.0
0.0000000000
0.0
0.0
0.1011190437
0.0
0.0694336707
0.1122881792
0.1239979334
0.0952602149
0.1115358296
0.0068597561
0.0792701074
0.0000000000
0.0734549258
0.0920344025
0.1120048616
0.1190114213
0.0833899690
0.0
0.0
0.1395951577
0.0000000000
0.0
0.0
0.0
0.0951241289
0.0947856089
0.0
0.0
0.0952602149
0.1013499090
0.1090694353
0.0
0.0
0.0933243031
0.0068597561
0.1005844264
0.0
0.0889604412
0.0
0.0
0.0
0.0
0.0632955230
0.1085360884
0.0
0.1041233624
0.1154018895
0.0971362367
0.1119107399
0.0
0.0000000000
0.0
0.1116293214
0.0977781061
0.0814518535
0.0000000000
0.1167167226
0.0971362367
0.1122881792
0.1029163682
0.1177487007
0.1212875961
0.1165124939
0.0
0.0000000000
0.1149040384
0.1057774269
0.0926104176
0.0954650756
0.0915283715
0.0970654377
0.1067953332
0.0
0.1103345323
0.0913400415
0.0958774518
0.1090694353
0.0
0.0933897479
0.0000000000
0.0
0.0771127855
0.0817017058
0.0
0.0
0.0000000000
0.0
0.0784760050
0.0
0.0
0.1068810437
0.0000000000
0.0947181938
0.0000000000
0.0
0.0830778419
0.0
0.0000000000
0.0
0.0825627901
0.0000000000
0.0899822841
0.0030487805
0.0000000000
0.0941823059
0.0
0.0000000000
0.1012728369
0.0659602677
0.0030487805
0.0000000000
0.0030487805
0.0696880065
0.0597996320
0.0045731707
0.0928040282
0.0000000000
0.0000000000
0.0804675411
0.0000000000
0.0000000000
0.0931936882
0.0000000000
0.0000000000
0.0970654377
0.0
0.0702393357
0.0977781061
0.0000000000
0.1136295055
0.0665536134
0.0000000000
0.0889604412
0.0875567262
0.0
0.0895586957
0.0830260477
0.0
0.0
0.0000000000
0.0000000000
0.0000000000
0.0
0.0941157459
0.0
0.0000000000
0.0000000000
0.0000000000
0.0705369600
0.0810059492
0.0000000000
0.0000000000
0.0030487805
0.0734144325
0.0000000000
0.1115358296
0.0000000000
0.0030487805
0.0000000000
0.1062839429
0.0000000000
0.0996809734
0.0030487805
0.1123829371
0.0826652889
0.0000000000
0.0000000000
0.0045731707
0.0791758505
0.0000000000
0.0829226529
0.0893783762
0.0719080888
0.0000000000
0.0000000000
0.0000000000
0.0000000000
0.0
0.1127635737
0.0799362428
0.0887233714
0.0000000000
0.0952602149
0.1193313445
0.0000000000
0.0000000000
0.0714835107
0.0953284041
0.1062839429
0.0000000000
0.0
0.0000000000
0.0000000000
0.0000000000
0.0926104176
0.0000000000
0.0931936882
0.0000000000
0.0000000000
0.0962238298
0.0732126336
0.0000000000
0.0873270692
0.0841806451
0.0000000000
0.0000000000
0.0000000000
0.0030487805
0.0814518535
0.0887233714
0.0877875943
0.0000000000
0.0000000000
0.0780162745
0.0919708429
0.0000000000
0.0000000000
0.0000000000
0.0000000000
0.0000000000
0.0000000000
0.0000000000
0.0939166294
0.0829226529
0.0931936882
0.0833899690
0.0000000000
0.0623764780
0.0821046735
0.0000000000
0.0000000000
0.0000000000
0.0000000000
0.0781995188
0.0000000000
0.0000000000
0.0000000000
0.0000000000
0.0000000000
0.0000000000
0.0000000000
0.0000000000
0.0000000000
0.0000000000
0.0000000000
0.0000000000
0.0000000000
0.0000000000
0.0000000000
0.0000000000
0.0000000000
0.0688236592
0.0000000000
0.0000000000
0.0000000000
0.0000000000
0.0000000000
0.0000000000
0.0856423026
0.0000000000
0.0000000000
