0.0
0.0
0.0
0.0
0.0
0.0
0.0
0.0
0.0
0.0
0.0
0.0
0.0
0.0
0.0
0.0
0.0
0.0
0.0
0.0
0.0
0.0
0.0
0.0
0.0
0.0
0.0
0.0
0.0
0.0956142949
0.0
0.1122526880
0.0
0.0
0.0
0.0
0.0
0.0825005288
0.0
0.0
0.1145067580
0.0
0.0
0.0
0.0764811769
0.0
0.0
0.0
0.0
0.1089082610
0.0
0.0
0.1100856476
0.0
0.1058358676
0.0
0.0
0.0
0.0
0.0
0.0
0.0
0.0
0.0
0.0
0.0
0.0
0.0
0.0
0.0
0.1180140014
0.1001833547
0.0846058835
0.0
0.0000000000
0.0
0.1094097573
0.0
0.0928735594
0.0
0.0
0.0989319318
0.0
0.0
0.1012506489
0.0999725903
0.0
0.1013226110
0.0
0.1080825729
0.0
0.0
0.0
0.0
0.0
0.0
0.0000000000
0.0865579318
0.0
0.0
0.0
0.0855194443
0.0871932194
0.0797320546
0.0
0.0
0.0
0.0
0.0
0.1089082610
0.0955502103
0.0
0.1011070310
0.1045167989
0.0
0.1135039122
0.0
0.0
0.0
0.0
0.0
0.0
0.0986580718
0.1019749025
0.0
0.0857767230
0.0
0.0
0.0
0.0
0.0
0.0
0.0
0.0
0.0
0.0931162075
0.0768936967
0.0
0.0
0.1145067580
0.0
0.0
0.0985217095
0.0
0.1040590611
0.0
0.0033840948
0.0
0.1126963745
0.1033799229
0.0090645395
0.0
0.0
0.0
0.0
0.1100856476
0.1064681954
0.0
0.0981148752
0.1201018650
0.0
0.0
0.1106839392
0.0
0.1001833547
0.0808626850
0.0000000000
0.0
0.0
0.0838100610
0.0
0.0
0.0
0.0
0.0887124541
0.1002538071
0.0
0.0
0.0985898435
0.0000000000
0.0773526390
0.0
0.0942240011
0.0000000000
0.0900005768
0.0
0.0
0.1096622413
0.0977784045
0.1129642739
0.0
0.1086592330
0.0994842385
0.0
0.0
0.0915025120
0.0762357827
0.0859318347
0.0
0.0
0.1296008306
0.1161865637
0.0
0.0982501128
0.0961949485
0.0
0.0
0.0
0.0822625007
0.0
0.0678861494
0.0
0.0
0.0
0.0070501974
0.0
0.0
0.0
0.0000000000
0.0
0.0
0.0972448252
0.0661228728
0.0
0.0
0.1161865637
0.0
0.0701924735
0.0
0.0855194443
0.0
0.0917971112
0.0
0.0857767230
0.0851109933
0.0955502103
0.1050559423
0.0000000000
0.0
0.1171412602
0.1103412645
0.0
0.0
0.0057683433
0.1210194514
0.0595990442
0.0
0.0887676922
0.0
0.0923920374
0.0
0.0
0.0
0.0
0.0
0.1026356470
0.0
0.1187018432
0.0916790442
0.1010353747
0.0050761421
0.0050761421
0.0
0.1091584332
0.0664309943
0.1050559423
0.0
0.0000000000
0.0
0.0
0.0081218274
0.0
0.0823575469
0.1067072707
0.1183078122
0.0918562588
0.1078373023
0.0807710559
0.0789811156
0.0679508645
0.0661228728
0.0925720219
0.0994842385
0.1104267341
0.0800904010
0.0
0.0
0.1234293625
0.0000000000
0.0
0.0
0.0
0.0879462762
0.0967170378
0.0
0.0
0.0000000000
0.0033840948
0.0855194443
0.0
0.0
0.0932990273
0.0932380077
0.0735988197
0.0
0.0
0.0
0.0
0.0
0.0
0.0822625007
0.0988633243
0.0
0.0995537107
0.1162813325
0.0050761421
0.1143231064
0.0
0.0000000000
0.0
0.1185045002
0.1018292241
0.0595990442
0.0000000000
0.0989319318
0.0676927416
0.1074309824
0.0963900701
0.1140487310
0.1077557927
0.0952310713
0.0
0.0868215065
0.1016839613
0.1008210139
0.0823575469
0.0854169645
0.0849588282
0.0965205915
0.1039073715
0.0
0.0
0.0
0.0923321980
0.0
0.0
0.0815565868
0.0579751581
0.0
0.0045121263
0.0965205915
0.0
0.0
0.0000000000
0.0
0.0802707847
0.0
0.0
0.0981824475
0.0000000000
0.1007497623
0.0749137749
0.0
0.0749137749
0.0
0.0830774555
0.0
0.0833689554
0.0000000000
0.0
0.0917971112
0.0000000000
0.0845055801
0.0
0.0850602110
0.0823575469
0.0741732121
0.0050761421
0.0000000000
0.0796874867
0.0025380711
0.0660615912
0.0000000000
0.0815099564
0.0924519544
0.0000000000
0.1068672517
0.0981824475
0.0050761421
0.0859318347
0.0844555176
0.0000000000
0.0913266584
0.0
0.0952310713
0.0033840948
0.0724763161
0.1029320677
0.1124297427
0.0000000000
0.0961300834
0.0067681895
0.0
0.0922127514
0.0033840948
0.0
0.0
0.0975108849
0.0744054873
0.0000000000
0.0
0.0845055801
0.0
0.0000000000
0.0000000000
0.0000000000
0.0807710559
0.0724763161
0.0678861494
0.0033840948
0.0794211218
0.0746001642
0.0000000000
0.0880005640
0.0757899594
0.1130538570
0.0837608189
0.1001130012
0.0048809059
0.0962599012
0.0
0.0900574313
0.0840571425
0.0640723208
0.0000000000
0.0
0.0751111242
0.0763174056
0.0797320546
0.0916201245
0.0000000000
0.0000000000
0.0845557021
0.0922724361
0.0000000000
0.0
0.1067072707
0.0025380711
0.0873535010
0.0871399228
0.0000000000
0.0
0.0000000000
0.0
0.0908031297
0.0815099564
0.0963249417
0.0000000000
0.0
0.0000000000
0.0
0.0000000000
0.0050761421
0.0900574313
0.0749137749
0.0000000000
0.0922724361
0.1066274598
0.0737892928
0.0949772909
0.0050761421
0.0848576867
0.0000000000
0.0947878416
0.0746392218
0.1008210139
0.0935439066
0.0954222983
0.0742118239
0.0033840948
0.0
0.0682109635
0.0894359559
0.0859318347
0.0000000000
0.0000000000
0.0033840948
0.0000000000
0.0959360119
0.0000000000
0.0905148658
0.0797320546
0.0993455845
0.0800904010
0.0
0.0070501974
0.0741346405
0.0000000000
0.0741732121
0.0000000000
0.0857767230
0.0025380711
0.0947878416
0.0000000000
0.0025380711
0.0000000000
0.0865579318
0.0000000000
0.0000000000
0.0000000000
0.0000000000
0.0000000000
0.0000000000
0.0000000000
0.0000000000
0.0000000000
0.0912097976
0.0610800830
0.0000000000
0.0000000000
0.0033840948
0.0987263945
0.0759110297
0.0000000000
0.0000000000
0.0829324687
0.0863482215
0.0000000000
0.0000000000
0.0
0.0000000000
0.0715308147
0.0673410079
0.0000000000
0.0924519544
0.0000000000
0.0048809059
0.0000000000
0.0000000000
0.0749137749
0.0000000000
0.0000000000
0.0
0.0000000000
0.0949772909
0.0000000000
0.0745611473
0.0000000000
0.0000000000
0.0853658166
0.0000000000
0.0000000000
0.0000000000
0.0528982982
0.0000000000
0.0000000000
0.0025380711
0.0000000000
0.0000000000
0.0000000000
0.0000000000
0.0
0.0000000000
0.0867158842
0.0000000000
0.0000000000
0.0000000000
0.0712448344
0.0000000000
0.0033840948
0.0033840948
0.0758302732
0.0025380711
0.0000000000
0.0000000000
0.0025380711
0.0000000000
0.0000000000
0.0000000000
0.0000000000
0.0000000000
0.0000000000
0.0000000000
0.0000000000
0.0000000000
0.0
0.0000000000
0.0000000000
0.0864005538
0.0887676922
0.0000000000
0.0000000000
0.0916790442
0.0000000000
0.0000000000
0.0000000000
0.0000000000
0.0025380711
0.0000000000
0.0000000000
0.0000000000
0.0796874867
0.0000000000
0.0000000000
0.0000000000
0.0000000000
0.0000000000
0.0000000000
0.0000000000
0.0000000000
0.0000000000
0.0000000000
0.0000000000
0.0000000000
0.0000000000
0.0000000000
0.0000000000
0.0000000000
