0.0
0.0
0.0
0.0
0.0
0.0
0.0
0.0
0.0
0.0
0.0
0.0
0.0
0.0
0.0
0.1149228130
0.0
0.0
0.0
0.0
0.0
0.0
0.0
0.0
0.0
0.0
0.0
0.0
0.0
0.0808960012
0.0
0.1249234708
0.0
0.0
0.0
0.0
0.1381698421
0.1311116304
0.0
0.0
0.1213440017
0.0
0.0
0.0094339623
0.1186248084
0.0
0.0
0.0
0.0
0.1130815931
0.0
0.0
0.0873176425
0.0
0.1428298705
0.0
0.0
0.0
0.0
0.0
0.0
0.0
0.0
0.0
0.0
0.0
0.0
0.0
0.0
0.0
0.1126304697
0.1204809576
0.1215180964
0.0
0.0752872117
0.0
0.0926675199
0.0
0.1060051479
0.0
0.1309089849
0.1043080212
0.0
0.1144569097
0.1305055673
0.0823911607
0.0
0.1139947688
0.1037967074
0.0693678241
0.0
0.0
0.0
0.0
0.0
0.0
0.0000000000
0.0949530417
0.0
0.0
0.0
0.0810508260
0.0000000000
0.0958123453
0.0
0.0
0.0
0.0
0.0
0.1433132203
0.1127804437
0.1201391677
0.1097125819
0.1044366377
0.0150943396
0.1077584138
0.0949530417
0.0
0.0
0.0
0.0
0.0
0.1094290868
0.1104277878
0.0
0.0950596108
0.0
0.0
0.0
0.0
0.0
0.1088664694
0.1019231206
0.0
0.0
0.1004722577
0.1003532147
0.0
0.0
0.0125786164
0.0961386075
0.0
0.0908778039
0.0
0.0141509434
0.0
0.1138415500
0.0
0.1037967074
0.0974661832
0.0000000000
0.0808960012
0.0965770960
0.1015564907
0.0
0.0808960012
0.1078956856
0.0
0.1171481510
0.0626465334
0.1016784072
0.0
0.1115917170
0.0970196028
0.1165035945
0.1087267179
0.1066726867
0.0
0.0
0.0770683469
0.0
0.1404612159
0.0
0.0
0.0886891238
0.0872277170
0.0
0.0
0.0967978437
0.0047169811
0.0779908961
0.0
0.0935890754
0.0000000000
0.0047169811
0.0
0.0
0.0627393431
0.1150789582
0.0965770960
0.0
0.1281363286
0.0997622064
0.0
0.0062893082
0.1091470531
0.1208246979
0.1032903820
0.0
0.0946347634
0.0744926238
0.1057404659
0.0
0.1043080212
0.1241907818
0.0
0.0
0.0926675199
0.0000000000
0.0
0.0094339623
0.1005915834
0.0
0.0
0.1060051479
0.0
0.1091470531
0.0
0.1181284703
0.0
0.0
0.0687484685
0.0917639363
0.0980302236
0.1072128015
0.1020459195
0.0
0.0000000000
0.0
0.0774914119
0.1074849152
0.1194613726
0.0000000000
0.0047169811
0.0685814682
0.0768585419
0.0896276330
0.0917639363
0.0047169811
0.0571898131
0.0084905660
0.0
0.0
0.0988309372
0.0841929555
0.0853811625
0.0
0.0000000000
0.0
0.0815974116
0.0687484685
0.0
0.1295078184
0.0047169811
0.0000000000
0.0084905660
0.0
0.0062893082
0.0000000000
0.0000000000
0.0047169811
0.0094339623
0.0
0.0047169811
0.0945291442
0.0838595180
0.0
0.0000000000
0.0
0.0769982847
0.0000000000
0.0
0.1150789582
0.1024160982
0.0666914277
0.0957040827
0.1025400886
0.0047169811
0.0936926031
0.0000000000
0.0983717923
0.0047169811
0.0718999263
0.0884113917
0.0000000000
0.0
0.0908778039
0.0083857442
0.0000000000
0.0
0.0062893082
0.0062893082
0.0974661832
0.0570357665
0.0
0.0
0.0000000000
0.0694816351
0.0000000000
0.0000000000
0.0000000000
0.1133843550
0.0047169811
0.0000000000
0.0
0.0863385456
0.0
0.0000000000
0.0
0.0923643546
0.0094339623
0.0957040827
0.0000000000
0.0000000000
0.0000000000
0.0973541531
0.0524771457
0.0882272013
0.0000000000
0.0
0.0000000000
0.0062893082
0.0000000000
0.0000000000
0.0047169811
0.0094339623
0.0625539979
0.0000000000
0.0933827047
0.0866920299
0.1001159731
0.0763046065
0.0000000000
0.1108614047
0.0084905660
0.0000000000
0.0047169811
0.0000000000
0.0000000000
0.0776334677
0.0000000000
0.0000000000
0.0047169811
0.0062893082
0.0000000000
0.0908778039
0.0845290551
0.0000000000
0.0000000000
0.0000000000
0.0000000000
0.0047169811
0.0000000000
0.0000000000
0.0000000000
0.0000000000
0.0000000000
