0.0
0.0
0.0
0.0
0.0
0.0
0.0
0.0
0.0
0.0
0.0
0.0
0.0
0.0
0.0
0.0
0.0
0.0
0.0
0.0
0.0
0.0
0.0
0.0
0.0
0.0
0.0
0.0
0.0
0.0
0.0
0.0
0.0
0.0
0.0
0.0
0.0
0.0
0.0
0.0
0.0
0.0
0.0
0.0
0.0
0.0
0.0
0.0
0.0
0.0
0.0
0.0
0.0
0.0
0.0
0.0
0.0
0.0
0.0
0.0
0.0413405088
0.0
0.0
0.0
0.0
0.0
0.0
0.0
0.0
0.0
0.0
0.0
0.0
0.0
0.0
0.0597595474
0.0
0.0
0.0
0.0365800866
0.0
0.0
0.0
0.0
0.0
0.0
0.0089285714
0.0
0.0
0.0
0.0
0.0
0.0
0.0
0.0
0.0
0.0
0.0
0.0
0.0
0.0
0.0
0.0
0.0
0.0
0.0
0.0
0.0
0.0
0.0549210963
0.0
0.0
0.0
0.0
0.0
0.0
0.0
0.0
0.0
0.0384440400
0.0
0.0482857143
0.0
0.0
0.0
0.0
0.0
0.0
0.0
0.0
0.0
0.0
0.0
0.0454155220
0.0
0.0
0.0
0.0
0.0
0.0814347291
0.0
0.0
0.0
0.0
0.0
0.0
0.0
0.0
0.0
0.0
0.0
0.0
0.0089285714
0.0
0.0
0.0
0.0317669173
0.0
0.0331632653
0.0
0.0
0.0000000000
0.0
0.0
0.0486751152
0.0
0.0
0.0407818533
0.0
0.0
0.0
0.0
0.0
0.0
0.0
0.0089285714
0.0
0.0
0.0
0.0292207792
0.0
0.0
0.0621475564
0.0
0.0374858277
0.0
0.0
0.0
0.0467884828
0.0
0.0
0.0492001488
0.0553735256
0.0
0.0
0.0
0.0
0.0
0.0431122449
0.0
0.0
0.0
0.0
0.0
0.0
0.0
0.0437334656
0.0
0.0
0.0000000000
0.0
0.0
0.0
0.0
0.0
0.0621475564
0.0
0.0405081496
0.0434224049
0.0
0.0357142857
0.0
0.0331632653
0.0
0.0
0.0321428571
0.0
0.0492001488
0.0
0.0
0.0369001116
0.0
0.0
0.0481960641
0.0
0.0590401786
0.0000000000
0.0
0.0
0.0
0.0
0.0738002232
0.0000000000
0.0520320197
0.0422077922
0.0
0.0
0.0
0.0511501211
0.0089285714
0.0529448622
0.0
0.0283366868
0.0
0.0229591837
0.0
0.0
0.0321048632
0.0
0.0247252747
0.0
0.0524801587
0.0314880952
0.0
0.0
0.0169172932
0.0
0.0089285714
0.0331632653
0.0000000000
0.0214285714
0.0178571429
0.0374858277
0.0229591837
0.0348885219
0.0421715561
0.0
0.0
0.0322765470
0.0000000000
0.0000000000
0.0321428571
0.0
0.0089285714
0.0
0.0481960641
0.0000000000
0.0000000000
0.0
0.0674744898
0.0000000000
0.0000000000
0.0
0.0089285714
0.0119047619
0.0
0.0000000000
0.0119047619
0.0229591837
0.0000000000
0.0
0.0000000000
0.0000000000
0.0
0.0513392857
0.0549210963
0.0000000000
0.0178571429
0.0089285714
0.0580357143
0.0000000000
0.0000000000
0.0247252747
0.0229591837
0.0638272201
0.0000000000
0.0372574956
0.0492001488
0.0000000000
0.0000000000
0.0000000000
0.0000000000
0.0000000000
0.0549210963
0.0
0.0178571429
0.0000000000
0.0000000000
0.0000000000
0.0
0.0000000000
0.0331632653
0.0000000000
0.0000000000
0.0
0.0000000000
0.0
0.0000000000
0.0000000000
0.0000000000
0.0000000000
0.0000000000
0.0000000000
