0.0
0.0
0.0
0.0
0.1565887534
0.0
0.1212300026
0.0
0.0
0.1174415650
0.0
0.1503252033
0.0
0.1610627178
0.0
0.0984662903
0.1174415650
0.1483472401
0.0
0.1281180710
0.1212300026
0.0835140018
0.0
0.0
0.0
0.1503252033
0.1252710027
0.1483472401
0.0000000000
0.1225477200
0.0
0.0
0.1358360270
0.1427138006
0.1193057169
0.1493296721
0.1053681331
0.1565887534
0.0182926829
0.0
0.0
0.1464206525
0.1174415650
0.0000000000
0.0
0.0121951220
0.0121951220
0.0000000000
0.0000000000
0.1138827297
0.1174415650
0.0988981600
0.0000000000
0.0000000000
0.1238943983
0.0000000000
0.0832058321
0.1565887534
0.0000000000
0.0000000000
0.0997733650
0.0963623098
0.0000000000
0.0909225020
0.0835140018
0.1212300026
0.0
0.0887747263
0.1094600995
0.0939532520
0.1150447984
0.0182926829
0.0121951220
0.0963623098
0.0274390244
0.1212300026
0.1034347729
0.0761783125
0.0000000000
0.0121951220
0.0000000000
0.0000000000
0.0000000000
0.0000000000
0.0000000000
0.0835140018
0.1015710833
0.0274390244
0.0000000000
0.0121951220
0.0000000000
0.0
0.0000000000
0.0000000000
0.0000000000
0.0000000000
0.0000000000
0.0000000000
0.0121951220
0.0000000000
0.0000000000
0.0000000000
0.0000000000
0.0000000000
