0.0
0.0
0.0
0.0
0.0
0.0
0.0
0.0
0.0
0.0
0.0
0.0
0.0
0.0
0.0
0.1181906017
0.0
0.0
0.0
0.0
0.0
0.0
0.0
0.0
0.0
0.0
0.0
0.0
0.0
0.0771391555
0.0
0.1242405776
0.0
0.0
0.0
0.0
0.1284680453
0.1192273613
0.0
0.0
0.1244681245
0.0
0.0
0.0090909091
0.1112268346
0.0
0.0
0.0
0.0
0.1025031613
0.0
0.0
0.0771391555
0.0
0.1301907969
0.0
0.0
0.0
0.0
0.0
0.0
0.0
0.0
0.0
0.0
0.0
0.0
0.0
0.0
0.0
0.1134550851
0.1140261677
0.1099669838
0.0
0.0589415403
0.0
0.0887200992
0.0
0.0999405823
0.0
0.1299418661
0.1165687752
0.0
0.1080438727
0.1267902910
0.0000000000
0.0
0.1213564214
0.1192273613
0.0202020202
0.0
0.0
0.0
0.0
0.0
0.0
0.0000000000
0.0936082589
0.0
0.0
0.0
0.0642947928
0.0000000000
0.0771391555
0.0
0.0
0.0
0.0
0.0
0.1345734573
0.0887200992
0.0000000000
0.1117756512
0.1026579999
0.0151515152
0.1224497224
0.1265541824
0.0
0.0
0.0
0.0
0.0
0.1078723745
0.0984921681
0.0
0.0953150013
0.0
0.0
0.0
0.0
0.0
0.1026579999
0.0925880054
0.0
0.0
0.0882592155
0.1018884497
0.0
0.0
0.0090909091
0.1114091737
0.0
0.0854837685
0.0
0.0101010101
0.0
0.1058560685
0.0
0.1146030286
0.0950483860
0.0000000000
0.0000000000
0.0897748956
0.0923364076
0.0
0.0641733673
0.1040728881
0.0
0.1224497224
0.0151515152
0.1075310063
0.0
0.1112268346
0.0947832580
0.1125158874
0.0992110890
0.1009800831
0.1018884497
0.0
0.0683698148
0.0
0.1249257279
0.0
0.0
0.0824752378
0.0847376508
0.0
0.0
0.0831818800
0.0000000000
0.0725289178
0.0
0.0917133549
0.0050505051
0.0000000000
0.0
0.0
0.0151515152
0.1031253353
0.0957177408
0.0
0.1217913906
0.0938668452
0.0
0.0067340067
0.1002353923
0.1089096089
0.0961238981
0.0
0.0767905039
0.0113636364
0.1005319467
0.0
0.0876898012
0.1097893311
0.0
0.0
0.0719910974
0.0798585146
0.0
0.0000000000
0.0983496324
0.0
0.0
0.1090844237
0.0
0.1029690848
0.0
0.1134550851
0.0
0.0
0.0000000000
0.0589415403
0.0000000000
0.0654716724
0.0927143192
0.0
0.0000000000
0.0
0.0810007103
0.0812913827
0.1021948811
0.0793920514
0.0869048542
0.0659801903
0.0742727825
0.0973633180
0.0870161280
0.0050505051
0.0106951872
0.0067340067
0.0
0.0000000000
0.1018884497
0.0823752678
0.0654716724
0.0
0.0000000000
0.0
0.0793920514
0.0612800685
0.0
0.1042325091
0.0113636364
0.0000000000
0.0067340067
0.0
0.0050505051
0.0000000000
0.0000000000
0.0050505051
0.0101010101
0.0
0.0050505051
0.1106833810
0.0823752678
0.0
0.0951815069
0.0
0.0151515152
0.0000000000
0.0
0.0000000000
0.1031253353
0.0075757576
0.0951815069
0.0953150013
0.0050505051
0.0830801907
0.0869048542
0.0734698335
0.0050505051
0.0579860034
0.0878030956
0.0000000000
0.0909767014
0.0920861734
0.0000000000
0.0000000000
0.0
0.0050505051
0.0067340067
0.0925880054
0.0106951872
0.0
0.0
0.0000000000
0.0646003764
0.0050505051
0.0000000000
0.0000000000
0.1009800831
0.0050505051
0.0000000000
0.0050505051
0.0106951872
0.0000000000
0.0869048542
0.0
0.0717630369
0.0050505051
0.0000000000
0.0000000000
0.0000000000
0.0000000000
0.0000000000
0.0000000000
0.0938668452
0.0000000000
0.0000000000
0.0000000000
0.0000000000
0.0000000000
0.0000000000
0.0075757576
0.0090909091
0.0000000000
0.0000000000
0.0912209342
0.0050505051
0.0000000000
0.0050505051
0.0000000000
0.0000000000
0.0000000000
0.0000000000
0.0000000000
