0.0
0.0
0.0
0.0
0.0
0.0
0.0
0.0
0.0
0.0
0.0
0.0
0.0
0.0
0.0
0.0
0.0
0.0
0.0
0.0
0.0
0.0
0.0
0.0
0.0
0.0
0.0
0.0
0.0
0.0
0.0
0.1840897501
0.0
0.0
0.0
0.0
0.1524493243
0.0
0.1951351351
0.0
0.0
0.0
0.1478296478
0.1913089560
0.0
0.0
0.0
0.0
0.2501732502
0.1773955774
0.0
0.0
0.0
0.1773955774
0.0
0.1951351351
0.0
0.0540540541
0.0
0.0
0.0000000000
0.1393822394
0.1682199441
0.1806806807
0.1434817170
0.2501732502
0.0
0.2439189189
0.0360360360
0.0
0.1336542021
0.0360360360
0.1876299376
0.0000000000
0.0270270270
0.0000000000
0.1355105105
0.0000000000
0.0270270270
0.0000000000
0.0
0.0
0.0000000000
0.1414022718
0.0000000000
0.0000000000
0.0000000000
0.0000000000
0.1134506600
0.0000000000
0.0
0.0000000000
0.0000000000
