0.0
0.0
0.0
0.0
0.0
0.0
0.0
0.1788819876
0.0
0.0
0.0
0.0
0.0
0.0
0.0
0.0
0.0
0.0
0.0
0.0
0.1870625663
0.0
0.0
0.1842538190
0.0
0.0
0.0
0.0
0.0
0.0
0.0
0.1893719807
0.1831537962
0.1545504326
0.0
0.0
0.0
0.1979242637
0.0
0.0
0.0
0.0
0.0
0.0
0.0
0.0
0.0
0.0
0.0
0.0
0.0
0.0
0.0
0.1870625663
0.0
0.0
0.0
0.1837021609
0.0
0.1685618729
0.0
0.0
0.0
0.1966555184
0.1947826087
0.1893719807
0.0
0.0
0.0
0.0
0.1773309877
0.2130434783
0.1966555184
0.0
0.0
0.1923401935
0.1728352725
0.1545504326
0.0
0.0
0.0
0.0
0.2011689237
0.0
0.0
0.1773309877
0.0086956522
0.0
0.1788819876
0.1972878513
0.0
0.0
0.1768199474
0.0
0.0
0.0
0.1569220505
0.0
0.2018306636
0.1763118441
0.1526281635
0.0
0.0
0.1713869322
0.0
0.0
0.0
0.1748049052
0.0
0.0
0.1718670077
0.0
0.0
0.1882101894
0.1649368864
0.0
0.1723497802
0.1278260870
0.0
0.0
0.1597826087
0.0
0.0
0.0
0.2011689237
0.1662778367
0.1870625663
0.1653814602
0.0
0.2065876153
0.2115742129
0.0
0.2175763182
0.1941662080
0.0
0.1690262307
0.1541621149
0.1541621149
0.1966555184
0.0
0.1681000596
0.1820668301
0.0
0.1177668364
0.1743083004
0.0
0.2175763182
0.1826086957
0.2018306636
0.0
0.1557272125
0.0
0.0
0.1893719807
0.0
0.1837021609
0.2018306636
0.0
0.0000000000
0.0
0.1783619818
0.2137857900
0.1935536963
0.1627493945
0.0000000000
0.1748049052
0.1507531247
0.0
0.1545504326
0.0
0.0
0.0
0.2052057583
0.1400833830
0.0
0.0
0.1518725786
0.1831537962
0.1768199474
0.1375706765
0.0
0.0000000000
0.1649368864
0.0000000000
0.1294441387
0.1768199474
0.0086956522
0.1623188406
0.0000000000
0.0000000000
0.0
0.0086956522
0.0000000000
0.1728352725
0.0
0.1507531247
0.1614645309
0.1351465237
0.1533913043
0.1294441387
0.0000000000
0.1252173913
0.0086956522
0.0
0.0000000000
0.0
0.0000000000
0.0000000000
0.0000000000
0.0000000000
0.0000000000
0.1658284371
0.0000000000
0.1585439838
0.0000000000
0.0000000000
0.0000000000
0.0000000000
0.0000000000
0.0000000000
0.0000000000
0.0000000000
0.0000000000
0.0000000000
0.0000000000
0.0000000000
