0.0035587189
0.0
0.0
0.0
0.0
0.0
0.0000000000
0.0
0.0
0.0000000000
0.0
0.0
0.0
0.0
0.0
0.0
0.0
0.0
0.0
0.0
0.0
0.0
0.0
0.0000000000
0.0
0.0
0.0000000000
0.0
0.0
0.0
0.0
0.0
0.0
0.0
0.0
0.0
0.0
0.0
0.0
0.0
0.0
0.0
0.0000000000
0.0
0.0
0.0
0.0
0.0
0.0
0.0
0.0
0.0
0.0000000000
0.0
0.0225591830
0.0
0.0
0.0
0.0204276067
0.0
0.0
0.0000000000
0.0
0.0
0.0
0.0000000000
0.0
0.0189365405
0.0000000000
0.0
0.0000000000
0.0099398699
0.0
0.0
0.0305212476
0.0
0.0
0.0
0.0
0.0
0.0
0.0
0.0
0.0000000000
0.0
0.0192170819
0.0
0.0
0.0
0.0
0.0
0.0
0.0000000000
0.0
0.0000000000
0.0
0.0
0.0
0.0000000000
0.0
0.0125328795
0.0000000000
0.0
0.0
0.0
0.0
0.0
0.0
0.0
0.0
0.0
0.0071174377
0.0
0.0
0.0
0.0
0.0
0.0000000000
0.0
0.0047449585
0.0
0.0229584606
0.0
0.0000000000
0.0
0.0035587189
0.0
0.0
0.0035587189
0.0
0.0
0.0
0.0
0.0
0.0214405459
0.0035587189
0.0
0.0
0.0
0.0285088577
0.0000000000
0.0
0.0
0.0
0.0137264870
0.0
0.0251874374
0.0099398699
0.0035587189
0.0035587189
0.0000000000
0.0
0.0251874374
0.0
0.0063266113
0.0
0.0
0.0
0.0127097102
0.0
0.0
0.0195060605
0.0
0.0
0.0
0.0
0.0035587189
0.0000000000
0.0336922864
0.0
0.0000000000
0.0
0.0
0.0
0.0071174377
0.0
0.0
0.0035587189
0.0
0.0103526367
0.0
0.0000000000
0.0
0.0047449585
0.0
0.0
0.0080071174
0.0000000000
0.0000000000
0.0000000000
0.0000000000
0.0000000000
0.0142348754
0.0
0.0298196098
0.0
0.0
0.0
0.0000000000
0.0
0.0080879974
0.0080879974
0.0
0.0
0.0
0.0242458509
0.0053380783
0.0000000000
0.0
0.0000000000
0.0256861985
0.0
0.0
0.0221735560
0.0035587189
0.0
0.0
0.0210919191
0.0071174377
0.0080071174
0.0
0.0
0.0
0.0
0.0
0.0000000000
0.0183993337
0.0035587189
0.0035587189
0.0
0.0
0.0106761566
0.0186640723
0.0
0.0000000000
0.0
0.0047449585
0.0047449585
0.0
0.0
0.0000000000
0.0000000000
0.0
0.0
0.0
0.0186640723
0.0
0.0047449585
0.0
0.0000000000
0.0
0.0000000000
0.0125328795
0.0035587189
0.0
0.0064056940
0.0071174377
0.0
0.0
0.0000000000
0.0
0.0000000000
0.0
0.0
0.0
0.0
0.0000000000
0.0099025220
0.0000000000
0.0000000000
0.0
0.0000000000
0.0099025220
0.0035587189
0.0
0.0
0.0
0.0
0.0000000000
0.0
0.0071174377
0.0
0.0035587189
0.0000000000
0.0000000000
0.0
0.0035587189
0.0000000000
0.0094899170
0.0047449585
0.0000000000
0.0000000000
0.0035587189
0.0127097102
0.0149959887
0.0
0.0
0.0000000000
0.0047449585
0.0
0.0080879974
0.0195060605
0.0125328795
0.0
0.0
0.0000000000
0.0
0.0000000000
0.0035587189
0.0
0.0
0.0
0.0
0.0
0.0157230670
0.0
0.0108456194
0.0071174377
0.0000000000
0.0047449585
0.0000000000
0.0075919336
0.0000000000
0.0000000000
0.0000000000
0.0000000000
0.0035587189
0.0
0.0000000000
0.0000000000
0.0047449585
0.0
0.0151838671
0.0000000000
0.0
0.0000000000
0.0
0.0000000000
0.0000000000
0.0113879004
0.0
0.0000000000
0.0071174377
0.0000000000
0.0
0.0000000000
0.0
0.0
0.0000000000
0.0047449585
0.0000000000
0.0
0.0000000000
0.0000000000
0.0126532226
0.0000000000
0.0000000000
0.0000000000
0.0
0.0
0.0047449585
0.0
0.0176483405
0.0047449585
0.0000000000
0.0
0.0
0.0204276067
0.0000000000
0.0
0.0
0.0000000000
0.0000000000
0.0000000000
0.0000000000
0.0000000000
0.0000000000
0.0035587189
0.0035587189
0.0047449585
0.0000000000
0.0035587189
0.0000000000
0.0000000000
0.0
0.0000000000
0.0000000000
0.0071174377
0.0000000000
0.0155347668
0.0233721266
0.0071174377
0.0000000000
0.0047449585
0.0
0.0
0.0
0.0081342145
0.0000000000
0.0
0.0080879974
0.0000000000
0.0
0.0047449585
0.0035587189
0.0000000000
0.0
0.0000000000
0.0
0.0000000000
0.0
0.0000000000
0.0000000000
0.0125328795
0.0000000000
0.0000000000
0.0000000000
0.0035587189
0.0183993337
0.0192170819
0.0000000000
0.0000000000
0.0035587189
0.0000000000
0.0000000000
0.0000000000
0.0
0.0035587189
0.0000000000
0.0000000000
0.0000000000
0.0
0.0000000000
0.0000000000
0.0064056940
0.0000000000
0.0000000000
0.0137264870
0.0035587189
0.0
0.0000000000
0.0053380783
0.0000000000
0.0000000000
0.0000000000
0.0000000000
0.0000000000
0.0071174377
0.0000000000
0.0135827542
0.0047449585
0.0035587189
0.0
0.0000000000
0.0000000000
0.0000000000
0.0035587189
0.0000000000
0.0000000000
0.0000000000
0.0000000000
0.0000000000
0.0000000000
0.0000000000
0.0071174377
0.0000000000
0.0000000000
0.0047449585
0.0000000000
0.0000000000
0.0000000000
0.0000000000
0.0000000000
0.0000000000
0.0000000000
0.0000000000
0.0000000000
0.0000000000
0.0000000000
0.0000000000
0.0
0.0000000000
0.0000000000
0.0064056940
0.0047449585
0.0000000000
0.0000000000
0.0000000000
0.0000000000
0.0000000000
0.0000000000
0.0000000000
0.0000000000
0.0000000000
0.0000000000
0.0000000000
0.0000000000
0.0000000000
0.0000000000
0.0000000000
0.0000000000
0.0000000000
0.0000000000
