0.0
0.0
0.0
0.0
0.0
0.0
0.0
0.0
0.0
0.0
0.0
0.0
0.0
0.0
0.0
0.0
0.0
0.0
0.0
0.0
0.0
0.0
0.0
0.0
0.0
0.0
0.0307692308
0.0
0.0
0.0
0.0369230769
0.0346153846
0.0
0.0
0.0
0.0
0.0
0.0
0.0
0.0
0.0
0.0
0.0
0.0426035503
0.0
0.0
0.0
0.0
0.0
0.0346153846
0.0
0.0
0.0623076923
0.0
0.0
0.0
0.0
0.0
0.0
0.0
0.0
0.0230769231
0.0
0.0
0.0000000000
0.0
0.0
0.0
0.0
0.0346153846
0.0000000000
0.0000000000
0.0
0.0
0.0
0.0
0.0
0.0
0.0519230769
0.0
0.0
0.0
0.0
0.0
0.0
0.0479289941
0.0
0.0
0.0
0.0
0.0
0.0000000000
0.0
0.0
0.0230769231
0.0
0.0000000000
0.0
0.0
0.0
0.0205128205
0.0
0.0553846154
0.0479289941
0.0000000000
0.0
0.0
0.0
0.0
0.0230769231
0.0000000000
0.0000000000
0.0
0.0
0.0
0.0346153846
0.0000000000
0.0
0.0503496503
0.0000000000
0.0153846154
0.0346153846
0.0366515837
0.0307692308
0.0205128205
0.0000000000
0.0346153846
0.0
0.0000000000
0.0566433566
0.0000000000
0.0
0.0
0.0623076923
0.0366515837
0.0000000000
0.0230769231
0.0153846154
0.0230769231
0.0415384615
0.0
0.0395604396
0.0153846154
0.0230769231
0.0
0.0000000000
0.0000000000
0.0778846154
0.0000000000
0.0000000000
0.0000000000
0.0000000000
0.0153846154
0.0000000000
0.0
0.0153846154
0.0153846154
0.0
0.0291497976
0.0000000000
0.0000000000
0.0000000000
0.0000000000
0.0000000000
0.0
0.0000000000
0.0000000000
