0.0
0.0
0.0
0.0
0.0
0.0
0.0022988506
0.0
0.0
0.0
0.0
0.0
0.0
0.0
0.0
0.0
0.0
0.0
0.0
0.0
0.0
0.0
0.0
0.0034482759
0.0
0.0
0.0
0.0
0.0
0.0
0.0
0.0
0.0
0.0
0.0
0.0
0.0
0.0
0.0
0.0
0.0
0.0
0.0000000000
0.0
0.0
0.0
0.0
0.0
0.0
0.0
0.0
0.0
0.0132183908
0.0
0.0085013855
0.0
0.0
0.0
0.0000000000
0.0
0.0
0.0000000000
0.0
0.0
0.0
0.0017241379
0.0
0.0134106362
0.0017241379
0.0
0.0038793103
0.0038793103
0.0
0.0
0.0
0.0
0.0
0.0
0.0
0.0
0.0
0.0
0.0
0.0000000000
0.0
0.0038793103
0.0
0.0
0.0
0.0
0.0
0.0
0.0094027728
0.0
0.0000000000
0.0
0.0
0.0
0.0017241379
0.0
0.0
0.0
0.0
0.0
0.0
0.0
0.0
0.0
0.0
0.0
0.0
0.0093808391
0.0
0.0
0.0
0.0
0.0
0.0069827586
0.0
0.0
0.0
0.0094272789
0.0
0.0017241379
0.0
0.0039408867
0.0
0.0
0.0100227359
0.0
0.0
0.0
0.0
0.0
0.0
0.0038793103
0.0
0.0
0.0
0.0025862069
0.0043642241
0.0
0.0
0.0
0.0
0.0
0.0017241379
0.0034482759
0.0068965517
0.0000000000
0.0045977011
0.0
0.0000000000
0.0
0.0
0.0
0.0
0.0
0.0
0.0
0.0
0.0
0.0
0.0
0.0
0.0
0.0
0.0
0.0115412748
0.0
0.0
0.0
0.0
0.0
0.0045977011
0.0
0.0
0.0082101806
0.0
0.0
0.0
0.0
0.0
0.0
0.0
0.0
0.0
0.0
0.0000000000
0.0
0.0000000000
0.0
0.0
0.0
0.0017241379
0.0
0.0
0.0
0.0074151948
0.0
0.0000000000
0.0062068966
0.0
0.0
0.0
0.0
0.0076802508
0.0038793103
0.0
0.0
0.0022988506
0.0
0.0
0.0000000000
0.0000000000
0.0
0.0
0.0064986737
0.0094027728
0.0034482759
0.0
0.0
0.0
0.0
0.0
0.0000000000
0.0
0.0
0.0000000000
0.0
0.0
0.0
0.0105210516
0.0
0.0073525496
0.0
0.0
0.0025862069
0.0
0.0
0.0025862069
0.0
0.0
0.0
0.0
0.0000000000
0.0
0.0
0.0
0.0000000000
0.0
0.0117550021
0.0
0.0
0.0
0.0017241379
0.0000000000
0.0
0.0
0.0025862069
0.0
0.0000000000
0.0
0.0
0.0
0.0
0.0017241379
0.0
0.0000000000
0.0022988506
0.0
0.0093808391
0.0000000000
0.0126113268
0.0
0.0
0.0
0.0
0.0
0.0
0.0
0.0
0.0
0.0039408867
0.0
0.0
0.0154821979
0.0
0.0
0.0030651341
0.0
0.0
0.0025862069
0.0
0.0017241379
0.0
0.0
0.0017241379
0.0
0.0
0.0058189655
0.0
0.0
0.0
0.0
0.0000000000
0.0
0.0118280146
0.0000000000
0.0
0.0
0.0
0.0
0.0
0.0031034483
0.0
0.0000000000
0.0022988506
0.0
0.0
0.0000000000
0.0044334975
0.0
0.0000000000
0.0
0.0
0.0028735632
0.0
0.0
0.0
0.0000000000
0.0
0.0
0.0017241379
0.0
0.0000000000
0.0
0.0
0.0000000000
0.0041050903
0.0
0.0097158691
0.0
0.0
0.0
0.0
0.0
0.0
0.0047892720
0.0034482759
0.0
0.0
0.0115451768
0.0
0.0
0.0034482759
0.0
0.0
0.0
0.0
0.0077954612
0.0
0.0084482759
0.0
0.0017241379
0.0
0.0
0.0
0.0000000000
0.0
0.0
0.0000000000
0.0047892720
0.0
0.0
0.0025862069
0.0
0.0017241379
0.0125283575
0.0
0.0
0.0
0.0147620957
0.0000000000
0.0
0.0022988506
0.0017241379
0.0
0.0118280146
0.0077586207
0.0
0.0052246604
0.0017241379
0.0
0.0
0.0
0.0
0.0104632437
0.0027586207
0.0
0.0
0.0000000000
0.0
0.0047745358
0.0
0.0
0.0
0.0
0.0
0.0000000000
0.0
0.0094741808
0.0
0.0022988506
0.0000000000
0.0034482759
0.0000000000
0.0034482759
0.0090303858
0.0
0.0085013855
0.0
0.0039184953
0.0017241379
0.0
0.0
0.0
0.0022988506
0.0
0.0038793103
0.0
0.0
0.0000000000
0.0
0.0
0.0000000000
0.0000000000
0.0
0.0025862069
0.0
0.0017241379
0.0088572574
0.0
0.0
0.0
0.0000000000
0.0
0.0050709939
0.0000000000
0.0
0.0000000000
0.0
0.0
0.0038793103
0.0022988506
0.0
0.0164164685
0.0000000000
0.0
0.0065616472
0.0084261520
0.0017241379
0.0
0.0
0.0
0.0000000000
0.0
0.0
0.0
0.0
0.0
0.0086863711
0.0033156499
0.0038793103
0.0017241379
0.0031034483
0.0034482759
0.0
0.0017241379
0.0
0.0
0.0017241379
0.0
0.0017241379
0.0000000000
0.0
0.0028735632
0.0
0.0000000000
0.0
0.0017241379
0.0
0.0
0.0
0.0000000000
0.0000000000
0.0000000000
0.0080691116
0.0057471264
0.0
0.0000000000
0.0
0.0
0.0066312997
0.0055172414
0.0051724138
0.0
0.0
0.0
0.0
0.0000000000
0.0
0.0039184953
0.0
0.0
0.0000000000
0.0
0.0
0.0000000000
0.0000000000
0.0017241379
0.0
0.0000000000
0.0
0.0
0.0000000000
0.0017241379
0.0
0.0088550385
0.0
0.0022988506
0.0000000000
0.0000000000
0.0000000000
0.0
0.0062901308
0.0045977011
0.0017241379
0.0017241379
0.0
0.0000000000
0.0
0.0061576355
0.0
0.0
0.0000000000
0.0
0.0000000000
0.0000000000
0.0135057471
0.0071816454
0.0
0.0038793103
0.0
0.0034482759
0.0
0.0000000000
0.0017241379
0.0034482759
0.0093348546
0.0
0.0
0.0017241379
0.0041379310
0.0038793103
0.0000000000
0.0000000000
0.0022988506
0.0
0.0
0.0
0.0
0.0
0.0000000000
0.0086206897
0.0000000000
0.0000000000
0.0063479624
0.0
0.0135057471
0.0022988506
0.0
0.0
0.0000000000
0.0
0.0107302231
0.0
0.0031034483
0.0074151948
0.0022988506
0.0
0.0
0.0105210516
0.0145367202
0.0017241379
0.0000000000
0.0017241379
0.0
0.0145367202
0.0
0.0000000000
0.0025862069
0.0063781047
0.0
0.0
0.0000000000
0.0
0.0047892720
0.0000000000
0.0022988506
0.0000000000
0.0
0.0000000000
0.0000000000
0.0017241379
0.0060344828
0.0
0.0000000000
0.0000000000
0.0056426332
0.0000000000
0.0157381020
0.0000000000
0.0
0.0000000000
0.0
0.0000000000
0.0000000000
0.0000000000
0.0
0.0102935694
0.0
0.0
0.0034482759
0.0000000000
0.0017241379
0.0022988506
0.0
0.0
0.0
0.0000000000
0.0034482759
0.0038793103
0.0055172414
0.0017241379
0.0017241379
0.0
0.0017241379
0.0000000000
0.0000000000
0.0
0.0
0.0034482759
0.0034482759
0.0
0.0
0.0058189655
0.0000000000
0.0000000000
0.0017241379
0.0000000000
0.0121609195
0.0017241379
0.0000000000
0.0025862069
0.0000000000
0.0
0.0000000000
0.0017241379
0.0017241379
0.0038793103
0.0
0.0000000000
0.0022988506
0.0025862069
0.0022988506
0.0115412748
0.0000000000
0.0000000000
0.0025862069
0.0017241379
0.0
0.0
0.0117550021
0.0063856960
0.0000000000
0.0000000000
0.0
0.0000000000
0.0000000000
0.0
0.0
0.0000000000
0.0047892720
0.0000000000
0.0025862069
0.0017241379
0.0123656516
0.0000000000
0.0
0.0
0.0000000000
0.0017241379
0.0000000000
0.0022988506
0.0017241379
0.0
0.0047892720
0.0000000000
0.0000000000
0.0017241379
0.0033156499
0.0000000000
0.0
0.0086863711
0.0017241379
0.0000000000
0.0
0.0000000000
0.0000000000
0.0
0.0000000000
0.0092128178
0.0085240090
0.0017241379
0.0000000000
0.0000000000
0.0000000000
0.0025862069
0.0017241379
0.0022988506
0.0000000000
0.0000000000
0.0017241379
0.0
0.0017241379
0.0000000000
0.0000000000
0.0
0.0000000000
0.0025862069
0.0055172414
0.0000000000
0.0017241379
0.0017241379
0.0000000000
0.0
0.0038793103
0.0
0.0
0.0000000000
0.0017241379
0.0076786707
0.0000000000
0.0000000000
0.0000000000
0.0000000000
0.0000000000
0.0017241379
0.0000000000
0.0
0.0000000000
0.0
0.0000000000
0.0000000000
0.0032667877
0.0017241379
0.0
0.0000000000
0.0000000000
0.0000000000
0.0022988506
0.0034482759
0.0
0.0000000000
0.0022988506
0.0131331748
0.0075377600
0.0115451768
0.0000000000
0.0017241379
0.0050709939
0.0017241379
0.0084636015
0.0043642241
0.0000000000
0.0000000000
0.0
0.0
0.0000000000
0.0000000000
0.0077097585
0.0000000000
0.0022988506
0.0000000000
0.0000000000
0.0000000000
0.0
0.0000000000
0.0022988506
0.0000000000
0.0080013040
0.0038793103
0.0000000000
0.0
0.0103495127
0.0034482759
0.0000000000
0.0000000000
0.0
0.0000000000
0.0
0.0017241379
0.0000000000
0.0017241379
0.0022988506
0.0000000000
0.0000000000
0.0000000000
0.0000000000
0.0017241379
0.0
0.0017241379
0.0049876847
0.0000000000
0.0073525496
0.0017241379
0.0000000000
0.0038793103
0.0000000000
0.0
0.0000000000
0.0039184953
0.0000000000
0.0000000000
0.0017241379
0.0000000000
0.0000000000
0.0000000000
0.0
0.0034482759
0.0
0.0000000000
0.0017241379
0.0106386053
0.0000000000
0.0000000000
0.0000000000
0.0000000000
0.0000000000
0.0
0.0102935694
0.0000000000
0.0000000000
0.0
0.0000000000
0.0000000000
0.0000000000
0.0017241379
0.0022988506
0.0049695740
0.0000000000
0.0000000000
0.0000000000
0.0022988506
0.0030651341
0.0
0.0000000000
0.0000000000
0.0000000000
0.0017241379
0.0043642241
0.0000000000
0.0
0.0000000000
0.0017241379
0.0000000000
0.0000000000
0.0
0.0000000000
0.0034482759
0.0000000000
0.0086954810
0.0000000000
0.0000000000
0.0
0.0000000000
0.0034482759
0.0017241379
0.0000000000
0.0000000000
0.0000000000
0.0000000000
0.0017241379
0.0000000000
0.0000000000
0.0045977011
0.0091995669
0.0000000000
0.0
0.0000000000
0.0000000000
0.0000000000
0.0115412748
0.0000000000
0.0017241379
0.0000000000
0.0000000000
0.0000000000
0.0108817734
0.0055276907
0.0000000000
0.0000000000
0.0030651341
0.0000000000
0.0000000000
0.0000000000
0.0000000000
0.0042241379
0.0000000000
0.0109443123
0.0000000000
0.0000000000
0.0000000000
0.0000000000
0.0000000000
0.0000000000
0.0000000000
0.0
0.0000000000
0.0000000000
0.0000000000
0.0000000000
0.0000000000
0.0000000000
0.0
0.0000000000
0.0049695740
0.0000000000
0.0000000000
0.0000000000
0.0
0.0000000000
0.0000000000
0.0000000000
0.0071816454
0.0000000000
0.0000000000
0.0000000000
0.0000000000
0.0017241379
0.0017241379
0.0052801724
0.0000000000
0.0000000000
0.0000000000
0.0027586207
0.0000000000
0.0000000000
0.0022988506
0.0000000000
0.0017241379
0.0000000000
0.0
0.0000000000
0.0000000000
0.0000000000
0.0000000000
0.0000000000
0.0000000000
0.0000000000
0.0000000000
0.0034482759
0.0000000000
0.0000000000
0.0000000000
0.0000000000
0.0000000000
0.0000000000
0.0017241379
0.0000000000
0.0000000000
0.0000000000
0.0000000000
0.0000000000
0.0000000000
0.0000000000
0.0000000000
0.0000000000
0.0000000000
0.0000000000
0.0000000000
0.0000000000
0.0000000000
0.0000000000
0.0000000000
0.0000000000
0.0000000000
0.0000000000
0.0000000000
0.0000000000
0.0000000000
0.0000000000
0.0000000000
0.0000000000
0.0000000000
0.0000000000
0.0000000000
0.0000000000
0.0000000000
0.0000000000
0.0000000000
0.0000000000
0.0000000000
0.0000000000
0.0000000000
0.0000000000
0.0000000000
