0.0
0.0
0.0
0.0
0.0
0.0
0.0
0.0
0.0
0.0
0.0
0.0
0.0
0.0
0.0
0.0
0.0
0.0
0.0
0.0
0.0
0.0
0.0
0.0
0.0
0.0
0.0
0.0
0.0
0.0
0.0
0.0654898262
0.0
0.0
0.0
0.0
0.0
0.0
0.0
0.0
0.0
0.0
0.0
0.0
0.0
0.0
0.0
0.0
0.0
0.0
0.0
0.0
0.0918888259
0.0
0.0
0.0
0.0
0.0
0.0
0.0
0.0
0.0000000000
0.0
0.0
0.0
0.0
0.0
0.0
0.0
0.0
0.0757422271
0.0
0.0
0.0
0.0
0.0
0.0
0.0
0.0
0.0
0.0
0.0
0.0
0.0
0.0
0.0556509790
0.0
0.0
0.0
0.0
0.0
0.0647740904
0.0
0.0
0.0
0.0
0.0733972665
0.0
0.0
0.0
0.0000000000
0.0
0.0167247387
0.0
0.0
0.0
0.0
0.0
0.0
0.0
0.0
0.0000000000
0.0
0.0
0.0
0.0
0.0
0.0
0.0
0.0
0.0000000000
0.0
0.0662215561
0.0
0.1092503091
0.0
0.0563119170
0.0
0.0000000000
0.0
0.0
0.0
0.0
0.0
0.0
0.0
0.0000000000
0.0
0.0000000000
0.0
0.0
0.0108401084
0.0162601626
0.0622239293
0.0
0.0
0.0878048780
0.0
0.0
0.0
0.0308087291
0.0929698709
0.0
0.0
0.0
0.0
0.0
0.0
0.0000000000
0.0747864892
0.0
0.0081300813
0.0
0.0
0.0
0.0
0.0
0.0
0.0000000000
0.0
0.0
0.0
0.0
0.0
0.0
0.0
0.0
0.0
0.0494933551
0.0
0.0
0.0908326325
0.0
0.0
0.0
0.0
0.0
0.0182926829
0.0000000000
0.0937048106
0.0
0.0
0.0000000000
0.0
0.0
0.0
0.0
0.0000000000
0.0308087291
0.0
0.0991937953
0.0731707317
0.0767227090
0.0
0.0
0.0
0.0
0.0
0.0
0.1067897165
0.0
0.0272263188
0.0
0.0499101412
0.0709799912
0.0651299920
0.0576820367
0.0
0.1048996331
0.0000000000
0.0000000000
0.0762293153
0.0000000000
0.0000000000
0.0234146341
0.0162601626
0.0849724626
0.0891252522
0.0
0.0
0.0647740904
0.0254506893
0.0220892775
0.0
0.0
0.0585365854
0.0731707317
0.0
0.0612592172
0.0000000000
0.0
0.0640738299
0.0
0.0000000000
0.0
0.0000000000
0.0774748924
0.0000000000
0.0285544319
0.0409452799
0.0000000000
0.0000000000
0.0
0.0846689895
0.0238924838
0.0450709450
0.0316413975
0.0
0.0000000000
0.0644220573
0.0198429103
0.0757422271
0.0
0.0108401084
0.0
0.0673503326
0.0
0.0
0.0000000000
0.0
0.0831835687
0.0000000000
0.0
0.0182926829
0.0798226164
0.0000000000
0.0000000000
0.0855859822
0.0
0.0
0.0000000000
0.0000000000
0.0904859430
0.0000000000
0.0000000000
0.0000000000
0.0750231553
0.0874808748
0.0
0.0701399913
0.0081300813
0.0108401084
0.0617378049
0.0772225312
0.0081300813
0.0762293153
0.0612592172
0.0000000000
0.0000000000
0.0081300813
0.0000000000
0.0000000000
0.0718403548
0.0000000000
0.0000000000
0.0000000000
0.0716233144
0.0108401084
0.0642474717
0.0081300813
0.0
0.0000000000
0.0762293153
0.0000000000
0.0000000000
0.0081300813
0.0000000000
0.0000000000
