0.0
0.0
0.0
0.0
0.1299638989
0.0
0.1563517915
0.0
0.0
0.0926045016
0.0
0.1298467087
0.0
0.1414538310
0.0
0.1347053321
0.1027837259
0.1368821293
0.0
0.0
0.1374045802
0.0856123662
0.0
0.0
0.0
0.1312670921
0.1100917431
0.1215189873
0.1464903357
0.1293800539
0.0
0.0
0.1476923077
0.1352112676
0.1348314607
0.1451612903
0.1393998064
0.1254355401
0.1032258065
0.0
0.0
0.1489141675
0.1507853403
0.1300813008
0.0
0.1335807050
0.1364928910
0.1293800539
0.1140142518
0.1204013378
0.1191066998
0.1214165261
0.1421520237
0.1334569045
0.1194029851
0.1410381978
0.1226575809
0.0
0.1107692308
0.1548387097
0.0
0.1002785515
0.0857142857
0.1409001957
0.0
0.1481481481
0.0
0.0867992767
0.1340782123
0.1291479821
0.1444332999
0.1428571429
0.1257641921
0.1460446247
0.1366223909
0.1248915872
0.1052631579
0.0030864198
0.0968392737
0.1252173913
0.1327188940
0.1528662420
0.1370123692
0.0
0.1493775934
0.1313868613
0.1333333333
0.0
0.0973630832
0.0801335559
0.1476923077
0.0
0.1162227603
0.1139240506
0.1013370866
0.0
0.1027837259
0.1234991424
0.1252173913
0.1400778210
0.1284567351
0.1038961039
0.1139240506
0.1030042918
0.1259842520
0.1398058252
0.0
0.1114551084
0.1473899693
0.0
0.1140142518
0.1141045959
0.0030864198
0.1202003339
0.0693307655
0.1281138790
0.1166936791
0.0
0.0895522388
0.1413150147
0.1168831169
0.1283422460
0.0628272251
0.1152000000
0.0000000000
0.1301989150
0.0772532189
0.1244598099
0.0000000000
0.1298467087
0.0
0.0
0.0748829953
0.0030864198
0.1568627451
0.0030864198
0.1276595745
0.1124121780
0.0961923848
0.1337047354
0.1175510204
0.1283422460
0.1078651685
0.0
0.1087613293
0.1444332999
0.1165048544
0.0000000000
0.1285714286
0.1173594132
0.1004884857
0.1240310078
0.1201000834
0.1293800539
0.1153846154
0.0955540810
0.0000000000
0.0000000000
0.1177432543
0.1073825503
0.1316270567
0.0000000000
0.1046511628
0.0871143376
0.1347053321
0.1139240506
0.1305530372
0.0030864198
0.0873786408
0.1420118343
0.0
0.0
0.0000000000
0.0
0.0977596741
0.0863309353
0.0
0.1342031687
0.1042722665
0.0
0.1052631579
0.0000000000
0.1082706767
0.1393998064
0.0000000000
0.0981595092
0.1150159744
0.0
0.0000000000
0.1143764893
0.1033740129
0.1246753247
0.1219305673
0.1089258699
0.1262050833
0.0000000000
0.1054945055
0.1359773371
0.1191066998
0.1223449448
0.0
0.1090909091
0.1220338983
0.0
0.1177432543
0.0061728395
0.0
0.0955540810
0.1161290323
0.0895522388
0.0000000000
0.1190082645
0.0
0.1077038145
0.1000000000
0.1068249258
0.0997229917
0.1122369447
0.0
0.1121495327
0.0000000000
0.1133858268
0.1339534884
0.0000000000
0.0
0.1238177128
0.0000000000
0.0000000000
0.1236051502
0.1348314607
0.0963210702
0.1304347826
0.0
0.1451612903
0.1263157895
0.0759894459
0.1288014311
0.0
0.1184210526
0.0648064806
0.1089258699
0.0000000000
0.0000000000
0.0000000000
0.1042722665
0.0843091335
0.1144674086
0.0000000000
0.1132075472
0.0921305182
0.1217244294
0.0000000000
0.1077038145
0.1121495327
0.0909665193
0.0870090634
0.1162227603
0.1156626506
0.1313868613
0.1193040597
0.0
0.0000000000
0.0995162405
0.0000000000
0.0717488789
0.1170731707
0.0936890046
0.1061946903
0.0030864198
0.0000000000
0.0000000000
0.1525423729
0.0789906747
0.0000000000
0.0030864198
0.0
0.0000000000
0.0000000000
0.0000000000
0.0907944515
0.0030864198
0.1188118812
0.0000000000
0.0000000000
0.1114551084
0.0000000000
0.0962566845
0.0030864198
0.0030864198
0.1089258699
0.0
0.0991052994
0.1153846154
0.0000000000
0.0000000000
0.0936890046
0.0968392737
0.0000000000
0.0912547529
0.0000000000
0.0000000000
0.0000000000
0.0992419021
0.1118012422
0.0000000000
0.0000000000
0.0000000000
0.0030864198
0.0802675585
0.0000000000
0.0000000000
0.0030864198
0.0000000000
0.0030864198
0.0030864198
0.0984278879
0.0041152263
0.0000000000
0.0998613037
0.0936890046
0.0000000000
0.1208053691
0.0716774515
0.0000000000
0.0000000000
0.0000000000
0.0041152263
0.0000000000
0.0000000000
0.0000000000
0.0000000000
0.0000000000
0.1082706767
0.0000000000
0.0000000000
0.0000000000
0.0000000000
0.0000000000
0.0000000000
0.0000000000
0.1107692308
0.0030864198
0.0000000000
0.0000000000
0.0000000000
0.0000000000
0.0000000000
0.1056493030
0.0000000000
0.0841121495
0.0000000000
0.0000000000
0.0000000000
0.0000000000
0.1118012422
0.0000000000
0.0000000000
0.0000000000
0.0000000000
0.0000000000
0.0030864198
0.0973630832
0.0873786408
0.0000000000
0.0000000000
0.0000000000
0.0000000000
0.0000000000
0.0000000000
0.0000000000
0.0000000000
0.0000000000
0.0000000000
0.0000000000
0.0000000000
0.0000000000
