0.0
0.0
0.0
0.0
0.0
0.0
0.0000000000
0.0
0.0
0.0000000000
0.0
0.0
0.0
0.0
0.0
0.0
0.0
0.0
0.0
0.0
0.0
0.0
0.0
0.0000000000
0.0
0.0
0.0
0.0
0.0
0.0
0.0
0.0
0.0
0.0
0.0
0.0
0.0
0.0
0.0
0.0
0.0
0.0
0.0000000000
0.0
0.0
0.0
0.0
0.0
0.0
0.0
0.0
0.0
0.0000000000
0.0
0.0057306590
0.0
0.0
0.0
0.0076408787
0.0
0.0
0.0000000000
0.0
0.0
0.0
0.0000000000
0.0
0.0057306590
0.0000000000
0.0
0.0000000000
0.0210621167
0.0
0.0
0.0342259397
0.0
0.0
0.0
0.0
0.0
0.0
0.0
0.0
0.0000000000
0.0
0.0275427680
0.0
0.0
0.0
0.0
0.0
0.0
0.0000000000
0.0
0.0000000000
0.0
0.0
0.0
0.0109219619
0.0
0.0
0.0
0.0
0.0
0.0
0.0
0.0
0.0
0.0
0.0
0.0
0.0038204394
0.0
0.0
0.0
0.0
0.0
0.0000000000
0.0
0.0
0.0
0.0327797732
0.0
0.0000000000
0.0
0.0211578536
0.0
0.0
0.0000000000
0.0
0.0
0.0
0.0
0.0
0.0111851417
0.0057306590
0.0
0.0
0.0
0.0347367746
0.0177661366
0.0
0.0
0.0
0.0241177606
0.0
0.0314508635
0.0038204394
0.0042979943
0.0000000000
0.0000000000
0.0
0.0092836676
0.0
0.0
0.0
0.0
0.0
0.0247591904
0.0
0.0
0.0223784990
0.0
0.0
0.0
0.0
0.0000000000
0.0211578536
0.0360831612
0.0
0.0125454968
0.0
0.0
0.0
0.0028653295
0.0
0.0
0.0064469914
0.0
0.0071633238
0.0
0.0000000000
0.0
0.0
0.0
0.0
0.0
0.0
0.0000000000
0.0
0.0000000000
0.0241177606
0.0168793957
0.0
0.0000000000
0.0
0.0
0.0
0.0242433739
0.0
0.0220603213
0.0318816972
0.0
0.0
0.0
0.0
0.0000000000
0.0064469914
0.0
0.0
0.0285566122
0.0
0.0
0.0028653295
0.0000000000
0.0
0.0
0.0038204394
0.0057306590
0.0000000000
0.0
0.0
0.0
0.0
0.0
0.0000000000
0.0
0.0
0.0028653295
0.0
0.0
0.0
0.0273807517
0.0
0.0179027992
0.0
0.0028653295
0.0038204394
0.0
0.0
0.0042979943
0.0142825656
0.0
0.0
0.0
0.0306232092
0.0
0.0097722817
0.0
0.0000000000
0.0
0.0000000000
0.0237486112
0.0
0.0
0.0000000000
0.0000000000
0.0
0.0
0.0000000000
0.0
0.0000000000
0.0
0.0
0.0
0.0
0.0000000000
0.0149736575
0.0000000000
0.0028653295
0.0
0.0038204394
0.0059694365
0.0028653295
0.0
0.0
0.0
0.0
0.0000000000
0.0
0.0
0.0
0.0057306590
0.0028653295
0.0242433739
0.0
0.0038204394
0.0
0.0
0.0028653295
0.0
0.0000000000
0.0028653295
0.0280405289
0.0038204394
0.0
0.0
0.0000000000
0.0
0.0
0.0239934422
0.0
0.0
0.0
0.0
0.0000000000
0.0
0.0038204394
0.0038204394
0.0
0.0
0.0
0.0
0.0
0.0212544648
0.0
0.0128939828
0.0113215459
0.0
0.0000000000
0.0000000000
0.0000000000
0.0
0.0282104715
0.0
0.0199773725
0.0000000000
0.0
0.0188450518
0.0
0.0227059892
0.0
0.0119388730
0.0207800348
0.0
0.0038204394
0.0
0.0
0.0082889889
0.0057306590
0.0
0.0000000000
0.0255754274
0.0
0.0
0.0
0.0
0.0
0.0258595989
0.0130755882
0.0
0.0
0.0038204394
0.0
0.0089541547
0.0000000000
0.0
0.0028653295
0.0
0.0
0.0038204394
0.0
0.0057306590
0.0
0.0082889889
0.0
0.0
0.0
0.0000000000
0.0
0.0
0.0000000000
0.0000000000
0.0000000000
0.0
0.0000000000
0.0000000000
0.0091016349
0.0119388730
0.0
0.0000000000
0.0
0.0038204394
0.0028653295
0.0
0.0199773725
0.0028653295
0.0038204394
0.0038204394
0.0045845272
0.0038204394
0.0038204394
0.0000000000
0.0222714249
0.0
0.0
0.0
0.0000000000
0.0065493246
0.0
0.0
0.0246281894
0.0
0.0278726215
0.0000000000
0.0000000000
0.0
0.0000000000
0.0
0.0000000000
0.0
0.0000000000
0.0071633238
0.0000000000
0.0000000000
0.0000000000
0.0187690637
0.0028653295
0.0038204394
0.0028653295
0.0000000000
0.0160507855
0.0188450518
0.0000000000
0.0
0.0
0.0
0.0028653295
0.0
0.0064469914
0.0000000000
0.0
0.0000000000
0.0
0.0000000000
0.0000000000
0.0196402017
0.0028653295
0.0071633238
0.0
0.0000000000
0.0000000000
0.0
0.0028653295
0.0
0.0000000000
0.0136524524
0.0241177606
0.0000000000
0.0
0.0000000000
0.0
0.0
0.0000000000
0.0000000000
0.0
0.0057306590
0.0071633238
0.0
0.0000000000
0.0000000000
0.0000000000
0.0000000000
0.0000000000
0.0
0.0000000000
0.0000000000
0.0000000000
0.0
0.0
0.0
0.0028653295
0.0000000000
0.0289113528
0.0000000000
0.0000000000
0.0000000000
0.0
0.0000000000
0.0199773725
0.0
0.0160063235
0.0
0.0000000000
0.0296479477
0.0
0.0212544648
0.0
0.0000000000
0.0071633238
0.0028653295
0.0
0.0
0.0
0.0000000000
0.0000000000
0.0000000000
0.0200634819
0.0042979943
0.0
0.0045845272
0.0177661366
0.0000000000
0.0000000000
0.0042979943
0.0188450518
0.0258595989
0.0000000000
0.0
0.0
0.0038204394
0.0
0.0028653295
0.0000000000
0.0000000000
0.0000000000
0.0264473170
0.0000000000
0.0000000000
0.0000000000
0.0000000000
0.0000000000
0.0000000000
0.0198073523
0.0057306590
0.0000000000
0.0000000000
0.0028653295
0.0057306590
0.0000000000
0.0000000000
0.0071633238
0.0000000000
0.0000000000
0.0
0.0028653295
0.0028653295
0.0000000000
0.0079347587
0.0160507855
0.0000000000
0.0000000000
0.0028653295
0.0
0.0
0.0000000000
0.0000000000
0.0000000000
0.0000000000
0.0089541547
0.0028653295
0.0028653295
0.0000000000
0.0
0.0028653295
0.0000000000
0.0000000000
0.0000000000
0.0038204394
0.0198073523
0.0000000000
0.0000000000
0.0000000000
0.0267513092
0.0038204394
0.0000000000
0.0000000000
0.0000000000
0.0000000000
0.0
0.0
0.0000000000
0.0000000000
0.0000000000
0.0064469914
0.0038204394
0.0000000000
0.0000000000
0.0
0.0000000000
0.0000000000
0.0
0.0176985848
0.0000000000
0.0000000000
0.0038204394
0.0243703026
0.0000000000
0.0028653295
0.0028653295
0.0057306590
0.0000000000
0.0057306590
0.0057306590
0.0000000000
0.0038204394
0.0065493246
0.0000000000
0.0000000000
0.0000000000
0.0000000000
0.0000000000
0.0211578536
0.0
0.0000000000
0.0000000000
0.0000000000
0.0000000000
0.0028653295
0.0000000000
0.0000000000
0.0
0.0038204394
0.0000000000
0.0123782235
0.0000000000
0.0000000000
0.0092836676
0.0000000000
0.0059694365
0.0000000000
0.0038204394
0.0000000000
0.0000000000
0.0000000000
0.0000000000
0.0000000000
0.0000000000
0.0000000000
0.0000000000
0.0000000000
0.0000000000
0.0000000000
0.0000000000
0.0000000000
0.0000000000
0.0000000000
0.0000000000
0.0000000000
0.0000000000
0.0000000000
0.0000000000
0.0000000000
0.0000000000
0.0000000000
