0.0
0.0
0.0
0.0
0.0
0.0
0.1901583710
0.0
0.0
0.0
0.0
0.0
0.2965772759
0.0
0.0
0.2309065934
0.0
0.0
0.0
0.0
0.0
0.0
0.0
0.0
0.0
0.0
0.0
0.0
0.0
0.2214172813
0.0
0.2112870789
0.2693910256
0.0
0.0
0.0
0.2169592153
0.0000000000
0.2586153846
0.0
0.2099150849
0.2169592153
0.2199110413
0.2229442971
0.2811036789
0.1857869142
0.0
0.0
0.0
0.2140855833
0.0
0.2292689580
0.1836756993
0.0
0.1674970108
0.0
0.2545427014
0.2309065934
0.2486686391
0.0
0.2412456946
0.2126771255
0.0
0.0
0.1666336241
0.0
0.2412456946
0.0000000000
0.1666336241
0.0
0.2085607940
0.1592459265
0.2835695007
0.0
0.2020432692
0.0
0.1983246815
0.0000000000
0.1674970108
0.2586153846
0.2394586895
0.2140855833
0.1786017850
0.1857869142
0.1901583710
0.1496616809
0.0
0.0000000000
0.1496616809
0.0000000000
0.0
0.2085607940
0.0
0.1710419210
0.0000000000
0.0
0.0000000000
0.0000000000
0.0000000000
0.0000000000
0.0000000000
