0.0
0.0
0.0
0.0
0.0
0.0
0.0
0.1950383328
0.0
0.0
0.0
0.0
0.0
0.0
0.0
0.0
0.0
0.0
0.0
0.0
0.1589029647
0.0
0.0
0.2039577687
0.0
0.0
0.0
0.0
0.0
0.0
0.0
0.2144171415
0.1956086203
0.1779206068
0.0
0.0
0.0
0.2158004779
0.0
0.0
0.0
0.0
0.0
0.0
0.0
0.0
0.0
0.0
0.0
0.0
0.0
0.0
0.0
0.2077582241
0.0
0.0
0.0
0.1985108254
0.0
0.1702242955
0.0
0.0
0.0
0.2186213992
0.1884454877
0.2002938567
0.0
0.0
0.1848015142
0.0
0.2110351677
0.2314814815
0.2298905435
0.0
0.0
0.2103715351
0.2164988613
0.2052090434
0.0
0.0
0.0
0.0
0.2260072573
0.0
0.0
0.2027216611
0.0092592593
0.0
0.2021092089
0.2015004462
0.0
0.0
0.2244904300
0.0
0.0
0.0
0.1612003570
0.0
0.2275447216
0.1961822526
0.1774486688
0.0
0.0
0.1832825977
0.0
0.0
0.0
0.1827818255
0.0
0.0
0.1737614238
0.1808058058
0.0
0.2117030005
0.1853134298
0.0
0.1950383328
0.1423364854
0.0
0.0
0.1779206068
0.0
0.0
0.0
0.2090567130
0.1680857994
0.2084054459
0.1746687941
0.0
0.2252462901
0.2330945929
0.0
0.2389219577
0.2200596979
0.0
0.1853134298
0.1647737639
0.1788720539
0.1996959646
0.0
0.1689347175
0.2008953398
0.0
0.0000000000
0.2027216611
0.0
0.2397783088
0.1905930147
0.2172017797
0.0
0.1608128561
0.0
0.0
0.1879161465
0.0
0.1774486688
0.1793516036
0.0
0.0000000000
0.0
0.2008953398
0.2298905435
0.2222529839
0.2008953398
0.0000000000
0.1592813051
0.0000000000
0.0
0.1733112646
0.0
0.0
0.0
0.2229938272
0.1476780312
0.0
0.1751260423
0.1660003676
0.1884454877
0.2144171415
0.1503329172
0.0
0.0000000000
0.1710950081
0.0000000000
0.1340644251
0.1996959646
0.0092592593
0.1570379065
0.0000000000
0.0000000000
0.0
0.0092592593
0.0000000000
0.1944713609
0.1480047525
0.1719746739
0.1755856907
0.1432508526
0.1737614238
0.1340644251
0.0000000000
0.1414337170
0.0092592593
0.0
0.0000000000
0.0
0.0000000000
0.0000000000
0.0000000000
0.0000000000
0.0000000000
0.1783950617
0.0000000000
0.0000000000
0.0000000000
