0.0
0.0
0.0
0.0
0.0
0.2052957935
0.0
0.1501225490
0.0
0.0
0.0
0.0
0.0
0.0
0.0
0.0
0.0
0.0
0.1679692856
0.0
0.1473595573
0.0
0.0
0.1357039991
0.0
0.0
0.0392156863
0.0
0.0
0.0
0.0
0.1728029341
0.1766147636
0.1805985552
0.0
0.0
0.0
0.1703518287
0.0
0.1612054218
0.0
0.0
0.0
0.2088661552
0.0
0.2309577677
0.0
0.2001633987
0.1510667160
0.0
0.0
0.0
0.1847662142
0.1906318083
0.1805985552
0.0
0.1312546877
0.1740551293
0.0
0.1612054218
0.0
0.1633986928
0.0
0.1952813646
0.1251021242
0.0261437908
0.0261437908
0.0
0.0000000000
0.1062814506
0.1482691842
0.1446964328
0.2163928635
0.0
0.0196078431
0.1257571091
0.1921568627
0.0000000000
0.0
0.0
0.1200980392
0.0000000000
0.1501225490
0.0
0.1364750446
0.1529911328
0.1668028322
0.1792508048
0.1510667160
0.0000000000
0.0000000000
0.0000000000
0.0000000000
0.0000000000
0.0000000000
0.0000000000
0.0196078431
0.0000000000
