0.0
0.0
0.0
0.0
0.0
0.0
0.0800818953
0.0
0.0
0.0
0.0
0.0
0.0
0.0
0.0
0.0875739645
0.0
0.0
0.0
0.0
0.0
0.0
0.0
0.0
0.0
0.0
0.0
0.0
0.0
0.0000000000
0.0
0.0929869248
0.0
0.0
0.0
0.0
0.0819515115
0.0000000000
0.0000000000
0.0
0.1007729113
0.0646059462
0.0
0.0868517050
0.0768669287
0.0
0.0
0.0
0.0
0.0589133943
0.0
0.0
0.0735132233
0.0
0.1005324032
0.0
0.1017465626
0.0000000000
0.0
0.0
0.0
0.0
0.0
0.0
0.0
0.0
0.0
0.0
0.0
0.0
0.0886801619
0.0822716346
0.1123282051
0.0
0.0153846154
0.0
0.1108502024
0.0
0.0000000000
0.0
0.1117322995
0.1017465626
0.0
0.0678310417
0.1228078044
0.0652060014
0.0
0.1045237641
0.1002930403
0.0864950245
0.0
0.0
0.0
0.0
0.0
0.0
0.0000000000
0.0814759708
0.0
0.0
0.0
0.0000000000
0.0907824934
0.0076923077
0.0
0.0000000000
0.0
0.0
0.0
0.1217429969
0.0946585998
0.0000000000
0.0810059172
0.0606960763
0.0953010790
0.1126285479
0.1007729113
0.0000000000
0.0667560649
0.0
0.0
0.0000000000
0.0102564103
0.1029904081
0.0
0.0749520942
0.1129305011
0.0
0.0
0.0000000000
0.0
0.0817923824
0.0601758242
0.0
0.0671819409
0.0656122694
0.1077316545
0.0
0.0754893852
0.0817923824
0.0861412616
0.0650047483
0.1034965035
0.0
0.0981889905
0.0
0.0757609297
0.0
0.0942350714
0.0763099220
0.0000000000
0.0000000000
0.0872113394
0.0102564103
0.0
0.0000000000
0.0929869248
0.1022404780
0.0000000000
0.0757609297
0.0673969231
0.0
0.0854423467
0.0712742418
0.0000000000
0.0000000000
0.0000000000
0.0000000000
0.0
0.0732575251
0.0
0.0076923077
0.0765874126
0.0
0.0000000000
0.0864950245
0.0
0.0
0.0710338565
0.0868517050
0.0000000000
0.0000000000
0.0000000000
0.0102564103
0.0772900494
0.0000000000
0.0716378859
0.0892438070
0.0076923077
0.0948717949
0.0
0.1173344761
0.0634383689
0.0000000000
0.0000000000
0.0153846154
0.0102564103
0.0725009930
0.0000000000
0.0000000000
0.0076923077
0.0076923077
0.0839105118
0.0817923824
0.0581007958
0.0
0.0000000000
0.0000000000
0.0000000000
0.0000000000
0.0000000000
0.0000000000
0.0000000000
0.0
0.0942350714
0.0000000000
0.0076923077
0.0
0.0000000000
0.0000000000
0.0589133943
0.0000000000
0.0000000000
0.0000000000
0.0000000000
0.0000000000
