0.0
0.0
0.0
0.0
0.0
0.0
0.0
0.0
0.0
0.0
0.0
0.0
0.0
0.0
0.0
0.0893861100
0.0
0.0
0.0
0.0
0.0
0.0
0.0
0.0
0.0
0.0
0.0
0.0
0.0
0.0000000000
0.0
0.1177183145
0.0
0.0
0.0
0.0
0.1038145765
0.0060975610
0.0818910014
0.0
0.1096420060
0.0
0.0
0.0895378691
0.0746994403
0.0
0.0
0.0
0.0
0.0955395016
0.0
0.0
0.0945121951
0.0
0.0906147850
0.0
0.0
0.1105614358
0.0
0.0
0.0
0.0
0.0
0.0
0.0
0.0
0.0
0.0
0.0
0.0
0.0858921904
0.0945121951
0.0896901444
0.0
0.0863139196
0.0
0.1067566900
0.0
0.0060975610
0.0
0.1054756098
0.1052650796
0.0
0.1166765595
0.1105614358
0.0811350844
0.0
0.1074089712
0.0935067462
0.0751250782
0.0
0.0
0.0
0.0
0.0
0.0
0.0000000000
0.0775555954
0.0
0.0
0.0
0.0640021904
0.0000000000
0.0081300813
0.0
0.0060975610
0.0
0.0
0.0
0.1058992066
0.0000000000
0.0000000000
0.1201316740
0.0976626016
0.0776698157
0.1159072635
0.1006446658
0.0000000000
0.0
0.0
0.0
0.0
0.0871699254
0.1038145765
0.0
0.0746994403
0.0
0.0
0.0
0.0
0.0
0.1054756098
0.0060975610
0.0
0.0060975610
0.1010302775
0.1105614358
0.0
0.0
0.0684018222
0.0858921904
0.0
0.0060975610
0.0
0.0060975610
0.0
0.0738624718
0.0
0.1232191703
0.0060975610
0.0000000000
0.0000000000
0.0847874676
0.0870260807
0.0
0.0640021904
0.0899962541
0.0987599342
0.0771020539
0.0664204092
0.0060975610
0.0
0.0890841299
0.1078482717
0.0926850701
0.0000000000
0.0000000000
0.0841113315
0.0
0.0948521670
0.0
0.0789488097
0.0773281596
0.0
0.0060975610
0.0868827098
0.0
0.0
0.0996933930
0.0000000000
0.0060975610
0.0
0.0761007285
0.0000000000
0.0000000000
0.0755555944
0.0978437938
0.0664204092
0.0693918485
0.0751250782
0.0
0.0982082028
0.1119698617
0.0
0.0060975610
0.0620444763
0.0695749405
0.0940067823
0.0
0.0000000000
0.0121951220
0.0751250782
0.0060975610
0.0596581503
0.0000000000
0.0
0.0917179215
0.0720461815
0.0000000000
0.0
0.0000000000
0.0858921904
0.0849240014
0.0
0.1022050482
0.0
0.0665881375
0.0
0.0989452249
0.0976626016
0.1028027386
0.0000000000
0.0000000000
0.0000000000
0.0000000000
0.0775555954
0.0000000000
0.0000000000
0.0890841299
0.0000000000
0.0000000000
0.1008371030
0.0671819170
0.0733488246
0.0789488097
0.0915586890
0.0000000000
0.0877500913
0.0000000000
0.0060975610
0.0738624718
0.0000000000
0.0878963415
0.0000000000
0.0664204092
0.0000000000
0.0000000000
0.0000000000
0.0
0.0671819170
0.0000000000
0.0
0.0060975610
0.0081300813
0.0000000000
0.0000000000
0.0
0.0000000000
0.0000000000
0.0000000000
0.0000000000
0.0000000000
0.0
0.0000000000
0.0811350844
0.0000000000
0.0060975610
0.0000000000
0.0899962541
0.0000000000
0.0000000000
0.0
0.0000000000
0.0000000000
0.0000000000
0.0000000000
0.0000000000
0.0000000000
0.0000000000
