0.0
0.0
0.0
0.0
0.0
0.0
0.0
0.0
0.0
0.0
0.0
0.0
0.0
0.0
0.0
0.0
0.0
0.0
0.0
0.0
0.0
0.0
0.0
0.0
0.0
0.0
0.0
0.0
0.0
0.0
0.0
0.0
0.0
0.0
0.0
0.0
0.0
0.0
0.0
0.0
0.0
0.0
0.0
0.0
0.0
0.0
0.0
0.0
0.0
0.0
0.0
0.0
0.0
0.0
0.0
0.0
0.0
0.0
0.0
0.0
0.1044277360
0.0
0.0
0.0
0.0
0.0
0.0
0.0
0.0
0.0
0.0
0.0
0.0
0.0
0.0
0.1019991840
0.0
0.0
0.0
0.1296344309
0.0
0.0
0.0
0.0
0.0
0.0
0.0956937799
0.0
0.0
0.0
0.0
0.1241310824
0.0
0.0
0.0
0.0
0.0
0.0
0.0
0.0
0.0
0.0
0.0
0.0
0.0
0.0
0.0
0.0
0.0
0.1453911021
0.0
0.0
0.0
0.0
0.0
0.0
0.0
0.0
0.1414827391
0.1129433025
0.0
0.0792644261
0.0
0.0
0.0
0.0
0.0
0.0
0.0
0.0
0.0
0.0
0.0
0.1430205950
0.0
0.0
0.0
0.1363512408
0.0
0.1407261469
0.0
0.1265182186
0.0
0.0
0.0
0.0
0.0
0.0
0.0
0.0
0.1096491228
0.0
0.0292397661
0.0
0.0
0.0
0.1241310824
0.0
0.0105263158
0.0
0.0
0.0105263158
0.0993048659
0.0105263158
0.1259128683
0.0
0.0
0.0929886554
0.0
0.0
0.0
0.1503759398
0.0
0.1235483074
0.0
0.0000000000
0.1218323587
0.1271294177
0.0
0.1149161112
0.0
0.0
0.1335826877
0.1065416578
0.0292397661
0.0
0.0
0.0
0.1253132832
0.0
0.0
0.0889046942
0.1356483993
0.0
0.0
0.0
0.0
0.0
0.0933184024
0.0
0.0
0.0
0.0
0.0
0.0105263158
0.0375939850
0.1438021283
0.0
0.0
0.0865650970
0.0
0.0
0.0
0.0000000000
0.1159285880
0.1159285880
0.0
0.1154201293
0.1044277360
0.0
0.0105263158
0.0
0.0933184024
0.1461988304
0.0
0.0105263158
0.0
0.0202429150
0.1174812030
0.0000000000
0.1315789474
0.0
0.0105263158
0.0910580951
0.0
0.1385041551
0.0105263158
0.0
0.0
0.0
0.0105263158
0.0953470633
0.1031991744
0.0000000000
0.0929886554
0.0202429150
0.0000000000
0.0963948332
0.1124606388
0.0812215724
0.0000000000
0.0
0.0105263158
0.0000000000
0.1019991840
0.0
0.0
0.0105263158
0.0000000000
0.0923361034
0.0000000000
0.0105263158
0.1056859015
0.0105263158
0.0
0.0000000000
0.0
0.0000000000
0.0105263158
0.0105263158
0.0000000000
0.0239234450
0.0000000000
0.0105263158
0.1115075825
0.0105263158
0.0105263158
0.0000000000
0.0000000000
0.0000000000
0.0000000000
0.0000000000
0.0000000000
0.0000000000
0.0000000000
