0.0
0.0
0.0
0.0
0.1296265606
0.0
0.1596258503
0.0
0.0
0.0932705302
0.0
0.1329160530
0.0
0.1433765123
0.0
0.1390930646
0.0
0.1421604265
0.0
0.0
0.1428875898
0.0961601508
0.0
0.0
0.0
0.1269751082
0.1101229585
0.1274579033
0.1484562824
0.1314565826
0.0
0.0
0.1514066331
0.1305351580
0.1381757155
0.1395563221
0.1430095076
0.1279443839
0.1166368426
0.0
0.0
0.1533459678
0.1566421896
0.1361552745
0.0
0.1422811060
0.1431316335
0.1310454596
0.1181163797
0.1187019425
0.1287305245
0.1218961039
0.1511335824
0.1368221574
0.1333390158
0.1456187166
0.1287305245
0.0
0.1155911330
0.1551917989
0.0
0.1063497099
0.1159108872
0.1448635634
0.0
0.1448635634
0.0
0.0958302704
0.1372703873
0.1343005952
0.1484562824
0.1393243083
0.0000000000
0.1536270787
0.1335515083
0.1275549032
0.1074404762
0.0872953869
0.1100506519
0.1278467909
0.1392085904
0.1536270787
0.1401397516
0.0
0.1507258479
0.1330215420
0.1356044845
0.0
0.0994111168
0.0982456875
0.1481937603
0.0
0.1219848201
0.1163938492
0.1116636528
0.0
0.1033973738
0.1288294718
0.1297268908
0.1444889163
0.1404921566
0.1282380588
0.1163938492
0.1125635614
0.1288294718
0.1434992661
0.0
0.1140960809
0.1483249052
0.0
0.1245223944
0.1282380588
0.1001835881
0.1289285714
0.1021371986
0.1296265606
0.1297268908
0.0
0.0997068072
0.1481937603
0.1218961039
0.1266871828
0.0888220153
0.1323911081
0.0000000000
0.1382897218
0.0991171750
0.1253606155
0.0000000000
0.1345161660
0.0
0.0
0.1234220492
0.0027472527
0.1463817842
0.0027472527
0.1357142857
0.1238781544
0.1198906601
0.1389777304
0.1256425359
0.1324957651
0.1205806783
0.0
0.1123372271
0.1487197363
0.1154319166
0.0979585873
0.1360447588
0.1249866837
0.1233312309
0.1363768453
0.1224303454
0.1353854143
0.1333390158
0.0977301125
0.0000000000
0.0000000000
0.1156709060
0.1146423686
0.1393243083
0.0000000000
0.1136319613
0.1065525384
0.1397891100
0.1232405462
0.1288294718
0.1000042618
0.1044281264
0.1485878926
0.0
0.0
0.0773809524
0.0
0.1080639219
0.0027472527
0.0
0.1414406269
0.1083433373
0.0
0.1118872783
0.0036630037
0.1121868426
0.1393243083
0.1155114699
0.1119620193
0.1232405462
0.0
0.0000000000
0.1144076060
0.1083433373
0.1334451774
0.1294263651
0.1148780965
0.1359344224
0.0000000000
0.1183666263
0.1409647963
0.1244299502
0.0948004202
0.0
0.1138635481
0.1286317290
0.0
0.1204074302
0.0961601508
0.0
0.1293264991
0.0
0.0934786073
0.0966592519
0.1371580547
0.0
0.1068241828
0.1057458315
0.1238781544
0.1115150651
0.1148780965
0.0
0.1378348214
0.0000000000
0.1293264991
0.1399057954
0.0000000000
0.0
0.1306369001
0.0000000000
0.0000000000
0.1248005531
0.1434992661
0.1041038154
0.1339785315
0.0
0.1471528910
0.1306369001
0.0990585951
0.1283362503
0.0
0.1297268908
0.0764282457
0.1292267871
0.0000000000
0.0000000000
0.0000000000
0.1162324153
0.1076474906
0.1215425256
0.0000000000
0.1169624165
0.1232405462
0.1265914976
0.0000000000
0.1068241828
0.1172898131
0.0961050131
0.0915385816
0.1279443839
0.1185340473
0.1328107313
0.0000000000
0.0
0.1043631027
0.1033973738
0.0981306457
0.0860848191
0.1191237689
0.1130952381
0.1133246402
0.0845220085
0.0000000000
0.0000000000
0.1491166751
0.0869782786
0.0000000000
0.0811264002
0.0
0.0000000000
0.0000000000
0.0000000000
0.1144857533
0.0963813357
0.1220736656
0.0000000000
0.0751938730
0.1294263651
0.0000000000
0.1048199768
0.0027472527
0.0027472527
0.1261152316
0.0
0.0027472527
0.1156709060
0.0958302704
0.0997661565
0.1137090521
0.0998255764
0.0000000000
0.0036630037
0.1144857533
0.0000000000
0.0000000000
0.0987085647
0.1172898131
0.0000000000
0.0000000000
0.0000000000
0.0027472527
0.0984187568
0.0000000000
0.1130952381
0.0873408769
0.0000000000
0.0000000000
0.0920918367
0.1248935491
0.1116636528
0.0000000000
0.1056125664
0.1064172336
0.0992345428
0.1218075166
0.0859964817
0.1088358071
0.0000000000
0.0000000000
0.0843518585
0.0750591773
0.0000000000
0.0000000000
0.0000000000
0.0000000000
0.1124880153
0.0938449848
0.0000000000
0.0000000000
0.1228791370
0.0000000000
0.0000000000
0.0000000000
0.1214544513
0.0027472527
0.0000000000
0.0000000000
0.1130952381
0.0000000000
0.0000000000
0.0054945055
0.1176190476
0.1127149582
0.0000000000
0.0000000000
0.0000000000
0.0000000000
0.1171258860
0.1161518662
0.0000000000
0.0000000000
0.0000000000
0.1154319166
0.0000000000
0.0994111168
0.1091192336
0.1168808528
0.0000000000
0.0000000000
0.0000000000
0.1031428571
0.0000000000
0.0000000000
0.0000000000
0.0000000000
0.0000000000
0.0000000000
0.0000000000
0.0846500722
0.1220736656
0.0000000000
0.0000000000
0.0961050131
0.0000000000
0.0000000000
0.0000000000
0.0000000000
0.0000000000
0.0959399787
0.1192084942
0.0000000000
0.0000000000
0.0000000000
0.0000000000
0.0000000000
0.1000639659
0.0000000000
0.0000000000
0.0000000000
0.0000000000
0.0000000000
0.0000000000
0.0000000000
0.0000000000
0.0000000000
0.0000000000
0.0000000000
0.0000000000
0.0000000000
0.0000000000
0.0000000000
0.0000000000
0.0000000000
0.0000000000
0.0000000000
0.0000000000
0.0000000000
0.0000000000
0.0000000000
0.0000000000
0.0000000000
