0.0
0.0
0.0
0.0
0.0
0.0
0.0
0.0
0.0
0.0
0.0
0.0
0.0
0.0
0.0
0.0
0.0
0.0
0.0
0.0
0.0
0.0
0.0
0.0
0.0
0.0
0.0
0.0
0.0
0.0
0.0
0.0076335878
0.0
0.0
0.0
0.0
0.0
0.0
0.0
0.0
0.0
0.0
0.0
0.0
0.0
0.0
0.0
0.0
0.0
0.0
0.0
0.0
0.0692101039
0.0
0.0
0.0
0.0
0.0
0.0
0.0
0.0
0.0000000000
0.0
0.0
0.0
0.0
0.0
0.0
0.0
0.0
0.0992366412
0.0
0.0
0.0
0.0
0.0
0.0
0.0
0.0
0.0
0.0
0.0
0.0
0.0
0.0
0.0271416455
0.0
0.0
0.0
0.0
0.0
0.0
0.0
0.0
0.0
0.0
0.0544795750
0.0
0.0
0.0
0.0
0.0
0.0195419847
0.0
0.0
0.0
0.0
0.0
0.0
0.0
0.0
0.0171755725
0.0
0.0
0.0
0.0
0.0
0.0
0.0
0.0
0.0000000000
0.0
0.0548501843
0.0
0.0932136081
0.0
0.0695084233
0.0
0.0000000000
0.0
0.0
0.0
0.0
0.0
0.0
0.0
0.0777154419
0.0
0.0000000000
0.0
0.0
0.0846506782
0.1017410360
0.0287382128
0.0
0.0
0.0610831598
0.0
0.0
0.0
0.0862350492
0.0943038257
0.0
0.0
0.0
0.0
0.0
0.0
0.0000000000
0.0708833152
0.0
0.0585334091
0.0
0.0
0.0
0.0
0.0
0.0
0.0000000000
0.0
0.0
0.0
0.0
0.0
0.0
0.0
0.0
0.0
0.0101781170
0.0
0.0
0.0802286279
0.0
0.0
0.0
0.0
0.0
0.0000000000
0.0000000000
0.0454252231
0.0
0.0
0.0076335878
0.0
0.0
0.0
0.0
0.0076335878
0.0846506782
0.0
0.0760658217
0.0731335791
0.0615494435
0.0
0.0
0.0
0.0
0.0
0.0
0.0839893448
0.0
0.0748304139
0.0
0.0232642675
0.0998511096
0.0693589428
0.0494661172
0.0
0.0900891296
0.0000000000
0.0758868433
0.0636132316
0.0101781170
0.0883613929
0.0924123450
0.0114503817
0.0764263232
0.0794381980
0.0
0.0
0.1050550762
0.0918857789
0.0076335878
0.0
0.0
0.0000000000
0.0568816727
0.0
0.0846506782
0.0748304139
0.0
0.0076335878
0.0
0.0000000000
0.0
0.0552258705
0.0499255548
0.0522721368
0.1040384142
0.0148045339
0.0000000000
0.0152671756
0.0
0.0995429272
0.0728034050
0.0187903699
0.0708833152
0.0
0.0000000000
0.0806297710
0.0244274809
0.0974377897
0.0
0.0171755725
0.0
0.0824856992
0.0
0.0
0.0076335878
0.0
0.0954198473
0.0833382646
0.0
0.0076335878
0.0608526574
0.0000000000
0.0000000000
0.0878798594
0.0
0.0
0.0114503817
0.0000000000
0.0945803765
0.0
0.0152671756
0.0000000000
0.0992366412
0.0641191022
0.0
0.0203562341
0.0656861678
0.0878798594
0.0
0.0613154152
0.0583217150
0.0804286992
0.0864662424
0.0000000000
0.0000000000
0.0000000000
0.0000000000
0.0000000000
0.0883613929
0.0000000000
0.0000000000
0.0000000000
0.0943038257
0.0000000000
0.0881199683
0.0000000000
0.0
0.0076335878
0.0608526574
0.0076335878
0.0
0.0662256846
0.0000000000
0.0738029940
0.0000000000
0.0000000000
0.0
0.0000000000
0.0
0.0076335878
0.0000000000
0.0000000000
0.0000000000
0.0000000000
0.0000000000
0.0000000000
0.0000000000
0.0000000000
0.0000000000
