0.0
0.0
0.0
0.0
0.0
0.0
0.0
0.0
0.0
0.0
0.0
0.0
0.0
0.0
0.0
0.0
0.0
0.0
0.0
0.0
0.0
0.0
0.0
0.0
0.0
0.0
0.0
0.0
0.0
0.0
0.0
0.0071428571
0.0
0.0
0.0
0.0
0.0
0.0
0.0
0.0
0.0
0.0
0.0
0.0
0.0
0.0
0.0
0.0
0.0
0.0
0.0
0.0
0.0355911330
0.0
0.0
0.0
0.0
0.0
0.0
0.0
0.0
0.0356949807
0.0
0.0
0.0
0.0
0.0
0.0
0.0
0.0
0.0331837760
0.0
0.0
0.0
0.0
0.0
0.0
0.0
0.0
0.0
0.0
0.0
0.0
0.0
0.0
0.0218750000
0.0
0.0
0.0
0.0
0.0
0.0
0.0
0.0
0.0
0.0
0.0245748299
0.0
0.0
0.0
0.0
0.0
0.0159090909
0.0
0.0
0.0
0.0
0.0
0.0
0.0
0.0
0.0160714286
0.0
0.0
0.0
0.0
0.0
0.0
0.0
0.0
0.0000000000
0.0
0.0396978022
0.0
0.0415318958
0.0
0.0000000000
0.0
0.0000000000
0.0
0.0
0.0
0.0
0.0
0.0
0.0
0.0000000000
0.0
0.0071428571
0.0
0.0
0.0584386852
0.0717779503
0.0218750000
0.0
0.0
0.0294897959
0.0
0.0
0.0
0.0579260652
0.0524092971
0.0
0.0
0.0
0.0
0.0
0.0
0.0303571429
0.0356949807
0.0
0.0381709331
0.0
0.0
0.0
0.0
0.0
0.0
0.0206428571
0.0
0.0
0.0
0.0
0.0
0.0
0.0
0.0
0.0
0.0
0.0
0.0
0.0000000000
0.0
0.0
0.0
0.0
0.0
0.0449222546
0.0000000000
0.0160714286
0.0
0.0
0.0071428571
0.0
0.0
0.0
0.0
0.0000000000
0.0584386852
0.0
0.0278957529
0.0524092971
0.0
0.0
0.0
0.0
0.0
0.0
0.0
0.0465040241
0.0
0.0519966254
0.0
0.0194444444
0.0695112782
0.0000000000
0.0396978022
0.0
0.0458581349
0.0107142857
0.0500270563
0.0071428571
0.0245748299
0.0584386852
0.0303571429
0.0071428571
0.0400216450
0.0368914605
0.0
0.0
0.0687872024
0.0210641399
0.0071428571
0.0
0.0
0.0485556723
0.0400216450
0.0
0.0600324675
0.0519966254
0.0
0.0071428571
0.0
0.0000000000
0.0
0.0107142857
0.0160714286
0.0353132162
0.0710061444
0.0125000000
0.0000000000
0.0125000000
0.0
0.0574223602
0.0492803838
0.0159090909
0.0000000000
0.0
0.0000000000
0.0000000000
0.0194444444
0.0368622449
0.0
0.0071428571
0.0
0.0
0.0
0.0
0.0000000000
0.0
0.0
0.0574223602
0.0
0.0071428571
0.0278957529
0.0000000000
0.0000000000
0.0402656794
0.0
0.0
0.0160714286
0.0000000000
0.0370987159
0.0
0.0000000000
0.0000000000
0.0303571429
0.0458581349
0.0
0.0000000000
0.0452299413
0.0622978437
0.0
0.0382275132
0.0397805508
0.0333513709
0.0605832241
0.0000000000
0.0000000000
0.0000000000
0.0107142857
0.0000000000
0.0245748299
0.0000000000
0.0000000000
0.0000000000
0.0628911565
0.0000000000
0.0251742160
0.0000000000
0.0
0.0000000000
0.0278957529
0.0
0.0
0.0434445489
0.0584386852
0.0000000000
0.0000000000
0.0071428571
0.0
0.0000000000
0.0
0.0071428571
0.0107142857
0.0000000000
0.0000000000
0.0000000000
0.0000000000
0.0000000000
0.0000000000
0.0000000000
0.0402656794
0.0000000000
0.0000000000
0.0071428571
0.0000000000
0.0000000000
0.0446187259
0.0000000000
0.0000000000
0.0000000000
0.0492803838
0.0000000000
0.0000000000
0.0000000000
0.0000000000
