0.0
0.0
0.0
0.0
0.0
0.0
0.0
0.0
0.0
0.0
0.0
0.0
0.0
0.0
0.0
0.0
0.0
0.0
0.0
0.0
0.0
0.0
0.0
0.0
0.0
0.0
0.0
0.0
0.0
0.0745864253
0.0
0.1108901566
0.0
0.0
0.0
0.0
0.0
0.0876377015
0.0
0.0
0.1095867461
0.0
0.0
0.0
0.0828454827
0.0
0.0
0.0
0.0
0.0933766881
0.0
0.0
0.1101844920
0.0
0.1185938759
0.0
0.0
0.0
0.0
0.0
0.0
0.0
0.0
0.0
0.0
0.0
0.0
0.0
0.0
0.0
0.1263847145
0.1064117131
0.1057617288
0.0
0.0937377735
0.0
0.1055774749
0.0
0.0899131611
0.0
0.0
0.0982195634
0.0
0.0
0.1144503694
0.1249514857
0.0
0.1065988929
0.0
0.1010866899
0.0
0.0
0.0
0.0
0.0
0.0
0.0000000000
0.0029411765
0.0
0.0
0.0
0.0925920101
0.0663398693
0.0786011292
0.0
0.0
0.0
0.0
0.0
0.1238028000
0.0987799032
0.0
0.0938829908
0.1006668947
0.1117077799
0.1084105019
0.0
0.0
0.0
0.0
0.0
0.0
0.1043054571
0.1100844152
0.0
0.0886634537
0.0
0.0
0.0
0.0
0.0
0.0
0.0
0.0
0.0
0.0930898166
0.1065988929
0.0
0.0
0.1307475094
0.0
0.0
0.0781954459
0.0
0.1058540971
0.0
0.0029411765
0.0
0.1108901566
0.1022809630
0.0058823529
0.0
0.0
0.0
0.0
0.1172175447
0.1037696414
0.0
0.1069752349
0.1095867461
0.0
0.0
0.1147755125
0.0
0.1062251895
0.0937377735
0.0802137268
0.0
0.0
0.1050285452
0.0
0.0960403654
0.0
0.0
0.0993466731
0.0603600305
0.0
0.0
0.0875111489
0.0848166138
0.0852341358
0.0
0.1065052207
0.0000000000
0.0987799032
0.0
0.0
0.1067867323
0.1009183524
0.1238028000
0.0
0.1103851923
0.1125375498
0.0
0.0
0.0897799564
0.0905851578
0.0903825065
0.0
0.0
0.1318856814
0.1072592400
0.0
0.1035037926
0.0850546956
0.0
0.0
0.0
0.0000000000
0.0
0.0856557888
0.0
0.0
0.0
0.0039215686
0.0
0.0
0.0
0.0000000000
0.0
0.0
0.0865735294
0.0905175065
0.0000000000
0.0
0.1081203757
0.0
0.0029411765
0.0
0.0968074610
0.0
0.1004999512
0.0
0.1037696414
0.0754688301
0.0671112631
0.0987799032
0.0000000000
0.0
0.1223036742
0.1044852941
0.0
0.0
0.0000000000
0.1259905833
0.0813988859
0.0
0.0866973828
0.0
0.1108901566
0.1090935564
0.0
0.0
0.0
0.0
0.1080240117
0.0
0.1238028000
0.0000000000
0.0978231971
0.0924507560
0.0061274510
0.0
0.1076402675
0.0039215686
0.0824509804
0.0
0.0000000000
0.0
0.0
0.0091911765
0.0
0.0648144070
0.1043054571
0.1195295278
0.0903151574
0.1055774749
0.0039215686
0.0773471226
0.0728821053
0.0718452526
0.0959643240
0.1092902986
0.1123289538
0.0821158138
0.0
0.0
0.1357255780
0.0000000000
0.0
0.0
0.0
0.0903825065
0.0922396813
0.0
0.0
0.0923099324
0.0989411765
0.1043054571
0.0
0.0
0.0905175065
0.0058823529
0.0893827000
0.0
0.0
0.0
0.0
0.0
0.0
0.0648144070
0.1047562154
0.0
0.1008343937
0.1105866252
0.0941747795
0.1090935564
0.0
0.0000000000
0.0
0.1128519005
0.0933766881
0.0786521357
0.0000000000
0.1152119213
0.0964223876
0.1046657523
0.0984589287
0.1129570747
0.1139125387
0.1035922574
0.0
0.0000000000
0.1102847508
0.1115022458
0.0859595327
0.0925920101
0.0891853872
0.1035922574
0.1016803198
0.0
0.1102847508
0.0885986412
0.0951357466
0.1043054571
0.0
0.0889236546
0.0000000000
0.0
0.0073529412
0.0808019608
0.0
0.0
0.0000000000
0.0
0.0923099324
0.0
0.0
0.1030637255
0.0000000000
0.0926627991
0.0000000000
0.0
0.0802137268
0.0
0.0000000000
0.0
0.0799491696
0.0000000000
0.0
0.0029411765
0.0000000000
0.0909249371
0.0
0.0039215686
0.0971956224
0.0642304935
0.0029411765
0.0000000000
0.0029411765
0.0673349673
0.0580195985
0.0000000000
0.0891853872
0.0000000000
0.0000000000
0.0796863519
0.0812896990
0.0000000000
0.0903825065
0.0715906327
0.0029411765
0.0990220108
0.0
0.0726636338
0.0949866310
0.0000000000
0.1088975213
0.0936653332
0.0000000000
0.0899799118
0.0091911765
0.0
0.0863268812
0.0801076941
0.0
0.0
0.0000000000
0.0000000000
0.0000000000
0.0
0.1006668947
0.0
0.0000000000
0.0000000000
0.0000000000
0.0685149470
0.0752813299
0.0000000000
0.0000000000
0.0029411765
0.0670370250
0.0000000000
0.1118108313
0.0000000000
0.0029411765
0.0000000000
0.1013402518
0.0000000000
0.0926627991
0.0694970993
0.1134859000
0.0800547828
0.0000000000
0.0000000000
0.0039215686
0.0772485285
0.0000000000
0.0784993142
0.0851144250
0.0668890404
0.0000000000
0.0000000000
0.1026273846
0.0000000000
0.0
0.1081203757
0.0771993256
0.0930183739
0.0727945593
0.0923099324
0.1172175447
0.0029411765
0.0029411765
0.0703441330
0.0904499561
0.1156516614
0.0000000000
0.0
0.0000000000
0.0000000000
0.0000000000
0.0900467616
0.0000000000
0.0888584613
0.0000000000
0.0000000000
0.0906529104
0.0706310846
0.0000000000
0.0061274510
0.0763723637
0.0000000000
0.0000000000
0.0058823529
0.0029411765
0.0786521357
0.1005833537
0.0899131611
0.0000000000
0.0000000000
0.0905175065
0.0905175065
0.0000000000
0.0000000000
0.0000000000
0.0000000000
0.0000000000
0.0000000000
0.0000000000
0.0884693001
0.0784993142
0.0888584613
0.0821158138
0.0000000000
0.0039215686
0.0789595708
0.0000000000
0.0000000000
0.0000000000
0.0000000000
0.0758466465
0.0000000000
0.0000000000
0.0000000000
0.0000000000
0.0000000000
0.0000000000
0.0000000000
0.0000000000
0.0000000000
0.0000000000
0.0000000000
0.0000000000
0.0000000000
0.0000000000
0.0000000000
0.0649881722
0.0000000000
0.0052521008
0.0000000000
0.0000000000
0.0000000000
0.0000000000
0.0000000000
0.0000000000
0.0000000000
0.0000000000
0.0000000000
0.0000000000
0.0000000000
0.0810722015
0.0000000000
0.0000000000
0.0000000000
0.0000000000
0.0000000000
0.0000000000
0.0000000000
0.0000000000
0.0000000000
0.0000000000
0.0000000000
0.0000000000
0.0000000000
0.0000000000
