0.0448521916
0.0
0.0
0.0
0.0000000000
0.0
0.0202020202
0.0
0.0
0.0555555556
0.0
0.0279720280
0.0
0.0
0.0
0.0
0.0101010101
0.0474649407
0.0
0.0
0.0
0.0
0.0
0.0444444444
0.0
0.0
0.0456905504
0.0708534622
0.0
0.0
0.0000000000
0.0
0.0
0.0
0.0
0.0325925926
0.0
0.0
0.0000000000
0.0
0.0
0.0
0.0504009164
0.0101010101
0.0
0.0
0.0
0.0
0.0
0.0
0.0330578512
0.0259740260
0.0227272727
0.0000000000
0.0000000000
0.0
0.0363636364
0.0
0.0000000000
0.0
0.0626780627
0.0000000000
0.0
0.0378983635
0.0568475452
0.0227272727
0.0
0.0151515152
0.0202020202
0.0
0.0000000000
0.0582010582
0.0679012346
0.0
0.0394265233
0.0000000000
0.0
0.0
0.0
0.0
0.0421455939
0.0
0.0
0.0525686977
0.0134680135
0.0101010101
0.0101010101
0.0
0.0504009164
0.0414312618
0.0
0.0000000000
0.0000000000
0.0000000000
0.0000000000
0.0356853204
0.0
0.0101010101
0.0000000000
0.0000000000
0.0634920635
0.0421455939
0.0
0.0
0.0000000000
0.0
0.0151515152
0.0000000000
0.0
0.0
0.0
0.0101010101
0.0000000000
0.0000000000
0.0
0.0
0.0
0.0242424242
0.0000000000
0.0000000000
0.0101010101
0.0101010101
0.0000000000
0.0000000000
0.0
0.0000000000
0.0356853204
0.0101010101
0.0000000000
0.0
0.0000000000
0.0000000000
0.0000000000
0.0000000000
0.0000000000
0.0456905504
0.0000000000
0.0000000000
0.0000000000
0.0000000000
0.0000000000
0.0
0.0
0.0000000000
0.0000000000
0.0000000000
0.0000000000
0.0101010101
0.0000000000
0.0134680135
0.0000000000
0.0000000000
0.0000000000
0.0000000000
0.0000000000
0.0000000000
0.0000000000
0.0000000000
0.0191387560
0.0000000000
0.0000000000
0.0000000000
0.0000000000
0.0000000000
