0.0
0.0
0.0
0.0
0.0
0.0
0.0
0.0
0.0
0.0
0.0
0.0
0.0
0.0
0.0
0.0
0.0
0.0
0.0
0.0
0.0
0.0
0.0
0.0
0.0
0.0
0.0
0.0
0.0
0.0
0.0
0.0
0.0
0.0
0.0
0.0
0.0
0.0
0.0
0.0
0.0
0.0
0.0
0.0
0.0
0.0
0.0
0.0
0.0
0.0
0.0
0.0
0.0
0.0
0.0
0.0
0.0
0.0
0.0
0.0
0.0351506456
0.0
0.0
0.0
0.0
0.0
0.0
0.0
0.0
0.0
0.0
0.0
0.0
0.0
0.0
0.0224089636
0.0
0.0
0.0
0.0383461589
0.0
0.0
0.0
0.0
0.0
0.0
0.0624336377
0.0
0.0
0.0
0.0
0.0
0.0
0.0
0.0
0.0
0.0
0.0
0.0
0.0
0.0
0.0
0.0
0.0
0.0
0.0
0.0
0.0
0.0
0.0469948849
0.0
0.0
0.0
0.0
0.0
0.0
0.0
0.0
0.0550768078
0.0557874763
0.0
0.0552527720
0.0
0.0
0.0
0.0
0.0
0.0
0.0
0.0
0.0
0.0
0.0
0.0513178565
0.0
0.0
0.0
0.0
0.0
0.0435620092
0.0
0.0
0.0
0.0
0.0
0.0
0.0
0.0
0.0
0.0
0.0365626166
0.0
0.0098039216
0.0
0.0
0.0
0.0351506456
0.0
0.0130718954
0.0
0.0
0.0000000000
0.0
0.0
0.0261437908
0.0
0.0
0.0527259684
0.0
0.0
0.0
0.0000000000
0.0
0.0
0.0
0.0000000000
0.0
0.0
0.0
0.0000000000
0.0
0.0
0.0435620092
0.0471229364
0.0000000000
0.0
0.0
0.0
0.0220588235
0.0
0.0
0.0423875433
0.0598412375
0.0
0.0
0.0
0.0
0.0
0.0495533457
0.0
0.0
0.0
0.0
0.0
0.0196078431
0.0
0.0590242923
0.0
0.0
0.0000000000
0.0
0.0
0.0
0.0
0.0
0.0098039216
0.0
0.0608947804
0.0000000000
0.0
0.0196078431
0.0
0.0633484163
0.0617647059
0.0
0.0130718954
0.0
0.0000000000
0.0
0.0631172177
0.0527259684
0.0
0.0000000000
0.0398481973
0.0
0.0472516876
0.0000000000
0.0
0.0
0.0
0.0446876425
0.0098039216
0.0220588235
0.0576470588
0.0352941176
0.0
0.0
0.0
0.0325689598
0.0543840178
0.0147058824
0.0
0.0380090498
0.0000000000
0.0224089636
0.0
0.0
0.0417732310
0.0000000000
0.0427015251
0.0
0.0404068169
0.0468675275
0.0
0.0
0.0156862745
0.0
0.0394842869
0.0000000000
0.0000000000
0.0000000000
0.0098039216
0.0000000000
0.0130718954
0.0501278772
0.0443438914
0.0
0.0000000000
0.0000000000
0.0000000000
0.0000000000
0.0475113122
0.0000000000
0.0000000000
0.0383461589
0.0000000000
0.0000000000
0.0147058824
0.0
0.0422839062
0.0000000000
0.0000000000
0.0000000000
0.0000000000
0.0098039216
0.0000000000
0.0156862745
0.0098039216
0.0130718954
0.0000000000
0.0000000000
0.0336461433
0.0000000000
0.0517787954
0.0000000000
0.0000000000
0.0000000000
0.0000000000
0.0000000000
0.0000000000
0.0000000000
