0.0
0.0
0.0
0.0
0.1571910243
0.0
0.1284194529
0.0
0.0
0.1239911959
0.0
0.1522008331
0.0
0.1490464116
0.0
0.1005802708
0.1245279543
0.1498226950
0.0
0.1325620159
0.1239911959
0.0998817967
0.0
0.0
0.0
0.1506071071
0.0853589242
0.1498226950
0.0000000000
0.1239911959
0.0
0.0
0.1382978723
0.1513997760
0.1213753479
0.1482781312
0.1097937307
0.1431142162
0.0159574468
0.0
0.0
0.1554916619
0.1278486998
0.0000000000
0.0
0.0106382979
0.0106382979
0.0000000000
0.1016464927
0.1203596546
0.1198581560
0.1213753479
0.0106382979
0.0000000000
0.1278486998
0.0106382979
0.0853589242
0.1616065025
0.0000000000
0.0000000000
0.1016464927
0.1016464927
0.0000000000
0.0933959657
0.0998817967
0.1284194529
0.0
0.0930937134
0.1119297955
0.0991929567
0.1218896502
0.0159574468
0.0106382979
0.1213753479
0.0239361702
0.1256155347
0.1073356621
0.0799054374
0.0000000000
0.0106382979
0.0000000000
0.0890586918
0.0000000000
0.0000000000
0.0000000000
0.1224083296
0.1005802708
0.0239361702
0.1229314421
0.0106382979
0.1057571965
0.0
0.0000000000
0.1009331840
0.0000000000
0.1229314421
0.0000000000
0.1049852462
0.0106382979
0.0000000000
0.0000000000
0.0000000000
0.0000000000
0.0799054374
0.0000000000
0.1289953249
0.0000000000
0.0000000000
0.0000000000
0.0000000000
0.0000000000
0.0000000000
0.0000000000
0.0000000000
0.0000000000
0.0000000000
