0.0
0.0
0.0
0.0
0.0
0.0
0.0
0.0
0.0
0.0
0.0
0.0
0.0
0.0
0.0
0.0
0.0
0.0
0.0
0.0
0.0
0.0
0.0
0.0
0.0
0.0
0.0
0.0
0.0
0.0
0.0
0.0185185185
0.0
0.0
0.0
0.0
0.0
0.0
0.0
0.0
0.0
0.0
0.0
0.0123456790
0.0
0.0
0.0
0.0
0.0
0.0
0.0
0.0
0.0000000000
0.0
0.0
0.0
0.0
0.0
0.0
0.0
0.0
0.0383032605
0.0
0.0
0.0331961591
0.0
0.0
0.0
0.0
0.0
0.0434782609
0.0
0.0
0.0
0.0
0.0
0.0
0.0
0.0364348088
0.0
0.0
0.0
0.0
0.0
0.0
0.0123456790
0.0
0.0
0.0
0.0
0.0
0.0000000000
0.0
0.0
0.0
0.0
0.0000000000
0.0
0.0
0.0
0.0388349515
0.0
0.0185185185
0.0
0.0
0.0
0.0
0.0
0.0
0.0
0.0597530864
0.0515112814
0.0
0.0
0.0
0.0
0.0
0.0
0.0
0.0
0.0000000000
0.0
0.0563380282
0.0606060606
0.0563380282
0.0366972477
0.0000000000
0.0
0.0123456790
0.0
0.0
0.0
0.0
0.0481879729
0.0123456790
0.0
0.0123456790
0.0
0.0740740741
0.0
0.0
0.0649490070
0.0493827160
0.0606060606
0.0
0.0
0.0185185185
0.0164609053
0.0
0.0
0.0519480519
0.0000000000
0.0452674897
0.0
0.0
0.0
0.0
0.0
0.0277777778
0.0185185185
0.0
0.0277777778
0.0
0.0
0.0
0.0
0.0
0.0
0.0000000000
0.0
0.0
0.0
0.0000000000
0.0383032605
0.0
0.0
0.0
0.0
0.0677966102
0.0
0.0
0.0754716981
0.0
0.0000000000
0.0481927711
0.0277777778
0.0
0.0426807760
0.0000000000
0.0000000000
0.0
0.0454545455
0.0000000000
0.0
0.0000000000
0.0
0.0123456790
0.0000000000
0.0000000000
0.0
0.0246913580
0.0000000000
0.0000000000
0.0
0.0
0.0123456790
0.0000000000
0.0000000000
0.0277777778
0.0000000000
0.0000000000
0.0331961591
0.0
0.0425531915
0.0000000000
0.0000000000
0.0515112814
0.0000000000
0.0465116279
0.0123456790
0.0000000000
0.0123456790
0.0000000000
0.0519480519
0.0408163265
0.0000000000
0.0666666667
0.0000000000
0.0164609053
0.0000000000
0.0123456790
0.0000000000
