0.0
0.0
0.0
0.0
0.0
0.0
0.0
0.0
0.0
0.0
0.0
0.0
0.0
0.0
0.0
0.0
0.0
0.0
0.0
0.0
0.0
0.0
0.0
0.0
0.0
0.0
0.0
0.0
0.0
0.0
0.0
0.0
0.0
0.0
0.0
0.0
0.0
0.0
0.0
0.0
0.0
0.0
0.0
0.0
0.0
0.0
0.0
0.0
0.0
0.0
0.0
0.0
0.0
0.0
0.0
0.0
0.0
0.0
0.0
0.0
0.0
0.0
0.0
0.0
0.0
0.0
0.0
0.0
0.0
0.0
0.0
0.0
0.0
0.0
0.0
0.0
0.0
0.0
0.0
0.0
0.0
0.0
0.0
0.0
0.0
0.0
0.0
0.0
0.0
0.0
0.0
0.0
0.0
0.0
0.0
0.0
0.0
0.0
0.0
0.0
0.0
0.0
0.0
0.0
0.0
0.0
0.0000000000
0.0
0.0
0.0
0.0
0.0
0.0
0.0
0.0
0.0
0.0
0.0
0.0
0.0
0.0
0.0
0.0
0.0
0.0
0.0
0.0
0.0
0.0
0.0
0.0
0.0
0.0
0.0
0.0
0.0
0.0
0.0
0.0000000000
0.0
0.0
0.0
0.0
0.0000000000
0.0
0.0
0.0
0.0
0.0
0.0
0.0
0.0
0.0
0.0
0.0000000000
0.0000000000
0.0
0.0
0.0147058824
0.0
0.0
0.0
0.0
0.0196078431
0.0000000000
0.0147058824
0.0
0.0000000000
0.0
0.0
0.0
0.0147058824
0.0
0.0
0.0
0.0
0.0
0.0
0.0
0.0
0.0
0.0
0.0000000000
0.0
0.0000000000
0.0196078431
0.0
0.0
0.0000000000
0.0000000000
0.0
0.0
0.0
0.0
0.0
0.0
0.0
0.0
0.0
0.0
0.0
0.0
0.0147058824
0.0
0.0
0.0
0.0
0.0
0.0
0.0000000000
0.0000000000
0.0
0.0
0.0
0.0
0.0000000000
0.0000000000
0.0
0.0
0.0000000000
0.0
0.0
0.0
0.0
0.0
0.0
0.0000000000
0.0147058824
0.0
0.0294117647
0.0
0.0
0.0
0.0
0.0
0.0
0.0000000000
0.0000000000
0.0000000000
0.0
0.0
0.0147058824
0.0000000000
0.0294117647
0.0000000000
0.0000000000
0.0000000000
0.0000000000
0.0147058824
0.0000000000
0.0000000000
0.0000000000
0.0000000000
0.0
0.0147058824
0.0000000000
0.0147058824
0.0000000000
0.0147058824
0.0000000000
0.0
0.0147058824
0.0000000000
0.0196078431
0.0000000000
0.0
0.0000000000
0.0000000000
0.0000000000
0.0000000000
0.0000000000
0.0000000000
0.0000000000
0.0000000000
0.0000000000
0.0196078431
0.0147058824
0.0000000000
0.0000000000
0.0000000000
0.0000000000
0.0000000000
0.0000000000
0.0000000000
0.0000000000
