0.0044444444
0.0
0.0
0.0
0.0
0.0
0.0000000000
0.0
0.0
0.0000000000
0.0
0.0
0.0
0.0
0.0
0.0
0.0
0.0116129032
0.0
0.0
0.0
0.0
0.0
0.0000000000
0.0
0.0
0.0000000000
0.0
0.0
0.0
0.0
0.0
0.0
0.0
0.0
0.0
0.0
0.0
0.0
0.0
0.0
0.0
0.0131578947
0.0000000000
0.0
0.0
0.0
0.0
0.0
0.0
0.0
0.0
0.0000000000
0.0000000000
0.0000000000
0.0
0.0044444444
0.0
0.0000000000
0.0
0.0
0.0000000000
0.0
0.0
0.0074074074
0.0000000000
0.0
0.0000000000
0.0124137931
0.0
0.0044444444
0.0156521739
0.0044444444
0.0
0.0238095238
0.0
0.0
0.0
0.0
0.0
0.0
0.0
0.0
0.0000000000
0.0
0.0211764706
0.0
0.0
0.0
0.0118518519
0.0
0.0
0.0088888889
0.0074074074
0.0000000000
0.0000000000
0.0
0.0
0.0171428571
0.0
0.0101010101
0.0000000000
0.0
0.0
0.0
0.0
0.0
0.0
0.0
0.0
0.0
0.0178571429
0.0
0.0
0.0
0.0
0.0
0.0101587302
0.0000000000
0.0147058824
0.0
0.0208333333
0.0
0.0071111111
0.0
0.0100000000
0.0
0.0
0.0000000000
0.0
0.0
0.0124137931
0.0
0.0
0.0092592593
0.0000000000
0.0
0.0
0.0000000000
0.0238095238
0.0142857143
0.0
0.0
0.0
0.0211764706
0.0
0.0185185185
0.0044444444
0.0161290323
0.0044444444
0.0000000000
0.0
0.0079365079
0.0
0.0044444444
0.0
0.0
0.0
0.0100000000
0.0
0.0
0.0000000000
0.0
0.0
0.0
0.0
0.0066666667
0.0044444444
0.0250000000
0.0
0.0000000000
0.0
0.0044444444
0.0
0.0101587302
0.0
0.0000000000
0.0000000000
0.0
0.0000000000
0.0
0.0044444444
0.0
0.0000000000
0.0
0.0
0.0101010101
0.0101587302
0.0000000000
0.0000000000
0.0044444444
0.0000000000
0.0121951220
0.0
0.0111111111
0.0
0.0
0.0
0.0100000000
0.0
0.0100000000
0.0044444444
0.0
0.0
0.0000000000
0.0200000000
0.0123456790
0.0000000000
0.0
0.0101010101
0.0185185185
0.0059259259
0.0
0.0178571429
0.0074074074
0.0
0.0044444444
0.0147058824
0.0088888889
0.0123456790
0.0
0.0
0.0
0.0
0.0
0.0000000000
0.0138888889
0.0123456790
0.0000000000
0.0
0.0
0.0088888889
0.0044444444
0.0
0.0000000000
0.0
0.0000000000
0.0000000000
0.0
0.0
0.0000000000
0.0000000000
0.0
0.0
0.0
0.0118518519
0.0
0.0000000000
0.0000000000
0.0059259259
0.0066666667
0.0044444444
0.0144000000
0.0044444444
0.0
0.0059259259
0.0000000000
0.0
0.0101010101
0.0138888889
0.0
0.0000000000
0.0
0.0071111111
0.0
0.0
0.0000000000
0.0000000000
0.0000000000
0.0059259259
0.0044444444
0.0000000000
0.0000000000
0.0000000000
0.0
0.0
0.0044444444
0.0
0.0000000000
0.0
0.0059259259
0.0
0.0044444444
0.0000000000
0.0000000000
0.0
0.0123456790
0.0000000000
0.0044444444
0.0071111111
0.0000000000
0.0074074074
0.0000000000
0.0071111111
0.0000000000
0.0
0.0066666667
0.0000000000
0.0000000000
0.0000000000
0.0000000000
0.0156250000
0.0000000000
0.0
0.0101587302
0.0000000000
0.0000000000
0.0000000000
0.0000000000
0.0116129032
0.0000000000
0.0000000000
0.0
0.0066666667
0.0092592593
0.0000000000
0.0000000000
0.0000000000
0.0000000000
0.0156521739
0.0000000000
0.0059259259
0.0000000000
0.0000000000
0.0000000000
0.0000000000
0.0000000000
0.0000000000
0.0000000000
0.0000000000
0.0000000000
0.0000000000
0.0000000000
0.0000000000
0.0
0.0000000000
0.0
0.0044444444
0.0044444444
0.0059259259
0.0044444444
0.0000000000
0.0044444444
0.0000000000
0.0
0.0000000000
0.0044444444
0.0
0.0000000000
0.0088888889
0.0000000000
0.0
0.0000000000
0.0000000000
0.0000000000
0.0044444444
0.0000000000
0.0044444444
0.0044444444
0.0000000000
0.0059259259
0.0000000000
0.0000000000
0.0000000000
0.0000000000
0.0
0.0000000000
0.0000000000
0.0000000000
0.0000000000
0.0000000000
0.0000000000
0.0000000000
0.0000000000
0.0000000000
0.0000000000
0.0000000000
0.0044444444
0.0044444444
0.0000000000
0.0000000000
0.0000000000
0.0000000000
0.0000000000
0.0000000000
0.0000000000
0.0000000000
0.0000000000
0.0000000000
0.0000000000
0.0000000000
