0.0
0.0
0.0
0.0
0.0
0.0
0.0
0.0
0.0
0.0
0.0
0.0
0.0
0.0
0.0
0.0
0.0
0.0
0.0
0.0
0.0
0.0
0.0
0.0
0.0
0.0
0.0
0.0
0.0
0.0775205938
0.0
0.1072229517
0.0
0.0
0.0
0.0
0.0
0.0863918793
0.0
0.0
0.1095755228
0.0
0.0
0.0
0.0859913871
0.0
0.0
0.0
0.0
0.1178284887
0.0
0.0
0.1096680697
0.0
0.1122273073
0.0
0.0
0.0
0.0
0.0
0.0
0.0
0.0
0.0
0.0
0.0
0.0
0.0
0.0
0.0
0.1230777199
0.1040440661
0.1125190594
0.0
0.0958280402
0.0
0.1033813651
0.0
0.0825998693
0.0
0.0
0.1022417280
0.0
0.0
0.0958280402
0.1212390238
0.0
0.0914415454
0.0
0.1020007813
0.0
0.0
0.0
0.0
0.0
0.0
0.0000000000
0.0820258967
0.0
0.0
0.0
0.0954757313
0.0687021135
0.0856510518
0.0
0.0
0.0
0.0
0.0
0.1160384223
0.0933479472
0.0
0.0917646604
0.1015222788
0.1105080805
0.1016017172
0.0
0.0
0.0
0.0
0.0
0.0
0.0927478532
0.1139008724
0.0
0.0954055801
0.0
0.0
0.0
0.0
0.0
0.0
0.0
0.0
0.0
0.0926816521
0.1061708868
0.0
0.0
0.1289443838
0.0
0.0
0.0937523426
0.0
0.1070461620
0.0
0.0027322404
0.0
0.1080257858
0.1042110711
0.0081967213
0.0
0.0
0.0
0.0
0.1198956552
0.1024838157
0.0
0.0982201169
0.1128123324
0.0
0.0
0.1181501315
0.0
0.0951260033
0.0762908311
0.0000000000
0.0
0.0
0.1012057635
0.0
0.0937523426
0.0
0.0
0.0930802828
0.0972636663
0.0
0.0
0.0889972547
0.0664518908
0.0805502447
0.0
0.0853133998
0.0000000000
0.0747535950
0.0
0.0
0.1066067279
0.1035462476
0.1178284887
0.0
0.1170847561
0.1164547036
0.0
0.0
0.0991955650
0.0882112735
0.0886327608
0.0
0.0
0.1338628810
0.1047998342
0.0
0.1116483186
0.0888146337
0.0
0.0
0.0
0.0000000000
0.0
0.0902969364
0.0
0.0
0.0
0.0049180328
0.0
0.0
0.0
0.0000000000
0.0
0.0
0.0883312888
0.0027322404
0.0000000000
0.0
0.1111703720
0.0
0.0725807683
0.0
0.0974827286
0.0
0.0971908642
0.0
0.1011269428
0.0803508630
0.0857075872
0.1037945600
0.0000000000
0.0
0.1198956552
0.1118406499
0.0
0.0
0.0049180328
0.1289443838
0.0838804874
0.0
0.0883312888
0.0
0.0873214489
0.1060841459
0.0
0.0
0.0
0.0
0.1135026176
0.0
0.1301072090
0.0871456339
0.0966123471
0.0902341866
0.0054644809
0.0
0.1184735352
0.0036429872
0.0837182428
0.0
0.0000000000
0.0
0.0
0.0087431694
0.0
0.0656788035
0.1059110885
0.1190164936
0.0998055300
0.1189075042
0.0804504303
0.0855382046
0.0752736200
0.0764705504
0.1005786170
0.1134034887
0.1141010497
0.0863344379
0.0
0.0
0.1318243599
0.0000000000
0.0
0.0
0.0
0.0899840572
0.0877344558
0.0
0.0
0.0901089483
0.0694740474
0.1090235051
0.0
0.0
0.0978500336
0.0929470254
0.0865646630
0.0
0.0
0.0
0.0
0.0
0.0
0.0656124278
0.1024029925
0.0
0.1043786130
0.1172962914
0.0932808869
0.1108855632
0.0
0.0000000000
0.0
0.1144026384
0.1084770213
0.0027322404
0.0000000000
0.1190164936
0.0997288745
0.1048844867
0.0933479472
0.1065192736
0.1115524008
0.0940238918
0.0
0.0027322404
0.1078463410
0.1064319627
0.0837722545
0.0953355320
0.0874390536
0.1009696692
0.0953355320
0.0
0.1127144050
0.0866224113
0.1008912156
0.1064319627
0.0
0.0889972547
0.0027322404
0.0
0.0048573163
0.1028083884
0.0
0.0
0.0000000000
0.0
0.0911206979
0.0
0.0
0.0942970185
0.0000000000
0.0950563650
0.0000000000
0.0
0.0823379800
0.0
0.0000000000
0.0
0.0765156126
0.0000000000
0.0
0.0027322404
0.0000000000
0.0844808032
0.0
0.0036429872
0.0970455863
0.0748397663
0.0027322404
0.0000000000
0.0027322404
0.0027322404
0.0665199767
0.0000000000
0.0874390536
0.0988933698
0.0000000000
0.0808008678
0.0796607328
0.0000000000
0.0886327608
0.0703015672
0.0000000000
0.0956868051
0.0
0.0736929594
0.0903597735
0.0591827687
0.1075782888
0.0951260033
0.0000000000
0.0909292679
0.0072859745
0.0
0.0979238269
0.0784100209
0.0
0.0
0.0980717481
0.0686657824
0.0000000000
0.0
0.1043786130
0.0
0.0000000000
0.0000000000
0.0000000000
0.0852573831
0.0734844338
0.0751864473
0.0000000000
0.0825998693
0.0708385131
0.0000000000
0.1088407331
0.0000000000
0.0953355320
0.0000000000
0.1008912156
0.0836643006
0.0926155453
0.0749261365
0.0945029072
0.0779861829
0.0027322404
0.0000000000
0.0804504303
0.0822858014
0.0000000000
0.0855382046
0.0857075872
0.0000000000
0.0000000000
0.0027322404
0.0971908642
0.0000000000
0.0
0.1093908968
0.0756684117
0.0956868051
0.0813577660
0.0901089483
0.0
0.0027322404
0.0027322404
0.0711880452
0.0746676219
0.1024029925
0.0000000000
0.0
0.0000000000
0.0000000000
0.0000000000
0.0785998756
0.0000000000
0.0903597735
0.0000000000
0.0000000000
0.0904857105
0.0689941523
0.0000000000
0.0054644809
0.0775669024
0.0000000000
0.0820777462
0.0054644809
0.0846460199
0.1005786170
0.1022417280
0.0947096970
0.0000000000
0.0000000000
0.0901715240
0.0793200944
0.0886327608
0.0000000000
0.0000000000
0.0000000000
0.0000000000
0.0000000000
0.0000000000
0.0874979748
0.0855382046
0.1046309384
0.0863344379
0.0903597735
0.0049180328
0.0740290733
0.0000000000
0.0027322404
0.0000000000
0.0000000000
0.0027322404
0.0000000000
0.0000000000
0.0000000000
0.0000000000
0.0000000000
0.0000000000
0.0000000000
0.0000000000
0.0000000000
0.0000000000
0.0000000000
0.0000000000
0.0000000000
0.0000000000
0.0000000000
0.0668625101
0.0000000000
0.0000000000
0.0000000000
0.0000000000
0.0027322404
0.0000000000
0.0000000000
0.0789343432
0.0000000000
0.0000000000
0.0000000000
0.0000000000
0.0000000000
0.0676638846
0.0000000000
0.0000000000
0.0988933698
0.0000000000
0.0000000000
0.0000000000
0.0000000000
0.0000000000
0.0000000000
0.0000000000
0.0000000000
0.0000000000
0.0000000000
0.0000000000
0.0000000000
0.0000000000
0.0000000000
0.0616264806
0.0000000000
0.0000000000
0.0000000000
0.0000000000
0.0000000000
0.0000000000
0.0000000000
0.0000000000
0.0000000000
0.0000000000
0.0000000000
0.0000000000
0.0000000000
0.0000000000
0.0000000000
0.0000000000
0.0000000000
0.0746247095
0.0000000000
0.0000000000
0.0000000000
0.0000000000
0.0000000000
