0.0
0.0
0.0
0.0
0.1290734167
0.0
0.1570370278
0.0
0.0
0.0863519337
0.0
0.1325618874
0.0
0.1398704325
0.0
0.1364969342
0.0
0.1370053026
0.0
0.0
0.1373890710
0.0851033517
0.0
0.0
0.0
0.1220096974
0.1215059414
0.1237541590
0.1461208491
0.1297563448
0.0
0.0
0.1428579563
0.1228244533
0.1361181267
0.1318491891
0.1390772165
0.1244870516
0.1134492637
0.0
0.0
0.1532746823
0.1512268191
0.1306782371
0.0
0.1423053143
0.1366236723
0.1280623977
0.1137122836
0.1122377536
0.1244870516
0.1172459721
0.1467035843
0.1324425698
0.1303309965
0.1396050237
0.1257638419
0.0
0.1148662725
0.1553787698
0.0
0.1010602301
0.0852019079
0.1414843221
0.0
0.1468499950
0.0
0.0928351388
0.1364969342
0.1316133229
0.1483303377
0.1434149074
0.0000000000
0.1418936307
0.1388148066
0.1272869334
0.1067031871
0.0058651026
0.1059349856
0.1248038126
0.1390772165
0.1523226656
0.1370053026
0.0
0.1509166103
0.1314957060
0.1332823324
0.0
0.0969326054
0.0969326054
0.1423053143
0.0
0.1206095861
0.1136244749
0.1088340939
0.0
0.0995559506
0.1232359255
0.1254421952
0.1421678213
0.1352423667
0.1243818217
0.1136244749
0.1148662725
0.1260871423
0.1343778037
0.0
0.1104682395
0.1486299950
0.0
0.1162272472
0.1167807103
0.0975753946
0.1223139609
0.1012688885
0.1277289019
0.1205108067
0.0
0.0969326054
0.1444000932
0.1186642702
0.1271769188
0.0877945674
0.1299855963
0.0000000000
0.1320859022
0.0967414168
0.1237541590
0.0000000000
0.1340106512
0.0
0.0
0.0754583051
0.0029325513
0.1550513119
0.0029325513
0.1312611017
0.1132745920
0.0964876689
0.1342551962
0.1193379522
0.1273971385
0.1235463434
0.0
0.1113881113
0.1471436950
0.1156790055
0.0969965030
0.1301005261
0.1236501639
0.1139765260
0.1347469735
0.1172459721
0.1304465381
0.1149560117
0.0946261704
0.0000000000
0.0000000000
0.1178092034
0.1100551197
0.1328011688
0.0000000000
0.1118963460
0.1025391603
0.1335242242
0.1182827130
0.1293002592
0.0039100684
0.0971887021
0.1455427250
0.0
0.0
0.0039100684
0.0
0.0993542843
0.0029325513
0.0
0.1332823324
0.1038417043
0.0
0.1079557557
0.0039100684
0.1097268419
0.1392087938
0.1131004574
0.0977049768
0.1168734670
0.0
0.0000000000
0.1137122836
0.1062409350
0.1288473687
0.1267387554
0.1143307654
0.1264121091
0.0000000000
0.1172459721
0.1353667847
0.1224157196
0.1269574590
0.0
0.1152260728
0.1264121091
0.0
0.1169663712
0.0065982405
0.0
0.1143307654
0.0
0.0915072730
0.0944439634
0.1353667847
0.0
0.1066258660
0.1042832707
0.1119815031
0.1080350184
0.1128402569
0.0
0.1128402569
0.0000000000
0.1271769188
0.1370053026
0.0000000000
0.0
0.1227220142
0.0000000000
0.0000000000
0.1261952787
0.1410773682
0.0977049768
0.1296420220
0.0
0.1438354790
0.1263036009
0.0754583051
0.1299855963
0.0
0.1186642702
0.0751116360
0.1287346413
0.0000000000
0.0000000000
0.0000000000
0.1149560117
0.0852019079
0.1141533708
0.0000000000
0.1124951797
0.0957343494
0.1221109502
0.0000000000
0.1066258660
0.1143307654
0.0927766047
0.0900512209
0.1232359255
0.1116416502
0.1304465381
0.1098907356
0.0
0.1003024506
0.1005766883
0.0943228814
0.0847601930
0.1165956379
0.1077186640
0.1060877397
0.0058651026
0.0000000000
0.0000000000
0.1529560239
0.0845167691
0.0000000000
0.0029325513
0.0
0.0000000000
0.0000000000
0.0000000000
0.1132745920
0.0039100684
0.1203137326
0.0000000000
0.0039100684
0.1191446923
0.0000000000
0.0966778548
0.0029325513
0.0029325513
0.1100551197
0.0
0.0029325513
0.1149560117
0.0928351388
0.0029325513
0.1099728662
0.0961095330
0.0000000000
0.0039100684
0.0000000000
0.0000000000
0.0000000000
0.0984238763
0.1108844725
0.0000000000
0.0000000000
0.0000000000
0.0029325513
0.0971245512
0.0000000000
0.0000000000
0.0850050231
0.0000000000
0.0029325513
0.0029325513
0.0978999967
0.0043988270
0.0000000000
0.1041356653
0.0943228814
0.0029325513
0.1213056018
0.0846626554
0.0975753946
0.0000000000
0.0000000000
0.0065982405
0.0043988270
0.0000000000
0.0000000000
0.0000000000
0.0000000000
0.1100551197
0.0850050231
0.0000000000
0.0000000000
0.0000000000
0.0000000000
0.0000000000
0.0000000000
0.1196290203
0.0029325513
0.0000000000
0.0000000000
0.1108844725
0.0000000000
0.0000000000
0.0058651026
0.1134492637
0.0841783152
0.0000000000
0.0000000000
0.0000000000
0.0000000000
0.1108844725
0.0029325513
0.0000000000
0.0000000000
0.0000000000
0.0000000000
0.0029325513
0.0969326054
0.1031863219
0.0029325513
0.0000000000
0.0000000000
0.0000000000
0.0000000000
0.0000000000
0.0000000000
0.0000000000
0.0000000000
0.0000000000
0.0000000000
0.0000000000
0.0826185823
0.1203137326
0.0000000000
0.0000000000
0.0000000000
0.0000000000
0.0000000000
0.0000000000
0.0000000000
0.0000000000
0.0000000000
0.1169663712
0.0000000000
0.0000000000
0.0000000000
0.0000000000
0.0000000000
0.0000000000
0.0000000000
0.0000000000
