0.0045871560
0.0
0.0
0.0
0.0
0.0
0.0000000000
0.0
0.0
0.0000000000
0.0
0.0
0.0
0.0
0.0
0.0
0.0
0.0149581173
0.0
0.0
0.0
0.0
0.0
0.0000000000
0.0
0.0
0.0000000000
0.0
0.0
0.0
0.0
0.0
0.0
0.0
0.0
0.0
0.0
0.0
0.0
0.0
0.0
0.0
0.0128440367
0.0000000000
0.0
0.0
0.0
0.0
0.0
0.0
0.0
0.0
0.0000000000
0.0000000000
0.0000000000
0.0
0.0045871560
0.0
0.0000000000
0.0
0.0
0.0000000000
0.0
0.0
0.0076452599
0.0000000000
0.0
0.0000000000
0.0169198376
0.0
0.0045871560
0.0187656380
0.0045871560
0.0
0.0230533992
0.0
0.0
0.0
0.0
0.0
0.0
0.0
0.0
0.0000000000
0.0
0.0278948673
0.0
0.0
0.0
0.0122324159
0.0
0.0
0.0117431193
0.0088963025
0.0000000000
0.0000000000
0.0
0.0
0.0219597892
0.0
0.0112914608
0.0000000000
0.0
0.0
0.0
0.0
0.0
0.0
0.0
0.0
0.0
0.0169638221
0.0
0.0
0.0
0.0
0.0
0.0091743119
0.0000000000
0.0140481651
0.0
0.0195452732
0.0
0.0061162080
0.0
0.0103211009
0.0
0.0
0.0000000000
0.0
0.0
0.0169198376
0.0
0.0
0.0154046282
0.0000000000
0.0
0.0
0.0000000000
0.0219288431
0.0136224632
0.0
0.0
0.0
0.0240025603
0.0
0.0176290700
0.0091743119
0.0157733784
0.0045871560
0.0000000000
0.0
0.0149581173
0.0
0.0000000000
0.0
0.0
0.0
0.0103211009
0.0
0.0
0.0000000000
0.0
0.0
0.0
0.0
0.0068807339
0.0045871560
0.0236600676
0.0
0.0000000000
0.0
0.0045871560
0.0
0.0045871560
0.0
0.0000000000
0.0000000000
0.0
0.0000000000
0.0
0.0045871560
0.0
0.0000000000
0.0
0.0
0.0104253545
0.0104849279
0.0000000000
0.0000000000
0.0045871560
0.0000000000
0.0116763970
0.0
0.0187656380
0.0
0.0
0.0
0.0103211009
0.0
0.0103211009
0.0045871560
0.0
0.0
0.0000000000
0.0195452732
0.0127420999
0.0000000000
0.0
0.0104253545
0.0179816514
0.0045871560
0.0
0.0000000000
0.0076452599
0.0
0.0045871560
0.0142711519
0.0045871560
0.0127420999
0.0
0.0
0.0
0.0
0.0
0.0000000000
0.0194737753
0.0139799039
0.0000000000
0.0
0.0
0.0091743119
0.0045871560
0.0
0.0000000000
0.0
0.0000000000
0.0000000000
0.0
0.0
0.0000000000
0.0000000000
0.0
0.0
0.0
0.0061162080
0.0
0.0000000000
0.0000000000
0.0061162080
0.0068807339
0.0045871560
0.0264643613
0.0045871560
0.0
0.0061162080
0.0000000000
0.0
0.0172692930
0.0240025603
0.0
0.0000000000
0.0
0.0073394495
0.0
0.0
0.0000000000
0.0000000000
0.0000000000
0.0061162080
0.0045871560
0.0000000000
0.0000000000
0.0000000000
0.0
0.0
0.0045871560
0.0
0.0000000000
0.0
0.0091743119
0.0122324159
0.0045871560
0.0000000000
0.0000000000
0.0
0.0163098879
0.0000000000
0.0000000000
0.0045871560
0.0000000000
0.0146788991
0.0000000000
0.0073394495
0.0000000000
0.0
0.0068807339
0.0061162080
0.0000000000
0.0000000000
0.0000000000
0.0152386876
0.0000000000
0.0
0.0104849279
0.0000000000
0.0000000000
0.0000000000
0.0000000000
0.0149581173
0.0000000000
0.0000000000
0.0
0.0068807339
0.0154046282
0.0000000000
0.0000000000
0.0000000000
0.0000000000
0.0187656380
0.0000000000
0.0061162080
0.0000000000
0.0000000000
0.0000000000
0.0000000000
0.0000000000
0.0000000000
0.0000000000
0.0000000000
0.0000000000
0.0000000000
0.0000000000
0.0000000000
0.0
0.0000000000
0.0
0.0045871560
0.0045871560
0.0000000000
0.0000000000
0.0000000000
0.0000000000
0.0000000000
0.0
0.0000000000
0.0045871560
0.0000000000
0.0000000000
0.0091743119
0.0000000000
0.0
0.0000000000
0.0000000000
0.0000000000
0.0045871560
0.0000000000
0.0061162080
0.0045871560
0.0000000000
0.0000000000
0.0000000000
0.0000000000
0.0000000000
0.0000000000
0.0
0.0000000000
0.0000000000
0.0000000000
0.0000000000
0.0000000000
0.0000000000
0.0000000000
0.0000000000
0.0000000000
0.0000000000
0.0000000000
0.0000000000
0.0000000000
0.0000000000
0.0000000000
0.0000000000
