0.0
0.0
0.0
0.0
0.0
0.0
0.0
0.2254458344
0.0
0.0
0.0
0.0
0.0
0.0
0.0
0.0
0.0
0.0
0.0
0.0
0.2055326377
0.0
0.0
0.2108538710
0.0
0.0
0.0
0.0
0.0
0.0
0.0
0.1992472359
0.1872236958
0.2068376068
0.0
0.0
0.0
0.1770484950
0.0
0.0
0.0
0.0
0.0
0.0
0.0
0.0
0.0
0.0
0.0
0.0
0.0
0.0
0.0
0.2164579606
0.0
0.0
0.0
0.2377877597
0.0
0.2246684350
0.0
0.2246684350
0.0
0.2525342874
0.1723646724
0.2010921178
0.0000000000
0.0
0.1692307692
0.0
0.2157412124
0.2477332553
0.2143218623
0.0
0.0
0.2068376068
0.2681228237
0.1944890930
0.0
0.0
0.0
0.0000000000
0.1933348551
0.0
0.0
0.2377877597
0.1701144808
0.0
0.2555052790
0.2302256048
0.0
0.2108538710
0.2395361991
0.2254458344
0.0
0.0
0.1756168360
0.1419473772
0.2238963785
0.1830164218
0.2302256048
0.0
0.2101736973
0.1910669975
0.0
0.0
0.0
0.1770484950
0.0
0.0
0.1974358974
0.1692307692
0.0
0.2377877597
0.1883059137
0.0
0.2278106509
0.0000000000
0.0
0.1956571957
0.2017146940
0.0
0.0
0.2440218957
0.1770484950
0.2360646600
0.1577574967
0.2074963253
0.0
0.1728218731
0.1927628584
0.2074963253
0.2231296101
0.2477332553
0.2136191677
0.2231296101
0.1577574967
0.1696714744
0.1956571957
0.0
0.1809829060
0.2068376068
0.0
0.0109890110
0.1986397749
0.0
0.2404200965
0.1809829060
0.1710074702
0.0
0.1850961538
0.0
0.0
0.1705598067
0.0
0.1608736942
0.1850961538
0.0
0.0000000000
0.2042440318
0.2164579606
0.0000000000
0.1956571957
0.2136191677
0.0000000000
0.2294149512
0.0000000000
0.0
0.1921942364
0.2201143451
0.0
0.0000000000
0.1921942364
0.0000000000
0.0109890110
0.1416387960
0.0000000000
0.0000000000
0.0000000000
