0.0
0.0
0.0
0.0
0.1446831406
0.0
0.1646259519
0.0
0.0
0.1332857816
0.0
0.1409990792
0.0
0.1125907619
0.0
0.1203786605
0.1083836338
0.1078081455
0.0
0.1416548889
0.0055248619
0.0055248619
0.0
0.0
0.0
0.1223124542
0.1055660350
0.1338716532
0.1189679731
0.1160220994
0.0
0.0
0.1460709885
0.1384354596
0.1413262232
0.1397055097
0.1344626980
0.1175899657
0.0124309392
0.0
0.0
0.1619989420
0.1142806796
0.0073664825
0.0
0.1350589849
0.0000000000
0.1140666708
0.0055248619
0.1119698570
0.1136410489
0.1210966247
0.1025447849
0.1171376966
0.1371882933
0.1201412272
0.0998550856
0.1730443245
0.0971476909
0.1307115927
0.0
0.1196691595
0.0000000000
0.1381215470
0.0
0.1387508023
0.0
0.1515213985
0.1263726187
0.1093565569
0.1315585361
0.1285054899
0.1235529457
0.1338716532
0.1125907619
0.1423168276
0.1144954929
0.1203786605
0.1025447849
0.0055248619
0.1164657786
0.1507712926
0.1153628830
0.0
0.1187360667
0.1213378530
0.1390675850
0.0124309392
0.0853103672
0.0000000000
0.1460709885
0.0
0.0082872928
0.0998550856
0.0000000000
0.1164657786
0.0901059204
0.1263726187
0.0073664825
0.1074278699
0.0971476909
0.1127992634
0.0963791174
0.1243093923
0.0976147471
0.1561835954
0.0889220470
0.1132185915
0.1287771717
0.1064888151
0.1035911602
0.0880225465
0.0000000000
0.0791059769
0.0000000000
0.1199047288
0.0055248619
0.0000000000
0.0000000000
0.0914588622
0.0793119820
0.0698527548
0.0000000000
0.0000000000
0.0772010167
0.0110497238
0.0000000000
0.1199047288
0.1268991713
0.0921506841
0.0
0.0
0.0000000000
0.0000000000
0.1429849817
0.0000000000
0.0073664825
0.0823129760
0.0000000000
0.0980863160
0.1044795921
0.0000000000
0.0962268597
0.0
0.1140666708
0.1144954929
0.0000000000
0.0000000000
0.1138534621
0.1043006887
0.0000000000
0.1199047288
0.0000000000
0.0110497238
0.0721701448
0.0000000000
0.0000000000
0.0000000000
0.1053833948
0.0000000000
0.0073664825
0.0000000000
0.0000000000
0.0000000000
0.0996916566
0.0885343055
0.0000000000
0.0082872928
0.0000000000
0.0000000000
0.0
0.0
0.0000000000
0.0000000000
0.0000000000
0.0000000000
0.0
0.1113557627
0.0000000000
0.0
0.0820911081
0.0000000000
0.0000000000
0.0000000000
0.0000000000
0.0055248619
0.0055248619
0.0000000000
0.1121760630
0.0000000000
0.0000000000
0.0954727307
0.0055248619
0.0000000000
0.1196691595
0.0000000000
0.1025447849
0.0000000000
0.0000000000
0.0894443498
0.0000000000
0.0000000000
0.0000000000
0.0
0.0000000000
0.0000000000
0.0000000000
0.0000000000
0.1039447137
0.0000000000
0.0000000000
0.0000000000
0.0000000000
0.0000000000
