0.0090909091
0.0
0.0
0.0
0.0
0.0
0.0227272727
0.0
0.0
0.0090909091
0.0
0.0
0.0
0.0
0.0
0.0
0.0090909091
0.0378787879
0.0
0.0
0.0
0.0
0.0
0.0409090909
0.0
0.0
0.0000000000
0.0
0.0
0.0
0.0000000000
0.0
0.0
0.0
0.0
0.0090909091
0.0
0.0
0.0000000000
0.0
0.0
0.0
0.0454545455
0.0090909091
0.0
0.0
0.0
0.0
0.0
0.0
0.0284090909
0.0121212121
0.0304439746
0.0000000000
0.0000000000
0.0
0.0378787879
0.0
0.0000000000
0.0
0.0297520661
0.0000000000
0.0
0.0090909091
0.0233766234
0.0385026738
0.0
0.0290909091
0.0181818182
0.0
0.0000000000
0.0534759358
0.0275482094
0.0
0.0275482094
0.0000000000
0.0
0.0
0.0
0.0
0.0336700337
0.0
0.0
0.0353808354
0.0121212121
0.0090909091
0.0451410658
0.0
0.0246998285
0.0204545455
0.0
0.0000000000
0.0181818182
0.0000000000
0.0000000000
0.0252525253
0.0
0.0
0.0000000000
0.0
0.0378787879
0.0313479624
0.0
0.0
0.0000000000
0.0
0.0242424242
0.0000000000
0.0
0.0
0.0
0.0090909091
0.0000000000
0.0000000000
0.0
0.0
0.0
0.0227272727
0.0000000000
0.0000000000
0.0363636364
0.0090909091
0.0
0.0000000000
0.0
0.0121212121
0.0000000000
0.0090909091
0.0000000000
0.0
0.0227272727
0.0000000000
0.0
0.0
0.0000000000
0.0290909091
0.0121212121
0.0000000000
0.0000000000
0.0000000000
0.0000000000
0.0
0.0
0.0000000000
0.0000000000
0.0000000000
0.0000000000
0.0000000000
0.0000000000
0.0121212121
0.0000000000
0.0000000000
0.0000000000
0.0000000000
0.0000000000
0.0275482094
0.0000000000
0.0000000000
0.0181818182
0.0
0.0000000000
0.0378787879
0.0000000000
0.0
0.0000000000
0.0000000000
0.0000000000
0.0121212121
0.0189393939
0.0000000000
0.0000000000
0.0000000000
0.0000000000
0.0000000000
0.0000000000
0.0000000000
0.0000000000
0.0000000000
0.0000000000
0.0000000000
0.0000000000
0.0000000000
0.0000000000
0.0000000000
0.0000000000
