0.0
0.0
0.0
0.0
0.1219694330
0.0
0.1532367351
0.0
0.0
0.0846121082
0.0
0.1323275241
0.0
0.1434118359
0.0
0.1298494806
0.1019700333
0.1285257139
0.0
0.0
0.1333454282
0.0795635372
0.0
0.0
0.0
0.1390965349
0.1089389201
0.1318243776
0.1431158362
0.1273454961
0.0
0.0
0.1440075237
0.1367645417
0.1290039491
0.1441572196
0.1313250429
0.1185292695
0.1162441285
0.0
0.0
0.1437090625
0.1456714761
0.1232704403
0.0
0.1273454961
0.1322013778
0.1276972793
0.1110322220
0.1191402451
0.1189358879
0.1204858777
0.1382644519
0.1278149726
0.1314495216
0.1432636831
0.1199647451
0.0
0.1080898249
0.1410775639
0.0
0.0969784932
0.0796549370
0.1374422649
0.0
0.1342490274
0.0
0.0839971201
0.1260720412
0.1232704403
0.1431158362
0.1397976263
0.1163416487
0.1419439563
0.1316991883
0.1244876529
0.1048218029
0.0031446541
0.0874396250
0.1156624231
0.1291240645
0.1549488774
0.1227249958
0.0
0.1393761259
0.1218622542
0.1296067713
0.0
0.0897019698
0.0773448105
0.1465953967
0.0
0.1182261256
0.1037241924
0.1097145928
0.0
0.1019700333
0.1233801115
0.1070055905
0.1312007997
0.1281693579
0.1273454961
0.1037241924
0.1001294190
0.1164393327
0.1399386935
0.0
0.1073368772
0.1476882271
0.0
0.1114784930
0.1127473539
0.0000000000
0.1118381010
0.0674182038
0.1258432353
0.1061050079
0.0
0.0990566038
0.1263016806
0.1062676209
0.1158556769
0.0612000200
0.1155660377
0.0000000000
0.1215418451
0.0749617542
0.1256152584
0.0000000000
0.1044271425
0.0
0.0
0.0748403914
0.0031446541
0.1400800457
0.0031446541
0.1294857566
0.1007111440
0.0926381064
0.1252748377
0.1133926781
0.1240422588
0.1025734063
0.0
0.0902272253
0.1467505241
0.1132075472
0.0000000000
0.1202768823
0.1134854708
0.0775177447
0.1428210559
0.1161467716
0.1275798025
0.1028777784
0.0923912360
0.0000000000
0.0000000000
0.1154698129
0.1087680355
0.1265321581
0.0000000000
0.1175247841
0.0843034926
0.1354289505
0.1147057447
0.1294857566
0.0031446541
0.0694090317
0.1410775639
0.0
0.0
0.0000000000
0.0
0.0963719564
0.0824490162
0.0
0.1294857566
0.1040354428
0.0
0.0946616009
0.0000000000
0.1039574552
0.1248238031
0.0000000000
0.0904036801
0.1136715125
0.0
0.0000000000
0.1080056427
0.1000571755
0.1102378738
0.1203812893
0.1105013907
0.1243760047
0.0000000000
0.1042701092
0.1309530173
0.1173259266
0.1234899780
0.0
0.0968430484
0.1176244659
0.0
0.1140454320
0.0062893082
0.0
0.0628930818
0.1095412680
0.0869462353
0.0000000000
0.1187322306
0.0
0.0986338871
0.0970463578
0.1067584644
0.0961714600
0.0000000000
0.0
0.1076702215
0.0000000000
0.1168317146
0.1347708895
0.0000000000
0.0
0.1269956459
0.0000000000
0.0000000000
0.1133926781
0.1284067086
0.0965060858
0.1181254219
0.0
0.1356939778
0.1258432353
0.0711175617
0.1209060552
0.0000000000
0.1150865106
0.0000000000
0.0903447852
0.0000000000
0.0000000000
0.0000000000
0.1000571755
0.0843547721
0.1041917696
0.0000000000
0.1095412680
0.0000000000
0.1237102991
0.0000000000
0.0986338871
0.1125643225
0.0828430378
0.0846637639
0.1115681780
0.1155660377
0.1245995016
0.1184280489
0.0
0.0000000000
0.0915979163
0.0000000000
0.0693396226
0.1057812702
0.0795179159
0.1047426324
0.0031446541
0.0000000000
0.0000000000
0.1341191927
0.0861897112
0.0000000000
0.0031446541
0.0
0.0000000000
0.0000000000
0.0000000000
0.0873845276
0.0031446541
0.1201726562
0.0000000000
0.0000000000
0.0694785798
0.0000000000
0.0874396250
0.0031446541
0.0031446541
0.1141392965
0.0
0.0941474849
0.1050600343
0.0000000000
0.0000000000
0.0947262604
0.0940198273
0.0000000000
0.0858695017
0.0000000000
0.0000000000
0.0000000000
0.0967079814
0.1083431604
0.0000000000
0.0000000000
0.0000000000
0.0031446541
0.0774311811
0.0000000000
0.0000000000
0.0000000000
0.0000000000
0.0031446541
0.0031446541
0.0890682372
0.0041928721
0.0000000000
0.0969107235
0.0973871105
0.0000000000
0.1208007363
0.0693396226
0.0000000000
0.0000000000
0.0000000000
0.0041928721
0.0000000000
0.0000000000
0.0000000000
0.0000000000
0.0000000000
0.1039574552
0.0000000000
0.0000000000
0.0000000000
0.0000000000
0.0000000000
0.0000000000
0.0000000000
0.1080898249
0.0031446541
0.0000000000
0.0000000000
0.0000000000
0.0000000000
0.0000000000
0.0986338871
0.0000000000
0.0000000000
0.0000000000
0.0000000000
0.0000000000
0.0000000000
0.0000000000
0.0000000000
0.0000000000
0.0000000000
0.0000000000
0.0000000000
0.0031446541
0.0897019698
0.0000000000
0.0000000000
0.0000000000
0.0000000000
0.0000000000
0.0000000000
0.0000000000
