0.0
0.0
0.0
0.0
0.0
0.0
0.0
0.0
0.0
0.0000000000
0.1754932503
0.0
0.0
0.0
0.0
0.1539162113
0.0
0.0
0.1788359788
0.0
0.0
0.1840958606
0.0
0.0
0.2086419753
0.0
0.0000000000
0.0
0.1707070707
0.0
0.2318244170
0.2235449735
0.0
0.0
0.0
0.2644757433
0.2761437908
0.0
0.0
0.0
0.0
0.2158365262
0.0
0.2086419753
0.0
0.2537537538
0.2063492063
0.1754932503
0.0
0.2289972900
0.2347222222
0.0
0.0000000000
0.2376933896
0.2289972900
0.0
0.2109862672
0.1390946502
0.1738683128
0.2158365262
0.1444444444
0.0000000000
0.0000000000
0.0
0.0000000000
0.0
0.1676587302
0.0
0.0000000000
0.1935853379
0.1676587302
0.0000000000
0.0000000000
0.0000000000
