0.0
0.0
0.0
0.0
0.0
0.0
0.0
0.0
0.0
0.0
0.0
0.0
0.0
0.0
0.0
0.0
0.0
0.0
0.0
0.0
0.0
0.0
0.0
0.0
0.0
0.0
0.0
0.0
0.0
0.0
0.0
0.0
0.0
0.0
0.0
0.0
0.0
0.0
0.0
0.0
0.0
0.0
0.0000000000
0.0000000000
0.0
0.0
0.0
0.0
0.0
0.0843750000
0.0
0.0
0.0
0.0
0.0
0.0
0.0
0.0
0.0
0.0
0.0277777778
0.0
0.0
0.0
0.0
0.0
0.0
0.0
0.0
0.0
0.0
0.0000000000
0.0
0.0
0.0
0.0000000000
0.0
0.0000000000
0.0
0.0416666667
0.0
0.0
0.0
0.0
0.0
0.0
0.0277777778
0.0
0.0
0.0
0.0
0.1125000000
0.0
0.0
0.0992647059
0.0
0.0
0.0
0.0
0.0
0.0
0.0000000000
0.0
0.0675000000
0.0
0.0
0.0
0.0000000000
0.0
0.0581896552
0.0
0.0000000000
0.0
0.0
0.0
0.0
0.0803571429
0.0
0.0000000000
0.0416666667
0.0277777778
0.0000000000
0.0000000000
0.0
0.0
0.0
0.0
0.0
0.0733695652
0.0
0.0277777778
0.0843750000
0.0
0.0277777778
0.0000000000
0.0
0.0
0.0277777778
0.0000000000
0.0602678571
0.0
0.0416666667
0.0
0.0
0.0
0.0
0.0
0.0000000000
0.0937500000
0.0
0.0000000000
0.0
0.0000000000
0.0416666667
0.0
0.0000000000
0.0000000000
0.0000000000
0.0208333333
0.0000000000
0.0
0.0277777778
0.0000000000
0.0208333333
0.0000000000
0.0
0.0000000000
0.0000000000
0.0277777778
0.0
0.0000000000
