0.0
0.0
0.0
0.0
0.1230949150
0.0
0.1546761177
0.0
0.0
0.0971683303
0.0
0.1125613331
0.0
0.1382812555
0.0
0.1373267688
0.0
0.1361520317
0.0
0.0
0.1378023594
0.0921608136
0.0
0.0
0.0
0.1298219617
0.1119280767
0.1194011441
0.1444298776
0.1235727679
0.0
0.0
0.1469637351
0.1242480289
0.1363853685
0.1313215553
0.1369722247
0.1234769008
0.1176361604
0.0
0.0
0.1500110510
0.1514383683
0.1328561979
0.0
0.1388845768
0.1399839271
0.1268220917
0.1139310845
0.1146698307
0.1241511116
0.1110688940
0.1475085496
0.1329671889
0.1275334335
0.0
0.1270245212
0.0
0.1110688940
0.1517270973
0.0
0.1040272713
0.1123230240
0.1413514432
0.0
0.1390058734
0.0
0.0928598163
0.1337493488
0.1293997765
0.1414770889
0.1321941238
0.0000000000
0.1487492758
0.1306746511
0.1235727679
0.1040272713
0.0820421263
0.1076144186
0.1233811822
0.1336370488
0.1461540175
0.1296105253
0.0
0.1479198188
0.1292946589
0.1329671889
0.0
0.0930770322
0.0947391221
0.1334130135
0.0
0.1261186411
0.1084207936
0.1069635249
0.0
0.0950219254
0.1245396910
0.1313215553
0.1391273821
0.1393710377
0.1270245212
0.1085687074
0.1107597252
0.1236687840
0.1340873842
0.0
0.1107597252
0.1390058734
0.0
0.1226207435
0.1269232257
0.1054749669
0.1267211187
0.0983694222
0.1242480289
0.1313215553
0.0
0.0999131984
0.1456191446
0.1194011441
0.1257201620
0.0855708199
0.1179849704
0.0000000000
0.1355721679
0.0959383515
0.1195805598
0.0000000000
0.1316474153
0.0
0.0
0.1221502111
0.0026954178
0.1408510841
0.0026954178
0.1127207685
0.1196704700
0.1171167955
0.1363853685
0.1231901897
0.1082732824
0.1253241930
0.0
0.1096910579
0.1419819135
0.1124817845
0.0946827633
0.1352266143
0.1186003913
0.1204857873
0.1277381421
0.1181601522
0.1280464401
0.1280464401
0.0947955480
0.0000000000
0.0000000000
0.1100703493
0.1113019056
0.1355721679
0.0000000000
0.1069635249
0.1030840188
0.1225263472
0.1106827017
0.1256209353
0.0936245442
0.1018309181
0.1433889415
0.0
0.0
0.0729430454
0.0
0.1140126970
0.0026954178
0.0
0.1392491033
0.1047116612
0.0
0.0053908356
0.0035938904
0.1081261719
0.1365023371
0.1136057995
0.1071796128
0.1215903171
0.0
0.0000000000
0.1106057853
0.1036209148
0.1285635905
0.1278407430
0.1037560137
0.1344271327
0.0000000000
0.1150012464
0.1376831532
0.1212198972
0.0956500752
0.0
0.1102991858
0.1228099730
0.0
0.1186003913
0.0843017612
0.0
0.1311052101
0.0
0.0895172807
0.0931860217
0.1312132935
0.0
0.1055449105
0.1006079172
0.1185120812
0.1081261719
0.1129607701
0.0
0.1348828179
0.0000000000
0.1235727679
0.1316474153
0.0000000000
0.0
0.1268220917
0.0000000000
0.0000000000
0.1209435601
0.1385219539
0.1011192662
0.1308895765
0.0
0.1446924773
0.1216832760
0.0959383515
0.1254229512
0.0
0.1264191621
0.0737201135
0.1253241930
0.0000000000
0.0000000000
0.0000000000
0.1126409944
0.1058960247
0.1149182130
0.0000000000
0.1181601522
0.1210355324
0.0947391221
0.0000000000
0.1055449105
0.1136057995
0.0035938904
0.0872597177
0.1241511116
0.1113797936
0.1287716222
0.0000000000
0.0
0.0000000000
0.1010550635
0.0951924193
0.0830264607
0.1150012464
0.1094647353
0.1116141130
0.0810808584
0.0000000000
0.0000000000
0.1486103876
0.0867366349
0.0000000000
0.0791062252
0.0
0.0000000000
0.0000000000
0.0000000000
0.1103756762
0.0923747679
0.1167730925
0.0000000000
0.0721821882
0.1274313251
0.0000000000
0.1012479167
0.0026954178
0.0026954178
0.1220565376
0.0
0.0026954178
0.1130409979
0.0928598163
0.0934047682
0.1116924386
0.1134438525
0.0000000000
0.0035938904
0.1087170253
0.0000000000
0.0000000000
0.0960541491
0.1150843999
0.0000000000
0.0000000000
0.0000000000
0.0026954178
0.0949086017
0.0000000000
0.1106057853
0.1124817845
0.0000000000
0.0000000000
0.0899218786
0.1155858570
0.0964616516
0.0000000000
0.1004808870
0.1029506630
0.0981873689
0.1147525055
0.0829399297
0.1286675223
0.0000000000
0.0000000000
0.0747940437
0.0671568460
0.0000000000
0.0000000000
0.0000000000
0.0931860217
0.1084207936
0.1076144186
0.0000000000
0.0000000000
0.1160917032
0.0000000000
0.0000000000
0.0000000000
0.1166874817
0.0026954178
0.0000000000
0.0000000000
0.1106057853
0.0000000000
0.0000000000
0.0053908356
0.1128006556
0.1082732824
0.0000000000
0.0000000000
0.0000000000
0.0000000000
0.1244423183
0.1063915275
0.0000000000
0.0000000000
0.0000000000
0.1129607701
0.0000000000
0.0931860217
0.1057552990
0.1088657490
0.0000000000
0.0000000000
0.0000000000
0.0999759580
0.0000000000
0.0000000000
0.0000000000
0.0000000000
0.0000000000
0.0000000000
0.0000000000
0.0816213975
0.1167730925
0.0000000000
0.0000000000
0.0035938904
0.0000000000
0.0000000000
0.0000000000
0.0000000000
0.0000000000
0.0920009971
0.1148352995
0.0000000000
0.0000000000
0.0000000000
0.0000000000
0.0000000000
0.0979456770
0.0000000000
0.0000000000
0.0000000000
0.0000000000
0.0000000000
0.0000000000
0.0000000000
0.0000000000
0.0000000000
0.0000000000
0.0000000000
0.0000000000
0.0000000000
0.0000000000
0.0000000000
0.0000000000
0.0000000000
0.0000000000
0.0000000000
0.0000000000
0.0000000000
0.0000000000
0.0000000000
0.0000000000
0.0000000000
0.0000000000
0.0000000000
0.0000000000
0.0000000000
0.0000000000
0.0000000000
0.0000000000
0.0000000000
