0.0
0.0
0.0
0.0
0.0
0.0
0.0
0.2233065917
0.0
0.0
0.0
0.0
0.0
0.0
0.0
0.0
0.0
0.0
0.0
0.0
0.1617541337
0.0
0.0
0.2213477619
0.0
0.0
0.0
0.0
0.0
0.0
0.0
0.1956096501
0.2029515672
0.2085425195
0.0
0.0
0.0
0.1956096501
0.0
0.0
0.0
0.0
0.0
0.0
0.0
0.0
0.0
0.0
0.0
0.0
0.0
0.0
0.0
0.2126430747
0.0
0.0
0.0
0.2096978797
0.0
0.1859973823
0.0
0.0
0.0
0.2490162322
0.2045971205
0.1590355768
0.1663756804
0.0
0.1916479356
0.0
0.2293967715
0.2490162322
0.2322114558
0.0
0.0
0.2388042100
0.2358284566
0.2293967715
0.0
0.0
0.0
0.0
0.2266495047
0.0
0.0
0.2013322728
0.1997386137
0.0
0.2350960701
0.2395599196
0.0
0.2434113652
0.2523364486
0.2293967715
0.0
0.0
0.2007982350
0.0
0.2162883845
0.1956096501
0.2187888283
0.0
0.1573824004
0.1911639762
0.0
0.0
0.0
0.1832952411
0.0
0.0
0.2057090614
0.1892523364
0.0
0.1748289482
0.1864555039
0.0
0.2029515672
0.1607238526
0.0
0.0
0.2120474358
0.0
0.0
0.2273301339
0.1878435101
0.1819734004
0.2120474358
0.1837401325
0.0
0.2233065917
0.2144502396
0.1971378505
0.1897266531
0.2566133376
0.2266495047
0.1981699858
0.1760486851
0.1824118906
0.2162883845
0.0
0.1621005023
0.2120474358
0.0
0.0000000000
0.2187888283
0.0
0.2473886751
0.1828524990
0.1768713425
0.0
0.2132420692
0.0
0.0
0.2018691589
0.0
0.1855415063
0.1638548368
0.0
0.0000000000
0.0
0.2175314212
0.0000000000
0.2329259526
0.2138444480
0.1391561297
0.1789620203
0.1431019557
0.0
0.1981699858
0.1600442592
0.0
0.0
0.2343682185
0.0000000000
0.0
0.1824118906
0.1507986745
0.0000000000
0.2096978797
0.1607238526
0.0000000000
0.0000000000
0.1523157637
0.1391561297
0.1902033532
0.1682242991
0.1682242991
0.0000000000
0.0000000000
0.0000000000
0.0000000000
0.0000000000
0.0000000000
0.1720475786
0.0000000000
0.1455787203
0.1768713425
0.1510996698
0.0000000000
0.0000000000
0.0000000000
0.1243036693
