0.0
0.0
0.0
0.0
0.1431984045
0.0
0.1560563178
0.0
0.0
0.0820658386
0.0
0.1320226706
0.0
0.1397288397
0.0
0.1295952874
0.1005339037
0.1254933595
0.0
0.0
0.1290679414
0.0794948536
0.0
0.0
0.0
0.1354042544
0.1077942111
0.1293310769
0.1427151703
0.1324361027
0.0
0.0
0.1423948220
0.1376071436
0.1383574552
0.1367174422
0.1286752398
0.1152350467
0.1163979692
0.0
0.0
0.1578032169
0.1427151703
0.1181320171
0.0
0.1325744895
0.1230589587
0.1247529857
0.1075201580
0.1193544557
0.1199185127
0.1191303159
0.1364234262
0.1273833197
0.1401920292
0.1395751226
0.1231784334
0.1593891789
0.1053768990
0.1422351866
0.0
0.0940502494
0.0795945962
0.1394217433
0.0
0.1419169870
0.0
0.1367174422
0.1259918435
0.1201456311
0.1451645153
0.1391159939
0.1165048544
0.1419169870
0.1294630474
0.1420759086
0.1163979692
0.0032362460
0.0908838012
0.1114883888
0.1259918435
0.1534144938
0.1245081319
0.0
0.1386598759
0.1227019211
0.1321601942
0.0
0.0899176374
0.0789507072
0.1454974615
0.0
0.1229397155
0.1045088850
0.1151304777
0.0
0.1005339037
0.1271280425
0.1042512625
0.1301269604
0.1263683132
0.1302605610
0.1043369954
0.1052894493
0.1171503106
0.1506814565
0.0
0.1065271087
0.1492632781
0.0
0.1110006880
0.1133813998
0.0000000000
0.1104210500
0.0777889555
0.1241426481
0.1043369954
0.0
0.0987344641
0.1245081319
0.1045088850
0.1159723825
0.0694057913
0.1078858728
0.0000000000
0.1217598718
0.0883522189
0.1239001820
0.0000000000
0.1017432128
0.0
0.0
0.0048543689
0.0032362460
0.1401920292
0.0032362460
0.1243860651
0.0971468502
0.0903016273
0.1229397155
0.1099426225
0.1207172088
0.1010141612
0.0
0.0878627330
0.1451645153
0.1108068004
0.0000000000
0.1201456311
0.1126765421
0.0798450512
0.1430369633
0.1130782410
0.1243860651
0.1006934813
0.0914076271
0.0000000000
0.0000000000
0.1144037749
0.0925410550
0.1254933595
0.0000000000
0.1170422384
0.1020706246
0.1331309406
0.1128770342
0.1268737864
0.0032362460
0.0710379543
0.1392687008
0.0
0.0
0.0000000000
0.0
0.0964086523
0.0812772495
0.0
0.1281553398
0.1061705326
0.0
0.0928118408
0.0000000000
0.1012560147
0.1190185614
0.0000000000
0.0906889109
0.1130782410
0.0
0.0000000000
0.1062594526
0.0934957895
0.1082540840
0.1193544557
0.0032362460
0.1241426481
0.0000000000
0.1174757282
0.1243860651
0.1125765629
0.1217598718
0.0
0.0954656030
0.1091857026
0.0
0.1125765629
0.0064724919
0.0
0.0000000000
0.1085318960
0.0816433632
0.0000000000
0.1389636215
0.0
0.0982755898
0.0960437444
0.1079776906
0.1206024586
0.0000000000
0.0
0.1050279689
0.0000000000
0.1223469493
0.1371608502
0.0000000000
0.0
0.1242642374
0.0000000000
0.0000000000
0.1120793166
0.1264943035
0.0072815534
0.1162912799
0.0
0.1259918435
0.1212942509
0.0708396351
0.1161847861
0.0000000000
0.1115864436
0.0000000000
0.0879845953
0.0000000000
0.0000000000
0.0000000000
0.1036550543
0.0072815534
0.1050279689
0.0000000000
0.1042512625
0.0000000000
0.1203736114
0.0000000000
0.0982755898
0.0048543689
0.0811213468
0.0835795694
0.1174757282
0.1221114402
0.1257421074
0.1127766990
0.0
0.0000000000
0.0899176374
0.0000000000
0.0704072067
0.1040802185
0.0774092657
0.1040802185
0.0032362460
0.0000000000
0.0000000000
0.1336920826
0.0856098424
0.0000000000
0.0032362460
0.0
0.0000000000
0.0000000000
0.0000000000
0.0897903655
0.0032362460
0.1184629191
0.0000000000
0.0000000000
0.0710379543
0.0000000000
0.0000000000
0.0032362460
0.0000000000
0.1080696647
0.0
0.0930159724
0.1004543044
0.0000000000
0.0000000000
0.0032362460
0.0000000000
0.0000000000
0.0000000000
0.0000000000
0.0000000000
0.0000000000
0.0000000000
0.1068860880
0.0000000000
0.0000000000
0.0000000000
0.0000000000
0.0790490881
0.0000000000
0.0000000000
0.0000000000
0.0000000000
0.0000000000
0.0032362460
0.0870787827
0.0043149946
0.0000000000
0.0958985536
0.0925410550
0.0000000000
0.1211784015
0.0704072067
0.0000000000
0.0000000000
0.0000000000
0.0043149946
0.0000000000
0.0000000000
0.0000000000
0.0000000000
0.0000000000
0.1012560147
0.0000000000
0.0000000000
0.0000000000
0.0000000000
0.0000000000
0.0000000000
0.0000000000
0.0000000000
0.0032362460
0.0000000000
0.0000000000
0.0000000000
0.0000000000
0.0000000000
0.0950365441
0.0000000000
0.0000000000
0.0000000000
0.0000000000
0.0000000000
0.0000000000
0.0000000000
0.0000000000
0.0000000000
0.0000000000
0.0000000000
