0.0
0.0
0.0
0.0
0.0
0.0
0.0
0.0
0.0
0.0
0.0
0.0
0.0
0.0
0.0
0.0
0.0
0.0
0.0
0.0
0.0
0.0
0.0
0.0
0.0
0.0
0.0
0.0
0.0
0.0
0.0
0.0
0.0
0.0
0.0
0.0
0.0
0.0
0.0
0.0
0.0
0.0
0.0000000000
0.0000000000
0.0
0.0
0.0
0.0
0.0
0.0424528302
0.0
0.0
0.0
0.0
0.0
0.0
0.0
0.0
0.0
0.0
0.0857632933
0.0
0.0
0.0
0.0
0.0
0.0
0.0
0.0
0.0
0.0
0.0608642727
0.0
0.0
0.0
0.0000000000
0.0
0.0000000000
0.0
0.0857632933
0.0
0.0
0.0000000000
0.0
0.0
0.0
0.0725689405
0.0
0.0
0.0
0.0
0.0628930818
0.0
0.0
0.0283018868
0.0
0.0
0.0
0.0
0.0
0.0
0.0000000000
0.0
0.0000000000
0.0000000000
0.0
0.0
0.0251572327
0.0
0.0438788943
0.0
0.0188679245
0.0
0.0
0.0
0.0377358491
0.0483792937
0.0
0.0188679245
0.0188679245
0.0000000000
0.0754716981
0.0698812020
0.0
0.0
0.0000000000
0.0
0.0
0.0483792937
0.0
0.0000000000
0.0424528302
0.0
0.0000000000
0.0000000000
0.0
0.0
0.0251572327
0.0554938957
0.0283018868
0.0
0.0000000000
0.0
0.0377358491
0.0
0.0
0.0251572327
0.0251572327
0.0188679245
0.0000000000
0.0251572327
0.0000000000
0.0000000000
0.0377358491
0.0000000000
0.0000000000
0.0188679245
0.0000000000
0.0000000000
0.0000000000
0.0251572327
0.0188679245
0.0000000000
0.0000000000
