0.0
0.0
0.0
0.0
0.0
0.0
0.0
0.0
0.0
0.0
0.0
0.0
0.0
0.0
0.0
0.0
0.0
0.0
0.0
0.0
0.0
0.0
0.0
0.0
0.0
0.0
0.0
0.0
0.0
0.0
0.0
0.0162601626
0.0
0.0
0.0
0.0
0.0
0.0
0.0
0.0
0.0
0.0
0.0
0.0121951220
0.0
0.0
0.0
0.0
0.0
0.0
0.0
0.0
0.0000000000
0.0
0.0
0.0
0.0
0.0
0.0
0.0
0.0
0.0162601626
0.0
0.0
0.0511610424
0.0
0.0
0.0
0.0
0.0
0.0389037093
0.0
0.0
0.0
0.0
0.0
0.0
0.0
0.0617315057
0.0
0.0
0.0
0.0
0.0
0.0
0.0243902439
0.0
0.0
0.0
0.0
0.0
0.0000000000
0.0
0.0
0.0
0.0
0.0000000000
0.0
0.0
0.0
0.0162601626
0.0
0.0633009508
0.0
0.0
0.0
0.0
0.0
0.0
0.0
0.0655220368
0.0617315057
0.0
0.0
0.0
0.0
0.0
0.0
0.0
0.0
0.0000000000
0.0
0.0638419846
0.0565872136
0.0497967480
0.0357392928
0.0000000000
0.0
0.0162601626
0.0
0.0
0.0
0.0
0.0718222326
0.0469780641
0.0
0.0426829268
0.0
0.0561617458
0.0
0.0
0.0691621500
0.0501309543
0.0461081000
0.0
0.0
0.0000000000
0.0162601626
0.0
0.0
0.0424404102
0.0000000000
0.0597560976
0.0
0.0
0.0
0.0
0.0
0.0739555663
0.0732305117
0.0
0.0162601626
0.0
0.0
0.0
0.0
0.0
0.0
0.0000000000
0.0
0.0
0.0
0.0389037093
0.0162601626
0.0
0.0
0.0
0.0
0.0417291184
0.0
0.0
0.0638419846
0.0
0.0000000000
0.0497967480
0.0243902439
0.0
0.0579031953
0.0518716125
0.0000000000
0.0
0.0574577861
0.0000000000
0.0
0.0000000000
0.0
0.0121951220
0.0000000000
0.0000000000
0.0
0.0243902439
0.0501309543
0.0000000000
0.0
0.0
0.0121951220
0.0000000000
0.0000000000
0.0739555663
0.0000000000
0.0000000000
0.0537374978
0.0
0.0387021357
0.0000000000
0.0000000000
0.0243902439
0.0
0.0557426283
0.0121951220
0.0000000000
0.0121951220
0.0000000000
0.0725195359
0.0000000000
0.0000000000
0.0704670962
0.0557426283
0.0162601626
0.0000000000
0.0121951220
0.0000000000
0.0000000000
0.0000000000
