0.0
0.0
0.0
0.0
0.0
0.0
0.0
0.0
0.0
0.0
0.0
0.0
0.0
0.0
0.0
0.0
0.0
0.0
0.0
0.0
0.0
0.0
0.0
0.0
0.0
0.0
0.0
0.0
0.0
0.0
0.0
0.0
0.0
0.0
0.0
0.0
0.0
0.0
0.0
0.0
0.0
0.0
0.0
0.0
0.0
0.0
0.0
0.0
0.0
0.0
0.0
0.0
0.0
0.0
0.0
0.0
0.0
0.0
0.0
0.0
0.1397991968
0.0
0.0
0.0
0.0
0.0
0.0
0.0
0.0
0.0
0.0
0.0
0.0
0.0
0.0
0.1711826899
0.0
0.0
0.0
0.1978290521
0.0
0.0
0.0
0.0
0.0
0.0
0.0000000000
0.0
0.0
0.0
0.0
0.1691119316
0.0
0.0
0.0
0.0
0.0
0.0
0.0
0.0
0.0
0.0
0.0
0.0
0.0
0.0
0.0
0.1267062207
0.0
0.1897726653
0.0
0.0
0.0
0.0
0.0
0.0
0.0
0.0
0.1127412877
0.1536254910
0.0
0.1282561438
0.0
0.0
0.0
0.0
0.0
0.0
0.0
0.0
0.0
0.0
0.0
0.0000000000
0.0
0.0
0.0
0.1327207564
0.1327207564
0.2055870541
0.0
0.1436293118
0.0
0.0
0.0
0.0
0.0
0.0
0.0
0.0
0.1282561438
0.0
0.1823467784
0.0
0.0
0.0
0.1704868254
0.0
0.0000000000
0.1402667526
0.0
0.1600754162
0.1600754162
0.0000000000
0.1670906735
0.0
0.0
0.1547592584
0.0
0.0
0.0
0.1733047894
0.1769610086
0.1815573984
0.0
0.1784670597
0.1651171616
0.1553324409
0.0
0.1471570492
0.0
0.0
0.1941655511
0.1525082147
0.1127412877
0.0
0.1906352683
0.0000000000
0.1704868254
0.1451202735
0.1530648140
0.0000000000
0.1198278830
0.0
0.0
0.0
0.0
0.1863989290
0.1274764712
0.0
0.0
0.0
0.1089344391
0.0
0.1083714704
0.2026075316
0.1670906735
0.1625572056
0.0
0.0000000000
0.1619295716
0.1670906735
0.1839463116
0.0975343233
0.1657697986
0.1651171616
0.0000000000
0.1559098849
0.1310617470
0.0
0.0000000000
0.0
0.1267062207
0.1625572056
0.0000000000
0.1089344391
0.0975343233
0.1625572056
0.1503217170
0.0000000000
0.0000000000
0.1466425141
0.1466425141
0.0000000000
0.0000000000
0.1310617470
0.0000000000
0.0000000000
0.0000000000
0.0
0.0000000000
0.0000000000
0.0000000000
0.0000000000
0.0000000000
0.0000000000
0.0000000000
