0.0
0.0
0.0
0.0
0.0
0.0
0.0
0.0
0.0
0.0
0.0
0.0
0.0
0.0
0.0
0.1224697830
0.0
0.0
0.0
0.0
0.0
0.0
0.0
0.0
0.0
0.0
0.0
0.0
0.0
0.1205043703
0.0
0.1230971897
0.0
0.0
0.0
0.0
0.0
0.1075585113
0.0
0.0
0.1433685646
0.0
0.0
0.0
0.1068886629
0.0
0.0
0.0
0.0
0.1212339628
0.0
0.0
0.1058527376
0.0
0.1426874788
0.0
0.0
0.0
0.0
0.0
0.0
0.0
0.0
0.0
0.0
0.0
0.0
0.0
0.0
0.0
0.1179027057
0.1334920635
0.1456277056
0.0
0.1007909875
0.0
0.1233499560
0.0
0.1194262993
0.0
0.1461591936
0.1078481662
0.0
0.1194262993
0.1101217756
0.0822896282
0.0
0.1109352328
0.1041099282
0.1245003701
0.0
0.0
0.0
0.0
0.0
0.0
0.0911554303
0.0948995712
0.0
0.0
0.0
0.1258040389
0.0000000000
0.0000000000
0.0
0.0
0.0
0.0
0.0
0.1511230907
0.1140957808
0.1164174972
0.1114497747
0.1045629740
0.0821770569
0.1177871148
0.0905371945
0.0
0.0
0.0
0.0
0.0
0.1270009061
0.1387330914
0.0
0.0977565965
0.0
0.0
0.0
0.0
0.0
0.0
0.0737072743
0.0
0.0
0.0925599824
0.1229711946
0.0
0.0
0.0930618568
0.0
0.0
0.1019023385
0.0
0.1106287819
0.0
0.0978362029
0.0
0.1186010436
0.1276757249
0.0000000000
0.0
0.0857550729
0.0937883350
0.0
0.1134493457
0.1298841699
0.0
0.1025109703
0.1276757249
0.0
0.0
0.1099202719
0.1102228047
0.1120735608
0.0988016917
0.0000000000
0.0
0.0
0.1099202719
0.0
0.1280840694
0.0
0.0
0.0124007937
0.0805787104
0.0
0.0
0.1164174972
0.0070861678
0.0124007937
0.0
0.1090225564
0.0000000000
0.0099206349
0.0
0.0
0.1086282614
0.1111404784
0.1247589378
0.0
0.1363710070
0.1158561785
0.0
0.0793545952
0.1116569304
0.1085301329
0.1121782046
0.0
0.0821208866
0.1242428719
0.1168704836
0.0
0.1059460821
0.1227199767
0.0
0.0
0.1313036690
0.0000000000
0.0
0.0609243697
0.0
0.0
0.0
0.1023363349
0.0
0.1147496248
0.0
0.0000000000
0.0
0.0
0.1022492401
0.0910863208
0.1080421377
0.1046540567
0.1315913003
0.0
0.0000000000
0.0
0.0985585374
0.1200228343
0.1237310578
0.0000000000
0.0736620829
0.0949745906
0.0911554303
0.0960374557
0.0000000000
0.0
0.1028620352
0.0954272098
0.0
0.0
0.1019023385
0.1202631203
0.1176717504
0.0
0.0958077011
0.0
0.0994560076
0.1066041323
0.0
0.1019023385
0.0847867729
0.0
0.0984777518
0.0
0.1119691120
0.0082671958
0.1096193952
0.0000000000
0.0895919889
0.0
0.1223450684
0.1007065022
0.1057595573
0.0
0.0000000000
0.0
0.0
0.1026862027
0.0
0.0827430146
0.1315913003
0.1053884712
0.0000000000
0.1304482705
0.0912939644
0.0975185529
0.0000000000
0.1046540567
0.1040197897
0.1315913003
0.1200228343
0.0609243697
0.0
0.0
0.1065096251
0.0000000000
0.0
0.0
0.0
0.1014720077
0.1080421377
0.0
0.0
0.0924175824
0.0082671958
0.1057595573
0.0000000000
0.1099202719
0.1254100805
0.0922756199
0.0000000000
0.0
0.1027740437
0.0
0.0881458967
0.0
0.1133423181
0.1005379558
0.1007909875
0.0000000000
0.1091215778
0.1044720497
0.1041099282
0.1082368082
0.0
0.0000000000
0.0
0.1212339628
0.0990460488
0.0805247032
0.1013008914
0.0965778594
0.0734818698
0.1283577534
0.1143128993
0.1183673469
0.0992096260
0.1155219780
0.0868084228
0.0000000000
0.0919226145
0.1284950344
0.0000000000
0.1110377608
0.0000000000
0.0000000000
0.0000000000
0.0
0.0880167452
0.0665980361
0.0667831335
0.0000000000
0.1154110059
0.0885356353
0.0000000000
0.0
0.0000000000
0.1032155130
0.0957313603
0.1006221584
0.0000000000
0.0
0.0000000000
0.0
0.0
0.0000000000
0.0000000000
0.0000000000
0.0000000000
0.0805787104
0.1046540567
0.0000000000
0.0000000000
0.0000000000
0.0934963869
0.0000000000
0.0000000000
0.0000000000
0.0910863208
0.0000000000
0.0000000000
0.0000000000
0.0000000000
0.0909484157
0.0000000000
0.0000000000
0.0000000000
0.0000000000
0.0000000000
0.0000000000
0.0000000000
0.0000000000
0.0000000000
0.0000000000
0.1047452983
0.0000000000
0.0000000000
0.1078481662
0.0857550729
0.1183673469
0.0965778594
0.0000000000
0.0924175824
0.0739340659
0.0000000000
0.0000000000
0.0000000000
0.0000000000
0.0000000000
0.0000000000
0.0000000000
0.0000000000
0.0814527845
0.1094197242
0.0000000000
0.0000000000
0.0000000000
0.0957313603
0.0000000000
0.0
0.0000000000
0.0000000000
0.0000000000
0.0000000000
