0.0
0.0
0.0
0.0
0.0
0.0
0.0
0.0
0.0
0.0
0.0
0.0
0.0
0.0
0.0
0.0
0.0
0.0
0.0
0.0
0.0
0.0
0.0
0.0
0.0
0.0
0.0
0.0
0.0
0.0
0.0
0.0
0.0
0.0
0.0
0.0
0.0
0.0
0.0
0.0
0.0
0.0
0.0000000000
0.0000000000
0.0
0.0
0.0
0.0
0.0
0.0185185185
0.0
0.0
0.0
0.0
0.0
0.0000000000
0.0
0.0
0.0
0.0
0.0623781676
0.0
0.0000000000
0.0185185185
0.0
0.0
0.0
0.0
0.0000000000
0.0
0.0846560847
0.0000000000
0.0000000000
0.0592592593
0.0185185185
0.0000000000
0.0
0.0185185185
0.0
0.0911680912
0.0
0.0
0.0185185185
0.0000000000
0.0
0.0000000000
0.0000000000
0.0
0.0
0.0000000000
0.0
0.0455840456
0.0
0.0
0.0185185185
0.0
0.0
0.0
0.0
0.0
0.0
0.0592592593
0.0
0.0185185185
0.0000000000
0.0
0.0
0.0000000000
0.0
0.0000000000
0.0000000000
0.0185185185
0.0000000000
0.0000000000
0.0000000000
0.0185185185
0.0185185185
0.0
0.0000000000
0.0000000000
0.0000000000
0.0658436214
0.0000000000
0.0000000000
0.0185185185
0.0000000000
0.0564373898
0.0185185185
0.0000000000
0.0000000000
0.0000000000
0.0000000000
0.0000000000
0.0474074074
0.0000000000
0.0000000000
0.0000000000
0.0000000000
