0.0121868653
0.0
0.0
0.0
0.0
0.0
0.0047393365
0.0
0.0
0.0000000000
0.0
0.0
0.0
0.0
0.0
0.0
0.0
0.0094786730
0.0
0.0
0.0
0.0
0.0
0.0000000000
0.0
0.0
0.0000000000
0.0
0.0
0.0
0.0
0.0
0.0
0.0
0.0
0.0
0.0
0.0
0.0
0.0
0.0
0.0
0.0071090047
0.0000000000
0.0
0.0
0.0
0.0
0.0
0.0
0.0
0.0
0.0000000000
0.0000000000
0.0000000000
0.0
0.0093630794
0.0
0.0000000000
0.0
0.0
0.0000000000
0.0
0.0
0.0108327691
0.0047393365
0.0
0.0047393365
0.0207199091
0.0
0.0116329168
0.0063191153
0.0047393365
0.0
0.0113744076
0.0
0.0
0.0
0.0
0.0
0.0
0.0
0.0
0.0094786730
0.0
0.0317355570
0.0
0.0
0.0
0.0126382306
0.0
0.0
0.0153810368
0.0225865676
0.0000000000
0.0000000000
0.0
0.0
0.0253243334
0.0
0.0281697641
0.0132374571
0.0
0.0
0.0
0.0
0.0
0.0
0.0
0.0
0.0
0.0153554502
0.0
0.0
0.0
0.0
0.0
0.0094786730
0.0063191153
0.0047393365
0.0
0.0182802979
0.0
0.0063191153
0.0
0.0106635071
0.0
0.0
0.0075829384
0.0
0.0
0.0108327691
0.0
0.0
0.0185711778
0.0000000000
0.0
0.0
0.0000000000
0.0182802979
0.0116329168
0.0
0.0
0.0302061326
0.0253243334
0.0047393365
0.0142180095
0.0000000000
0.0106635071
0.0094786730
0.0000000000
0.0
0.0185711778
0.0063191153
0.0000000000
0.0
0.0
0.0
0.0094786730
0.0
0.0
0.0000000000
0.0
0.0
0.0
0.0
0.0071090047
0.0000000000
0.0166907068
0.0
0.0000000000
0.0
0.0047393365
0.0000000000
0.0047393365
0.0
0.0000000000
0.0000000000
0.0
0.0000000000
0.0
0.0047393365
0.0
0.0000000000
0.0
0.0
0.0126382306
0.0000000000
0.0000000000
0.0000000000
0.0047393365
0.0000000000
0.0047393365
0.0
0.0221868054
0.0
0.0
0.0
0.0106635071
0.0108327691
0.0063191153
0.0047393365
0.0
0.0
0.0000000000
0.0106635071
0.0063191153
0.0188504436
0.0075829384
0.0094786730
0.0170616114
0.0047393365
0.0
0.0000000000
0.0063191153
0.0
0.0047393365
0.0131243164
0.0047393365
0.0000000000
0.0
0.0
0.0
0.0
0.0
0.0000000000
0.0221868054
0.0253243334
0.0047393365
0.0
0.0225865676
0.0094786730
0.0000000000
0.0
0.0000000000
0.0
0.0000000000
0.0000000000
0.0
0.0
0.0000000000
0.0000000000
0.0000000000
0.0
0.0
0.0063191153
0.0
0.0000000000
0.0000000000
0.0000000000
0.0000000000
0.0000000000
0.0294954001
0.0089797955
0.0
0.0063191153
0.0000000000
0.0
0.0200568720
0.0269581613
0.0
0.0116329168
0.0
0.0000000000
0.0
0.0
0.0000000000
0.0000000000
0.0000000000
0.0063191153
0.0000000000
0.0000000000
0.0047393365
0.0188504436
0.0
0.0
0.0063191153
0.0
0.0000000000
0.0
0.0135519406
0.0170551633
0.0063191153
0.0000000000
0.0000000000
0.0
0.0225865676
0.0000000000
0.0000000000
0.0047393365
0.0063191153
0.0175322308
0.0000000000
0.0075829384
0.0000000000
0.0
0.0063191153
0.0000000000
0.0000000000
0.0000000000
0.0000000000
0.0071090047
0.0000000000
0.0
0.0108327691
0.0000000000
0.0000000000
0.0000000000
0.0000000000
0.0000000000
0.0000000000
0.0000000000
0.0
0.0071090047
0.0000000000
0.0000000000
0.0000000000
0.0000000000
0.0000000000
0.0207199091
0.0000000000
0.0000000000
0.0000000000
0.0000000000
0.0000000000
0.0000000000
0.0000000000
0.0000000000
0.0000000000
0.0000000000
0.0000000000
0.0000000000
0.0000000000
0.0000000000
0.0
0.0000000000
0.0155105558
0.0094786730
0.0000000000
0.0000000000
0.0075829384
0.0000000000
0.0000000000
0.0000000000
0.0
0.0000000000
0.0000000000
0.0000000000
0.0000000000
0.0000000000
0.0000000000
0.0000000000
0.0000000000
0.0000000000
0.0000000000
0.0000000000
0.0000000000
0.0000000000
0.0000000000
0.0000000000
0.0000000000
0.0000000000
0.0000000000
0.0000000000
