0.0
0.0
0.0
0.0
0.0
0.0
0.0
0.0
0.0
0.0
0.0
0.0
0.0
0.0
0.0
0.0
0.0
0.0
0.0
0.0
0.0
0.0
0.0
0.0
0.0
0.0
0.0
0.0
0.0
0.0
0.0
0.0
0.0
0.0
0.0
0.0
0.0
0.0
0.0
0.0
0.0
0.0
0.0
0.0
0.0
0.0
0.0
0.0
0.0
0.0
0.0
0.0
0.0
0.0
0.0
0.0
0.0
0.0
0.0
0.0
0.1009331840
0.0
0.0
0.0
0.0
0.0
0.0
0.0
0.0
0.0
0.0
0.0
0.0
0.0
0.0
0.1265029240
0.0
0.0
0.0
0.1232171337
0.0
0.0
0.0
0.0
0.0
0.0
0.0105263158
0.0
0.0
0.0
0.0
0.1361873583
0.0
0.0
0.0
0.0
0.0
0.0
0.0
0.0
0.0
0.0
0.0
0.0
0.0
0.0
0.0
0.0
0.0
0.1395252838
0.0
0.0
0.0
0.0
0.0
0.0
0.0
0.0
0.1348964829
0.1120596768
0.0
0.0140350877
0.0
0.0
0.0
0.0
0.0
0.0
0.0
0.0
0.0
0.0
0.0
0.1276374793
0.0
0.0
0.0
0.1348964829
0.0
0.1368421053
0.0
0.1206066012
0.0
0.0
0.0
0.0
0.0
0.0
0.0
0.0
0.0105263158
0.0
0.1176163549
0.0
0.0
0.0
0.1200977126
0.0
0.0951945080
0.0
0.0
0.0157894737
0.1062058130
0.0813233083
0.1498060942
0.0
0.0
0.0210526316
0.0
0.0
0.0
0.1474775020
0.0
0.1375031782
0.0
0.1116202270
0.1311666262
0.1185964912
0.0
0.1409067223
0.0
0.0
0.1237528604
0.0933218292
0.0921137796
0.0
0.0
0.0
0.1395252838
0.1129490393
0.0
0.0799526907
0.1305649445
0.0
0.0
0.0
0.0
0.0
0.0933218292
0.0
0.0
0.0
0.0
0.0
0.0817906836
0.1094736842
0.1368421053
0.1375031782
0.0
0.0105263158
0.0
0.0
0.0
0.0000000000
0.1430309442
0.1046439628
0.1138526316
0.1336298493
0.0000000000
0.0
0.0000000000
0.0
0.0933218292
0.1590120553
0.0
0.0713362353
0.0
0.0971438836
0.1125026004
0.0140350877
0.1111842105
0.0
0.0000000000
0.0105263158
0.0000000000
0.1098963625
0.0105263158
0.0951945080
0.0
0.0
0.0236842105
0.0881212319
0.0105263158
0.0000000000
0.0105263158
0.0790643275
0.0000000000
0.0936288089
0.0933218292
0.0105263158
0.0000000000
0.0
0.0000000000
0.0236842105
0.0000000000
0.0
0.0
0.0000000000
0.0000000000
0.0000000000
0.0000000000
0.0157894737
0.0927138694
0.0000000000
0.0
0.0000000000
0.0000000000
0.0000000000
0.0000000000
0.0000000000
0.0000000000
0.0000000000
0.0000000000
0.0000000000
0.1086380072
0.0000000000
0.0000000000
0.0000000000
0.0000000000
