0.0
0.0
0.0
0.0
0.1885125184
0.0
0.1885125184
0.0
0.0
0.1227229147
0.0
0.1562881563
0.0
0.1865889213
0.0
0.1439820022
0.1261083744
0.1523809524
0.1576354680
0.1885125184
0.1562881563
0.0000000000
0.0
0.1451247166
0.0
0.1847041847
0.1164695177
0.1677588467
0.0000000000
0.1428571429
0.0
0.1562881563
0.1474654378
0.1865889213
0.1439820022
0.1590062112
0.1865889213
0.1604010025
0.0238095238
0.0
0.0357142857
0.1549636804
0.1210974456
0.0000000000
0.0
0.0000000000
0.0238095238
0.0000000000
0.0000000000
0.1439820022
0.1511216057
0.1038961039
0.0000000000
0.0000000000
0.0000000000
0.0000000000
0.1172161172
0.1693121693
0.0000000000
0.0000000000
0.0000000000
0.0000000000
0.0000000000
0.0000000000
0.0977845684
0.1451247166
0.0000000000
0.0000000000
0.0000000000
0.1157323689
0.0000000000
0.0000000000
