0.0081300813
0.0
0.0
0.0
0.0
0.0
0.0000000000
0.0
0.0
0.0081300813
0.0
0.0
0.0
0.0
0.0
0.0
0.0081300813
0.0219512195
0.0
0.0
0.0
0.0
0.0
0.0225835592
0.0
0.0
0.0000000000
0.0
0.0
0.0
0.0000000000
0.0
0.0
0.0
0.0
0.0081300813
0.0
0.0
0.0
0.0
0.0
0.0
0.0216802168
0.0081300813
0.0
0.0
0.0
0.0
0.0
0.0
0.0274390244
0.0184774575
0.0182926829
0.0000000000
0.0000000000
0.0
0.0329268293
0.0
0.0000000000
0.0
0.0184774575
0.0000000000
0.0
0.0081300813
0.0225835592
0.0182926829
0.0
0.0121951220
0.0243902439
0.0
0.0000000000
0.0299334812
0.0182926829
0.0
0.0000000000
0.0172166428
0.0
0.0
0.0
0.0
0.0260162602
0.0
0.0
0.0225835592
0.0146341463
0.0108401084
0.0184774575
0.0
0.0135501355
0.0000000000
0.0
0.0000000000
0.0243902439
0.0000000000
0.0243902439
0.0162601626
0.0
0.0
0.0000000000
0.0
0.0235191638
0.0144534779
0.0
0.0
0.0000000000
0.0
0.0121951220
0.0000000000
0.0
0.0
0.0
0.0081300813
0.0000000000
0.0
0.0
0.0
0.0
0.0235191638
0.0000000000
0.0000000000
0.0135501355
0.0081300813
0.0
0.0000000000
0.0
0.0172166428
0.0000000000
0.0162601626
0.0000000000
0.0
0.0329268293
0.0000000000
0.0
0.0
0.0000000000
0.0156347717
0.0325203252
0.0000000000
0.0172166428
0.0000000000
0.0000000000
0.0
0.0
0.0000000000
0.0000000000
0.0000000000
0.0146341463
0.0000000000
0.0000000000
0.0146341463
0.0000000000
0.0243902439
0.0000000000
0.0108401084
0.0000000000
0.0
0.0000000000
0.0000000000
0.0290360046
0.0
0.0000000000
0.0162601626
0.0000000000
0.0
0.0000000000
0.0
0.0000000000
0.0225835592
0.0219512195
0.0081300813
0.0000000000
0.0000000000
0.0173299101
0.0000000000
0.0000000000
0.0000000000
0.0000000000
0.0000000000
0.0000000000
0.0156347717
0.0000000000
0.0000000000
0.0000000000
0.0081300813
0.0000000000
0.0000000000
0.0000000000
0.0000000000
0.0000000000
0.0000000000
0.0000000000
0.0000000000
0.0000000000
0.0000000000
0.0000000000
0.0000000000
0.0000000000
0.0000000000
0.0000000000
0.0000000000
0.0000000000
0.0000000000
