0.0
0.0
0.0
0.0
0.0
0.0
0.0024330900
0.0
0.0
0.0
0.0
0.0
0.0
0.0
0.0
0.0
0.0
0.0
0.0
0.0
0.0
0.0
0.0
0.0086896072
0.0
0.0
0.0
0.0
0.0
0.0
0.0
0.0
0.0
0.0
0.0
0.0
0.0
0.0
0.0
0.0
0.0
0.0
0.0000000000
0.0
0.0
0.0
0.0
0.0
0.0
0.0
0.0
0.0
0.0096666009
0.0
0.0032586027
0.0
0.0
0.0
0.0000000000
0.0
0.0
0.0000000000
0.0
0.0
0.0
0.0018248175
0.0
0.0096043027
0.0018248175
0.0
0.0065693431
0.0018248175
0.0
0.0
0.0
0.0
0.0
0.0
0.0
0.0
0.0
0.0
0.0
0.0000000000
0.0
0.0072992701
0.0
0.0
0.0
0.0
0.0
0.0
0.0072992701
0.0
0.0000000000
0.0
0.0
0.0
0.0053085601
0.0
0.0
0.0
0.0
0.0
0.0
0.0
0.0
0.0
0.0
0.0
0.0
0.0018248175
0.0
0.0
0.0
0.0
0.0
0.0083420229
0.0
0.0
0.0
0.0045620438
0.0
0.0018248175
0.0
0.0041058394
0.0
0.0
0.0018248175
0.0
0.0
0.0
0.0
0.0
0.0
0.0018248175
0.0
0.0
0.0
0.0036496350
0.0018248175
0.0
0.0
0.0
0.0
0.0
0.0054744526
0.0000000000
0.0057025547
0.0000000000
0.0000000000
0.0
0.0000000000
0.0
0.0
0.0
0.0
0.0
0.0
0.0
0.0
0.0
0.0
0.0
0.0
0.0
0.0
0.0
0.0024330900
0.0
0.0068699012
0.0
0.0
0.0
0.0018248175
0.0
0.0
0.0045620438
0.0
0.0
0.0
0.0000000000
0.0
0.0
0.0
0.0
0.0
0.0
0.0000000000
0.0
0.0000000000
0.0
0.0
0.0
0.0000000000
0.0
0.0
0.0
0.0018248175
0.0
0.0000000000
0.0058394161
0.0
0.0
0.0
0.0
0.0029197080
0.0041058394
0.0
0.0
0.0000000000
0.0
0.0
0.0024330900
0.0000000000
0.0
0.0
0.0041710115
0.0072992701
0.0018248175
0.0
0.0
0.0
0.0
0.0
0.0000000000
0.0
0.0
0.0000000000
0.0
0.0
0.0
0.0058865081
0.0
0.0024330900
0.0
0.0
0.0018248175
0.0
0.0
0.0027372263
0.0
0.0
0.0
0.0
0.0000000000
0.0
0.0
0.0
0.0000000000
0.0
0.0071869736
0.0024330900
0.0
0.0
0.0018248175
0.0000000000
0.0
0.0
0.0046923879
0.0
0.0000000000
0.0
0.0
0.0
0.0
0.0018248175
0.0
0.0000000000
0.0000000000
0.0
0.0050689376
0.0000000000
0.0080543670
0.0
0.0
0.0
0.0
0.0
0.0
0.0
0.0
0.0
0.0027372263
0.0
0.0
0.0084936961
0.0
0.0
0.0018248175
0.0
0.0
0.0000000000
0.0
0.0024330900
0.0
0.0
0.0018248175
0.0
0.0
0.0053085601
0.0
0.0
0.0
0.0
0.0000000000
0.0
0.0076034063
0.0000000000
0.0
0.0
0.0
0.0
0.0
0.0072992701
0.0
0.0000000000
0.0024330900
0.0
0.0036496350
0.0000000000
0.0032441200
0.0
0.0000000000
0.0
0.0
0.0000000000
0.0
0.0
0.0
0.0000000000
0.0
0.0041710115
0.0036496350
0.0
0.0000000000
0.0
0.0
0.0000000000
0.0024330900
0.0
0.0057025547
0.0
0.0
0.0
0.0
0.0
0.0
0.0048661800
0.0036496350
0.0
0.0
0.0089416058
0.0
0.0000000000
0.0024330900
0.0
0.0
0.0
0.0
0.0059610706
0.0
0.0048661800
0.0
0.0018248175
0.0
0.0
0.0
0.0000000000
0.0
0.0
0.0000000000
0.0000000000
0.0
0.0
0.0027372263
0.0
0.0040271835
0.0036496350
0.0
0.0000000000
0.0
0.0103811841
0.0000000000
0.0
0.0000000000
0.0000000000
0.0
0.0082946251
0.0077858881
0.0065172054
0.0036496350
0.0018248175
0.0
0.0
0.0
0.0
0.0058394161
0.0027372263
0.0
0.0
0.0036496350
0.0
0.0036496350
0.0
0.0
0.0
0.0
0.0
0.0000000000
0.0
0.0045620438
0.0
0.0074513382
0.0000000000
0.0018248175
0.0000000000
0.0018248175
0.0000000000
0.0
0.0018248175
0.0
0.0041710115
0.0018248175
0.0
0.0
0.0
0.0024330900
0.0
0.0041058394
0.0
0.0
0.0000000000
0.0
0.0
0.0000000000
0.0000000000
0.0
0.0018248175
0.0
0.0018248175
0.0038017032
0.0
0.0
0.0
0.0000000000
0.0
0.0038017032
0.0000000000
0.0
0.0000000000
0.0
0.0
0.0048661800
0.0082946251
0.0
0.0111226973
0.0000000000
0.0
0.0048995100
0.0000000000
0.0038643195
0.0
0.0
0.0
0.0000000000
0.0
0.0
0.0
0.0
0.0
0.0074513382
0.0055885036
0.0058394161
0.0018248175
0.0046790193
0.0018248175
0.0
0.0018248175
0.0
0.0
0.0018248175
0.0
0.0000000000
0.0000000000
0.0
0.0029197080
0.0
0.0000000000
0.0
0.0000000000
0.0
0.0
0.0
0.0000000000
0.0000000000
0.0000000000
0.0036496350
0.0032586027
0.0
0.0000000000
0.0000000000
0.0
0.0024330900
0.0036496350
0.0060827251
0.0
0.0
0.0
0.0
0.0063993601
0.0
0.0044708029
0.0
0.0024330900
0.0000000000
0.0
0.0
0.0000000000
0.0024330900
0.0018248175
0.0
0.0000000000
0.0
0.0
0.0000000000
0.0018248175
0.0
0.0068781583
0.0
0.0018248175
0.0048661800
0.0000000000
0.0000000000
0.0
0.0029197080
0.0041058394
0.0018248175
0.0018248175
0.0
0.0000000000
0.0
0.0063868613
0.0
0.0
0.0000000000
0.0053085601
0.0000000000
0.0000000000
0.0024330900
0.0058633481
0.0
0.0018248175
0.0
0.0018248175
0.0
0.0000000000
0.0000000000
0.0024330900
0.0050689376
0.0
0.0
0.0000000000
0.0036496350
0.0018248175
0.0000000000
0.0000000000
0.0049319392
0.0
0.0
0.0
0.0018248175
0.0000000000
0.0018248175
0.0057025547
0.0024330900
0.0000000000
0.0053085601
0.0
0.0086509868
0.0000000000
0.0
0.0
0.0018248175
0.0
0.0091708778
0.0
0.0046790193
0.0041710115
0.0018248175
0.0036496350
0.0
0.0067585834
0.0080543670
0.0018248175
0.0024330900
0.0032441200
0.0
0.0066736184
0.0
0.0000000000
0.0000000000
0.0018248175
0.0
0.0
0.0000000000
0.0036496350
0.0089416058
0.0058633481
0.0024330900
0.0000000000
0.0
0.0024330900
0.0000000000
0.0018248175
0.0041710115
0.0
0.0000000000
0.0000000000
0.0048661800
0.0000000000
0.0103811841
0.0000000000
0.0
0.0000000000
0.0000000000
0.0054744526
0.0000000000
0.0000000000
0.0018248175
0.0058394161
0.0
0.0
0.0065172054
0.0000000000
0.0018248175
0.0000000000
0.0
0.0
0.0
0.0024330900
0.0036496350
0.0058394161
0.0036496350
0.0000000000
0.0018248175
0.0
0.0018248175
0.0000000000
0.0000000000
0.0
0.0
0.0000000000
0.0036496350
0.0
0.0000000000
0.0018248175
0.0000000000
0.0000000000
0.0000000000
0.0000000000
0.0099351176
0.0018248175
0.0000000000
0.0032441200
0.0000000000
0.0000000000
0.0000000000
0.0018248175
0.0000000000
0.0018248175
0.0
0.0000000000
0.0018248175
0.0018248175
0.0000000000
0.0070185289
0.0000000000
0.0000000000
0.0000000000
0.0000000000
0.0
0.0
0.0071869736
0.0029197080
0.0000000000
0.0000000000
0.0
0.0000000000
0.0000000000
0.0
0.0
0.0000000000
0.0041710115
0.0000000000
0.0036496350
0.0018248175
0.0000000000
0.0000000000
0.0
0.0065172054
0.0000000000
0.0048661800
0.0000000000
0.0024330900
0.0000000000
0.0
0.0018248175
0.0000000000
0.0000000000
0.0018248175
0.0052137643
0.0000000000
0.0036496350
0.0018248175
0.0000000000
0.0000000000
0.0
0.0000000000
0.0000000000
0.0
0.0000000000
0.0070130242
0.0068781583
0.0018248175
0.0000000000
0.0024330900
0.0000000000
0.0043795620
0.0018248175
0.0018248175
0.0000000000
0.0049675588
0.0018248175
0.0000000000
0.0018248175
0.0000000000
0.0000000000
0.0
0.0000000000
0.0018248175
0.0018248175
0.0000000000
0.0018248175
0.0049319392
0.0000000000
0.0
0.0036496350
0.0032846715
0.0
0.0000000000
0.0032846715
0.0000000000
0.0000000000
0.0000000000
0.0000000000
0.0000000000
0.0000000000
0.0018248175
0.0000000000
0.0
0.0000000000
0.0
0.0000000000
0.0000000000
0.0000000000
0.0018248175
0.0
0.0000000000
0.0018248175
0.0000000000
0.0060827251
0.0024330900
0.0032846715
0.0000000000
0.0000000000
0.0086509868
0.0055885036
0.0018248175
0.0000000000
0.0018248175
0.0038017032
0.0018248175
0.0018248175
0.0000000000
0.0000000000
0.0000000000
0.0
0.0000000000
0.0018248175
0.0000000000
0.0018248175
0.0000000000
0.0000000000
0.0000000000
0.0000000000
0.0000000000
0.0000000000
0.0000000000
0.0000000000
0.0000000000
0.0000000000
0.0018248175
0.0000000000
0.0
0.0059891447
0.0049675588
0.0000000000
0.0000000000
0.0
0.0000000000
0.0
0.0000000000
0.0000000000
0.0000000000
0.0000000000
0.0000000000
0.0000000000
0.0000000000
0.0000000000
0.0000000000
0.0
0.0018248175
0.0018248175
0.0000000000
0.0024330900
0.0018248175
0.0000000000
0.0018248175
0.0000000000
0.0000000000
0.0000000000
0.0029197080
0.0055613486
0.0000000000
0.0000000000
0.0000000000
0.0000000000
0.0000000000
0.0
0.0055885036
0.0
0.0000000000
0.0018248175
0.0057025547
0.0000000000
0.0000000000
0.0000000000
0.0000000000
0.0000000000
0.0000000000
0.0000000000
0.0000000000
0.0000000000
0.0
0.0000000000
0.0000000000
0.0000000000
0.0018248175
0.0000000000
0.0000000000
0.0043795620
0.0000000000
0.0000000000
0.0024330900
0.0000000000
0.0000000000
0.0000000000
0.0000000000
0.0000000000
0.0000000000
0.0000000000
0.0000000000
0.0000000000
0.0000000000
0.0000000000
0.0000000000
0.0000000000
0.0000000000
0.0000000000
0.0000000000
0.0000000000
0.0038017032
0.0000000000
0.0000000000
0.0000000000
0.0000000000
0.0000000000
0.0000000000
0.0000000000
0.0000000000
0.0000000000
0.0000000000
0.0000000000
0.0000000000
0.0000000000
0.0024330900
0.0050231536
0.0000000000
0.0000000000
0.0000000000
0.0000000000
0.0000000000
0.0000000000
0.0000000000
0.0018248175
0.0000000000
0.0000000000
0.0000000000
0.0000000000
0.0000000000
0.0000000000
0.0000000000
0.0000000000
0.0000000000
0.0000000000
0.0000000000
0.0000000000
0.0029197080
0.0000000000
0.0063993601
0.0000000000
0.0000000000
0.0000000000
0.0000000000
0.0000000000
0.0000000000
0.0000000000
0.0000000000
0.0000000000
0.0000000000
0.0000000000
0.0000000000
0.0000000000
0.0000000000
0.0000000000
0.0000000000
0.0000000000
0.0000000000
0.0000000000
0.0000000000
0.0000000000
0.0000000000
0.0000000000
0.0000000000
0.0000000000
0.0000000000
0.0000000000
0.0000000000
