0.0
0.0
0.0
0.0
0.0
0.0
0.0
0.2465281830
0.0
0.0
0.0
0.0
0.0
0.0
0.0
0.0
0.0
0.0
0.0
0.0
0.1345284341
0.0
0.0
0.1944316613
0.0
0.0
0.0
0.0
0.0
0.0
0.0
0.2111655338
0.1419404690
0.1833608194
0.0
0.0
0.0
0.1585365854
0.0
0.1683803603
0.0
0.0
0.0
0.0
0.0
0.2086007702
0.0
0.0
0.0
0.0
0.0
0.0
0.0
0.2146849593
0.0
0.0
0.0
0.1776703112
0.0
0.1615184647
0.0
0.1206660193
0.0
0.2279840276
0.1656732805
0.2201897019
0.0000000000
0.0
0.2052764552
0.0
0.2137941504
0.1729006384
0.1997069389
0.0
0.0
0.1846752338
0.2513384890
0.1556628104
0.0
0.0
0.0
0.0000000000
0.1472125436
0.0
0.0121951220
0.2513384890
0.1625375087
0.0
0.2501183992
0.1770597603
0.0
0.1929752444
0.2094487408
0.2396483267
0.0
0.1801552106
0.1443260231
0.1352346201
0.2550712388
0.1711773762
0.2230493084
0.0
0.1795274921
0.1974114569
0.0
0.0
0.0
0.1331379593
0.0
0.0
0.1734827954
0.1937007152
0.0
0.2129107035
0.1502168812
0.0
0.1683803603
0.1615184647
0.0
0.2020564323
0.1585365854
0.0
0.0
0.2004840087
0.1066757562
0.1646146653
0.1502168812
0.1706105637
0.1605121191
0.1729006384
0.1672869813
0.1595182360
0.1510979186
0.1506561118
0.0121951220
0.0000000000
0.1427268428
0.0000000000
0.1229699051
0.0000000000
0.1656732805
0.1860086290
0.1746589500
0.0000000000
0.1853395333
0.0
0.1729006384
0.0000000000
0.0000000000
0.0
0.0000000000
0.0000000000
0.0000000000
0.0000000000
0.0000000000
0.0000000000
0.0000000000
