0.0
0.0
0.0
0.0
0.0
0.0
0.0
0.1435559006
0.0
0.0
0.0
0.0
0.0
0.0
0.0
0.0
0.0
0.0
0.1919642857
0.0
0.1542890521
0.0
0.0
0.1572278912
0.0
0.0
0.1250676407
0.0
0.0
0.0
0.0
0.1528604497
0.1953719358
0.2186613056
0.0
0.0
0.0
0.2215963567
0.0
0.1411019536
0.0
0.0
0.0
0.2464019190
0.0
0.2559523810
0.0
0.0
0.2076594789
0.0
0.0
0.0
0.2172227444
0.1756268997
0.1824191002
0.0
0.1719680060
0.1507664710
0.0
0.1876014610
0.0
0.1897577997
0.0
0.1480621397
0.2172227444
0.1474011480
0.1079014939
0.0
0.0000000000
0.1448151629
0.1977117194
0.1710769800
0.2427783613
0.0
0.1494020685
0.1448151629
0.2172227444
0.0000000000
0.0
0.0
0.0000000000
0.1876014610
0.1908546656
0.0
0.1710769800
0.1775153610
0.1320714286
0.1775153610
0.1977117194
0.1701951399
0.1642679460
0.0000000000
0.1854935795
0.0000000000
0.0000000000
0.0000000000
0.1255431831
0.1130748532
0.0000000000
0.1701951399
0.0000000000
0.0000000000
0.0000000000
0.0000000000
0.0000000000
