0.0
0.0
0.0
0.0
0.0
0.0
0.0
0.0
0.0
0.0
0.0
0.0
0.0
0.0
0.0
0.0
0.0
0.0
0.0
0.0
0.0
0.0
0.0
0.0
0.0
0.0
0.1893719807
0.0
0.0
0.0
0.0
0.0193236715
0.0
0.0
0.0
0.0
0.0
0.0
0.0
0.0
0.0
0.0
0.0
0.0144927536
0.0
0.0
0.0
0.0
0.0
0.1183574879
0.0
0.0
0.1597826087
0.0
0.0
0.0
0.0
0.0
0.0
0.0
0.0
0.1549407115
0.0
0.0
0.0000000000
0.0
0.0
0.0
0.0
0.0
0.0000000000
0.0193236715
0.0
0.0
0.0
0.0
0.0
0.0
0.1428224435
0.0
0.0
0.0
0.0
0.0
0.0
0.1936758893
0.0
0.0
0.0
0.0
0.0
0.0144927536
0.0
0.0
0.0193236715
0.0
0.0144927536
0.0
0.0
0.0
0.1241029970
0.0
0.1638795987
0.1715786402
0.0
0.0
0.0
0.0
0.0
0.0994755541
0.0144927536
0.1649368864
0.0
0.0
0.0
0.1338493057
0.1241029970
0.0
0.1205906481
0.1241029970
0.0000000000
0.0289855072
0.1495041953
0.1087881591
0.1715786402
0.0144927536
0.1558854719
0.0
0.1549407115
0.1428224435
0.0
0.0
0.0
0.1907852044
0.1345537757
0.0144927536
0.1317794711
0.0
0.1549407115
0.0289855072
0.0
0.1936758893
0.0994755541
0.2078472959
0.0
0.1172716394
0.1271901363
0.1775362319
0.0
0.0
0.1558854719
0.1374474053
0.1997282609
0.1241029970
0.0
0.0000000000
0.0000000000
0.0
0.1477758231
0.1253196931
0.0144927536
0.0000000000
0.0
0.1162055336
0.0
0.0
0.0
0.0144927536
0.0000000000
0.0987074031
0.1043478261
0.1359851989
0.0000000000
0.0193236715
0.0
0.1116385039
0.0000000000
0.1597826087
0.0000000000
0.0
0.0
0.0000000000
0.0000000000
0.0000000000
