0.0
0.0
0.0
0.0
0.1443685060
0.0
0.1650472841
0.0
0.0
0.1326712710
0.0
0.1423863297
0.0
0.1208210215
0.0
0.1208210215
0.1076519482
0.1089716744
0.0
0.1433705670
0.0939921844
0.0054347826
0.0
0.0
0.0
0.1259571378
0.1052839697
0.1358576989
0.1203536288
0.1158711845
0.0
0.0
0.1470988796
0.1395130630
0.1414155138
0.1404578467
0.1346814417
0.1187458513
0.0122282609
0.0
0.0
0.1616177301
0.1152274557
0.0072463768
0.0
0.1343905531
0.0000000000
0.1222452379
0.0810193048
0.1127225110
0.1145908399
0.1203536288
0.1058211328
0.1171804634
0.1370546830
0.1205868723
0.1001977876
0.1728411836
0.0969202899
0.1296308877
0.0
0.1187458513
0.0000000000
0.1382729469
0.0
0.1382729469
0.0
0.1510262769
0.1257026790
0.1115104410
0.1312717850
0.1285595580
0.1224858781
0.1341009183
0.1125186729
0.1420612468
0.1143801950
0.1201212859
0.1023401745
0.0054347826
0.1160873621
0.1506605959
0.1150144660
0.0
0.1194296086
0.1210560819
0.1388902368
0.0122282609
0.0851201451
0.0000000000
0.1450415527
0.0
0.0081521739
0.0995565217
0.0000000000
0.1163043478
0.0897876278
0.1262126290
0.0072463768
0.1072807346
0.0970714916
0.1127225110
0.0961712923
0.1239498528
0.0976810457
0.1559469325
0.0888897516
0.1131324111
0.1282944868
0.1060014073
0.1038778399
0.1018376859
0.0000000000
0.0787630710
0.0000000000
0.1198898383
0.0054347826
0.0000000000
0.0000000000
0.0909690440
0.0789629773
0.0696004766
0.0000000000
0.0000000000
0.0771995361
0.0108695652
0.0000000000
0.1198898383
0.1267267334
0.0937090754
0.0
0.0
0.0000000000
0.0000000000
0.1420612468
0.0000000000
0.0072463768
0.0823053255
0.0000000000
0.0978346322
0.1044007149
0.0000000000
0.0960228798
0.0
0.1152274557
0.1145908399
0.0000000000
0.0000000000
0.1139612199
0.1038778399
0.0000000000
0.1198898383
0.0000000000
0.0108695652
0.0721842530
0.0000000000
0.0000000000
0.0000000000
0.1054624171
0.0000000000
0.0072463768
0.0000000000
0.0000000000
0.0000000000
0.1000366979
0.0882593278
0.0000000000
0.0081521739
0.0000000000
0.0000000000
0.0
0.0
0.0000000000
0.0000000000
0.0000000000
0.0000000000
0.0
0.1111121894
0.0000000000
0.0
0.0820881611
0.0000000000
0.0000000000
0.0000000000
0.0000000000
0.0054347826
0.0054347826
0.0000000000
0.1119115577
0.0000000000
0.0054347826
0.0954337823
0.0054347826
0.0000000000
0.1203536288
0.0000000000
0.1023401745
0.0000000000
0.0000000000
0.0892723473
0.0000000000
0.0000000000
0.0000000000
0.0
0.0000000000
0.0000000000
0.0000000000
0.0000000000
0.1035321566
0.0054347826
0.0000000000
0.0000000000
0.0000000000
0.0000000000
0.0000000000
0.0000000000
0.0000000000
