0.0
0.0
0.0
0.0
0.0
0.0
0.0
0.0
0.0
0.1357370095
0.0
0.0
0.0
0.0
0.0
0.0883367840
0.0
0.0
0.0000000000
0.0
0.0
0.0
0.0
0.0
0.1030595813
0.0
0.0943257185
0.0
0.0
0.0
0.0856187291
0.0927536232
0.0
0.0
0.0
0.1545893720
0.0
0.0
0.0
0.0
0.0
0.0
0.0
0.1426978818
0.0
0.0
0.1030595813
0.0
0.0
0.1236714976
0.0
0.0
0.0217391304
0.0217391304
0.0
0.0
0.0
0.0
0.1070234114
0.0
0.0
0.0217391304
0.0
0.0
0.0000000000
0.0
0.0
0.0
0.0
0.0000000000
0.1113043478
0.0489130435
0.0
0.0
0.0000000000
0.0
0.0
0.0489130435
0.0000000000
0.0
0.1159420290
0.0
0.0000000000
0.0
0.0
0.0489130435
0.0883367840
0.0
0.0
0.0000000000
0.0217391304
0.0000000000
0.0
0.0830629461
0.0326086957
0.0
0.0326086957
0.0489130435
0.0
0.0326086957
0.0000000000
0.0326086957
0.0883367840
0.0000000000
0.0000000000
0.0217391304
0.0217391304
0.0000000000
0.0000000000
0.0806553245
0.0000000000
0.0000000000
0.0000000000
