0.0052910053
0.0
0.0
0.0
0.0
0.0
0.0052910053
0.0
0.0
0.0000000000
0.0
0.0
0.0
0.0
0.0
0.0
0.0
0.0141093474
0.0
0.0
0.0
0.0
0.0
0.0000000000
0.0
0.0
0.0052910053
0.0
0.0
0.0
0.0
0.0
0.0
0.0
0.0
0.0
0.0
0.0
0.0
0.0
0.0
0.0
0.0112044818
0.0000000000
0.0
0.0
0.0
0.0
0.0
0.0
0.0
0.0
0.0000000000
0.0000000000
0.0000000000
0.0
0.0094062316
0.0
0.0000000000
0.0
0.0
0.0000000000
0.0
0.0
0.0052910053
0.0052910053
0.0
0.0000000000
0.0105820106
0.0
0.0141093474
0.0169312169
0.0173160173
0.0
0.0079365079
0.0173160173
0.0
0.0
0.0
0.0
0.0
0.0
0.0
0.0079365079
0.0
0.0217687075
0.0
0.0
0.0000000000
0.0136054422
0.0
0.0
0.0052910053
0.0079365079
0.0000000000
0.0000000000
0.0
0.0
0.0165631470
0.0
0.0119047619
0.0000000000
0.0
0.0
0.0
0.0
0.0
0.0
0.0
0.0
0.0
0.0105820106
0.0
0.0
0.0
0.0
0.0
0.0105820106
0.0094062316
0.0052910053
0.0
0.0070546737
0.0
0.0070546737
0.0
0.0190476190
0.0
0.0052910053
0.0052910053
0.0
0.0105820106
0.0190476190
0.0
0.0
0.0217687075
0.0000000000
0.0
0.0000000000
0.0000000000
0.0000000000
0.0070546737
0.0
0.0
0.0052910053
0.0000000000
0.0000000000
0.0169312169
0.0000000000
0.0158730159
0.0105820106
0.0000000000
0.0
0.0000000000
0.0052910053
0.0000000000
0.0
0.0
0.0
0.0105820106
0.0
0.0
0.0000000000
0.0
0.0
0.0
0.0
0.0146520147
0.0000000000
0.0105820106
0.0
0.0000000000
0.0
0.0000000000
0.0000000000
0.0000000000
0.0
0.0095238095
0.0000000000
0.0
0.0000000000
0.0
0.0052910053
0.0
0.0000000000
0.0052910053
0.0
0.0245775730
0.0000000000
0.0000000000
0.0000000000
0.0158730159
0.0000000000
0.0052910053
0.0105820106
0.0217687075
0.0
0.0
0.0
0.0126984127
0.0100250627
0.0070546737
0.0052910053
0.0
0.0
0.0070546737
0.0112044818
0.0070546737
0.0181405896
0.0149393091
0.0105820106
0.0119047619
0.0052910053
0.0
0.0000000000
0.0070546737
0.0
0.0000000000
0.0119047619
0.0052910053
0.0000000000
0.0
0.0
0.0
0.0
0.0000000000
0.0105820106
0.0317460317
0.0119047619
0.0052910053
0.0
0.0245775730
0.0052910053
0.0000000000
0.0
0.0000000000
0.0000000000
0.0000000000
0.0000000000
0.0
0.0000000000
0.0052910053
0.0000000000
0.0052910053
0.0
0.0
0.0070546737
0.0000000000
0.0000000000
0.0105820106
0.0000000000
0.0000000000
0.0000000000
0.0293040293
0.0052910053
0.0126984127
0.0052910053
0.0000000000
0.0
0.0052910053
0.0317460317
0.0000000000
0.0000000000
0.0
0.0000000000
0.0
0.0
0.0000000000
0.0000000000
0.0000000000
0.0000000000
0.0000000000
0.0000000000
0.0052910053
0.0181405896
0.0000000000
0.0052910053
0.0000000000
0.0
0.0000000000
0.0000000000
0.0052910053
0.0052910053
0.0070546737
0.0000000000
0.0000000000
0.0
0.0079365079
0.0000000000
0.0000000000
0.0000000000
0.0070546737
0.0000000000
0.0000000000
0.0052910053
0.0000000000
0.0000000000
0.0070546737
0.0000000000
0.0070546737
0.0000000000
0.0000000000
0.0000000000
0.0000000000
0.0000000000
0.0052910053
0.0000000000
0.0000000000
0.0000000000
0.0000000000
0.0000000000
0.0000000000
0.0000000000
0.0
0.0000000000
0.0000000000
0.0000000000
0.0000000000
0.0000000000
0.0000000000
0.0000000000
0.0000000000
0.0000000000
