0.0
0.0
0.0
0.0
0.0
0.0
0.0022870212
0.0
0.0
0.0
0.0
0.0
0.0
0.0
0.0
0.0
0.0
0.0
0.0
0.0
0.0
0.0
0.0
0.0034305317
0.0
0.0
0.0
0.0
0.0
0.0
0.0
0.0
0.0
0.0
0.0
0.0
0.0
0.0
0.0
0.0
0.0
0.0
0.0000000000
0.0
0.0
0.0
0.0
0.0
0.0
0.0
0.0
0.0
0.0131503716
0.0
0.0084576391
0.0
0.0
0.0
0.0000000000
0.0
0.0
0.0000000000
0.0
0.0
0.0
0.0017152659
0.0
0.0133416278
0.0017152659
0.0
0.0038593482
0.0038593482
0.0
0.0
0.0
0.0
0.0
0.0
0.0
0.0
0.0
0.0
0.0
0.0000000000
0.0
0.0038593482
0.0
0.0
0.0
0.0
0.0
0.0
0.0093543881
0.0
0.0000000000
0.0
0.0
0.0
0.0017152659
0.0
0.0
0.0
0.0
0.0
0.0
0.0
0.0
0.0
0.0
0.0
0.0
0.0093325672
0.0
0.0
0.0
0.0
0.0
0.0069468268
0.0
0.0
0.0
0.0093787681
0.0
0.0000000000
0.0
0.0039206077
0.0
0.0
0.0099711609
0.0
0.0
0.0
0.0
0.0
0.0
0.0038593482
0.0
0.0
0.0
0.0025728988
0.0043417667
0.0
0.0
0.0
0.0
0.0
0.0017152659
0.0034305317
0.0068610635
0.0000000000
0.0045740423
0.0
0.0000000000
0.0
0.0
0.0
0.0
0.0
0.0
0.0
0.0
0.0
0.0
0.0
0.0
0.0
0.0
0.0
0.0114818858
0.0
0.0
0.0
0.0
0.0
0.0045740423
0.0
0.0
0.0081679327
0.0
0.0
0.0
0.0
0.0
0.0
0.0
0.0
0.0
0.0
0.0000000000
0.0
0.0000000000
0.0
0.0
0.0
0.0017152659
0.0
0.0
0.0
0.0073770377
0.0
0.0000000000
0.0061749571
0.0
0.0
0.0
0.0
0.0076407298
0.0038593482
0.0
0.0
0.0022870212
0.0
0.0
0.0000000000
0.0000000000
0.0
0.0
0.0064652329
0.0093543881
0.0034305317
0.0
0.0
0.0
0.0
0.0
0.0000000000
0.0
0.0
0.0000000000
0.0
0.0
0.0
0.0104669124
0.0
0.0073147149
0.0
0.0
0.0025728988
0.0
0.0
0.0025728988
0.0
0.0
0.0
0.0
0.0000000000
0.0
0.0
0.0
0.0000000000
0.0
0.0116945133
0.0
0.0
0.0
0.0017152659
0.0000000000
0.0
0.0
0.0025728988
0.0
0.0000000000
0.0
0.0
0.0
0.0
0.0017152659
0.0
0.0000000000
0.0022870212
0.0
0.0093325672
0.0000000000
0.0125464315
0.0
0.0
0.0
0.0
0.0
0.0
0.0
0.0
0.0
0.0039206077
0.0
0.0
0.0154025297
0.0
0.0
0.0030493615
0.0
0.0
0.0025728988
0.0
0.0017152659
0.0
0.0
0.0017152659
0.0
0.0
0.0057890223
0.0
0.0
0.0
0.0
0.0000000000
0.0
0.0117671500
0.0000000000
0.0
0.0
0.0
0.0
0.0
0.0030874786
0.0
0.0000000000
0.0022870212
0.0
0.0
0.0000000000
0.0044106837
0.0
0.0000000000
0.0
0.0
0.0028587764
0.0
0.0
0.0
0.0000000000
0.0
0.0
0.0017152659
0.0
0.0000000000
0.0
0.0
0.0000000000
0.0040839663
0.0
0.0096658732
0.0
0.0
0.0
0.0
0.0
0.0
0.0047646274
0.0034305317
0.0
0.0
0.0114857676
0.0
0.0
0.0034305317
0.0
0.0
0.0
0.0
0.0077553474
0.0
0.0084048027
0.0
0.0017152659
0.0
0.0
0.0
0.0000000000
0.0
0.0
0.0000000000
0.0047646274
0.0
0.0
0.0025728988
0.0
0.0017152659
0.0124638891
0.0
0.0
0.0
0.0146861329
0.0000000000
0.0
0.0022870212
0.0017152659
0.0
0.0117671500
0.0077186964
0.0
0.0051977754
0.0017152659
0.0
0.0
0.0
0.0
0.0104094019
0.0027444254
0.0
0.0
0.0000000000
0.0
0.0047499670
0.0
0.0
0.0
0.0
0.0
0.0000000000
0.0
0.0094254286
0.0
0.0022870212
0.0000000000
0.0034305317
0.0000000000
0.0034305317
0.0089839173
0.0
0.0084576391
0.0
0.0038983315
0.0017152659
0.0
0.0
0.0
0.0022870212
0.0
0.0038593482
0.0
0.0
0.0000000000
0.0
0.0
0.0000000000
0.0000000000
0.0
0.0025728988
0.0
0.0017152659
0.0088116798
0.0
0.0
0.0
0.0000000000
0.0
0.0050448996
0.0000000000
0.0
0.0000000000
0.0
0.0
0.0038593482
0.0022870212
0.0
0.0163319927
0.0000000000
0.0
0.0065278823
0.0083827927
0.0017152659
0.0
0.0
0.0
0.0000000000
0.0
0.0
0.0
0.0
0.0
0.0086416728
0.0038593482
0.0038593482
0.0017152659
0.0030874786
0.0034305317
0.0
0.0017152659
0.0
0.0
0.0017152659
0.0
0.0017152659
0.0000000000
0.0
0.0028587764
0.0
0.0000000000
0.0
0.0017152659
0.0
0.0
0.0
0.0000000000
0.0000000000
0.0000000000
0.0080275896
0.0057175529
0.0
0.0000000000
0.0
0.0
0.0065971764
0.0054888508
0.0051457976
0.0
0.0
0.0
0.0
0.0000000000
0.0
0.0047499670
0.0
0.0
0.0000000000
0.0
0.0
0.0000000000
0.0000000000
0.0000000000
0.0
0.0000000000
0.0
0.0
0.0000000000
0.0017152659
0.0
0.0088094723
0.0
0.0022870212
0.0000000000
0.0000000000
0.0000000000
0.0
0.0062577631
0.0045740423
0.0017152659
0.0017152659
0.0
0.0000000000
0.0
0.0077186964
0.0
0.0
0.0000000000
0.0
0.0000000000
0.0000000000
0.0134362493
0.0071446901
0.0
0.0038593482
0.0
0.0034305317
0.0
0.0000000000
0.0017152659
0.0034305317
0.0092868194
0.0
0.0
0.0017152659
0.0041166381
0.0038593482
0.0000000000
0.0000000000
0.0022870212
0.0
0.0
0.0
0.0
0.0
0.0000000000
0.0085763293
0.0000000000
0.0000000000
0.0063152971
0.0
0.0134362493
0.0022870212
0.0
0.0
0.0000000000
0.0
0.0106750076
0.0
0.0030874786
0.0073770377
0.0022870212
0.0
0.0
0.0104669124
0.0144619172
0.0017152659
0.0000000000
0.0017152659
0.0
0.0144619172
0.0
0.0000000000
0.0025728988
0.0063452842
0.0
0.0
0.0000000000
0.0
0.0056135974
0.0000000000
0.0022870212
0.0000000000
0.0
0.0000000000
0.0000000000
0.0017152659
0.0060034305
0.0
0.0000000000
0.0000000000
0.0056135974
0.0000000000
0.0156571169
0.0000000000
0.0
0.0000000000
0.0
0.0000000000
0.0000000000
0.0000000000
0.0
0.0102406008
0.0
0.0
0.0034305317
0.0000000000
0.0017152659
0.0022870212
0.0
0.0
0.0
0.0000000000
0.0034305317
0.0038593482
0.0054888508
0.0017152659
0.0017152659
0.0
0.0017152659
0.0000000000
0.0000000000
0.0
0.0
0.0034305317
0.0034305317
0.0
0.0
0.0057890223
0.0000000000
0.0000000000
0.0017152659
0.0
0.0120983419
0.0017152659
0.0000000000
0.0025728988
0.0000000000
0.0
0.0000000000
0.0017152659
0.0017152659
0.0038593482
0.0
0.0000000000
0.0022870212
0.0025728988
0.0022870212
0.0114818858
0.0000000000
0.0000000000
0.0025728988
0.0017152659
0.0
0.0
0.0116945133
0.0063528365
0.0000000000
0.0000000000
0.0
0.0000000000
0.0000000000
0.0
0.0
0.0000000000
0.0047646274
0.0000000000
0.0025728988
0.0017152659
0.0123020204
0.0000000000
0.0
0.0
0.0000000000
0.0017152659
0.0000000000
0.0022870212
0.0017152659
0.0
0.0056135974
0.0000000000
0.0000000000
0.0017152659
0.0038593482
0.0000000000
0.0
0.0086416728
0.0017152659
0.0000000000
0.0
0.0000000000
0.0000000000
0.0
0.0000000000
0.0091654105
0.0084801462
0.0017152659
0.0000000000
0.0000000000
0.0000000000
0.0025728988
0.0017152659
0.0022870212
0.0000000000
0.0000000000
0.0017152659
0.0
0.0017152659
0.0000000000
0.0000000000
0.0
0.0000000000
0.0025728988
0.0054888508
0.0000000000
0.0017152659
0.0017152659
0.0000000000
0.0
0.0038593482
0.0
0.0
0.0000000000
0.0017152659
0.0076391579
0.0000000000
0.0000000000
0.0000000000
0.0000000000
0.0000000000
0.0017152659
0.0000000000
0.0
0.0000000000
0.0
0.0000000000
0.0000000000
0.0032499774
0.0017152659
0.0
0.0000000000
0.0000000000
0.0000000000
0.0022870212
0.0034305317
0.0
0.0000000000
0.0022870212
0.0130655941
0.0074989723
0.0114857676
0.0000000000
0.0017152659
0.0050448996
0.0017152659
0.0084200496
0.0043417667
0.0000000000
0.0000000000
0.0
0.0
0.0000000000
0.0000000000
0.0076700856
0.0000000000
0.0022870212
0.0000000000
0.0000000000
0.0000000000
0.0
0.0000000000
0.0022870212
0.0000000000
0.0079601309
0.0038593482
0.0000000000
0.0
0.0102962562
0.0034305317
0.0000000000
0.0000000000
0.0
0.0000000000
0.0
0.0017152659
0.0000000000
0.0017152659
0.0022870212
0.0000000000
0.0047499670
0.0000000000
0.0000000000
0.0017152659
0.0
0.0017152659
0.0049620191
0.0000000000
0.0073147149
0.0017152659
0.0000000000
0.0038593482
0.0000000000
0.0
0.0000000000
0.0038983315
0.0000000000
0.0000000000
0.0017152659
0.0000000000
0.0000000000
0.0000000000
0.0
0.0034305317
0.0
0.0000000000
0.0017152659
0.0105838612
0.0000000000
0.0000000000
0.0000000000
0.0000000000
0.0000000000
0.0
0.0102406008
0.0000000000
0.0000000000
0.0
0.0000000000
0.0000000000
0.0000000000
0.0017152659
0.0022870212
0.0049440016
0.0000000000
0.0000000000
0.0000000000
0.0022870212
0.0030493615
0.0
0.0000000000
0.0000000000
0.0000000000
0.0017152659
0.0043417667
0.0000000000
0.0
0.0000000000
0.0017152659
0.0000000000
0.0000000000
0.0
0.0000000000
0.0034305317
0.0000000000
0.0086507358
0.0000000000
0.0000000000
0.0
0.0000000000
0.0034305317
0.0017152659
0.0000000000
0.0000000000
0.0000000000
0.0000000000
0.0017152659
0.0000000000
0.0000000000
0.0045740423
0.0091522278
0.0000000000
0.0
0.0000000000
0.0000000000
0.0000000000
0.0114818858
0.0000000000
0.0017152659
0.0000000000
0.0000000000
0.0000000000
0.0108257780
0.0054992463
0.0000000000
0.0000000000
0.0030493615
0.0000000000
0.0000000000
0.0000000000
0.0000000000
0.0042024014
0.0000000000
0.0108879951
0.0000000000
0.0000000000
0.0000000000
0.0000000000
0.0000000000
0.0000000000
0.0000000000
0.0
0.0000000000
0.0000000000
0.0000000000
0.0
0.0000000000
0.0000000000
0.0
0.0000000000
0.0049440016
0.0000000000
0.0000000000
0.0000000000
0.0
0.0000000000
0.0000000000
0.0000000000
0.0071446901
0.0000000000
0.0000000000
0.0000000000
0.0000000000
0.0017152659
0.0017152659
0.0052530017
0.0000000000
0.0000000000
0.0000000000
0.0027444254
0.0000000000
0.0000000000
0.0022870212
0.0000000000
0.0017152659
0.0000000000
0.0
0.0000000000
0.0000000000
0.0000000000
0.0000000000
0.0000000000
0.0000000000
0.0000000000
0.0000000000
0.0034305317
0.0000000000
0.0000000000
0.0000000000
0.0000000000
0.0000000000
0.0000000000
0.0017152659
0.0000000000
0.0000000000
0.0000000000
0.0000000000
0.0000000000
0.0000000000
0.0000000000
0.0000000000
0.0000000000
0.0000000000
0.0000000000
0.0000000000
0.0000000000
0.0000000000
0.0000000000
0.0000000000
0.0000000000
0.0000000000
0.0000000000
0.0000000000
0.0000000000
0.0000000000
0.0000000000
0.0000000000
0.0000000000
0.0000000000
0.0000000000
0.0000000000
0.0000000000
0.0000000000
0.0000000000
0.0000000000
0.0000000000
0.0000000000
0.0000000000
0.0000000000
0.0000000000
0.0000000000
0.0000000000
0.0000000000
0.0000000000
0.0000000000
0.0000000000
