0.0
0.0
0.0
0.0
0.1356357928
0.0
0.1569957601
0.0
0.0
0.1253991292
0.0
0.1341152121
0.0
0.1141514974
0.0
0.1137174612
0.1022485207
0.1042079871
0.0
0.1306012765
0.0892766935
0.0051282051
0.0
0.0
0.0
0.1191541526
0.0969455180
0.1289124668
0.1163723436
0.1091521617
0.0
0.0
0.1427574812
0.1320427916
0.1329230769
0.1338151781
0.1058679374
0.1135016786
0.0115384615
0.0
0.0
0.1529805233
0.1097529993
0.0068376068
0.0
0.1269965703
0.0000000000
0.1120138289
0.0769824770
0.1068131868
0.1081652525
0.1145888594
0.1013820078
0.1107692308
0.1289124668
0.1152512228
0.0944950784
0.1621013133
0.0916008953
0.1225725095
0.0
0.1120138289
0.0000000000
0.1311740891
0.0
0.1306012765
0.0
0.1371912491
0.1186813187
0.1058679374
0.1243563090
0.1193919853
0.1156970689
0.1269965703
0.1049392713
0.1350234416
0.1087552448
0.1101572461
0.0943460325
0.0051282051
0.1095519865
0.1434421693
0.1087552448
0.0
0.1139340659
0.1148087996
0.1314623838
0.0115384615
0.0805052283
0.0000000000
0.1381417659
0.0
0.0076923077
0.0940493469
0.0000000000
0.1095519865
0.0842470206
0.1191541526
0.0068376068
0.1017268446
0.0916008953
0.1062440224
0.0910432034
0.1135016786
0.0924503626
0.1469665470
0.0843658457
0.1054945055
0.1264595869
0.0991963261
0.0998587389
0.0980580076
0.0000000000
0.0757156767
0.0000000000
0.1141514974
0.0051282051
0.0000000000
0.0000000000
0.0873217294
0.0757156767
0.0666838179
0.0000000000
0.0000000000
0.0733031674
0.0102564103
0.0000000000
0.1141514974
0.1201112141
0.0890109890
0.0
0.0
0.0000000000
0.0000000000
0.1344165946
0.0000000000
0.0068376068
0.0777833350
0.0000000000
0.0934615385
0.0990320937
0.0000000000
0.0887468614
0.0
0.1058679374
0.1246153846
0.0000000000
0.0000000000
0.1073884823
0.0982190224
0.0000000000
0.1141514974
0.0000000000
0.0102564103
0.0682824025
0.0000000000
0.0000000000
0.0000000000
0.0983805668
0.0000000000
0.0068376068
0.0000000000
0.0000000000
0.0000000000
0.0955517326
0.0835410400
0.0000000000
0.0076923077
0.0000000000
0.0000000000
0.0
0.0
0.0000000000
0.0000000000
0.0000000000
0.0000000000
0.0
0.1056808915
0.0000000000
0.0
0.0775815624
0.0000000000
0.0000000000
0.0000000000
0.0000000000
0.0051282051
0.0051282051
0.0000000000
0.1058679374
0.0000000000
0.0102564103
0.0900834106
0.0051282051
0.0000000000
0.1163723436
0.0000000000
0.0943460325
0.0000000000
0.0000000000
0.0826179346
0.0666838179
0.0000000000
0.0068376068
0.0
0.0000000000
0.0000000000
0.0000000000
0.0000000000
0.0978975198
0.0068376068
0.0000000000
0.0000000000
0.0000000000
0.0000000000
0.0000000000
0.0000000000
0.0000000000
0.0000000000
0.0000000000
0.0000000000
0.0000000000
0.0000000000
0.0000000000
0.0000000000
0.0000000000
0.0000000000
0.0000000000
0.0000000000
