0.0
0.0
0.0
0.0
0.1377267909
0.0
0.1443036321
0.0
0.0
0.1271586461
0.0
0.1366279070
0.0
0.1109548445
0.0
0.1068026882
0.0818026959
0.1035727682
0.0
0.1419118592
0.0058139535
0.0058139535
0.0
0.0
0.0
0.1220239739
0.0991739248
0.1290756106
0.1159640926
0.1102405430
0.0
0.0
0.1294007381
0.1355464196
0.1317233154
0.1290756106
0.1203093513
0.1086090762
0.0130813953
0.0
0.0
0.1538086617
0.1141602067
0.0077519380
0.0
0.1297275076
0.0000000000
0.1129056990
0.0058139535
0.1146698505
0.1095353796
0.0712511692
0.0928970941
0.1214470284
0.1307177940
0.1083799431
0.0894984199
0.1667925098
0.0923958508
0.1259119927
0.0
0.1189168820
0.0000000000
0.1348348898
0.0
0.1268446741
0.0
0.1395980789
0.1307177940
0.1050554050
0.1259119927
0.1042030284
0.1189168820
0.1320619358
0.0993657505
0.1355464196
0.0000000000
0.1114362105
0.0951335056
0.0058139535
0.1109548445
0.1300559317
0.1159640926
0.0
0.1126580987
0.1217348176
0.1262213588
0.0130813953
0.0840787120
0.0000000000
0.1307177940
0.0
0.0087209302
0.0991739248
0.0000000000
0.1102405430
0.0815430048
0.1180967656
0.0000000000
0.1025391078
0.0000000000
0.1070251938
0.0958434571
0.1149263826
0.1154429057
0.1502107983
0.0842165459
0.1044148232
0.1197484686
0.0956649777
0.0839413285
0.0000000000
0.0000000000
0.0747774280
0.0000000000
0.1052706824
0.0058139535
0.0000000000
0.0778365046
0.0864850051
0.0747774280
0.0000000000
0.0000000000
0.0000000000
0.0000000000
0.0116279070
0.0682232311
0.1052706824
0.1203093513
0.0882682011
0.0
0.0
0.0000000000
0.0000000000
0.1189168820
0.0000000000
0.0058139535
0.0116279070
0.0000000000
0.0967459379
0.0989828382
0.0000000000
0.0922299695
0.0902848735
0.1129056990
0.1104776194
0.0000000000
0.0000000000
0.1063604410
0.1061406881
0.0000000000
0.1052706824
0.0000000000
0.0058139535
0.0077519380
0.0000000000
0.0000000000
0.0000000000
0.0000000000
0.0000000000
0.0077519380
0.0000000000
0.0000000000
0.0000000000
0.0906033387
0.0890330902
0.0000000000
0.0087209302
0.0000000000
0.0000000000
0.0000000000
0.0000000000
0.0000000000
0.0000000000
0.0000000000
0.0000000000
0.0000000000
0.0000000000
0.0000000000
0.0000000000
0.0730755235
0.0000000000
0.0000000000
0.0000000000
0.0000000000
0.0058139535
0.0000000000
0.0000000000
0.1031568133
0.0000000000
0.0000000000
0.0077519380
0.0000000000
0.0000000000
0.0000000000
0.0000000000
0.0000000000
0.0000000000
0.0000000000
