0.0
0.0
0.0
0.0
0.0
0.0
0.0
0.0
0.0
0.0
0.0
0.0
0.0
0.0
0.0
0.0
0.0
0.0
0.0
0.0
0.0
0.0
0.0
0.0
0.0
0.0
0.0
0.0
0.0
0.0
0.0
0.1198668147
0.0
0.0
0.0
0.0
0.0
0.0
0.0
0.0
0.0
0.0
0.0
0.0952941176
0.0
0.0
0.0
0.0
0.0
0.1041465767
0.0
0.0
0.0938858302
0.0
0.0
0.0
0.0
0.0
0.0
0.0
0.0
0.0294117647
0.0
0.0
0.0899001110
0.0
0.0
0.0
0.0
0.0
0.0000000000
0.0
0.0
0.0
0.0
0.0
0.0
0.0
0.1601581809
0.0
0.0
0.0
0.0
0.0
0.0
0.1411764706
0.0
0.0
0.0
0.0
0.0
0.1121107266
0.0
0.0
0.0000000000
0.0
0.0147058824
0.0
0.0
0.0
0.0196078431
0.0
0.1615154536
0.0
0.0
0.0
0.0
0.0
0.0
0.0874257960
0.1176470588
0.1351689612
0.0
0.0
0.0
0.0264705882
0.0
0.0
0.0938858302
0.0
0.0000000000
0.0
0.1134453782
0.0147058824
0.0147058824
0.0967452971
0.0196078431
0.0
0.1686621551
0.0
0.0
0.0
0.0
0.1477428181
0.0147058824
0.0
0.0147058824
0.0
0.0147058824
0.0
0.0
0.1488970588
0.1270588235
0.1381074169
0.0
0.1155080214
0.0800790905
0.1381074169
0.0
0.0
0.1114551084
0.0441176471
0.1500694766
0.0000000000
0.0
0.0000000000
0.0264705882
0.0
0.1169252977
0.0000000000
0.0929698709
0.0000000000
0.0
0.1253869969
0.0
0.0
0.0
0.0147058824
0.0000000000
0.0972388956
0.0
0.1064738745
0.1371138383
0.0000000000
0.0
0.1287758347
0.0147058824
0.0264705882
0.1019188424
0.0
0.0
0.0000000000
0.0
0.0000000000
0.0000000000
0.0925185608
0.0832263036
0.0771612289
0.0721925134
0.0000000000
0.0000000000
0.0000000000
0.0000000000
0.0000000000
