0.0
0.0
0.0
0.0
0.0
0.0
0.0
0.0
0.0
0.0
0.0
0.0
0.0
0.0
0.0
0.0
0.0
0.0
0.0
0.0
0.0
0.0
0.0
0.0
0.0
0.0
0.0
0.0
0.0
0.0
0.0
0.0255681818
0.0
0.0
0.0
0.0
0.0
0.0
0.0
0.0
0.0
0.0
0.0
0.0255681818
0.0
0.0
0.0
0.0
0.0
0.0
0.0
0.0
0.0227272727
0.0
0.0
0.0
0.0
0.0
0.0
0.0
0.0
0.0952194357
0.0
0.0
0.0
0.0
0.0
0.0
0.0
0.0
0.0986201299
0.0
0.0
0.0
0.0
0.0
0.0
0.0
0.0804280671
0.0
0.0
0.0
0.0
0.0
0.0
0.0255681818
0.0
0.0
0.0
0.0
0.0
0.0227272727
0.0
0.0
0.0
0.0
0.0000000000
0.0
0.0
0.0
0.0000000000
0.0
0.0690340909
0.0
0.0
0.0
0.0
0.0
0.0
0.0
0.0000000000
0.0170454545
0.0
0.0
0.0
0.0
0.0
0.0
0.0
0.0
0.0170454545
0.0
0.1048619102
0.0804280671
0.0673503326
0.1150568182
0.0000000000
0.0
0.0170454545
0.0
0.0
0.0
0.0
0.0255681818
0.0696142093
0.0
0.0890762463
0.0
0.0555979256
0.0
0.0
0.0255681818
0.0733105390
0.0679023845
0.0
0.0
0.0151515152
0.0303030303
0.0
0.0
0.0862926136
0.0000000000
0.0170454545
0.0
0.0
0.0
0.0
0.0
0.0720355731
0.0170454545
0.0
0.0170454545
0.0
0.0
0.0
0.0
0.0
0.0
0.0000000000
0.0
0.0
0.0
0.0820207021
0.0
0.0
0.0
0.0
0.0
0.0255681818
0.0
0.0
0.1075855962
0.0
0.0113636364
0.0113636364
0.0255681818
0.0
0.0255681818
0.0000000000
0.0000000000
0.0
0.0
0.0181818182
0.0
0.0567403487
0.0
0.0259740260
0.0181818182
0.0259740260
0.0
0.0363636364
0.0227272727
0.0151515152
0.0
0.0
0.0303030303
0.0
0.0642177590
0.0930796731
0.0000000000
0.0170454545
0.0113636364
0.0
0.0679023845
0.0170454545
0.0113636364
0.0170454545
0.0
0.0836776860
0.0000000000
0.0202020202
0.0255681818
0.0113636364
0.0952194357
0.0930796731
0.0000000000
0.1274475524
0.0000000000
0.0753099174
0.0000000000
0.0000000000
0.0662727273
0.0255681818
0.0
0.0000000000
0.0733105390
0.0000000000
0.0000000000
0.0000000000
0.0113636364
0.0000000000
0.0000000000
0.0170454545
0.0000000000
0.0000000000
