0.0
0.0
0.0
0.0
0.0
0.0
0.0
0.0
0.0
0.0285714286
0.1218894009
0.0
0.0
0.0
0.0
0.1325814536
0.0
0.0
0.1218894009
0.0
0.0
0.1028182702
0.0
0.0
0.2128772636
0.0
0.1642857143
0.0
0.0
0.0
0.0285714286
0.0285714286
0.0
0.0
0.0
0.1607902736
0.1737274220
0.0
0.0
0.0
0.0
0.2070450098
0.0
0.1439455782
0.0
0.1439455782
0.1717532468
0.0
0.0
0.1889285714
0.1913200723
0.0
0.0000000000
0.1399470899
0.1481792717
0.0
0.2042471042
0.0
0.1209142857
0.1190101237
0.1386631717
0.0000000000
0.1574404762
0.0
0.1325814536
0.0
0.0000000000
0.0
0.0000000000
0.1190101237
0.1590977444
0.0000000000
0.0000000000
0.0000000000
0.0285714286
0.0000000000
