0.0
0.0
0.0
0.0
0.0
0.0
0.1125779626
0.0
0.0
0.0
0.0
0.0
0.0
0.0
0.0
0.0637696520
0.0
0.0
0.0
0.0
0.0
0.0
0.0
0.0
0.0
0.0
0.0
0.0
0.0
0.0000000000
0.0
0.1324446619
0.0998985333
0.0
0.0
0.0
0.1166146226
0.0000000000
0.0000000000
0.0
0.1209515300
0.0000000000
0.0
0.0698574469
0.0772302646
0.0
0.0
0.0
0.0
0.0722722723
0.0
0.0
0.1072171072
0.0
0.0000000000
0.0
0.0801925213
0.0838689693
0.0
0.0
0.0
0.0
0.0
0.0
0.0
0.0
0.0
0.0000000000
0.0
0.0
0.0688712242
0.0675987766
0.0768248564
0.0
0.0906200318
0.0
0.0780540541
0.0
0.0000000000
0.0829186127
0.0982223835
0.1112938033
0.0992212552
0.0135135135
0.0935152405
0.0889673868
0.0
0.0806343534
0.0613632500
0.0611070361
0.0
0.0
0.0
0.0
0.0
0.0
0.0549160793
0.0090090090
0.0
0.0
0.0
0.0000000000
0.0833910834
0.0000000000
0.0
0.0000000000
0.0
0.0
0.0
0.0669800235
0.0776399742
0.0873739411
0.1214534036
0.0202702703
0.0889673868
0.0701924947
0.0941166247
0.0000000000
0.0618821782
0.0
0.0
0.0715654530
0.1080083774
0.0799734160
0.0
0.0923352374
0.0895115299
0.0
0.0
0.0000000000
0.0995587424
0.1064373464
0.0806343534
0.0
0.0941166247
0.0889673868
0.0764236822
0.0
0.0701924947
0.0988860482
0.1121466294
0.0090090090
0.0549160793
0.0000000000
0.0090090090
0.0090090090
0.0000000000
0.0
0.0618821782
0.0202702703
0.0000000000
0.0000000000
0.0000000000
0.0090090090
0.0
0.0000000000
0.0000000000
0.1056688457
0.0000000000
0.0547107856
0.0135135135
0.0
0.0000000000
0.0000000000
0.0090090090
0.0000000000
0.0000000000
0.0000000000
0.0000000000
0.0090090090
0.0616216216
0.0000000000
0.0568354763
0.0
0.0000000000
0.0000000000
0.0000000000
0.0120120120
0.0985530986
0.0000000000
0.0000000000
0.0000000000
0.0000000000
0.0000000000
0.0180180180
0.0000000000
0.0884298195
0.0120120120
0.0000000000
0.0090090090
0.0000000000
0.0000000000
