0.0
0.0
0.0
0.0
0.0
0.0
0.0
0.0
0.0
0.0
0.0
0.0
0.0
0.0
0.0
0.0
0.0
0.0
0.0
0.0
0.0
0.0
0.0
0.0
0.0
0.0
0.0
0.0
0.0
0.0876873091
0.0
0.1124702950
0.0
0.0
0.0
0.0
0.0
0.0860494714
0.0
0.0
0.1107032017
0.0
0.0
0.0
0.0809877378
0.0
0.0
0.0
0.0
0.0910881097
0.0
0.0
0.1068517968
0.0
0.1109082076
0.0
0.0
0.0
0.0
0.0
0.0
0.0
0.0
0.0
0.0
0.0
0.0
0.0
0.0
0.0
0.1224753213
0.1061887094
0.0981006259
0.0
0.0973037077
0.0
0.1029930045
0.0
0.0949887900
0.0
0.0
0.0841748870
0.0
0.0
0.1084971596
0.1222253716
0.0
0.1014232550
0.0
0.1079106885
0.0
0.0
0.0
0.0
0.0
0.0
0.0000000000
0.0935057488
0.0
0.0
0.0
0.1027280139
0.0000000000
0.0030864198
0.0
0.0
0.0
0.0
0.0
0.1164051158
0.0955190305
0.0
0.0930698246
0.1013374486
0.1109082076
0.1047035526
0.0
0.0
0.0
0.0
0.0
0.0
0.1053481655
0.0974620539
0.0
0.0864843785
0.0
0.0
0.0
0.0
0.0
0.0
0.0
0.0
0.0
0.0909497830
0.0841748870
0.0
0.0
0.1300552271
0.0
0.0
0.0822106137
0.0
0.0981810362
0.0
0.0061728395
0.0
0.1097899763
0.1023768070
0.0542977626
0.0
0.0041152263
0.0657414183
0.0
0.1159543700
0.1024643834
0.0
0.1033484592
0.1094889069
0.0
0.0
0.1103971099
0.1139684721
0.1037962428
0.0950641779
0.0828360057
0.0
0.0
0.1029045225
0.0
0.0882038764
0.0
0.0
0.1020279934
0.0644329555
0.0
0.0
0.0876873091
0.0867348763
0.0874312877
0.0
0.1088916947
0.0000000000
0.1010808981
0.0
0.0
0.1089907772
0.1009105848
0.1232313418
0.0
0.1068517968
0.1056268644
0.0
0.0
0.0956716168
0.0855577601
0.0904689307
0.0
0.0
0.1316273233
0.1083989721
0.0
0.1002350328
0.0000000000
0.0
0.0
0.0
0.0000000000
0.0
0.0844716955
0.0
0.0
0.0
0.0595332327
0.0
0.0
0.0
0.0000000000
0.0
0.0
0.0866721159
0.0907430789
0.0000000000
0.0790111241
0.1083009622
0.0
0.0030864198
0.0
0.0924235063
0.0
0.0980203471
0.0
0.1022021026
0.0798539095
0.0720269779
0.0739844745
0.0000000000
0.0
0.1221007790
0.0998173868
0.0
0.0
0.0000000000
0.1283824911
0.1009956696
0.0
0.0866721159
0.0
0.1125760002
0.0899255737
0.0
0.0
0.0936519658
0.0
0.1007408446
0.0
0.1181270850
0.0000000000
0.0973828164
0.0784933579
0.0842340817
0.0
0.1018544764
0.0893887046
0.0702939344
0.0
0.0000000000
0.0
0.0
0.0977005418
0.0
0.0630425601
0.1070427741
0.1193036496
0.0999840269
0.1122594791
0.0069444444
0.0758586854
0.0000000000
0.0869237041
0.0873038369
0.1134288487
0.1160667289
0.0809877378
0.0
0.0
0.1342834800
0.0000000000
0.0
0.0
0.0
0.0915056258
0.0897907528
0.0
0.0
0.0783906179
0.0994857676
0.1062829319
0.0
0.0
0.0906057974
0.0069444444
0.0999840269
0.0
0.0000000000
0.0
0.0
0.0
0.0
0.0592974575
0.1022021026
0.0
0.0925663556
0.1018544764
0.0938721506
0.1068517968
0.0
0.0000000000
0.0
0.1072344353
0.0873038369
0.0790111241
0.0000000000
0.1106009826
0.0938721506
0.1070427741
0.0969885540
0.1130008153
0.1166318055
0.1119447329
0.0000000000
0.0000000000
0.1109082076
0.1022021026
0.0896563355
0.0958246914
0.0876873091
0.0938721506
0.1011662704
0.0
0.1043387319
0.0876873091
0.0933599877
0.1060946539
0.0
0.0892554875
0.0000000000
0.0
0.0030864198
0.0792725772
0.0
0.0
0.0000000000
0.0
0.0770790632
0.0
0.0
0.1037063759
0.0000000000
0.0928533831
0.0000000000
0.0
0.1045208239
0.0
0.0000000000
0.0
0.0782881465
0.0000000000
0.0861113330
0.0030864198
0.0000000000
0.0885298331
0.0
0.0000000000
0.0978601832
0.0761964785
0.0041152263
0.0000000000
0.0030864198
0.0000000000
0.0677493576
0.0046296296
0.0875591113
0.0000000000
0.0000000000
0.0772779769
0.0000000000
0.0000000000
0.0904689307
0.0000000000
0.0000000000
0.0938721506
0.0
0.0656693334
0.0835291940
0.0571473589
0.1059070417
0.0000000000
0.0000000000
0.0845910058
0.0030864198
0.0
0.0803898417
0.0695591546
0.0
0.0
0.0000000000
0.0000000000
0.0000000000
0.0
0.0891226668
0.0
0.0000000000
0.0000000000
0.0000000000
0.0674821770
0.0781859427
0.0000000000
0.0000000000
0.0030864198
0.0706255096
0.0000000000
0.1109082076
0.0000000000
0.0000000000
0.0000000000
0.1023768070
0.0000000000
0.0937252459
0.0030864198
0.1092891097
0.0783906179
0.0000000000
0.0000000000
0.0046296296
0.0757627225
0.0000000000
0.0969885540
0.0862974526
0.0000000000
0.0000000000
0.0000000000
0.0000000000
0.0000000000
0.0
0.1083009622
0.0766842921
0.0840567468
0.0000000000
0.0783906179
0.1170878438
0.0000000000
0.0000000000
0.0686030150
0.0924235063
0.1020279934
0.0000000000
0.0
0.0000000000
0.0000000000
0.0000000000
0.0868606702
0.0000000000
0.0000000000
0.0000000000
0.0000000000
0.0924948758
0.0694784595
0.0000000000
0.0000000000
0.0542485798
0.0000000000
0.0000000000
0.0000000000
0.0000000000
0.0789070252
0.0840567468
0.0000000000
0.0000000000
0.0000000000
0.0739844745
0.0869868295
0.0000000000
0.0000000000
0.0000000000
0.0000000000
0.0000000000
0.0000000000
0.0000000000
0.0877515489
0.0000000000
0.0905373123
0.0000000000
0.0000000000
0.0498671375
0.0773278658
0.0000000000
0.0000000000
0.0000000000
0.0000000000
0.0000000000
0.0000000000
0.0000000000
0.0000000000
0.0000000000
0.0000000000
0.0000000000
0.0000000000
0.0000000000
0.0000000000
0.0000000000
0.0000000000
0.0000000000
0.0000000000
0.0000000000
0.0000000000
0.0000000000
0.0000000000
0.0000000000
0.0000000000
0.0000000000
