0.0
0.0
0.0
0.0
0.0
0.0
0.1926041667
0.0
0.0
0.0
0.0
0.0
0.2063616071
0.0
0.0
0.1965348639
0.0
0.0
0.0
0.0
0.0
0.0
0.0
0.0
0.0
0.0
0.0
0.0
0.0
0.1828520570
0.0
0.2078462230
0.1965348639
0.0
0.0
0.0
0.1772430982
0.0000000000
0.1605034722
0.0
0.1863911290
0.1301379505
0.1817020440
0.1888276144
0.2274852362
0.1740399096
0.0
0.0
0.0
0.2257080078
0.0
0.0
0.1805664063
0.0
0.1978809932
0.0
0.2078462230
0.1719680060
0.0
0.0
0.1729977545
0.0
0.0
0.0
0.1466529188
0.0
0.1888276144
0.0000000000
0.0000000000
0.0
0.1709504438
0.1650892857
0.2292906746
0.0
0.1689510234
0.0
0.1876014610
0.1481570513
0.1709504438
0.2427783613
0.1828520570
0.1729977545
0.1437344527
0.1382326555
0.1512598168
0.1430228960
0.0
0.0000000000
0.1437344527
0.0156250000
0.0
0.1709504438
0.0
0.1553259409
0.0000000000
0.0
0.1437344527
0.1219013713
0.0000000000
0.0000000000
0.0000000000
0.0000000000
0.1817020440
0.0000000000
0.1623068820
0.0156250000
0.0000000000
0.0000000000
0.0000000000
0.0000000000
0.0000000000
0.1528604497
0.0000000000
0.0000000000
0.0000000000
0.0000000000
