0.0
0.0
0.0
0.0
0.0
0.0
0.0
0.0
0.0
0.0
0.0
0.0
0.0
0.0
0.0
0.0
0.0
0.0
0.0
0.0
0.0
0.0
0.0
0.0
0.0
0.0
0.0
0.0
0.0
0.0895027305
0.0
0.1196423399
0.0
0.0
0.0
0.0
0.0
0.1015556612
0.0
0.0
0.1322291471
0.0
0.0
0.0
0.1014675052
0.0
0.0
0.0
0.0
0.1160780199
0.0
0.0
0.0986418279
0.0
0.1270549631
0.0
0.0
0.0
0.0
0.0
0.0
0.0
0.0
0.0
0.0
0.0
0.0
0.0
0.0
0.0
0.1119641437
0.1267793558
0.1066519763
0.0
0.1024457196
0.0
0.1143743308
0.0
0.0974088050
0.0
0.1345115835
0.1187912256
0.0
0.1192760878
0.1050229704
0.0922577475
0.0
0.1028966250
0.0
0.1258240754
0.0
0.0
0.0
0.0
0.0
0.0
0.0880200045
0.1062641509
0.0
0.0
0.0
0.1221427022
0.0000000000
0.0000000000
0.0
0.0
0.0
0.0
0.0
0.1316335203
0.1072390514
0.0
0.1088366537
0.1014675052
0.0921123452
0.1122868070
0.0000000000
0.0
0.0
0.0
0.0
0.0
0.1218879729
0.1208795926
0.0
0.0936623125
0.0
0.0
0.0
0.0
0.0
0.0
0.0693301103
0.0
0.0
0.0865856045
0.1133759127
0.0
0.0
0.1066519763
0.0
0.0
0.0850113208
0.0
0.1055922006
0.0
0.0912494661
0.0
0.1134859864
0.1033515173
0.0000000000
0.0
0.0802819822
0.0154088050
0.0
0.1049286948
0.1210047267
0.0
0.1054017728
0.1301676682
0.0
0.0
0.1174779558
0.1101701848
0.1005942909
0.0944188740
0.0785027307
0.0
0.0
0.1029872829
0.0
0.1116433295
0.0
0.0
0.0833741555
0.0102725367
0.0
0.0
0.0948787062
0.0830188679
0.0743105951
0.0
0.1094480955
0.0000000000
0.0948017567
0.0
0.0
0.1135962741
0.1014675052
0.1187912256
0.0
0.1281694803
0.1186706254
0.0
0.0765993224
0.1086343551
0.1059751279
0.1065547548
0.0
0.0770537680
0.1259596617
0.0960481233
0.0
0.0997359778
0.1079321939
0.0
0.0
0.1190331630
0.0000000000
0.0
0.0575248849
0.0
0.0
0.0
0.0102725367
0.0
0.1057833177
0.0
0.0000000000
0.0
0.0
0.0955769142
0.0963648525
0.0769016882
0.1123947750
0.1059751279
0.0
0.0000000000
0.0
0.0969241841
0.1016439705
0.1195200062
0.0000000000
0.0811740042
0.0115566038
0.0154088050
0.1012039533
0.0000000000
0.0
0.1025355842
0.1001632957
0.0
0.0
0.0000000000
0.1179521353
0.1205057382
0.0
0.0884194902
0.0
0.0977345870
0.0956551277
0.0
0.0
0.0871667159
0.0
0.0924036095
0.0
0.1177145680
0.0668710332
0.1120714919
0.0000000000
0.0865215145
0.0
0.0985586560
0.0961271102
0.1010290113
0.0
0.0000000000
0.0
0.0
0.0992279848
0.0
0.0115566038
0.1226553684
0.1059751279
0.0853839051
0.0978982965
0.0777197912
0.0946482316
0.0000000000
0.1050229704
0.0858857943
0.1331327631
0.1160780199
0.0575248849
0.0
0.0
0.1255537766
0.0000000000
0.0
0.0
0.0
0.0973276986
0.0962854745
0.0
0.0
0.0836725598
0.0668710332
0.0000000000
0.0000000000
0.0790335132
0.1192760878
0.0830188679
0.0853839051
0.0
0.0869074840
0.0
0.0787672278
0.0
0.0
0.1028966250
0.0958905382
0.0000000000
0.1035346023
0.1017324335
0.0000000000
0.0969241841
0.0
0.0000000000
0.0
0.1252846367
0.0976529374
0.0842151052
0.0970046191
0.1002491990
0.0809491455
0.1234324879
0.0896400046
0.1186706254
0.0984756243
0.1155045119
0.0000000000
0.0000000000
0.1007677293
0.1186706254
0.0084048027
0.1112184263
0.0000000000
0.0000000000
0.0874274989
0.0
0.0889578128
0.0723780595
0.0629459160
0.0000000000
0.0983927324
0.0850731922
0.0000000000
0.0
0.0037735849
0.0988921878
0.0000000000
0.1133759127
0.0000000000
0.0
0.0000000000
0.0
0.0
0.0970046191
0.0000000000
0.0000000000
0.0000000000
0.0777715010
0.1065547548
0.0
0.0000000000
0.0
0.0841544752
0.0000000000
0.0867784455
0.0000000000
0.0856968959
0.0911782886
0.0000000000
0.0000000000
0.0754619535
0.0908946859
0.0802819822
0.0000000000
0.0000000000
0.0000000000
0.0800072321
0.0000000000
0.0000000000
0.0000000000
0.0000000000
0.0877556802
0.0976529374
0.0000000000
0.0000000000
0.0895027305
0.0802819822
0.1067493754
0.0
0.0000000000
0.0836725598
0.0084048027
0.0910362664
0.0000000000
0.0000000000
0.0000000000
0.0037735849
0.0802819822
0.0000000000
0.0000000000
0.0
0.0
0.0000000000
0.0000000000
0.0000000000
0.0953430392
0.0000000000
0.0
0.0000000000
0.0969241841
0.0000000000
0.0829011107
0.0000000000
0.0000000000
0.0000000000
0.0000000000
0.0000000000
0.0000000000
0.0839731078
0.0000000000
0.0000000000
0.0802268813
0.0000000000
0.0000000000
0.0000000000
0.0000000000
0.0000000000
0.0000000000
0.0000000000
0.0000000000
0.0000000000
0.0000000000
0.0000000000
0.0000000000
0.0000000000
