0.0
0.0
0.0
0.0
0.0
0.0
0.0
0.0
0.0
0.0
0.0
0.0
0.0
0.0
0.0
0.0
0.0
0.0
0.0
0.0
0.0
0.0
0.0
0.0
0.0
0.0
0.0
0.0
0.0
0.0
0.0
0.0
0.0
0.0
0.0
0.0
0.0
0.0
0.0
0.0
0.0
0.0
0.0
0.0
0.0
0.0
0.0
0.0
0.0
0.0
0.0
0.0
0.0
0.0
0.0
0.0
0.0
0.0
0.0
0.0
0.0596867678
0.0
0.0
0.0
0.0
0.0
0.0
0.0
0.0
0.0
0.0
0.0
0.0
0.0
0.0
0.0235849057
0.0
0.0
0.0
0.0694454408
0.0
0.0
0.0
0.0
0.0
0.0
0.0654629066
0.0
0.0
0.0
0.0
0.0
0.0
0.0
0.0
0.0
0.0
0.0
0.0
0.0
0.0
0.0
0.0
0.0
0.0
0.0
0.0
0.0
0.0
0.0661744599
0.0
0.0
0.0
0.0
0.0
0.0
0.0
0.0
0.0822709502
0.0390259636
0.0
0.0623349862
0.0
0.0
0.0
0.0
0.0
0.0
0.0
0.0
0.0
0.0
0.0
0.0739439309
0.0
0.0
0.0
0.0
0.0
0.0591072846
0.0
0.0
0.0
0.0
0.0
0.0
0.0
0.0
0.0
0.0
0.0422781272
0.0
0.0094339623
0.0
0.0
0.0
0.0596867678
0.0
0.0000000000
0.0
0.0
0.0000000000
0.0
0.0
0.0294811321
0.0
0.0
0.0691823899
0.0
0.0
0.0
0.0
0.0
0.0
0.0
0.0094339623
0.0
0.0
0.0
0.0196540881
0.0
0.0
0.0524831924
0.0659355630
0.0000000000
0.0
0.0
0.0
0.0212264151
0.0
0.0
0.0570754717
0.0511600867
0.0
0.0
0.0
0.0
0.0
0.0358824184
0.0
0.0
0.0
0.0
0.0
0.0
0.0
0.0917796530
0.0
0.0
0.0000000000
0.0
0.0
0.0
0.0
0.0
0.0094339623
0.0
0.0767401300
0.0000000000
0.0
0.0727655416
0.0
0.0425737784
0.0465922218
0.0
0.0000000000
0.0
0.0000000000
0.0
0.0
0.0773904701
0.0
0.0000000000
0.0469515448
0.0
0.0652291105
0.0000000000
0.0
0.0
0.0
0.0927114261
0.0094339623
0.0212264151
0.0563708362
0.0691823899
0.0
0.0
0.0
0.0594923483
0.0567209657
0.0141509434
0.0
0.0684050597
0.0000000000
0.0294811321
0.0
0.0
0.0815363881
0.0
0.0716241213
0.0
0.0913207547
0.0654629066
0.0
0.0
0.0196540881
0.0
0.0518867925
0.0000000000
0.0000000000
0.0000000000
0.0094339623
0.0000000000
0.0621229624
0.0770639280
0.0330872300
0.0
0.0000000000
0.0000000000
0.0000000000
0.0000000000
0.0861516554
0.0000000000
0.0000000000
0.0819020222
0.0000000000
0.0094339623
0.0141509434
0.0
0.0576156181
0.0000000000
0.0000000000
0.0094339623
0.0000000000
0.0094339623
0.0094339623
0.0168463612
0.0094339623
0.0621229624
0.0000000000
0.0
0.0000000000
0.0000000000
0.0808148272
0.0507337526
0.0000000000
0.0000000000
0.0000000000
0.0000000000
0.0000000000
0.0000000000
0.0000000000
0.0000000000
0.0000000000
0.0000000000
0.0000000000
0.0000000000
0.0000000000
0.0000000000
0.0000000000
