0.0
0.0
0.0
0.0
0.0
0.0
0.0
0.0
0.0
0.0
0.0
0.0
0.0
0.0
0.0
0.0
0.0
0.0
0.0
0.0
0.0
0.0
0.0
0.0
0.0
0.0
0.0
0.0
0.0
0.0877292308
0.0
0.1124209621
0.0
0.0
0.0
0.0
0.0
0.0859783979
0.0
0.0
0.1105661708
0.0
0.0
0.0
0.0809038848
0.0
0.0
0.0
0.0
0.0910397678
0.0
0.0
0.1066557845
0.0
0.1108710407
0.0
0.0
0.0
0.0
0.0
0.0
0.0
0.0
0.0
0.0
0.0
0.0
0.0
0.0
0.0
0.1222165069
0.1060929572
0.0983110777
0.0
0.0972020083
0.0
0.1028369073
0.0
0.0949077044
0.0
0.0
0.0842960813
0.0
0.0
0.1084781406
0.1220928060
0.0
0.1013678087
0.0
0.1079925625
0.0
0.0
0.0
0.0
0.0
0.0
0.0000000000
0.0934374069
0.0
0.0
0.0
0.1025745683
0.0000000000
0.0030769231
0.0
0.0
0.0
0.0
0.0
0.1164359964
0.0954333009
0.0
0.0930769231
0.1012826972
0.1108710407
0.1046207219
0.0
0.0
0.0
0.0
0.0
0.0
0.1055360388
0.0975952203
0.0
0.0867201239
0.0
0.0
0.0
0.0
0.0
0.0
0.0
0.0
0.0
0.0908341057
0.0842960813
0.0
0.0
0.1299867374
0.0
0.0
0.0821714525
0.0
0.0981510922
0.0
0.0061538462
0.0
0.1097613215
0.1024004179
0.0545086725
0.0
0.0041025641
0.0660250095
0.0
0.1158767457
0.1023135643
0.0
0.1032771338
0.1094625157
0.0
0.0
0.1102629729
0.1140148320
0.1037211456
0.0952073341
0.0827918273
0.0
0.0
0.1027493120
0.0
0.0881137270
0.0
0.0
0.1024874191
0.0647144272
0.0
0.0
0.0877292308
0.0870329670
0.0877930803
0.0
0.1091653324
0.0000000000
0.1014530633
0.0
0.0
0.1091653324
0.1007750145
0.1230894819
0.0
0.1067501702
0.1056284521
0.0
0.0
0.0955845422
0.0854909230
0.0904255565
0.0
0.0
0.1315460112
0.1081862711
0.0
0.1005230769
0.0000000000
0.0
0.0
0.0
0.0000000000
0.0
0.0844140604
0.0
0.0
0.0
0.0597758634
0.0
0.0
0.0
0.0000000000
0.0
0.0
0.0865956154
0.0906975130
0.0000000000
0.0789965241
0.1082833863
0.0
0.0030769231
0.0
0.0924350133
0.0
0.0979120879
0.0
0.1021402983
0.0802579456
0.0723621430
0.0740956341
0.0000000000
0.0
0.1223404587
0.0996923077
0.0
0.0
0.0000000000
0.1281909589
0.1008592745
0.0
0.0865956154
0.0
0.1127361610
0.0898195773
0.0
0.0
0.0935823835
0.0
0.1007750145
0.0
0.1180310101
0.0000000000
0.0973589123
0.0784315295
0.0841784315
0.0
0.1019676182
0.0893538462
0.0704601006
0.0
0.0000000000
0.0
0.0
0.0975952203
0.0
0.0632884010
0.1068447230
0.1191973244
0.0998573612
0.1121075207
0.0069230769
0.0760578136
0.0000000000
0.0868449909
0.0874113712
0.1132654388
0.1158767457
0.0809581828
0.0
0.0
0.1343292787
0.0000000000
0.0
0.0
0.0
0.0914538986
0.0897527473
0.0
0.0
0.0783296703
0.0995277989
0.1061863489
0.0
0.0
0.0905613306
0.0069230769
0.0998573612
0.0
0.0000000000
0.0
0.0
0.0
0.0
0.0594811106
0.1020538852
0.0
0.0924350133
0.1017955209
0.0938736905
0.1070343321
0.0
0.0000000000
0.0
0.1072246154
0.0872848714
0.0789965241
0.0000000000
0.1104649197
0.0938736905
0.1069394435
0.0969675983
0.1130531324
0.1165484950
0.1118995290
0.0000000000
0.0000000000
0.1112801590
0.1021402983
0.0901552259
0.0957362637
0.0877292308
0.0938736905
0.1010282180
0.0
0.1042590253
0.0876654741
0.0932928788
0.1059997296
0.0
0.0892216659
0.0000000000
0.0
0.0030769231
0.0792560396
0.0
0.0
0.0000000000
0.0
0.0770291777
0.0
0.0
0.1038104065
0.0000000000
0.0928619648
0.0000000000
0.0
0.1043492148
0.0
0.0000000000
0.0
0.0782788399
0.0000000000
0.0863476681
0.0030769231
0.0000000000
0.0885016084
0.0
0.0000000000
0.0978326783
0.0761538462
0.0041025641
0.0000000000
0.0030769231
0.0000000000
0.0677303157
0.0046153846
0.0874747587
0.0000000000
0.0000000000
0.0773750432
0.0000000000
0.0000000000
0.0904255565
0.0000000000
0.0000000000
0.0938736905
0.0
0.0658807713
0.0835371830
0.0573598156
0.1058137652
0.0000000000
0.0000000000
0.0845916496
0.0030769231
0.0
0.0803113797
0.0695260474
0.0
0.0
0.0000000000
0.0000000000
0.0000000000
0.0
0.0890898762
0.0
0.0000000000
0.0000000000
0.0000000000
0.0676543423
0.0786873401
0.0000000000
0.0000000000
0.0030769231
0.0709574661
0.0000000000
0.1107692308
0.0000000000
0.0000000000
0.0000000000
0.1023135643
0.0000000000
0.0936550406
0.0030769231
0.1092642140
0.0783805668
0.0000000000
0.0000000000
0.0046153846
0.0759620229
0.0000000000
0.0969675983
0.0862859029
0.0697269898
0.0000000000
0.0000000000
0.0000000000
0.0000000000
0.0
0.1082833863
0.0766863905
0.0841784315
0.0000000000
0.0783296703
0.1171142644
0.0000000000
0.0000000000
0.0686945856
0.0926479972
0.1020538852
0.0000000000
0.0
0.0000000000
0.0000000000
0.0000000000
0.0869075593
0.0000000000
0.0000000000
0.0000000000
0.0000000000
0.0926479972
0.0694859979
0.0000000000
0.0000000000
0.0544594548
0.0000000000
0.0000000000
0.0000000000
0.0000000000
0.0788931931
0.0841784315
0.0000000000
0.0000000000
0.0000000000
0.0740956341
0.0869702180
0.0000000000
0.0000000000
0.0000000000
0.0000000000
0.0000000000
0.0000000000
0.0000000000
0.0876654741
0.0000000000
0.0904933926
0.0000000000
0.0000000000
0.0500529844
0.0773254438
0.0000000000
0.0000000000
0.0000000000
0.0000000000
0.0000000000
0.0000000000
0.0000000000
0.0000000000
0.0000000000
0.0000000000
0.0000000000
0.0000000000
0.0000000000
0.0000000000
0.0000000000
0.0000000000
0.0000000000
0.0000000000
0.0000000000
0.0000000000
0.0000000000
0.0000000000
0.0000000000
0.0000000000
0.0000000000
0.0000000000
