0.0
0.0
0.0
0.0
0.0
0.0
0.0
0.0
0.0
0.0
0.0
0.0
0.0
0.0
0.0
0.0
0.0
0.0
0.0
0.0
0.0
0.0
0.0
0.0
0.0
0.0
0.0
0.0
0.0
0.0962313801
0.0
0.1222164513
0.0
0.0
0.0
0.0
0.0
0.0928744715
0.0
0.0
0.1194217039
0.0
0.0
0.0
0.0872077568
0.0
0.0
0.0
0.0
0.0978259923
0.0
0.0
0.1158553561
0.0
0.1244568995
0.0
0.0
0.0
0.0
0.0
0.0
0.0
0.0
0.0
0.0
0.0
0.0
0.0
0.0
0.0
0.1339077686
0.1130578496
0.1094137610
0.0
0.0980378898
0.0
0.1123097414
0.0
0.0982507072
0.0
0.0
0.1050947967
0.0
0.0
0.1215599618
0.1323415958
0.0
0.1127761440
0.0
0.1124958387
0.0
0.0
0.0
0.0
0.0
0.0
0.0000000000
0.1021689070
0.0
0.0
0.0
0.0966423326
0.0000000000
0.0856671781
0.0
0.0
0.0
0.0
0.0
0.1298111638
0.1052577344
0.0
0.0987508926
0.1112059601
0.1157565877
0.1138159911
0.0
0.0
0.0
0.0
0.0
0.0
0.1108428386
0.1185873165
0.0
0.0964364186
0.0
0.0
0.0
0.0
0.0
0.0
0.0
0.0
0.0
0.0981796655
0.1162521210
0.0
0.0
0.1366020899
0.0
0.0
0.0852369600
0.0
0.1101236637
0.0
0.0030211480
0.0
0.1166516128
0.1129637915
0.0715397668
0.0
0.0
0.0762394595
0.0
0.1217780066
0.1119393878
0.0
0.1138159911
0.1139114743
0.0
0.0
0.1214512320
0.1210182507
0.1139114743
0.0991836942
0.0840238102
0.0
0.0
0.1175605864
0.0
0.0902809025
0.0
0.0
0.1071684904
0.0690653496
0.0
0.0
0.0986074636
0.0904613440
0.0918690645
0.0
0.1125891189
0.0000000000
0.1052577344
0.0
0.0
0.1134356536
0.1046896510
0.1310641673
0.0
0.1151674956
0.1229913744
0.0
0.0
0.0981087264
0.0791734562
0.0961632276
0.0
0.0
0.1392640793
0.1154612903
0.0
0.1128698897
0.0837129947
0.0
0.0
0.0
0.0000000000
0.0
0.0895072362
0.0
0.0
0.0
0.0803922305
0.0
0.0
0.0
0.0000000000
0.0
0.0
0.0902209152
0.0962996293
0.0000000000
0.0
0.1144877549
0.0
0.0030211480
0.0
0.1052577344
0.0
0.1092377131
0.0
0.1101236637
0.0842323060
0.0773689330
0.1035716837
0.0000000000
0.0
0.1282176368
0.1096788993
0.0
0.0
0.0000000000
0.1340399579
0.0853977845
0.0
0.0903409696
0.0
0.1172560253
0.1173573702
0.0
0.0
0.1024773414
0.0
0.1094137610
0.0
0.1309377795
0.0000000000
0.1031781743
0.0994015207
0.0882850958
0.0
0.1088873114
0.0030211480
0.0744013574
0.0
0.0000000000
0.0
0.0
0.1023228917
0.0
0.0700993688
0.1134356536
0.1261918934
0.0986791260
0.1157565877
0.0040281974
0.0839718475
0.0768000437
0.0755606440
0.0931292712
0.1135304994
0.1205883458
0.0859927026
0.0
0.0
0.1424789899
0.0000000000
0.0
0.0
0.0
0.0963679754
0.0971262356
0.0
0.0
0.0992561969
0.1043677766
0.1111149569
0.0
0.0
0.0962996293
0.0060422961
0.1076784118
0.0
0.0
0.0
0.0
0.0
0.0
0.0633905123
0.1110241025
0.0
0.1067472306
0.1158553561
0.0981087264
0.1124958387
0.0
0.0000000000
0.0
0.1193167639
0.0981796655
0.0837646375
0.0000000000
0.1216688865
0.0981087264
0.1128698897
0.1066633758
0.1211262064
0.1218873226
0.1166516128
0.0
0.0000000000
0.1179691376
0.1166516128
0.0942279510
0.0966423326
0.0960951715
0.1095903772
0.1099453258
0.0
0.1148751923
0.0941626056
0.0992561969
0.1111149569
0.0
0.0940321865
0.0000000000
0.0
0.0779015934
0.0849171215
0.0
0.0
0.0000000000
0.0
0.0791734562
0.0
0.0
0.1083659037
0.0000000000
0.0967800979
0.0000000000
0.0
0.0840238102
0.0
0.0000000000
0.0
0.0843893582
0.0000000000
0.1038886590
0.0030211480
0.0000000000
0.0968491279
0.0
0.0000000000
0.1020153849
0.0676881741
0.0030211480
0.0000000000
0.0030211480
0.0706097126
0.0612460430
0.0000000000
0.0946879200
0.0000000000
0.0000000000
0.0809674880
0.0000000000
0.0000000000
0.0961632276
0.0000000000
0.0000000000
0.1042876170
0.0
0.0703171814
0.1019387968
0.0000000000
0.1160533994
0.0666908042
0.0000000000
0.0940321865
0.0885153047
0.0
0.0915593239
0.0861017612
0.0
0.0
0.0000000000
0.0000000000
0.0000000000
0.0
0.1063292696
0.0
0.0000000000
0.0000000000
0.0000000000
0.0742792546
0.0822924105
0.0000000000
0.0000000000
0.0030211480
0.0744829826
0.0000000000
0.1228800700
0.0000000000
0.0030211480
0.0000000000
0.1079351966
0.0000000000
0.1007288408
0.0756027157
0.1195268286
0.0844943854
0.0000000000
0.0000000000
0.0040281974
0.0838681145
0.0000000000
0.0855592170
0.0899817610
0.0729621050
0.0000000000
0.0000000000
0.1080210639
0.0000000000
0.0
0.1144877549
0.0821430595
0.1001345703
0.0000000000
0.0992561969
0.1234386158
0.0000000000
0.0000000000
0.0719186850
0.0958239078
0.1219968350
0.0000000000
0.0
0.0000000000
0.0000000000
0.0000000000
0.0956888494
0.0000000000
0.0947539967
0.0000000000
0.0000000000
0.0964364186
0.0746878313
0.0000000000
0.0882850958
0.0879990132
0.0000000000
0.0000000000
0.0030211480
0.0030211480
0.0837646375
0.1068312174
0.0935141029
0.0000000000
0.0000000000
0.0984644506
0.0959593479
0.0000000000
0.0000000000
0.0000000000
0.0000000000
0.0000000000
0.0000000000
0.0000000000
0.0953528633
0.0855592170
0.0947539967
0.0859927026
0.0000000000
0.0643823980
0.0841800851
0.0000000000
0.0000000000
0.0000000000
0.0000000000
0.0793121947
0.0000000000
0.0000000000
0.0000000000
0.0000000000
0.0000000000
0.0000000000
0.0000000000
0.0000000000
0.0000000000
0.0000000000
0.0000000000
0.0000000000
0.0000000000
0.0000000000
0.0000000000
0.0000000000
0.0000000000
0.0694894971
0.0000000000
0.0000000000
0.0000000000
0.0000000000
0.0000000000
0.0000000000
0.0884000504
0.0000000000
0.0000000000
0.0000000000
0.0000000000
0.0000000000
0.0000000000
