0.0
0.0
0.0
0.0
0.0
0.0
0.0
0.0
0.0
0.0
0.0
0.0
0.0
0.0
0.0
0.0878858701
0.0
0.0
0.0
0.0
0.0
0.0
0.0
0.0
0.0
0.0
0.0
0.0
0.0
0.0000000000
0.0
0.1160756775
0.0
0.0
0.0
0.0
0.1036855771
0.0061349693
0.0804768869
0.0
0.1083524426
0.0
0.0
0.0913664986
0.0752283942
0.0
0.0
0.0
0.0
0.0951341893
0.0
0.0
0.0922801636
0.0
0.0901760556
0.0
0.0
0.1129961187
0.0
0.0
0.0
0.0
0.0
0.0
0.0
0.0
0.0
0.0
0.0
0.0
0.0862431436
0.0946463216
0.0893033841
0.0
0.0773297460
0.0
0.1089923192
0.0
0.0061349693
0.0
0.1044681097
0.1073025158
0.0
0.1193277978
0.1114046241
0.0797811213
0.0
0.1087781889
0.0938442342
0.0756394784
0.0
0.0
0.0
0.0
0.0
0.0
0.0000000000
0.0780932273
0.0
0.0
0.0
0.0634955254
0.0000000000
0.0081799591
0.0
0.0061349693
0.0
0.0
0.0
0.1048638223
0.0000000000
0.0000000000
0.1208910440
0.0969668970
0.0793239229
0.1180556464
0.1010366755
0.0000000000
0.0
0.0
0.0
0.0
0.0688657937
0.1060691536
0.0
0.0754333762
0.0
0.0
0.0
0.0
0.0
0.1012213860
0.0061349693
0.0
0.0061349693
0.1003045257
0.1127659840
0.0
0.0
0.0699092148
0.0865126534
0.0
0.0061349693
0.0
0.0667890207
0.0
0.0747207802
0.0
0.1258365867
0.0061349693
0.0000000000
0.0000000000
0.0855766587
0.0888733518
0.0
0.0634955254
0.0919735850
0.0986953621
0.0776551166
0.0670315958
0.0061349693
0.0
0.0894476545
0.1089923192
0.0936854453
0.0000000000
0.0000000000
0.0842741220
0.0
0.0915175176
0.0
0.0788719347
0.0764752737
0.0
0.0061349693
0.0877465898
0.0
0.0
0.1006692694
0.0000000000
0.0061349693
0.0
0.0619329957
0.0000000000
0.0000000000
0.0772218942
0.0863776882
0.0670315958
0.0695579123
0.0756394784
0.0
0.0979966339
0.1139261279
0.0
0.0061349693
0.0623514619
0.0697331211
0.0954622382
0.0
0.0000000000
0.0122699387
0.0756394784
0.0599871053
0.0603138324
0.0000000000
0.0
0.0
0.0711672213
0.0000000000
0.0
0.0000000000
0.0863776882
0.0859753077
0.0
0.1042713713
0.0
0.0671942939
0.0
0.1003045257
0.0995829104
0.1040753725
0.0000000000
0.0000000000
0.0000000000
0.0000000000
0.0775463560
0.0000000000
0.0000000000
0.0887309265
0.0000000000
0.0000000000
0.1031063280
0.0560405852
0.0737258298
0.0803600844
0.0930556272
0.0907673740
0.0897375983
0.0000000000
0.0061349693
0.0751263204
0.0000000000
0.0881657614
0.0000000000
0.0670315958
0.0000000000
0.0000000000
0.0000000000
0.0
0.0560405852
0.0000000000
0.0
0.0061349693
0.0081799591
0.0000000000
0.0000000000
0.0
0.0000000000
0.0000000000
0.0000000000
0.0000000000
0.0000000000
0.0
0.0000000000
0.0815435908
0.0000000000
0.0061349693
0.0000000000
0.0919735850
0.0000000000
0.0000000000
0.0
0.0000000000
0.0000000000
0.0000000000
0.0000000000
0.0000000000
0.0000000000
0.0000000000
