0.0
0.0
0.0
0.0
0.0
0.0
0.0
0.0
0.0
0.0
0.0
0.0
0.0
0.0
0.0
0.0
0.0
0.0
0.0
0.0
0.0
0.0
0.0
0.0
0.0
0.0
0.0
0.0
0.0
0.0840125088
0.0
0.0971028299
0.0
0.0
0.0
0.0
0.0
0.0736405941
0.0
0.0
0.1023387668
0.0
0.0
0.0
0.0
0.0
0.0
0.0
0.0
0.0890281810
0.0
0.0
0.0983995684
0.0
0.0937594690
0.0
0.0
0.0
0.0
0.0
0.0
0.0
0.0
0.0
0.0
0.0
0.0
0.0
0.0
0.0
0.1061547886
0.1063350175
0.0
0.0
0.0000000000
0.0
0.0964300620
0.0
0.0757331624
0.0
0.0
0.0
0.0
0.0
0.0728271224
0.0905076955
0.0
0.0885248414
0.0
0.0970276147
0.0
0.0
0.0
0.0
0.0
0.0
0.0000000000
0.0579383213
0.0
0.0
0.0
0.0772749233
0.0762402012
0.0
0.0
0.0
0.0
0.0
0.0
0.1031817550
0.0849814455
0.0
0.0880890651
0.0899875364
0.0
0.0978614458
0.0
0.0
0.0
0.0
0.0
0.0
0.0857376116
0.0
0.0
0.0710508512
0.0
0.0
0.0
0.0
0.0
0.0
0.0
0.0
0.0
0.0835084337
0.0715786575
0.0
0.0
0.1108519032
0.0
0.0
0.0894094580
0.0
0.0830103715
0.0
0.0
0.0
0.0982452162
0.0800912088
0.0077108434
0.0
0.0
0.0
0.0
0.1004512034
0.0949678928
0.0
0.0892820033
0.1056177492
0.0
0.0
0.0974806619
0.0
0.0781426392
0.0669495727
0.0000000000
0.0
0.0
0.0844657118
0.0
0.0
0.0
0.0
0.0847514551
0.0903770928
0.0
0.0
0.0834527985
0.0000000000
0.0734678303
0.0
0.0823554573
0.0000000000
0.0814981461
0.0
0.0
0.0992572509
0.0835084337
0.1019224171
0.0
0.0861503787
0.0879653445
0.0
0.0
0.0862096701
0.0664523345
0.0891549115
0.0
0.0
0.1161991193
0.1017568242
0.0
0.0813393835
0.0810237067
0.0
0.0
0.0
0.0771321740
0.0
0.0000000000
0.0
0.0
0.0
0.0048192771
0.0
0.0
0.0
0.0000000000
0.0
0.0
0.0726581500
0.0060240964
0.0
0.0
0.1032668183
0.0
0.0624128802
0.0
0.0759627960
0.0
0.0961340373
0.0
0.0
0.0838999669
0.0878419710
0.0868673028
0.0000000000
0.0
0.1088294097
0.0889649507
0.0
0.0
0.0048192771
0.0925814121
0.0050200803
0.0
0.0726160293
0.0
0.0807625084
0.0
0.0
0.0
0.0
0.0
0.0721559047
0.0
0.1042986266
0.0896654621
0.0937594690
0.0569893770
0.0054764513
0.0
0.0
0.0576185145
0.0908358598
0.0
0.0000000000
0.0
0.0
0.0086058520
0.0
0.0682258446
0.0925130359
0.1037801579
0.0726581500
0.0834527985
0.0726160293
0.0629460556
0.0024096386
0.0075301205
0.0024096386
0.0897296924
0.0909677927
0.0657201735
0.0
0.0
0.1191842537
0.0000000000
0.0
0.0
0.0
0.1002101205
0.0831205379
0.0
0.0
0.0000000000
0.0685619325
0.0758707757
0.0
0.0
0.0892820033
0.0836199270
0.0732530120
0.0
0.0
0.0
0.0
0.0
0.0
0.0726160293
0.0891549115
0.0
0.0908358598
0.0991786624
0.0646016764
0.0997314097
0.0
0.0000000000
0.0
0.1048223018
0.0840688930
0.0
0.0000000000
0.0873519181
0.0
0.0988655490
0.0699400618
0.0979379598
0.1030968318
0.0896654621
0.0
0.0644023911
0.0945378495
0.0862690431
0.0822473083
0.0771796985
0.0767540751
0.0852706948
0.0882131342
0.0
0.0
0.0
0.0746055096
0.0
0.0
0.0899875364
0.0493937897
0.0
0.0054764513
0.0811812382
0.0
0.0
0.0024096386
0.0
0.0024096386
0.0
0.0
0.0859729929
0.0000000000
0.0646016764
0.0667711357
0.0
0.0677828196
0.0
0.0780939218
0.0
0.0000000000
0.0024096386
0.0
0.0909017784
0.0000000000
0.0769426601
0.0
0.0727425381
0.0814981461
0.0100401606
0.0024096386
0.0000000000
0.0780452652
0.0749178532
0.0060240964
0.0000000000
0.0716605553
0.0000000000
0.0000000000
0.0936193203
0.0850391382
0.0024096386
0.0892820033
0.0736839121
0.0000000000
0.0805547592
0.0
0.0836199270
0.0685619325
0.0607776082
0.0927871486
0.0969525159
0.0000000000
0.0812866000
0.0086058520
0.0
0.0857963360
0.0634884190
0.0
0.0
0.0840688930
0.0644023911
0.0000000000
0.0
0.0709703403
0.0
0.0700574109
0.0000000000
0.0680775275
0.0703722756
0.0776581839
0.0000000000
0.0024096386
0.0703722756
0.0798359787
0.0788311206
0.0818175380
0.0524770216
0.0987097325
0.0642043314
0.0897940148
0.0
0.0865671393
0.0
0.0801424508
0.0060240964
0.0542027913
0.0000000000
0.0
0.0629460556
0.0024096386
0.0642043314
0.0827362289
0.0628828567
0.0000000000
0.0744724439
0.0869275854
0.0000000000
0.0
0.0974806619
0.0024096386
0.0024096386
0.0755504527
0.0000000000
0.0
0.0000000000
0.0
0.0863880349
0.0716605553
0.0909677927
0.0000000000
0.0
0.0000000000
0.0
0.0000000000
0.0782891566
0.0802451317
0.0667000269
0.0000000000
0.0831205379
0.0933402762
0.0
0.0833972374
0.0054764513
0.0729119037
0.0000000000
0.0824638911
0.0643362355
0.0874128755
0.0768482519
0.0738576949
0.0000000000
0.0578313253
0.0
0.0633599649
0.0796836200
0.0891549115
0.0000000000
0.0000000000
0.0516547013
0.0732530120
0.0831757308
0.0000000000
0.0810237067
0.0642043314
0.0877189430
0.0000000000
0.0
0.0064257028
0.0675270354
0.0000000000
0.0656168940
0.0000000000
0.0777545938
0.0659624279
0.0824638911
0.0000000000
0.0032128514
0.0000000000
0.0853869466
0.0000000000
0.0000000000
0.0000000000
0.0024096386
0.0000000000
0.0000000000
0.0000000000
0.0024096386
0.0000000000
0.0000000000
0.0024096386
0.0024096386
0.0000000000
0.0024096386
0.0
0.0576715703
0.0000000000
0.0000000000
0.0000000000
0.0000000000
0.0000000000
0.0000000000
0.0
0.0024096386
0.0599342826
0.0479199122
0.0890281810
0.0000000000
0.0000000000
0.0042838019
0.0000000000
0.0000000000
0.0667000269
0.0000000000
0.0024096386
0.0
0.0000000000
0.0835084337
0.0000000000
0.0642702158
0.0000000000
0.0000000000
0.0751425618
0.0000000000
0.0000000000
0.0000000000
0.0453357404
0.0000000000
0.0000000000
0.0048192771
0.0054764513
0.0000000000
0.0
0.0000000000
0.0
0.0000000000
0.0760550398
0.0493548663
0.0000000000
0.0000000000
0.0
0.0000000000
0.0730820599
0.0000000000
0.0668423963
0.0024096386
0.0000000000
0.0708900117
0.0024096386
0.0000000000
0.0024096386
0.0000000000
0.0000000000
0.0000000000
0.0000000000
0.0000000000
0.0000000000
0.0000000000
0.0
0.0000000000
0.0000000000
0.0746055096
0.0721559047
0.0725319343
0.0000000000
0.0825182152
0.0000000000
0.0000000000
0.0000000000
0.0000000000
0.0024096386
0.0000000000
0.0000000000
0.0000000000
0.0818710135
0.0547476620
0.0000000000
0.0000000000
0.0000000000
0.0000000000
0.0000000000
0.0000000000
0.0766601289
0.0776581839
0.0000000000
0.0000000000
0.0000000000
0.0000000000
0.0000000000
0.0032128514
0.0000000000
0.0000000000
0.0000000000
0.0768482519
0.0000000000
0.0000000000
0.0624128802
0.0000000000
0.0000000000
0.0000000000
0.0000000000
0.0000000000
0.0000000000
0.0000000000
0.0000000000
0.0000000000
0.0000000000
0.0000000000
0.0000000000
0.0000000000
0.0000000000
0.0000000000
0.0000000000
0.0000000000
0.0000000000
0.0000000000
0.0000000000
0.0000000000
0.0000000000
0.0000000000
0.0000000000
0.0000000000
0.0000000000
0.0000000000
0.0000000000
0.0000000000
0.0000000000
