0.0
0.0
0.0
0.0
0.0
0.0
0.0038793103
0.0
0.0
0.0079022989
0.0
0.0
0.0
0.0
0.0
0.0
0.0
0.0
0.0
0.0
0.0
0.0
0.0
0.0091954023
0.0
0.0
0.0
0.0
0.0
0.0
0.0
0.0
0.0
0.0
0.0
0.0
0.0
0.0
0.0
0.0
0.0
0.0
0.0000000000
0.0
0.0
0.0
0.0
0.0
0.0
0.0
0.0
0.0
0.0082891247
0.0
0.0021551724
0.0
0.0
0.0
0.0021551724
0.0
0.0
0.0000000000
0.0
0.0
0.0
0.0056312570
0.0
0.0048491379
0.0021551724
0.0
0.0038793103
0.0021551724
0.0
0.0
0.0
0.0
0.0
0.0
0.0
0.0
0.0
0.0
0.0
0.0021551724
0.0
0.0064655172
0.0
0.0
0.0
0.0
0.0
0.0
0.0044493882
0.0
0.0000000000
0.0
0.0
0.0
0.0066931763
0.0
0.0
0.0
0.0
0.0
0.0
0.0
0.0
0.0
0.0
0.0
0.0
0.0000000000
0.0
0.0
0.0
0.0
0.0
0.0059865900
0.0
0.0
0.0
0.0084121246
0.0
0.0000000000
0.0
0.0000000000
0.0
0.0
0.0000000000
0.0
0.0
0.0
0.0
0.0
0.0
0.0043103448
0.0
0.0
0.0
0.0113380810
0.0044899425
0.0
0.0
0.0
0.0
0.0
0.0038793103
0.0038793103
0.0076698783
0.0000000000
0.0021551724
0.0
0.0000000000
0.0
0.0
0.0
0.0
0.0
0.0000000000
0.0
0.0
0.0
0.0
0.0
0.0
0.0
0.0000000000
0.0093134236
0.0124178982
0.0
0.0076647664
0.0
0.0
0.0
0.0021551724
0.0
0.0
0.0054328305
0.0
0.0000000000
0.0
0.0000000000
0.0
0.0
0.0
0.0
0.0
0.0
0.0000000000
0.0
0.0000000000
0.0
0.0
0.0
0.0000000000
0.0
0.0
0.0
0.0113146552
0.0
0.0044899425
0.0144004702
0.0
0.0
0.0
0.0
0.0000000000
0.0083128079
0.0
0.0
0.0000000000
0.0
0.0
0.0021551724
0.0050586686
0.0
0.0
0.0028735632
0.0071839080
0.0021551724
0.0
0.0
0.0
0.0
0.0
0.0000000000
0.0
0.0
0.0000000000
0.0
0.0
0.0
0.0063603869
0.0
0.0021551724
0.0
0.0
0.0046851574
0.0
0.0
0.0049876847
0.0088002874
0.0
0.0
0.0
0.0065193966
0.0
0.0
0.0
0.0038793103
0.0
0.0067448914
0.0028735632
0.0
0.0
0.0021551724
0.0000000000
0.0
0.0
0.0038793103
0.0
0.0000000000
0.0
0.0
0.0
0.0
0.0021551724
0.0038793103
0.0021551724
0.0032327586
0.0
0.0043103448
0.0064655172
0.0086720033
0.0
0.0
0.0
0.0
0.0
0.0
0.0
0.0
0.0069827586
0.0021551724
0.0
0.0
0.0086720033
0.0
0.0
0.0021551724
0.0
0.0
0.0021551724
0.0
0.0028735632
0.0
0.0
0.0021551724
0.0
0.0
0.0059865900
0.0
0.0
0.0
0.0
0.0000000000
0.0
0.0032327586
0.0028735632
0.0
0.0
0.0
0.0
0.0
0.0096982759
0.0
0.0000000000
0.0038793103
0.0
0.0021551724
0.0000000000
0.0103307721
0.0
0.0096982759
0.0
0.0048491379
0.0000000000
0.0
0.0048291826
0.0
0.0032327586
0.0
0.0067349138
0.0043103448
0.0
0.0000000000
0.0
0.0
0.0000000000
0.0021551724
0.0
0.0000000000
0.0121850133
0.0
0.0
0.0
0.0
0.0
0.0086925287
0.0064655172
0.0
0.0
0.0079821201
0.0
0.0000000000
0.0000000000
0.0
0.0
0.0
0.0
0.0058247903
0.0
0.0043103448
0.0
0.0021551724
0.0
0.0
0.0
0.0000000000
0.0
0.0
0.0000000000
0.0000000000
0.0
0.0
0.0060196195
0.0
0.0058668582
0.0113380810
0.0
0.0000000000
0.0
0.0101173372
0.0028735632
0.0
0.0021551724
0.0000000000
0.0
0.0043103448
0.0107758621
0.0048491379
0.0021551724
0.0000000000
0.0
0.0
0.0
0.0
0.0032327586
0.0021551724
0.0
0.0
0.0063603869
0.0
0.0128436626
0.0
0.0
0.0
0.0
0.0
0.0000000000
0.0
0.0021551724
0.0079022989
0.0032327586
0.0000000000
0.0021551724
0.0068625227
0.0021551724
0.0000000000
0.0
0.0000000000
0.0
0.0072437739
0.0000000000
0.0
0.0
0.0
0.0021551724
0.0
0.0064655172
0.0
0.0
0.0000000000
0.0
0.0000000000
0.0000000000
0.0000000000
0.0
0.0021551724
0.0
0.0021551724
0.0000000000
0.0
0.0048491379
0.0
0.0000000000
0.0000000000
0.0086925287
0.0000000000
0.0
0.0000000000
0.0
0.0
0.0021551724
0.0062695925
0.0
0.0113820043
0.0044899425
0.0
0.0046851574
0.0000000000
0.0000000000
0.0000000000
0.0
0.0
0.0000000000
0.0057471264
0.0072002351
0.0
0.0
0.0
0.0048491379
0.0032327586
0.0084121246
0.0000000000
0.0070927689
0.0000000000
0.0
0.0000000000
0.0
0.0
0.0101109685
0.0
0.0021551724
0.0084121246
0.0
0.0059267241
0.0
0.0032327586
0.0079022989
0.0000000000
0.0
0.0
0.0
0.0000000000
0.0000000000
0.0000000000
0.0021551724
0.0044961356
0.0
0.0000000000
0.0000000000
0.0021551724
0.0000000000
0.0091878403
0.0083371143
0.0
0.0000000000
0.0
0.0
0.0065040025
0.0
0.0032327586
0.0000000000
0.0021551724
0.0000000000
0.0
0.0
0.0067448914
0.0000000000
0.0000000000
0.0
0.0000000000
0.0067349138
0.0
0.0000000000
0.0000000000
0.0000000000
0.0058247903
0.0
0.0021551724
0.0067349138
0.0000000000
0.0000000000
0.0
0.0038485222
0.0021551724
0.0021551724
0.0043103448
0.0
0.0000000000
0.0
0.0048491379
0.0
0.0
0.0000000000
0.0059865900
0.0000000000
0.0000000000
0.0079022989
0.0032327586
0.0072844828
0.0000000000
0.0
0.0043103448
0.0
0.0000000000
0.0000000000
0.0083128079
0.0057471264
0.0000000000
0.0
0.0000000000
0.0110515237
0.0028735632
0.0000000000
0.0000000000
0.0051085568
0.0
0.0
0.0
0.0000000000
0.0000000000
0.0021551724
0.0065193966
0.0028735632
0.0064655172
0.0059865900
0.0
0.0086720033
0.0000000000
0.0
0.0038314176
0.0000000000
0.0
0.0071839080
0.0
0.0070927689
0.0053879310
0.0021551724
0.0043103448
0.0000000000
0.0068965517
0.0082778213
0.0000000000
0.0000000000
0.0059865900
0.0000000000
0.0067448914
0.0
0.0000000000
0.0000000000
0.0091387599
0.0
0.0
0.0000000000
0.0101109685
0.0048491379
0.0000000000
0.0000000000
0.0000000000
0.0
0.0028735632
0.0000000000
0.0115906224
0.0028735632
0.0000000000
0.0028735632
0.0000000000
0.0132004310
0.0038793103
0.0107124746
0.0000000000
0.0
0.0000000000
0.0000000000
0.0043103448
0.0000000000
0.0000000000
0.0021551724
0.0048491379
0.0
0.0
0.0068965517
0.0021551724
0.0044761273
0.0000000000
0.0
0.0000000000
0.0
0.0084859914
0.0060704023
0.0053879310
0.0000000000
0.0000000000
0.0000000000
0.0
0.0028735632
0.0000000000
0.0000000000
0.0
0.0
0.0000000000
0.0021551724
0.0
0.0000000000
0.0000000000
0.0000000000
0.0000000000
0.0000000000
0.0000000000
0.0079821201
0.0000000000
0.0000000000
0.0021551724
0.0055260831
0.0000000000
0.0000000000
0.0000000000
0.0000000000
0.0021551724
0.0
0.0000000000
0.0028735632
0.0021551724
0.0000000000
0.0000000000
0.0000000000
0.0000000000
0.0000000000
0.0000000000
0.0000000000
0.0021551724
0.0048491379
0.0044899425
0.0000000000
0.0000000000
0.0
0.0000000000
0.0000000000
0.0021551724
0.0048491379
0.0000000000
0.0000000000
0.0000000000
0.0067349138
0.0000000000
0.0000000000
0.0000000000
0.0000000000
0.0086206897
0.0000000000
0.0038485222
0.0000000000
0.0000000000
0.0000000000
0.0
0.0000000000
0.0000000000
0.0000000000
0.0000000000
0.0000000000
0.0000000000
0.0000000000
0.0000000000
0.0000000000
0.0000000000
0.0
0.0000000000
0.0000000000
0.0
0.0000000000
0.0021551724
0.0055260831
0.0000000000
0.0000000000
0.0000000000
0.0000000000
0.0000000000
0.0000000000
0.0000000000
0.0000000000
0.0000000000
0.0000000000
0.0000000000
0.0000000000
0.0000000000
0.0000000000
0.0000000000
0.0000000000
0.0021551724
0.0021551724
0.0000000000
0.0000000000
0.0072595281
0.0032327586
0.0
0.0000000000
0.0028735632
0.0000000000
0.0000000000
0.0028735632
0.0000000000
0.0000000000
0.0000000000
0.0000000000
0.0000000000
0.0000000000
0.0000000000
0.0000000000
0.0000000000
0.0000000000
0.0000000000
0.0000000000
0.0000000000
0.0000000000
0.0000000000
0.0000000000
0.0000000000
0.0021551724
0.0000000000
0.0062695925
0.0000000000
0.0000000000
0.0000000000
0.0000000000
0.0000000000
0.0021551724
0.0000000000
0.0000000000
0.0000000000
0.0000000000
0.0000000000
0.0000000000
0.0000000000
0.0000000000
0.0000000000
0.0
0.0021551724
0.0000000000
0.0000000000
0.0000000000
0.0000000000
0.0000000000
0.0000000000
0.0000000000
0.0000000000
0.0000000000
0.0000000000
0.0000000000
0.0000000000
0.0000000000
0.0021551724
0.0000000000
0.0000000000
0.0000000000
0.0000000000
0.0000000000
0.0000000000
0.0000000000
0.0000000000
0.0000000000
0.0000000000
0.0000000000
0.0000000000
0.0000000000
0.0000000000
