0.0
0.0
0.0
0.0
0.0967003540
0.0
0.1348494821
0.0
0.0
0.1121584634
0.0
0.0961028235
0.0
0.1270467550
0.0
0.1184963068
0.0
0.1228648342
0.0
0.0
0.1349469871
0.0939736572
0.0
0.0
0.0
0.1170838665
0.1156330131
0.1095256357
0.1245041249
0.1149209872
0.0
0.0
0.1344608668
0.1227032762
0.1282691981
0.1236790478
0.1333083451
0.1120238194
0.1208754425
0.0
0.0
0.1354366351
0.0
0.1261024886
0.0
0.0
0.1348494821
0.1223012341
0.1104983322
0.1106949485
0.0830212114
0.1058002739
0.1343640628
0.0
0.1240902149
0.0
0.1178230323
0.0
0.0941158261
0.1288003334
0.0
0.0
0.1192534717
0.1014302626
0.0
0.1291568742
0.0
0.0915758995
0.1090138336
0.1246704630
0.1267017537
0.1267878282
0.1106949485
0.1353384214
0.1076928351
0.1110242018
0.0
0.0841441313
0.0859657684
0.1129048295
0.1112890180
0.1232705965
0.1304204634
0.0
0.1172309568
0.1167907905
0.1202523732
0.0
0.0922549101
0.0935028473
0.1260173418
0.0
0.1164991780
0.1085699146
0.0761761972
0.0
0.0901602334
0.1209537804
0.1030544910
0.1187224448
0.1248372463
0.1204852700
0.0880753578
0.1000706076
0.1164265023
0.1301476173
0.0
0.0908183373
0.1274806579
0.0
0.1177486960
0.1290675541
0.1118224585
0.1137998068
0.1092691353
0.1073212669
0.1301476173
0.0
0.1070749760
0.1337861528
0.1155614137
0.1188736835
0.0961028235
0.1185715903
0.0029702970
0.1247537989
0.0
0.1026576915
0.0000000000
0.1231892298
0.0
0.0
0.0
0.0019801980
0.1240077629
0.1041471446
0.1015406328
0.1173046406
0.1218222475
0.1147796329
0.1159203001
0.1233520708
0.1204852700
0.0
0.0889569510
0.1339782363
0.1255933265
0.0019801980
0.1307860429
0.0999098946
0.1120911010
0.1351424208
0.1142176764
0.0960039522
0.1203299053
0.1067076519
0.0000000000
0.0000000000
0.1049672009
0.1052038800
0.1213469982
0.0000000000
0.0019801980
0.0961523355
0.1111564522
0.0967504838
0.1198662063
0.0974069328
0.1061613670
0.1281811011
0.0
0.0
0.0739428222
0.0
0.1154899030
0.1078795856
0.0
0.1157764784
0.1075686935
0.0
0.0915309873
0.1100422660
0.1036266980
0.1255933265
0.0992193956
0.1110902876
0.1255088656
0.0
0.0914412950
0.1120911010
0.1131787042
0.1305116666
0.1124964938
0.0983825425
0.1262731280
0.1029976176
0.0992193956
0.1317090213
0.1101071877
0.0
0.0
0.1052632167
0.1239254204
0.0
0.1097833430
0.0951716895
0.0
0.1216634180
0.0
0.0994308381
0.0019801980
0.1123610374
0.0
0.1053820910
0.0860847247
0.1137304590
0.1049081974
0.1059805129
0.0
0.1124964938
0.0000000000
0.1160644796
0.1221411539
0.0026402640
0.0
0.1187980160
0.0044554455
0.0000000000
0.1085699146
0.1352403501
0.1003935897
0.1223814316
0.0
0.1393813915
0.1144277641
0.1016512436
0.0
0.0
0.1151336725
0.0
0.1205631028
0.0000000000
0.0039603960
0.0000000000
0.1102372612
0.0862040107
0.1187224448
0.0019801980
0.1158483446
0.1142176764
0.0877440918
0.0000000000
0.1081295963
0.1200203750
0.0795870717
0.0755593859
0.1236790478
0.1072595880
0.1291568742
0.0000000000
0.0
0.0000000000
0.0972546551
0.1012651564
0.1041471446
0.1037419028
0.1106949485
0.1082550366
0.0019801980
0.0000000000
0.0000000000
0.1342673980
0.0913517783
0.1074448377
0.0
0.0
0.1190253081
0.0000000000
0.0830212114
0.0
0.0939736572
0.1098479595
0.1011005868
0.0019801980
0.1219814923
0.1044970231
0.0
0.0019801980
0.1042635101
0.1232705965
0.0
0.0955126321
0.1042635101
0.1007730471
0.1099126520
0.1127002918
0.1137304590
0.0000000000
0.0936906040
0.1211894047
0.0000000000
0.0991666754
0.1041471446
0.0019801980
0.0958560263
0.0974577980
0.1157047013
0.0890418336
0.0934092508
0.0000000000
0.1004476228
0.1197124331
0.0000000000
0.0
0.0000000000
0.1189494475
0.0
0.1003396146
0.1033970544
0.1141478185
0.1051446102
0.1054416289
0.0886611321
0.0
0.0000000000
0.0039603960
0.0823980941
0.0725910864
0.0000000000
0.1056804548
0.0000000000
0.1029408070
0.1204852700
0.0000000000
0.1053226203
0.1006100718
0.1095256357
0.0000000000
0.1080044463
0.1124964938
0.1153471466
0.1010458490
0.0039603960
0.0
0.1005558638
0.0946408130
0.0972546551
0.0
0.0929440653
0.1177486960
0.0946408130
0.0000000000
0.0946888296
0.1032254885
0.1128365678
0.0940209991
0.0739428222
0.0029702970
0.0026402640
0.0966002501
0.0000000000
0.0
0.1002318384
0.1136611956
0.0852199467
0.0000000000
0.0947368950
0.1092691353
0.0000000000
0.1240077629
0.0847170600
0.0000000000
0.0000000000
0.0000000000
0.0000000000
0.0019801980
0.1098479595
0.0000000000
0.1100422660
0.0
0.0000000000
0.0890418336
0.0890418336
0.0000000000
0.0801338270
0.0870483597
0.1122259069
0.0000000000
0.0830581590
0.0000000000
0.0000000000
0.0000000000
0.0019801980
0.0000000000
0.0000000000
0.0000000000
0.0019801980
0.1142176764
0.0882836723
0.0890418336
0.1200976082
0.0909511127
0.0878680241
0.1049672009
0.0000000000
0.0000000000
0.0923462064
0.0852978442
0.0
0.0000000000
0.0802716917
0.1240902149
0.0000000000
0.0000000000
0.0026402640
0.0863236277
0.1002856976
0.1153471466
0.0926671714
0.0933625228
0.0000000000
0.0885769735
0.0889569510
0.0026402640
0.0019801980
0.0029702970
0.0000000000
0.0000000000
0.0000000000
0.0039603960
0.0
0.0
0.0000000000
0.0019801980
0.0000000000
0.0019801980
0.0000000000
0.1074448377
0.1024323179
0.1099126520
0.0000000000
0.0026402640
0.0044554455
0.0019801980
0.0019801980
0.0840304742
0.0000000000
0.0605947023
0.1151336725
0.0853368464
0.0000000000
0.0915309873
0.0000000000
0.0794515467
0.0000000000
0.1122934315
0.1104329486
0.1106293320
0.0794515467
0.0000000000
0.0000000000
0.1072595880
0.0838794082
0.0019801980
0.0000000000
0.0000000000
0.0794515467
0.0000000000
0.0000000000
0.0026402640
0.0861244500
0.0000000000
0.0000000000
0.0000000000
0.0000000000
0.0019801980
0.0000000000
0.0000000000
0.0000000000
0.0000000000
0.0672789053
0.0000000000
0.1000706076
0.0000000000
0.0776984526
0.0000000000
0.0928515837
0.0000000000
0.0709356454
0.0019801980
0.0000000000
0.0000000000
0.0000000000
0.0000000000
0.0000000000
0.0000000000
0.1030544910
0.0000000000
0.0000000000
0.0000000000
0.0019801980
0.0000000000
0.0000000000
0.0000000000
0.0000000000
0.0026402640
0.0000000000
0.0000000000
0.0019801980
0.0000000000
0.0000000000
0.0994308381
0.0000000000
0.0000000000
0.0000000000
0.0000000000
0.0000000000
0.0000000000
0.0044554455
0.0000000000
0.0000000000
0.0
0.0026402640
0.1031114272
0.0898563713
0.0019801980
0.0000000000
0.0000000000
0.0000000000
0.0019801980
0.0000000000
0.0000000000
0.0000000000
0.0019801980
0.0000000000
0.0000000000
0.0000000000
0.0000000000
0.0000000000
0.0000000000
0.0000000000
0.0000000000
0.0000000000
0.0000000000
0.0000000000
0.0000000000
0.0000000000
0.0044554455
0.0000000000
0.0000000000
0.0000000000
0.0830581590
0.0000000000
0.0029702970
0.0019801980
0.0000000000
0.0000000000
0.0000000000
0.0000000000
0.0000000000
0.0000000000
0.0000000000
0.0000000000
0.0000000000
0.0000000000
0.0873743835
0.0000000000
0.0000000000
0.0000000000
0.0000000000
0.0000000000
0.0000000000
0.0000000000
0.0000000000
0.1024885685
0.0000000000
0.0000000000
0.0000000000
0.0000000000
0.0000000000
0.0000000000
0.0000000000
0.0000000000
0.0000000000
