0.0
0.0
0.0
0.0
0.0
0.0
0.0123456790
0.0
0.0
0.0
0.0
0.0
0.0
0.0
0.0
0.1064260842
0.0
0.0
0.0
0.0
0.0
0.0
0.0
0.0
0.0
0.0
0.0
0.0
0.0
0.0123456790
0.0
0.1715131109
0.1461484959
0.0
0.0
0.0
0.1758736137
0.0000000000
0.0123456790
0.0
0.1411774586
0.0000000000
0.0
0.1305225561
0.1321852638
0.0
0.0
0.0
0.0
0.0965259833
0.0
0.0
0.1560382438
0.0
0.0000000000
0.0
0.1042868664
0.1289011579
0.0
0.0
0.1347603014
0.0
0.0
0.0
0.0
0.0
0.0
0.0000000000
0.0123456790
0.0
0.1121788455
0.1273195486
0.0956363429
0.0
0.1338908801
0.0
0.1165903731
0.1140279474
0.0000000000
0.1172490758
0.1109790718
0.1431247339
0.0906248315
0.1471850101
0.1121788455
0.1199600371
0.0
0.0246913580
0.0123456790
0.1134048438
0.0
0.0
0.0
0.1525962237
0.0
0.0
0.0123456790
0.0934823713
0.0123456790
0.0
0.1220769789
0.1172490758
0.0771490201
0.0000000000
0.0
0.1347603014
0.0
0.0
0.0164609053
0.0000000000
0.0000000000
0.1227993279
0.1493027800
0.1146579360
0.0000000000
0.0000000000
0.0164609053
0.1313486482
0.0123456790
0.0
0.0000000000
0.0000000000
0.1086549027
0.0000000000
0.0
0.0934823713
0.0000000000
0.0000000000
0.0
0.0000000000
0.0000000000
0.1289011579
0.0951976441
0.0
0.0951976441
0.0000000000
0.0000000000
0.0000000000
0.0123456790
0.0123456790
0.1140279474
0.0000000000
0.0000000000
0.0000000000
0.0000000000
0.0000000000
0.0000000000
0.0000000000
