0.0
0.0
0.0
0.0
0.0
0.0
0.0
0.0
0.0
0.0
0.0
0.0
0.0
0.0
0.0
0.1172774869
0.0
0.0
0.0
0.0
0.0
0.0
0.0
0.0
0.0
0.0
0.0
0.0
0.0
0.0000000000
0.0
0.1303083188
0.0
0.0
0.0
0.0
0.1255743646
0.1168601293
0.0689867570
0.0
0.1371093793
0.0
0.0
0.0980229741
0.1107510838
0.0
0.0
0.0
0.0
0.0223201984
0.0
0.0
0.0157068063
0.0
0.1158296167
0.0
0.0
0.0
0.0
0.0
0.0
0.0
0.0
0.0
0.0
0.0
0.0
0.0
0.0
0.0
0.1098250714
0.1113142249
0.1054179658
0.0
0.0990579075
0.0
0.1076645781
0.0
0.0936881493
0.0
0.1343055065
0.1166525625
0.0
0.1034258152
0.1185476402
0.0000000000
0.0
0.1092768597
0.1140197789
0.0668792186
0.0
0.0
0.0
0.0
0.0
0.0
0.0000000000
0.0876841024
0.0
0.0
0.0
0.0691319923
0.0000000000
0.0000000000
0.0
0.0
0.0
0.0
0.0
0.1277731375
0.1016646945
0.0000000000
0.1132334356
0.1067892564
0.0843073077
0.1096417240
0.1176978363
0.0
0.0
0.0
0.0
0.0
0.1105646341
0.1100090329
0.0
0.0859625559
0.0
0.0
0.0
0.0
0.0
0.1067892564
0.1021390244
0.0
0.0871026428
0.0201944652
0.1062708619
0.0
0.0
0.0737925760
0.0993576289
0.0
0.0808810255
0.0
0.0119670905
0.0
0.0083769634
0.0
0.1132334356
0.1050806283
0.0000000000
0.0000000000
0.0119670905
0.0879188657
0.0
0.0689867570
0.1160342627
0.0
0.1035889474
0.0601974268
0.1196273091
0.0
0.1029394869
0.0958764856
0.0987599890
0.0975860218
0.0157068063
0.0184384248
0.0
0.0121166791
0.0
0.1156256913
0.0
0.0
0.0780920246
0.0934216112
0.0
0.0
0.0912158232
0.0000000000
0.0691319923
0.0
0.0936881493
0.0000000000
0.0000000000
0.0765447467
0.0
0.0748864227
0.0967237005
0.0928930589
0.0
0.0223201984
0.0917254088
0.0
0.0052356021
0.0930246355
0.1004210897
0.0944969679
0.0
0.0146235783
0.0104712042
0.0955973692
0.0
0.0780920246
0.0998106272
0.0
0.0
0.0780920246
0.0765447467
0.0
0.0000000000
0.0975860218
0.0
0.0
0.1026178010
0.0
0.0899662913
0.0
0.1090953367
0.0
0.0
0.0000000000
0.0000000000
0.0052356021
0.0670157068
0.0894760118
0.0
0.0000000000
0.1200647032
0.0642616367
0.0888706261
0.0968663609
0.0808810255
0.0136801216
0.0814831175
0.0944969679
0.0974412354
0.0818895170
0.0052356021
0.0848519285
0.0139616056
0.0
0.0000000000
0.1008838597
0.0802877661
0.0857381105
0.0052356021
0.0000000000
0.0
0.0808810255
0.0000000000
0.0
0.1013509146
0.0069808028
0.0000000000
0.0083769634
0.0
0.0052356021
0.0000000000
0.0000000000
0.0052356021
0.0052356021
0.0
0.0052356021
0.0936881493
0.0000000000
0.0975860218
0.0921113502
0.0992075418
0.0600872760
0.0000000000
0.0
0.0000000000
0.1144170604
0.0069808028
0.0926310193
0.0894760118
0.0052356021
0.0757501646
0.0136801216
0.0755758259
0.0052356021
0.0618995218
0.0958764856
0.0000000000
0.0995081707
0.0874505894
0.0000000000
0.0000000000
0.0
0.0052356021
0.0000000000
0.0866429982
0.0546384298
0.0814831175
0.0
0.0000000000
0.0618995218
0.0052356021
0.0000000000
0.0000000000
0.0000000000
0.0052356021
0.0000000000
0.0000000000
0.0000000000
0.0000000000
0.0000000000
0.0
0.0777223582
0.0052356021
0.0000000000
0.0000000000
0.0000000000
0.0000000000
0.0000000000
0.0000000000
0.0720915397
0.0000000000
0.0000000000
0.0000000000
0.0000000000
