0.0
0.0
0.0
0.0
0.1165705135
0.0
0.1383207557
0.0
0.0
0.1143416317
0.0
0.1050978443
0.0
0.1282358972
0.0
0.1207281428
0.0
0.1326938019
0.0
0.0
0.1391792244
0.0933899116
0.0
0.0
0.0
0.1187306553
0.1184171751
0.1138337692
0.1263394508
0.1229623168
0.0
0.0
0.1362202128
0.1217936322
0.1309503797
0.1266069303
0.1370527274
0.1088604492
0.1220421906
0.0
0.0
0.1417077569
0.1357050077
0.1284194848
0.0
0.1329888956
0.1402674122
0.1244119419
0.1131160279
0.1110848422
0.1067869168
0.1047297257
0.1399391733
0.0
0.1269653363
0.0
0.1214637916
0.0
0.0990624076
0.1321075259
0.0
0.0
0.1198410289
0.1026327347
0.0
0.1307594899
0.0
0.0885061767
0.1106054379
0.1268755447
0.1319132501
0.1374728124
0.1112225792
0.1362202128
0.1087944331
0.1146338787
0.0
0.0829029668
0.0878560334
0.1134737636
0.1184953898
0.1250188294
0.1313338362
0.0
0.1275974539
0.1182610548
0.1217110042
0.0
0.0923800310
0.0919067726
0.1261617582
0.0
0.1188092849
0.1089265454
0.0766675300
0.0
0.0892547364
0.1232156732
0.1205658738
0.1200013513
0.1284194848
0.1228780960
0.0874705120
0.1028091806
0.1164192214
0.1306642536
0.0
0.0913452241
0.1336825784
0.0
0.1183390635
0.1286958538
0.1114298262
0.1141234225
0.1084000122
0.1080735061
0.1293453642
0.0
0.1089265454
0.1350918827
0.1155940852
0.1208094412
0.0940262160
0.1187306553
0.0026936027
0.1274162075
0.0
0.1037005897
0.0000000000
0.1280528338
0.0
0.0
0.1114990803
0.0020202020
0.1255437510
0.1031046093
0.1076842858
0.1176406690
0.1256316668
0.1251933149
0.1186521298
0.1248448296
0.1238964228
0.0
0.0882015832
0.1359106214
0.1241536472
0.0020202020
0.1341825132
0.1001127345
0.1204040404
0.1350918827
0.1164192214
0.1164948183
0.1218763724
0.1076196882
0.0000000000
0.0000000000
0.1119862798
0.1054065924
0.1233003575
0.0000000000
0.0020202020
0.0951230224
0.1136894932
0.0988440883
0.1184171751
0.0958856335
0.1059043803
0.1293453642
0.0
0.0
0.0728980171
0.0
0.1195216657
0.1038206135
0.0
0.1200013513
0.1126189706
0.0
0.0951230224
0.1110161016
0.1049748509
0.1283276253
0.1006180708
0.1104692243
0.1257197058
0.0
0.0949217038
0.1110161016
0.1124777556
0.1308548652
0.1122665959
0.0990077374
0.1261617582
0.1023984134
0.1067869168
0.1335830381
0.1136174922
0.0
0.0
0.1067869168
0.1233003575
0.0
0.1109474460
0.0026936027
0.0
0.1226261245
0.0
0.0992267811
0.1003928485
0.1258078683
0.0
0.1007876518
0.0859616771
0.1169504695
0.1037005897
0.1076196882
0.0
0.1280528338
0.0000000000
0.1247580113
0.1251933149
0.0026936027
0.0
0.1201621033
0.0040404040
0.0000000000
0.1096589366
0.1363237236
0.1006180708
0.1235551103
0.0
0.1398301015
0.1174865882
0.1015291569
0.0
0.0
0.1213816104
0.0
0.1216284883
0.0000000000
0.0905613429
0.0000000000
0.1129024671
0.0862509713
0.1184171751
0.0020202020
0.1186521298
0.1164948183
0.0892547364
0.0000000000
0.1091917348
0.1205658738
0.0821814110
0.0752525253
0.1229623168
0.1074263594
0.1321075259
0.0000000000
0.0
0.0000000000
0.0971315756
0.1010715607
0.1032826829
0.1038807297
0.1107419878
0.1080735061
0.0020202020
0.0000000000
0.0778316790
0.1367393447
0.0925707019
0.1078785449
0.0
0.0
0.1208908492
0.0000000000
0.0813614604
0.0
0.0933899116
0.1109474460
0.1001127345
0.0020202020
0.1254559582
0.1062808177
0.0
0.0020202020
0.0040404040
0.1239820458
0.0
0.0918597134
0.1058418998
0.0963490979
0.1093914757
0.1078785449
0.1141234225
0.0000000000
0.0938295085
0.1200013513
0.0000000000
0.1000568992
0.1029862343
0.1002245923
0.0959882398
0.0992816935
0.1195216657
0.0026936027
0.0912522992
0.0000000000
0.1012998420
0.1184171751
0.0000000000
0.0
0.0000000000
0.1220421906
0.0
0.0999454152
0.1035808431
0.1147071740
0.1052828757
0.1094582185
0.0792761910
0.0
0.0000000000
0.0040404040
0.0040404040
0.0026936027
0.0000000000
0.1048521451
0.0000000000
0.1022816535
0.1202426409
0.0000000000
0.1046075920
0.1002806150
0.1174096991
0.0000000000
0.1115684205
0.1124072808
0.1217110042
0.1007310613
0.0040404040
0.0
0.1014143698
0.0922375425
0.0000000000
0.0
0.0932442932
0.1182610548
0.0922375425
0.0000000000
0.1003928485
0.0020202020
0.1156686139
0.0956810774
0.0728980171
0.0020202020
0.0787541792
0.1037005897
0.0000000000
0.0
0.1001686322
0.1135455824
0.0860441344
0.0000000000
0.0961425617
0.1087944331
0.0000000000
0.1237255312
0.0850649693
0.0000000000
0.1015291569
0.0000000000
0.0000000000
0.0860854224
0.1109474460
0.0000000000
0.1100625891
0.0821814110
0.0000000000
0.0000000000
0.0880716839
0.0000000000
0.0801259581
0.0878130300
0.1148540462
0.0000000000
0.0821814110
0.0000000000
0.0000000000
0.0000000000
0.0859616771
0.0000000000
0.0000000000
0.0000000000
0.0020202020
0.1157432388
0.0020202020
0.0026936027
0.1197610282
0.0901064893
0.0885061767
0.1119862798
0.0000000000
0.0000000000
0.0923800310
0.0000000000
0.0
0.0000000000
0.0801259581
0.1261617582
0.0000000000
0.0000000000
0.0026936027
0.0868354406
0.0991171382
0.1196013468
0.0893436356
0.0000000000
0.0000000000
0.0894327120
0.0880716839
0.0026936027
0.0020202020
0.0000000000
0.0000000000
0.0000000000
0.0000000000
0.0040404040
0.0
0.0
0.0000000000
0.0000000000
0.0000000000
0.0000000000
0.0000000000
0.1078785449
0.1025154401
0.1016442041
0.0000000000
0.0026936027
0.0026936027
0.0020202020
0.0020202020
0.0852671199
0.0000000000
0.0020202020
0.1155196524
0.0907445727
0.0000000000
0.0904244053
0.0000000000
0.0802693603
0.0000000000
0.1139784118
0.1125483188
0.1104012432
0.0802693603
0.0000000000
0.0000000000
0.0000000000
0.0836763154
0.0020202020
0.0000000000
0.0000000000
0.0802693603
0.0000000000
0.0000000000
0.0026936027
0.0851457144
0.0000000000
0.0000000000
0.0000000000
0.0000000000
0.0020202020
0.0000000000
0.0000000000
0.0000000000
0.0000000000
0.0020202020
0.0000000000
0.0990077374
0.0000000000
0.0000000000
0.0000000000
0.0983024768
0.0000000000
0.0000000000
0.0000000000
0.0000000000
0.0000000000
0.0000000000
0.0000000000
0.0000000000
0.0000000000
0.0000000000
0.0000000000
0.0000000000
0.0000000000
0.0020202020
0.0000000000
0.0000000000
0.0000000000
0.0000000000
0.0026936027
0.0000000000
0.0000000000
0.0000000000
0.0000000000
0.0000000000
0.1002245923
0.0000000000
0.0000000000
0.0000000000
0.0000000000
0.0000000000
0.0000000000
0.0020202020
0.0000000000
0.0000000000
0.0000000000
0.0787541792
0.0000000000
0.0863755514
0.0020202020
0.0000000000
0.0000000000
0.0000000000
0.0020202020
0.0000000000
0.0000000000
0.0000000000
0.0000000000
0.0000000000
0.0000000000
0.0000000000
0.0000000000
0.0000000000
0.0000000000
0.0000000000
0.0000000000
0.0000000000
0.0000000000
0.0000000000
0.0000000000
0.0000000000
0.0000000000
0.0000000000
0.0000000000
0.0000000000
0.0000000000
0.0000000000
0.0000000000
0.0000000000
0.0000000000
0.0000000000
0.0000000000
0.0000000000
0.0000000000
0.0000000000
0.0000000000
0.0000000000
0.0000000000
0.0000000000
0.0000000000
0.0000000000
0.0000000000
0.0000000000
