0.0
0.0
0.0
0.0
0.0
0.0
0.0
0.0
0.0
0.0
0.0
0.0
0.0
0.0
0.0
0.0
0.0
0.0
0.0
0.0
0.0
0.0
0.0
0.0
0.0
0.0
0.0
0.0
0.0
0.0
0.0
0.0000000000
0.0
0.0
0.0
0.0
0.0
0.0
0.0
0.0
0.0
0.0
0.0
0.0851034858
0.0
0.0
0.0
0.0
0.0
0.0330882353
0.0
0.0
0.1259065270
0.0
0.0
0.0
0.0
0.0
0.0
0.0
0.0
0.0294117647
0.0
0.0
0.0000000000
0.0
0.0
0.0
0.0
0.0
0.0000000000
0.0
0.0
0.0
0.0
0.0
0.0
0.0
0.1276552288
0.0
0.0
0.0
0.0
0.0
0.0
0.1209365325
0.0
0.0
0.0
0.0
0.0
0.0988298545
0.0
0.0
0.0220588235
0.0
0.0147058824
0.0
0.0
0.0
0.0196078431
0.0
0.1242050874
0.0
0.0
0.0
0.0
0.0
0.0
0.0330882353
0.0147058824
0.1021241830
0.0
0.0
0.0
0.0264705882
0.0
0.0
0.1134713145
0.0977784731
0.0000000000
0.0
0.1294531897
0.0220588235
0.0220588235
0.0147058824
0.0196078431
0.0
0.1313025210
0.0
0.0
0.0
0.0
0.1148897059
0.0867092120
0.0330882353
0.0330882353
0.0
0.0330882353
0.0
0.0
0.1242050874
0.0220588235
0.1120875179
0.0
0.1094187675
0.1044451872
0.1351643599
0.0
0.0
0.0867092120
0.0441176471
0.1120875179
0.0000000000
0.0
0.0000000000
0.0264705882
0.0
0.0937875150
0.0330882353
0.0785570639
0.0220588235
0.0
0.0957414216
0.0
0.0
0.0
0.0147058824
0.0000000000
0.0851034858
0.0220588235
0.0147058824
0.0000000000
0.0000000000
0.0
0.0147058824
0.0707013575
0.0264705882
0.0000000000
0.0
0.0
0.0000000000
0.0
0.0000000000
0.0967492260
0.0000000000
0.0000000000
0.0000000000
0.0000000000
0.0000000000
0.0000000000
