0.0
0.0
0.0
0.0
0.0
0.0
0.0
0.0
0.0
0.0
0.0
0.0
0.0
0.0
0.0
0.0
0.0
0.0
0.0
0.0
0.0
0.0
0.0
0.0
0.0
0.0
0.0
0.0
0.0
0.0
0.0
0.0000000000
0.0
0.0
0.0
0.0
0.0
0.0
0.0
0.0
0.0
0.0
0.0
0.0
0.0
0.0
0.0
0.0
0.0
0.0
0.0
0.0
0.0206896552
0.0
0.0
0.0
0.0
0.0
0.0
0.0
0.0
0.0737148951
0.0
0.0
0.0
0.0
0.0
0.0
0.0
0.0
0.0512202352
0.0
0.0
0.0
0.0
0.0
0.0
0.0
0.0
0.0
0.0
0.0
0.0
0.0
0.0
0.0590937589
0.0
0.0
0.0
0.0
0.0
0.0
0.0
0.0
0.0
0.0
0.0155172414
0.0
0.0
0.0
0.0
0.0
0.0855304405
0.0
0.0
0.0
0.0
0.0
0.0
0.0
0.0
0.0734121646
0.0
0.0
0.0
0.0
0.0
0.0
0.0
0.0
0.0000000000
0.0
0.0737148951
0.0
0.0638423645
0.0
0.0000000000
0.0
0.0000000000
0.0
0.0
0.0
0.0
0.0
0.0
0.0
0.0000000000
0.0
0.0000000000
0.0
0.0
0.0847197254
0.1018567639
0.0662068966
0.0
0.0
0.0155172414
0.0
0.0
0.0
0.0000000000
0.0819993673
0.0
0.0
0.0
0.0
0.0
0.0
0.0984895982
0.0487080710
0.0
0.0762296890
0.0
0.0
0.0
0.0
0.0
0.0
0.0103448276
0.0
0.0
0.0
0.0
0.0
0.0
0.0
0.0
0.0
0.0
0.0
0.0
0.0000000000
0.0
0.0
0.0
0.0
0.0
0.0695558835
0.0068965517
0.0710769864
0.0
0.0
0.0000000000
0.0
0.0
0.0
0.0
0.0000000000
0.0861487329
0.0
0.0124137931
0.0807036662
0.0
0.0
0.0
0.0
0.0
0.0
0.0
0.0719350586
0.0
0.0767204381
0.0
0.0532019704
0.0976823064
0.0000000000
0.0859416446
0.0
0.0759059960
0.0000000000
0.0816249410
0.0601880878
0.0581328848
0.0919067459
0.0657200811
0.0155172414
0.0659625907
0.0568389891
0.0
0.0
0.1083385580
0.0000000000
0.0000000000
0.0
0.0
0.0712185740
0.0650031348
0.0
0.0874125285
0.0741737015
0.0
0.0068965517
0.0
0.0000000000
0.0
0.0556014372
0.0625030142
0.0518892948
0.1045372051
0.0440292169
0.0000000000
0.0731119103
0.0
0.0889346372
0.0754255784
0.0482479408
0.0000000000
0.0
0.0000000000
0.0000000000
0.0749512036
0.0749512036
0.0
0.0155172414
0.0
0.0
0.0
0.0
0.0000000000
0.0
0.0
0.0825674922
0.0
0.0
0.0124137931
0.0000000000
0.0000000000
0.0539241691
0.0
0.0
0.0640711902
0.0000000000
0.0570202937
0.0
0.0091954023
0.0000000000
0.0654793482
0.0746382550
0.0
0.0000000000
0.0651215376
0.0
0.0
0.0643016621
0.0578506863
0.0513674197
0.0857355495
0.0000000000
0.0000000000
0.0000000000
0.0855304405
0.0000000000
0.0581328848
0.0000000000
0.0000000000
0.0068965517
0.0974161421
0.0643016621
0.0579444475
0.0000000000
0.0
0.0000000000
0.0124137931
0.0
0.0
0.0777211394
0.0847197254
0.0000000000
0.0655994938
0.0537619912
0.0
0.0103448276
0.0
0.0068965517
0.0000000000
0.0000000000
0.0000000000
0.0103448276
0.0000000000
0.0000000000
0.0000000000
0.0734121646
0.0723719112
0.0000000000
0.0000000000
0.0137931034
0.0068965517
0.0000000000
0.0675835995
0.0091954023
0.0000000000
0.0652403725
0.0777211394
0.0000000000
0.0000000000
0.0000000000
0.0000000000
0.0000000000
0.0103448276
0.0000000000
0.0000000000
0.0068965517
0.0000000000
0.0623939339
