0.0
0.0
0.0
0.0
0.0
0.0
0.0
0.0
0.0
0.0
0.0
0.0
0.0
0.0
0.0
0.0
0.0
0.0
0.0
0.0
0.0
0.0
0.0
0.0
0.0
0.0
0.0
0.0
0.0
0.0
0.0
0.1032258065
0.0
0.0
0.0
0.0
0.1084745763
0.0
0.1454545455
0.0
0.0
0.0
0.1361702128
0.1084745763
0.0
0.0
0.0
0.0
0.0
0.1600000000
0.0
0.0
0.0
0.0
0.0
0.1454545455
0.0
0.0
0.0
0.0
0.0000000000
0.0
0.1306122449
0.1207547170
0.1066666667
0.2064516129
0.0
0.1882352941
0.0250000000
0.0
0.0520833333
0.0000000000
0.1422222222
0.0000000000
0.0625000000
0.0000000000
0.0941176471
0.0250000000
0.0446428571
0.0781250000
0.0
0.0
0.0000000000
0.0000000000
0.0000000000
0.0000000000
0.1163636364
0.1066666667
0.0
0.0000000000
0.0
0.1391304348
0.0781250000
0.0520833333
0.0000000000
0.0000000000
0.0000000000
0.0000000000
0.0000000000
0.0000000000
0.0000000000
