0.0
0.0
0.0
0.0
0.0
0.0
0.0360360360
0.0
0.0
0.0
0.0
0.0
0.0405405405
0.0
0.0
0.0270270270
0.0
0.0630630631
0.0
0.0
0.0270270270
0.0
0.0
0.0
0.0779014308
0.0
0.0
0.0540540541
0.1203931204
0.0270270270
0.0
0.0575793184
0.0405405405
0.0
0.0
0.0
0.0270270270
0.0000000000
0.0000000000
0.0000000000
0.0000000000
0.0882882883
0.0360360360
0.0779014308
0.0270270270
0.0270270270
0.0
0.0
0.0
0.0000000000
0.0000000000
0.0000000000
0.0270270270
0.0
0.0270270270
0.0
0.1018711019
0.0608108108
0.0270270270
0.0000000000
0.0608108108
0.0779014308
0.0
0.0000000000
0.0000000000
0.0000000000
0.0270270270
0.0000000000
0.0000000000
