0.0
0.0
0.0
0.0
0.0
0.0
0.0
0.0
0.0
0.0
0.0
0.0
0.0
0.0
0.0
0.0
0.0
0.0
0.0
0.0
0.0
0.0
0.0
0.0
0.0
0.0
0.0
0.0
0.0
0.0
0.0
0.0
0.0
0.0
0.0
0.0
0.0
0.0
0.0
0.0
0.0
0.0
0.0000000000
0.0190476190
0.0
0.0
0.0
0.0
0.0
0.0
0.0
0.0
0.0
0.0
0.0
0.0
0.0
0.0
0.0
0.0
0.1037142857
0.0
0.0
0.0
0.0
0.0
0.0
0.0
0.0
0.0
0.0
0.0000000000
0.0
0.0
0.0
0.0190476190
0.0
0.0
0.0
0.1318401937
0.0
0.0
0.0
0.0
0.0
0.0
0.0190476190
0.0
0.0
0.0
0.0
0.1318401937
0.0
0.0
0.0
0.0
0.0
0.0
0.0
0.0
0.0
0.0000000000
0.0
0.0
0.0
0.0
0.0
0.0915126050
0.0
0.0810267857
0.0
0.0
0.0
0.0
0.0
0.0
0.0000000000
0.0
0.0948606272
0.1065557730
0.1234693878
0.0883928571
0.0
0.0
0.0
0.0
0.0
0.0
0.0000000000
0.0
0.0
0.0
0.0
0.1296428571
0.0
0.0
0.0
0.1178571429
0.1160980810
0.1655015198
0.0
0.1525210084
0.0
0.0
0.0
0.0
0.0
0.0
0.0
0.0
0.0000000000
0.0
0.0873996790
0.1127329193
0.0
0.1051158301
0.0873996790
0.0000000000
0.0864285714
0.1234693878
0.0
0.1234693878
0.0000000000
0.0000000000
0.0285714286
0.0
0.0
0.0000000000
0.0000000000
0.0
0.1234693878
0.0960317460
0.0810267857
0.0864285714
0.0285714286
0.1467654987
0.1065557730
0.1440476190
0.0190476190
0.0000000000
0.0
0.0000000000
0.1440476190
0.0694515306
0.0000000000
0.0000000000
0.0694515306
0.0000000000
0.0747939560
0.0000000000
0.1127329193
0.0000000000
0.0000000000
0.0
0.0000000000
0.0
0.0000000000
0.0000000000
0.0000000000
0.0000000000
0.0
0.0000000000
0.0873996790
0.0000000000
0.0000000000
0.0000000000
0.0000000000
0.0000000000
0.0000000000
