0.0
0.0
0.0
0.0
0.0
0.0
0.0930232558
0.0
0.0
0.0
0.0
0.0
0.0476190476
0.0
0.0
0.0277777778
0.0
0.0476190476
0.0
0.0
0.1379310345
0.0
0.0
0.0
0.1111111111
0.0
0.0
0.1250000000
0.1600000000
0.1000000000
0.0
0.0909090909
0.0833333333
0.0
0.0
0.0
0.1052631579
0.0000000000
0.0769230769
0.0
0.0000000000
0.0625000000
0.0930232558
0.1212121212
0.0277777778
0.0277777778
0.0
0.0
0.0
0.0000000000
0.0
0.0000000000
0.0277777778
0.0
0.0277777778
0.0
0.1666666667
0.0769230769
0.0816326531
0.0000000000
0.0625000000
0.1111111111
0.0
0.0000000000
0.0000000000
0.0
0.0277777778
0.0000000000
0.0000000000
0.0000000000
0.0000000000
