0.0
0.0
0.0
0.0
0.0
0.0
0.0
0.0
0.0
0.0
0.0
0.0
0.0
0.0
0.0
0.0
0.0
0.0
0.0
0.0
0.0
0.0
0.0
0.0
0.0
0.0
0.0
0.0
0.0
0.0
0.0
0.0073529412
0.0
0.0
0.0
0.0
0.0
0.0
0.0
0.0
0.0
0.0
0.0
0.0
0.0
0.0
0.0
0.0
0.0
0.0
0.0
0.0
0.0951220546
0.0
0.0
0.0
0.0
0.0
0.0
0.0
0.0
0.0073529412
0.0
0.0
0.0
0.0
0.0
0.0
0.0
0.0
0.1015610860
0.0
0.0
0.0
0.0
0.0
0.0
0.0
0.0
0.0
0.0
0.0
0.0
0.0
0.0
0.0261437908
0.0
0.0
0.0
0.0
0.0
0.0
0.0
0.0
0.0
0.0
0.0691978049
0.0
0.0
0.0
0.0
0.0
0.0188235294
0.0
0.0
0.0
0.0
0.0
0.0
0.0
0.0
0.0607870220
0.0
0.0
0.0
0.0
0.0
0.0
0.0
0.0
0.0000000000
0.0
0.0780315672
0.0
0.0833519014
0.0
0.0000000000
0.0
0.0000000000
0.0
0.0
0.0
0.0
0.0
0.0
0.0
0.0000000000
0.0
0.0073529412
0.0
0.0
0.0892090620
0.1085768189
0.0276816609
0.0
0.0
0.0803098612
0.0
0.0
0.0
0.0953969738
0.0839881754
0.0
0.0
0.0
0.0
0.0
0.0
0.0000000000
0.0588366363
0.0
0.0612381316
0.0
0.0
0.0
0.0
0.0
0.0
0.0000000000
0.0
0.0
0.0
0.0
0.0
0.0
0.0
0.0
0.0
0.0000000000
0.0
0.0
0.0000000000
0.0
0.0
0.0
0.0
0.0
0.0634756787
0.0000000000
0.0558500050
0.0
0.0
0.0073529412
0.0
0.0
0.0
0.0
0.0073529412
0.0837750075
0.0
0.0799209514
0.0727034206
0.0814996369
0.0
0.0
0.0
0.0
0.0
0.0
0.0714444869
0.0
0.0740075178
0.0
0.0224089636
0.0982361695
0.0000000000
0.0746772691
0.0
0.0765831855
0.0000000000
0.0807025744
0.0634756787
0.0595800595
0.0951220546
0.0676380183
0.0784022635
0.0664131850
0.0717551151
0.0
0.0
0.1150081984
0.0631115735
0.0073529412
0.0
0.0
0.0000000000
0.0565194400
0.0
0.0837750075
0.0736771271
0.0
0.0073529412
0.0
0.0000000000
0.0
0.0709835547
0.0626325483
0.0515739890
0.1178834034
0.0142602496
0.0000000000
0.0147058824
0.0
0.0929784590
0.0723845459
0.0180995475
0.0000000000
0.0
0.0000000000
0.0000000000
0.0235294118
0.0774820492
0.0
0.0686223554
0.0
0.0
0.0
0.0
0.0073529412
0.0
0.0
0.0821078431
0.0
0.0073529412
0.1044536485
0.0000000000
0.0000000000
0.0666815211
0.0
0.0
0.0541992659
0.0000000000
0.0909293469
0.0
0.0000000000
0.0000000000
0.0839881754
0.0637207586
0.0
0.0196078431
0.0647202999
0.0927172835
0.0
0.0848518070
0.0575040992
0.0773005924
0.0850704973
0.0000000000
0.0000000000
0.0000000000
0.0541992659
0.0000000000
0.0595800595
0.0000000000
0.0000000000
0.0000000000
0.1018745461
0.0000000000
0.0722261552
0.0000000000
0.0
0.0073529412
0.0799209514
0.0073529412
0.0
0.0697829872
0.0892090620
0.0727034206
0.0000000000
0.0563265409
0.0
0.0000000000
0.0
0.0073529412
0.0502395022
0.0000000000
0.0000000000
0.0000000000
0.0000000000
0.0000000000
0.0000000000
0.0000000000
0.0073529412
0.0000000000
0.0000000000
0.0073529412
0.0000000000
0.0000000000
0.0000000000
0.0000000000
