0.0
0.0
0.0
0.0
0.0
0.0
0.1969904241
0.0
0.0
0.0
0.0
0.0
0.2171945701
0.0
0.0
0.2016806723
0.0
0.0
0.0
0.0
0.0
0.0
0.0
0.0
0.0
0.0
0.0
0.0
0.0
0.1841432225
0.0
0.2369395311
0.2091503268
0.0
0.0
0.0
0.1914257228
0.0000000000
0.1719916393
0.0
0.2130965594
0.1400097229
0.1821631879
0.2016806723
0.2243864433
0.0
0.0
0.0
0.0
0.2273983419
0.0
0.0
0.1882352941
0.0
0.2104493972
0.0
0.2041105599
0.1903502974
0.0
0.0
0.2028883410
0.0
0.0
0.0
0.1851494696
0.0
0.1851494696
0.0000000000
0.0000000000
0.0
0.1711229947
0.1652797704
0.2289348172
0.0
0.1694117647
0.0
0.1851494696
0.1882352941
0.1783281734
0.2369395311
0.1993079585
0.2016806723
0.1441802253
0.2065997131
0.1575923393
0.1841432225
0.0
0.0294117647
0.1245674740
0.1344537815
0.0
0.1711229947
0.0
0.1628959276
0.0
0.0
0.1505882353
0.1492614667
0.1388621022
0.0
0.0000000000
0.1636828645
0.1802252816
0.0000000000
0.1669081426
0.1133189062
0.1172399756
0.0000000000
0.0196078431
0.0000000000
0.0000000000
0.1621165212
0.1993079585
0.0000000000
0.0000000000
0.0000000000
0.0196078431
0.0000000000
0.0000000000
0.0000000000
0.0000000000
0.0000000000
0.0000000000
