0.0
0.0
0.0
0.0
0.0
0.0
0.0
0.0
0.0
0.0
0.0
0.0
0.0
0.0
0.0
0.0
0.0
0.0
0.0
0.0
0.0
0.0
0.0
0.0
0.0
0.0
0.0
0.0
0.0
0.0
0.0
0.0000000000
0.0
0.0
0.0
0.0
0.0
0.0
0.0
0.0
0.0
0.0
0.0
0.0767896275
0.0
0.0
0.0
0.0
0.0
0.0
0.0
0.0
0.0642082761
0.0
0.0
0.0
0.0
0.0
0.0
0.0
0.0
0.0270270270
0.0
0.0
0.0135135135
0.0
0.0
0.0
0.0
0.0
0.0733217088
0.0
0.0
0.0
0.0
0.0
0.0
0.0
0.1276951108
0.0
0.0
0.0
0.0
0.0
0.0
0.0923972753
0.0
0.0
0.0
0.0
0.0
0.0180180180
0.0
0.0
0.0000000000
0.0
0.0135135135
0.0
0.0
0.0
0.0000000000
0.0
0.1403069736
0.0
0.0
0.0
0.0
0.0
0.0
0.0000000000
0.1023861700
0.1147966148
0.0
0.0
0.0
0.0243243243
0.0
0.0
0.0270270270
0.0
0.0000000000
0.0
0.0762742608
0.1125234145
0.0135135135
0.0817616177
0.0180180180
0.0
0.1438590489
0.0
0.0
0.0
0.0
0.1072157063
0.0180180180
0.0
0.0894871249
0.0
0.0135135135
0.0
0.0
0.1005740254
0.0971355971
0.1147966148
0.0
0.0947072072
0.0180180180
0.1092775468
0.0
0.0
0.0909189189
0.0405405405
0.1114202438
0.0909189189
0.0
0.0
0.0243243243
0.0
0.0806018785
0.0971355971
0.0000000000
0.0000000000
0.0
0.0
0.0
0.0
0.0
0.0135135135
0.0000000000
0.0848124244
0.0
0.0000000000
0.1171635553
0.0000000000
0.0
0.0
0.0270270270
0.0243243243
0.0000000000
0.0
0.0
0.0880997276
0.0
0.0180180180
0.0887880068
0.0742801625
0.0835651828
0.0135135135
0.0000000000
0.0000000000
0.0180180180
0.0000000000
0.0000000000
0.0000000000
0.0000000000
0.0000000000
0.0000000000
0.0000000000
0.0000000000
0.0000000000
0.0000000000
0.0000000000
0.0000000000
0.0000000000
