0.0
0.0
0.0
0.0
0.0
0.0
0.0
0.0
0.0
0.0
0.0
0.0
0.0
0.0
0.0
0.0
0.0
0.0
0.0
0.0
0.0
0.0
0.0
0.0
0.0
0.0
0.0
0.0
0.0
0.0
0.0
0.0144927536
0.0
0.0
0.0
0.0
0.0
0.0
0.0
0.0
0.0
0.0
0.0
0.0
0.0
0.0
0.0
0.0
0.0
0.0
0.0
0.0
0.0612585081
0.0
0.0
0.0
0.0
0.0
0.0
0.0
0.0
0.0988346033
0.0
0.0
0.0
0.0
0.0
0.0
0.0
0.0
0.0826461769
0.0
0.0
0.0
0.0
0.0
0.0
0.0
0.0000000000
0.0
0.0
0.0
0.0
0.0
0.0
0.0802255776
0.0
0.0
0.0
0.0
0.0
0.0809025867
0.0
0.0
0.0
0.0
0.0000000000
0.0
0.0
0.0
0.0000000000
0.0
0.0000000000
0.0
0.0
0.0
0.0
0.0
0.0
0.0
0.0000000000
0.0953926022
0.0
0.0
0.0
0.0
0.0
0.0
0.0
0.0
0.0108695652
0.0
0.1025342944
0.1065217391
0.0770036668
0.1003869793
0.0000000000
0.0
0.0000000000
0.0
0.0
0.0
0.0
0.0244565217
0.0718124084
0.0
0.0840961098
0.0
0.0665760870
0.0
0.0
0.0244565217
0.0000000000
0.0833648393
0.0
0.0
0.0541635962
0.0612585081
0.0
0.0
0.0217391304
0.0000000000
0.0163043478
0.0
0.0
0.0
0.0
0.0
0.0108695652
0.0163043478
0.0
0.0000000000
0.0
0.0
0.0
0.0
0.0
0.0
0.0689709102
0.0
0.0
0.0
0.0
0.0
0.0
0.0
0.0
0.0
0.0760869565
0.0
0.0
0.1237026648
0.0
0.0917412107
0.0108695652
0.0
0.0
0.1141304348
0.0108695652
0.0935312831
0.0
0.0
0.0000000000
0.0
0.0000000000
0.0
0.0
0.0144927536
0.0000000000
0.0
0.0699777848
0.0751918159
0.0699777848
0.0
0.0
0.0
0.0
0.0000000000
0.0108695652
0.0144927536
0.0217391304
0.0108695652
0.0
0.0661169415
0.0000000000
0.0000000000
0.0939897698
0.0
0.0895977245
0.0144927536
0.0541635962
0.0108695652
0.0000000000
0.0973295078
0.0000000000
0.0844665773
0.1198369565
0.0949203616
0.0000000000
0.0
0.0675137783
0.0763900918
0.1083271923
0.0
0.0
0.0815911193
0.0000000000
0.0108695652
0.0608695652
0.0582793710
0.0
0.0000000000
0.0
0.0000000000
0.0000000000
0.0917412107
0.0000000000
0.0622529644
0.0855978261
0.0000000000
0.0789049919
0.0000000000
0.0000000000
0.0000000000
0.0000000000
0.0000000000
0.0000000000
0.0000000000
