0.0
0.0
0.0
0.0
0.0
0.0
0.0021680217
0.0
0.0
0.0
0.0
0.0
0.0
0.0
0.0
0.0
0.0
0.0
0.0
0.0
0.0
0.0
0.0
0.0032520325
0.0
0.0
0.0
0.0
0.0
0.0
0.0
0.0
0.0
0.0
0.0
0.0
0.0
0.0
0.0
0.0
0.0
0.0
0.0000000000
0.0
0.0
0.0
0.0
0.0
0.0
0.0
0.0
0.0
0.0167997375
0.0
0.0
0.0
0.0
0.0
0.0000000000
0.0
0.0
0.0000000000
0.0
0.0
0.0
0.0016260163
0.0
0.0106128653
0.0032520325
0.0
0.0036585366
0.0043360434
0.0
0.0
0.0
0.0
0.0
0.0
0.0
0.0
0.0
0.0
0.0
0.0021680217
0.0
0.0036585366
0.0
0.0
0.0
0.0
0.0
0.0
0.0000000000
0.0
0.0016260163
0.0
0.0
0.0
0.0016260163
0.0
0.0
0.0
0.0
0.0
0.0
0.0
0.0
0.0
0.0
0.0
0.0
0.0094098163
0.0
0.0
0.0
0.0
0.0
0.0021680217
0.0
0.0
0.0
0.0032520325
0.0
0.0000000000
0.0
0.0039024390
0.0
0.0
0.0177551728
0.0
0.0
0.0
0.0
0.0
0.0
0.0
0.0
0.0
0.0
0.0032520325
0.0000000000
0.0
0.0
0.0
0.0
0.0
0.0016260163
0.0032520325
0.0032520325
0.0000000000
0.0043360434
0.0
0.0016260163
0.0
0.0
0.0
0.0
0.0
0.0
0.0
0.0
0.0
0.0
0.0
0.0
0.0
0.0
0.0
0.0120983353
0.0
0.0
0.0
0.0
0.0
0.0037166086
0.0
0.0
0.0037166086
0.0
0.0
0.0
0.0
0.0
0.0
0.0
0.0
0.0
0.0
0.0000000000
0.0
0.0000000000
0.0
0.0
0.0
0.0016260163
0.0
0.0
0.0
0.0131450578
0.0
0.0000000000
0.0158790650
0.0
0.0
0.0
0.0
0.0052032520
0.0037166086
0.0
0.0
0.0021680217
0.0
0.0
0.0000000000
0.0000000000
0.0
0.0
0.0
0.0016260163
0.0
0.0
0.0
0.0
0.0
0.0
0.0000000000
0.0
0.0
0.0000000000
0.0
0.0
0.0
0.0021680217
0.0
0.0089145628
0.0
0.0
0.0000000000
0.0
0.0
0.0037166086
0.0
0.0
0.0
0.0
0.0016260163
0.0
0.0
0.0
0.0000000000
0.0
0.0055432373
0.0
0.0
0.0
0.0021680217
0.0000000000
0.0
0.0
0.0024390244
0.0
0.0021680217
0.0
0.0
0.0
0.0
0.0021680217
0.0
0.0000000000
0.0000000000
0.0
0.0078375344
0.0000000000
0.0
0.0
0.0
0.0
0.0
0.0
0.0
0.0
0.0
0.0
0.0053215078
0.0
0.0
0.0073170732
0.0
0.0
0.0026016260
0.0
0.0
0.0028906956
0.0
0.0016260163
0.0
0.0
0.0016260163
0.0
0.0
0.0108905275
0.0
0.0
0.0
0.0
0.0000000000
0.0
0.0093658537
0.0000000000
0.0
0.0
0.0
0.0
0.0
0.0029268293
0.0
0.0000000000
0.0021680217
0.0
0.0
0.0122030667
0.0095873600
0.0
0.0000000000
0.0
0.0
0.0106430155
0.0
0.0
0.0
0.0000000000
0.0
0.0
0.0016260163
0.0
0.0000000000
0.0
0.0
0.0000000000
0.0026016260
0.0
0.0137332454
0.0
0.0
0.0
0.0
0.0
0.0
0.0156750689
0.0032520325
0.0
0.0
0.0144090056
0.0
0.0
0.0032520325
0.0
0.0
0.0
0.0
0.0016260163
0.0
0.0043360434
0.0
0.0016260163
0.0
0.0
0.0
0.0
0.0
0.0
0.0000000000
0.0016260163
0.0
0.0
0.0026016260
0.0
0.0016260163
0.0095873600
0.0
0.0
0.0
0.0083148559
0.0016260163
0.0
0.0000000000
0.0016260163
0.0
0.0095569935
0.0125295701
0.0
0.0037166086
0.0016260163
0.0
0.0
0.0
0.0
0.0
0.0029268293
0.0
0.0
0.0000000000
0.0
0.0127032520
0.0
0.0
0.0
0.0
0.0
0.0000000000
0.0
0.0115484109
0.0
0.0021680217
0.0000000000
0.0032520325
0.0000000000
0.0016260163
0.0122030667
0.0
0.0021680217
0.0
0.0168754120
0.0016260163
0.0
0.0
0.0
0.0024390244
0.0
0.0043360434
0.0
0.0
0.0000000000
0.0
0.0
0.0000000000
0.0000000000
0.0
0.0016260163
0.0
0.0096306978
0.0110463061
0.0
0.0
0.0
0.0000000000
0.0
0.0021680217
0.0000000000
0.0
0.0000000000
0.0
0.0
0.0043360434
0.0021680217
0.0
0.0091463415
0.0000000000
0.0
0.0
0.0071358885
0.0016260163
0.0
0.0
0.0
0.0
0.0
0.0
0.0
0.0
0.0
0.0108275765
0.0036585366
0.0052032520
0.0016260163
0.0029268293
0.0032520325
0.0
0.0016260163
0.0
0.0
0.0016260163
0.0
0.0016260163
0.0000000000
0.0
0.0139269199
0.0
0.0
0.0
0.0016260163
0.0
0.0
0.0
0.0000000000
0.0000000000
0.0000000000
0.0112917796
0.0026016260
0.0
0.0000000000
0.0
0.0
0.0043360434
0.0052032520
0.0048780488
0.0
0.0
0.0
0.0
0.0000000000
0.0
0.0045028143
0.0
0.0
0.0000000000
0.0
0.0
0.0000000000
0.0000000000
0.0000000000
0.0
0.0000000000
0.0
0.0
0.0000000000
0.0021680217
0.0
0.0021680217
0.0
0.0021680217
0.0000000000
0.0000000000
0.0
0.0
0.0021680217
0.0048780488
0.0109542148
0.0016260163
0.0
0.0000000000
0.0
0.0073170732
0.0
0.0
0.0122030667
0.0
0.0000000000
0.0000000000
0.0
0.0095326755
0.0
0.0108905275
0.0
0.0016260163
0.0
0.0000000000
0.0032520325
0.0032520325
0.0078048780
0.0
0.0
0.0016260163
0.0115484109
0.0016260163
0.0000000000
0.0000000000
0.0000000000
0.0
0.0
0.0
0.0
0.0
0.0000000000
0.0021680217
0.0000000000
0.0000000000
0.0146341463
0.0
0.0067750678
0.0021680217
0.0
0.0
0.0000000000
0.0
0.0124463172
0.0
0.0029268293
0.0032520325
0.0000000000
0.0
0.0
0.0086520588
0.0065331010
0.0016260163
0.0016260163
0.0031269543
0.0
0.0059008655
0.0
0.0000000000
0.0016260163
0.0113525499
0.0
0.0
0.0000000000
0.0
0.0053215078
0.0
0.0021680217
0.0000000000
0.0
0.0000000000
0.0043554007
0.0016260163
0.0028906956
0.0
0.0000000000
0.0000000000
0.0120983353
0.0000000000
0.0083148559
0.0000000000
0.0
0.0000000000
0.0
0.0000000000
0.0000000000
0.0034433286
0.0
0.0050813008
0.0
0.0
0.0
0.0000000000
0.0016260163
0.0021680217
0.0
0.0
0.0
0.0000000000
0.0032520325
0.0052032520
0.0045167118
0.0095326755
0.0016260163
0.0
0.0
0.0000000000
0.0000000000
0.0
0.0
0.0000000000
0.0036585366
0.0
0.0
0.0032520325
0.0000000000
0.0000000000
0.0016260163
0.0
0.0144090056
0.0016260163
0.0016260163
0.0028906956
0.0026016260
0.0
0.0000000000
0.0032520325
0.0016260163
0.0016260163
0.0
0.0000000000
0.0
0.0028906956
0.0021680217
0.0093658537
0.0000000000
0.0000000000
0.0000000000
0.0016260163
0.0
0.0
0.0063078217
0.0016260163
0.0000000000
0.0016260163
0.0
0.0032520325
0.0000000000
0.0
0.0
0.0026016260
0.0144090056
0.0000000000
0.0032520325
0.0016260163
0.0048138639
0.0000000000
0.0
0.0
0.0000000000
0.0045167118
0.0000000000
0.0021680217
0.0069606860
0.0
0.0053215078
0.0000000000
0.0000000000
0.0021680217
0.0036585366
0.0000000000
0.0
0.0152290303
0.0021680217
0.0000000000
0.0
0.0000000000
0.0000000000
0.0
0.0000000000
0.0124463172
0.0107653490
0.0016260163
0.0000000000
0.0000000000
0.0000000000
0.0024390244
0.0032520325
0.0021680217
0.0000000000
0.0000000000
0.0021680217
0.0
0.0016260163
0.0032520325
0.0000000000
0.0
0.0000000000
0.0032520325
0.0043360434
0.0000000000
0.0016260163
0.0108275765
0.0130990960
0.0
0.0043360434
0.0
0.0
0.0000000000
0.0083300013
0.0094098163
0.0000000000
0.0000000000
0.0034433286
0.0000000000
0.0000000000
0.0032520325
0.0000000000
0.0
0.0000000000
0.0
0.0000000000
0.0000000000
0.0078173859
0.0016260163
0.0
0.0000000000
0.0000000000
0.0000000000
0.0021680217
0.0000000000
0.0
0.0000000000
0.0016260163
0.0073170732
0.0107653490
0.0173441734
0.0000000000
0.0016260163
0.0021680217
0.0032520325
0.0120983353
0.0095814360
0.0000000000
0.0000000000
0.0
0.0
0.0000000000
0.0000000000
0.0000000000
0.0000000000
0.0021680217
0.0000000000
0.0016260163
0.0000000000
0.0
0.0016260163
0.0016260163
0.0000000000
0.0087608635
0.0052032520
0.0000000000
0.0
0.0045731707
0.0032520325
0.0000000000
0.0000000000
0.0
0.0000000000
0.0
0.0016260163
0.0000000000
0.0016260163
0.0021680217
0.0000000000
0.0045028143
0.0016260163
0.0000000000
0.0016260163
0.0
0.0016260163
0.0126139443
0.0000000000
0.0090737515
0.0016260163
0.0000000000
0.0
0.0000000000
0.0
0.0000000000
0.0122830868
0.0000000000
0.0000000000
0.0016260163
0.0000000000
0.0000000000
0.0000000000
0.0
0.0032520325
0.0
0.0000000000
0.0016260163
0.0158790650
0.0000000000
0.0016260163
0.0000000000
0.0016260163
0.0000000000
0.0
0.0052264808
0.0000000000
0.0000000000
0.0
0.0000000000
0.0000000000
0.0000000000
0.0016260163
0.0
0.0032520325
0.0000000000
0.0000000000
0.0000000000
0.0036585366
0.0028906956
0.0
0.0016260163
0.0016260163
0.0000000000
0.0016260163
0.0021680217
0.0000000000
0.0
0.0000000000
0.0016260163
0.0000000000
0.0021680217
0.0
0.0000000000
0.0037166086
0.0000000000
0.0103700017
0.0000000000
0.0000000000
0.0
0.0000000000
0.0101626016
0.0016260163
0.0000000000
0.0000000000
0.0000000000
0.0000000000
0.0016260163
0.0000000000
0.0000000000
0.0058072009
0.0
0.0097717323
0.0
0.0000000000
0.0016260163
0.0000000000
0.0117073171
0.0000000000
0.0016260163
0.0000000000
0.0021680217
0.0000000000
0.0078173859
0.0099372453
0.0000000000
0.0000000000
0.0036954915
0.0000000000
0.0000000000
0.0000000000
0.0000000000
0.0000000000
0.0000000000
0.0016260163
0.0000000000
0.0000000000
0.0074725012
0.0000000000
0.0
0.0000000000
0.0000000000
0.0
0.0016260163
0.0052264808
0.0021680217
0.0
0.0000000000
0.0000000000
0.0
0.0000000000
0.0032520325
0.0016260163
0.0000000000
0.0000000000
0.0
0.0016260163
0.0000000000
0.0000000000
0.0127861483
0.0000000000
0.0000000000
0.0016260163
0.0000000000
0.0016260163
0.0016260163
0.0000000000
0.0000000000
0.0000000000
0.0000000000
0.0048780488
0.0000000000
0.0000000000
0.0021680217
0.0000000000
0.0016260163
0.0016260163
0.0
0.0000000000
0.0016260163
0.0016260163
0.0000000000
0.0016260163
0.0000000000
0.0000000000
0.0000000000
0.0031269543
0.0000000000
0.0000000000
0.0000000000
0.0000000000
0.0000000000
0.0000000000
0.0016260163
0.0000000000
0.0000000000
0.0000000000
0.0000000000
0.0000000000
0.0000000000
0.0016260163
0.0
0.0000000000
0.0000000000
0.0000000000
0.0129631193
0.0000000000
0.0000000000
0.0000000000
0.0000000000
0.0000000000
0.0000000000
0.0000000000
0.0112841610
0.0000000000
0.0000000000
0.0
0.0000000000
0.0000000000
0.0000000000
0.0000000000
0.0016260163
0.0000000000
0.0000000000
0.0032520325
0.0
0.0000000000
0.0000000000
0.0000000000
0.0000000000
0.0000000000
0.0000000000
0.0
0.0000000000
0.0000000000
0.0000000000
0.0000000000
0.0000000000
0.0000000000
0.0000000000
0.0000000000
0.0000000000
0.0016260163
0.0000000000
0.0112841610
0.0000000000
0.0000000000
0.0000000000
0.0000000000
0.0000000000
0.0000000000
0.0000000000
0.0000000000
0.0000000000
0.0000000000
0.0024390244
0.0000000000
0.0139269199
0.0000000000
0.0000000000
0.0
0.0000000000
0.0000000000
0.0000000000
0.0000000000
0.0000000000
0.0000000000
0.0000000000
0.0000000000
0.0000000000
0.0000000000
0.0000000000
0.0000000000
0.0000000000
0.0000000000
0.0000000000
0.0000000000
0.0000000000
0.0000000000
0.0000000000
0.0000000000
0.0000000000
0.0000000000
0.0000000000
0.0000000000
0.0000000000
0.0000000000
0.0000000000
0.0000000000
0.0000000000
0.0000000000
0.0000000000
0.0000000000
0.0000000000
