0.0
0.0
0.0
0.0
0.0
0.0
0.0
0.0
0.0
0.0
0.0
0.0
0.0
0.0
0.0
0.0
0.0
0.0
0.0
0.0
0.0
0.0
0.0
0.0
0.0
0.0
0.0
0.0
0.0
0.0
0.0
0.0593987472
0.0
0.0
0.0
0.0
0.0
0.0
0.0
0.0
0.0
0.0
0.0
0.0
0.0
0.0
0.0
0.0
0.0
0.0
0.0
0.0
0.0796618650
0.0
0.0
0.0
0.0
0.0
0.0
0.0
0.0
0.0000000000
0.0
0.0
0.0
0.0
0.0
0.0
0.0
0.0
0.0821341298
0.0
0.0
0.0
0.0
0.0
0.0
0.0
0.0
0.0
0.0
0.0
0.0
0.0
0.0
0.0283464567
0.0
0.0
0.0
0.0
0.0
0.0000000000
0.0
0.0
0.0
0.0
0.0663479043
0.0
0.0
0.0
0.0078740157
0.0
0.0078740157
0.0
0.0
0.0
0.0
0.0
0.0
0.0
0.0
0.0118110236
0.0
0.0
0.0
0.0
0.0
0.0
0.0
0.0
0.0000000000
0.0
0.0593987472
0.0
0.1123532907
0.0
0.0708895763
0.0
0.0000000000
0.0
0.0
0.0
0.0
0.0
0.0
0.0
0.0000000000
0.0
0.0000000000
0.0
0.0
0.0647252653
0.0758563619
0.0218049667
0.0
0.0
0.0780947464
0.0
0.0
0.0
0.0630129567
0.0980201549
0.0
0.0
0.0
0.0
0.0
0.0
0.0000000000
0.0812931660
0.0
0.0078740157
0.0
0.0
0.0
0.0
0.0
0.0
0.0000000000
0.0
0.0
0.0
0.0
0.0
0.0
0.0
0.0
0.0
0.0188976378
0.0
0.0
0.1063343645
0.0
0.0
0.0
0.0
0.0
0.0104986877
0.0000000000
0.0872487093
0.0
0.0
0.0000000000
0.0
0.0
0.0
0.0
0.0078740157
0.0763426206
0.0
0.0892093544
0.0104986877
0.0686423563
0.0
0.0
0.0
0.0
0.0
0.0
0.1009275324
0.0
0.0650789553
0.0
0.0257695061
0.0902230971
0.0674756307
0.0523492256
0.0
0.1139660174
0.0000000000
0.0000000000
0.0674756307
0.0078740157
0.0635170604
0.0765880953
0.0177165354
0.0905661507
0.0909118230
0.0
0.0
0.0742021733
0.0735151162
0.0157480315
0.0
0.0
0.0665332336
0.0104986877
0.0
0.0749021938
0.0000000000
0.0
0.0000000000
0.0
0.0000000000
0.0
0.0669070158
0.0742021733
0.0000000000
0.0735151162
0.0149191877
0.0000000000
0.0000000000
0.0
0.0919648557
0.0650789553
0.0202474691
0.0650789553
0.0
0.0000000000
0.0844641760
0.0078740157
0.0926805356
0.0
0.0177165354
0.0
0.0783516370
0.0
0.0
0.0000000000
0.0
0.1035604245
0.0000000000
0.0
0.0104986877
0.0674756307
0.0000000000
0.0000000000
0.0912601442
0.0
0.0
0.0000000000
0.0000000000
0.0956582234
0.0000000000
0.0078740157
0.0000000000
0.0898826326
0.0157480315
0.0
0.0157480315
0.0078740157
0.0654365320
0.0
0.0682489904
0.0078740157
0.0796618650
0.0758563619
0.0000000000
0.0000000000
0.0000000000
0.0000000000
0.0000000000
0.0756155481
0.0000000000
0.0000000000
0.0000000000
0.0760987145
0.0118110236
0.0783516370
0.0000000000
0.0
0.0000000000
0.0674756307
0.0000000000
0.0
0.0078740157
0.0000000000
0.0647252653
0.0000000000
0.0000000000
0.0
0.0000000000
0.0000000000
0.0000000000
0.0000000000
