0.0
0.0
0.0
0.0
0.1230232125
0.0
0.1503135730
0.0
0.0
0.1160028661
0.0
0.1231119098
0.0
0.1304478372
0.0
0.1237363905
0.0
0.1323691619
0.0
0.0
0.1475853232
0.1000915703
0.0
0.0
0.0
0.1240059687
0.1070571905
0.1263924640
0.1177629096
0.1245486644
0.0
0.0
0.1478408822
0.1295570705
0.1403091363
0.1340315690
0.1364957785
0.1232896887
0.1272401035
0.0
0.0
0.1507115789
0.1434926209
0.1357362630
0.0
0.1390522955
0.1460703327
0.1225816360
0.1204204647
0.1189938808
0.1344537157
0.1121183315
0.1452008664
0.1383761904
0.1291650673
0.0
0.1299514604
0.0
0.1113143539
0.1495238344
0.0
0.1074614342
0.1315533274
0.1411208421
0.0
0.1419419941
0.0
0.0980230878
0.1280031626
0.1353060372
0.1459454862
0.1418241021
0.1147555235
0.1523249054
0.1283881345
0.1281953595
0.1164776391
0.0836630176
0.0896828881
0.1338214882
0.1341368570
0.1372638416
0.1342423105
0.0
0.1392791345
0.1339264462
0.1327808856
0.0
0.0953945357
0.0992191859
0.1350919453
0.0
0.1323691619
0.1116783642
0.0024875622
0.0
0.0957153693
0.1283881345
0.1251878438
0.1468239200
0.1332991561
0.1297539657
0.1150648375
0.1039295307
0.1282916746
0.1418241021
0.0
0.1155319478
0.1436133044
0.0
0.1294588468
0.1381522807
0.1152979196
0.1215346754
0.1261124216
0.1184984170
0.1348785299
0.0
0.1230232125
0.1492624291
0.1217079251
0.1222306506
0.1057314049
0.1156101685
0.0000000000
0.1413544858
0.1252796911
0.1134592817
0.0000000000
0.1322666297
0.0
0.0
0.1199973429
0.0024875622
0.1381522807
0.0074626866
0.1115324748
0.1245486644
0.1253716732
0.1411208421
0.1281953595
0.1113869660
0.1221432181
0.0
0.1100233369
0.1386008270
0.1203356018
0.0000000000
0.1468239200
0.1184984170
0.1209321664
0.1243672388
0.1248217974
0.1228462007
0.1311491697
0.1171167482
0.0000000000
0.0000000000
0.1165571460
0.1226696975
0.1425344064
0.0000000000
0.1045019700
0.1166367615
0.1260193497
0.1121919967
0.1238261196
0.0958227940
0.1097405006
0.1412375673
0.0
0.0
0.0741773323
0.0
0.1088312421
0.0024875622
0.0
0.1505786763
0.1073263475
0.0
0.0049751244
0.1031136588
0.1121183315
0.1391656226
0.1040561968
0.1181703937
0.1160817260
0.0
0.0000000000
0.1166367615
0.1041831720
0.1362779081
0.0985890409
0.1110970845
0.1408879694
0.1040561968
0.1133839435
0.1468239200
0.1240059687
0.0
0.0
0.1233787709
0.1237363905
0.0
0.1155319478
0.0899190200
0.0
0.1301495571
0.0
0.0898716942
0.0961465197
0.1317563417
0.0
0.1029892756
0.1004448347
0.1226696975
0.1152979196
0.1155319478
0.0
0.1292628455
0.0000000000
0.1276204925
0.1359524036
0.0000000000
0.0
0.1251878438
0.0000000000
0.0000000000
0.1258336175
0.1391656226
0.1091791681
0.1325747041
0.0
0.1475853232
0.1274300141
0.1095293258
0.1405400979
0.0
0.1272401035
0.0
0.1263924640
0.0000000000
0.1084166469
0.0000000000
0.1277159453
0.1056659770
0.1198289255
0.0000000000
0.1334032960
0.1282916746
0.0957690515
0.0000000000
0.1029892756
0.1285814901
0.0033167496
0.0870760933
0.1284847396
0.1165571460
0.1367143466
0.0000000000
0.0
0.0000000000
0.1026179200
0.1034259351
0.0863713803
0.1148326960
0.1152979196
0.1159241133
0.0870760933
0.0000000000
0.0000000000
0.1454482273
0.1035513759
0.1113869660
0.0809654902
0.0
0.0000000000
0.0000000000
0.0000000000
0.1166367615
0.1003268031
0.1143712116
0.0000000000
0.0768479833
0.1283881345
0.0930044765
0.1046300361
0.0024875622
0.0049751244
0.1389391529
0.0
0.0024875622
0.1147555235
0.0980230878
0.0956081853
0.1147555235
0.1208465810
0.0000000000
0.0784725271
0.1269562966
0.0000000000
0.0985321517
0.1016406065
0.1225816360
0.0000000000
0.1108087079
0.0000000000
0.0033167496
0.0993924441
0.0000000000
0.1103789392
0.1183341780
0.0000000000
0.1130835887
0.0924005514
0.1177629096
0.1039928252
0.1081420006
0.1003268031
0.1250961311
0.1126360283
0.1177629096
0.0862840924
0.0
0.0000000000
0.0000000000
0.0791270709
0.0705895903
0.0000000000
0.0980230878
0.0000000000
0.1142946579
0.1125617791
0.0000000000
0.0000000000
0.0960383683
0.1175197652
0.0000000000
0.0000000000
0.1002090487
0.1175197652
0.0044776119
0.0024875622
0.0000000000
0.1103789392
0.1037401087
0.0000000000
0.0891677383
0.0953945357
0.1146014892
0.0000000000
0.0000000000
0.1020658810
0.0000000000
0.1334032960
0.1056659770
0.0000000000
0.0000000000
0.0930044765
0.1160817260
0.0000000000
0.0
0.1100233369
0.1119712911
0.0000000000
0.0000000000
0.0985321517
0.1073263475
0.0000000000
0.0762985786
0.0000000000
0.0000000000
0.0000000000
0.0000000000
0.0000000000
0.0838273043
0.1143712116
0.0000000000
0.0000000000
0.0033167496
0.0000000000
0.0000000000
0.0044776119
0.0000000000
0.0000000000
0.0024875622
0.1329877094
0.0000000000
0.0000000000
0.0000000000
0.0000000000
0.0000000000
0.1032383427
0.0000000000
0.0000000000
0.0000000000
0.0000000000
0.1220559106
0.0000000000
0.0033167496
0.1295570705
0.0893076459
0.0000000000
0.0000000000
0.0000000000
0.0000000000
0.0000000000
0.0000000000
0.1115324748
0.0000000000
0.0000000000
0.0000000000
0.0000000000
0.0000000000
0.0024875622
0.0000000000
0.0000000000
0.1188282665
0.0000000000
0.0000000000
0.0000000000
0.0000000000
0.0044776119
0.0000000000
0.1050161248
0.0000000000
0.0000000000
0.0000000000
0.0000000000
0.0000000000
0.0000000000
0.0000000000
0.0000000000
0.0000000000
0.0000000000
0.0000000000
0.0000000000
0.0000000000
0.0000000000
0.0000000000
0.0000000000
0.0000000000
0.0000000000
0.0000000000
0.0000000000
0.0000000000
0.0000000000
0.0000000000
0.0000000000
0.0000000000
0.0000000000
0.0000000000
0.0000000000
0.0000000000
0.0000000000
0.1235573219
0.0000000000
0.0000000000
0.0000000000
0.0000000000
0.0000000000
