0.0
0.0
0.0
0.0
0.1210632401
0.0
0.1528307888
0.0
0.0
0.0963698355
0.0
0.1145684311
0.0
0.1329183956
0.0
0.1320417697
0.0
0.1343680089
0.0
0.0
0.1372465010
0.0889320748
0.0
0.0
0.0
0.1234901054
0.1096281086
0.1149796602
0.1357344633
0.1216147811
0.0
0.0
0.1477552276
0.1267141350
0.1340306834
0.1314997263
0.1356195315
0.1220782520
0.1158948384
0.0
0.0
0.1477552276
0.1508160703
0.1317160088
0.0
0.1364281658
0.1403739410
0.1240640330
0.1132720415
0.1157273603
0.1266139657
0.1117701791
0.1460042540
0.1321507151
0.1271164021
0.0
0.1254241712
0.0
0.1093287827
0.1485776129
0.0
0.1039368376
0.1088828461
0.1404970760
0.0
0.1370116909
0.0
0.0935006811
0.1257195186
0.1280309086
0.1393965767
0.1308551198
0.0000000000
0.1521050965
0.1279286475
0.1219852755
0.1064230343
0.0804049531
0.1060706402
0.1224515800
0.1314997263
0.1452100332
0.1266139657
0.0
0.1445547533
0.1273184950
0.1314997263
0.0
0.0911591728
0.0968945352
0.1348204265
0.0
0.1255224660
0.1060706402
0.1064230343
0.0
0.0953373016
0.1261154856
0.1300054113
0.1404970760
0.1323691460
0.1245463971
0.1062113174
0.1092542065
0.1219852755
0.1391543585
0.0
0.1099290780
0.1367776829
0.0
0.1215225089
0.1232051282
0.1120830418
0.1263144059
0.1078563412
0.1232051282
0.1304288817
0.0
0.0984429420
0.1453418028
0.1189062113
0.1242565296
0.0924749808
0.1155603656
0.0000000000
0.1343680089
0.1129525153
0.1186419753
0.0000000000
0.1304288817
0.0
0.0
0.1206983170
0.0026041667
0.1380747126
0.0026041667
0.1115366760
0.1175103937
0.1164001938
0.1359649123
0.1233949666
0.1059303351
0.1234901054
0.0
0.1085875706
0.1357344633
0.1094034608
0.0930660469
0.1345938375
0.1155603656
0.1192603624
0.1242565296
0.1182041820
0.1271164021
0.1267141350
0.0939945227
0.0000000000
0.0000000000
0.1088828461
0.1121615313
0.1357344633
0.0000000000
0.1042751736
0.1095531236
0.1232051282
0.1077837595
0.1219852755
0.0916809769
0.1007337526
0.1426239240
0.0
0.0
0.0715349114
0.0
0.1130322277
0.0026041667
0.0
0.1413651074
0.1055811909
0.0
0.0052083333
0.0034722222
0.1069203382
0.1356195315
0.1097031963
0.1030673531
0.1123188406
0.0
0.0000000000
0.1086612393
0.1034000430
0.1261154856
0.0957362024
0.1041395752
0.1356195315
0.1032667096
0.1141601330
0.1400058275
0.1200649675
0.0937743950
0.0
0.1168247022
0.1228271984
0.0
0.1146504414
0.0851044988
0.0
0.1307482993
0.0
0.0891796585
0.0922087891
0.1308551198
0.0
0.1042751736
0.0982015124
0.1164001938
0.1092542065
0.1110725844
0.0
0.1343680089
0.0000000000
0.1258182770
0.1328081813
0.0000000000
0.0
0.1209718026
0.0000000000
0.0000000000
0.1210632401
0.1359649123
0.1093287827
0.1288549209
0.0
0.1462709285
0.1217997465
0.0932285603
0.1230158730
0.0
0.1254241712
0.0
0.1229214633
0.0000000000
0.0026041667
0.0000000000
0.1267141350
0.1064230343
0.1119263918
0.0000000000
0.1232999743
0.1197060289
0.0924216195
0.0000000000
0.1042751736
0.1278265496
0.0034722222
0.0852857650
0.1216147811
0.1145684311
0.1267141350
0.0000000000
0.0
0.0000000000
0.1004809703
0.0956218905
0.0843870741
0.1141601330
0.1081476480
0.1121615313
0.0784361737
0.0000000000
0.0000000000
0.1469418960
0.0854678051
0.0000000000
0.0787834071
0.0
0.0000000000
0.0000000000
0.0000000000
0.1136740005
0.0891300315
0.1122401308
0.0000000000
0.0699723314
0.1267141350
0.0000000000
0.0994824017
0.0026041667
0.0026041667
0.1248376202
0.0
0.0026041667
0.1121615313
0.0935006811
0.0914715401
0.1108419839
0.1161469664
0.0000000000
0.0034722222
0.1095531236
0.0000000000
0.0839008207
0.0936099747
0.1162312530
0.0000000000
0.0000000000
0.0000000000
0.0026041667
0.0970119120
0.0000000000
0.1093287827
0.1141601330
0.0000000000
0.0000000000
0.0896789847
0.1152278177
0.0977221883
0.0000000000
0.0980812411
0.1081476480
0.1035337212
0.1129525153
0.0843870741
0.1274197826
0.0000000000
0.0000000000
0.0753016769
0.0674670037
0.0000000000
0.0926890432
0.0000000000
0.0912630579
0.1073503128
0.1064937943
0.0000000000
0.0921027410
0.1155603656
0.0000000000
0.0000000000
0.0000000000
0.1149796602
0.0026041667
0.0000000000
0.0000000000
0.1093287827
0.1027367971
0.0000000000
0.0052083333
0.0000000000
0.1068490105
0.0000000000
0.0000000000
0.0000000000
0.0000000000
0.1274197826
0.1081476480
0.0000000000
0.0000000000
0.0026041667
0.1123976608
0.0000000000
0.0912630579
0.1064230343
0.1064937943
0.0000000000
0.0000000000
0.0000000000
0.0997301785
0.0000000000
0.0000000000
0.0000000000
0.0000000000
0.0000000000
0.0000000000
0.0000000000
0.0807291667
0.1122401308
0.0000000000
0.0000000000
0.0034722222
0.0000000000
0.0000000000
0.0000000000
0.0000000000
0.0000000000
0.0914193303
0.1290625839
0.0000000000
0.0000000000
0.0000000000
0.0000000000
0.0000000000
0.0985641026
0.0000000000
0.0000000000
0.0000000000
0.0000000000
0.0000000000
0.0000000000
0.0000000000
0.0000000000
0.0000000000
0.0000000000
0.0000000000
0.0000000000
0.0000000000
0.0000000000
0.0000000000
0.1059303351
0.0000000000
0.0000000000
0.0000000000
0.0000000000
0.0000000000
0.0000000000
0.0000000000
0.0000000000
0.1191716270
0.0000000000
0.0000000000
0.0000000000
0.0000000000
0.0000000000
0.0000000000
0.0000000000
0.0000000000
0.0000000000
0.0000000000
0.0000000000
0.0000000000
0.0000000000
0.0000000000
0.0000000000
0.0000000000
0.0000000000
0.0000000000
0.0000000000
0.0000000000
0.0000000000
0.0000000000
