0.0
0.0
0.0
0.0
0.0
0.0
0.0
0.0
0.0
0.0
0.0
0.0
0.0
0.0
0.0
0.0
0.0
0.0
0.0
0.0
0.0
0.0
0.0
0.0
0.0
0.0
0.0
0.0
0.0
0.0
0.0
0.0
0.0
0.0
0.0
0.0
0.0
0.0
0.0
0.0
0.0
0.0
0.0
0.0
0.0
0.0
0.0
0.0
0.0
0.0
0.0
0.0
0.0
0.0
0.0
0.0
0.0
0.0
0.0
0.0
0.0000000000
0.0
0.0
0.0
0.0
0.0
0.0
0.0
0.0
0.0
0.0
0.0
0.0
0.0
0.0
0.1714865550
0.0
0.0
0.0
0.1779884150
0.0
0.0
0.0
0.0
0.0
0.0
0.0000000000
0.0
0.0
0.0
0.0
0.2074892572
0.0
0.0
0.0
0.0
0.0
0.0
0.0
0.0
0.0
0.0
0.0
0.0
0.0
0.0
0.0
0.1375661376
0.0
0.2086419753
0.0
0.0
0.0
0.0
0.0
0.0
0.0000000000
0.0
0.1611826419
0.1691691692
0.0
0.0138888889
0.0
0.0
0.0
0.0
0.0
0.0
0.0
0.0
0.0
0.0
0.0
0.1571362157
0.0
0.0
0.0
0.2019115890
0.1532879819
0.2644757433
0.0
0.1661750246
0.0
0.0
0.0
0.0
0.0
0.0
0.0
0.0
0.0138888889
0.0
0.1611826419
0.0
0.0
0.1707070707
0.1433418151
0.2041062802
0.1396117307
0.2422939068
0.0
0.2041062802
0.1427967892
0.0138888889
0.1478565179
0.0
0.0
0.0138888889
0.0
0.0
0.0
0.1691691692
0.1699346405
0.1188466948
0.0
0.1987066432
0.1738683128
0.2158365262
0.0
0.0138888889
0.0
0.0
0.2052216151
0.1654429760
0.1598108747
0.0
0.2098075729
0.0000000000
0.2086419753
0.0000000000
0.1375661376
0.0000000000
0.1173611111
0.0
0.0
0.0
0.1322378717
0.1360708535
0.1385813858
0.0
0.0
0.0
0.0138888889
0.0
0.1166321601
0.1551882461
0.1375661376
0.1935853379
0.0
0.0000000000
0.0000000000
0.1281759575
0.1639980592
0.1313131313
0.1417190776
0.1196036801
0.0138888889
0.1231329690
0.1196036801
0.0
0.0000000000
0.0
0.1375661376
0.1350919265
0.0138888889
0.0000000000
0.1322378717
0.1322378717
0.1625781626
0.0000000000
0.0000000000
