0.0
0.0
0.0
0.0
0.0
0.0
0.0
0.2041422210
0.0
0.0
0.0
0.0
0.0
0.0
0.0
0.0
0.0
0.0
0.0
0.0
0.1377731133
0.0
0.0
0.1862024500
0.0
0.0
0.0
0.0
0.0
0.0
0.0
0.1914230795
0.1509749595
0.1536170213
0.0
0.0
0.0
0.0000000000
0.0
0.0
0.0
0.0
0.0
0.0
0.0
0.2250798847
0.0
0.0
0.0
0.0
0.0
0.0
0.0
0.1828774063
0.0
0.0
0.0
0.1982155113
0.0
0.1604355314
0.0
0.1760653539
0.0
0.2210316853
0.1517205148
0.1791452143
0.0000000000
0.0
0.2133569740
0.0
0.1890671031
0.1920212766
0.1884871427
0.0
0.0
0.2118855466
0.2409678765
0.1688099135
0.0
0.0
0.0
0.0000000000
0.1775919321
0.0
0.1634223631
0.2218296336
0.1688099135
0.0
0.2327530625
0.1459544145
0.0
0.1775919321
0.1669750231
0.2178964841
0.0
0.0
0.1477086743
0.1812590222
0.2292791362
0.1579609473
0.2419165689
0.0
0.2284267974
0.1571529629
0.0
0.0
0.0
0.1377731133
0.0
0.0
0.1760653539
0.1791452143
0.0
0.2210316853
0.1745647969
0.0
0.1801959194
0.0000000000
0.0
0.1944519257
0.1812590222
0.0
0.0
0.1926232242
0.1183946214
0.1807259074
0.1908285979
0.1647367520
0.1850807485
0.1495056168
0.1551687084
0.1487816187
0.1963156821
0.2226333642
0.1612777126
0.1721199118
0.1823347434
0.1786244433
0.1280141844
0.0000000000
0.1066784870
0.1969448991
0.2156028369
0.0000000000
0.2178964841
0.0
0.2008065638
0.1528527575
0.0000000000
0.0
0.1439035328
0.0
0.0
0.1559563668
0.0000000000
0.1459544145
0.1226483204
0.1422379827
0.0000000000
0.1862024500
0.1812590222
0.0000000000
0.1484222428
0.1387061140
0.0000000000
0.1845249505
0.0000000000
0.0
0.0000000000
0.0000000000
0.0000000000
0.0000000000
0.0000000000
0.0000000000
