0.0
0.0
0.0
0.0
0.0
0.0
0.0
0.0
0.0
0.0
0.0
0.0
0.0
0.0
0.0
0.1167665785
0.0
0.0
0.0
0.0
0.0
0.0
0.0
0.0
0.0
0.0
0.0
0.0
0.0
0.1095967009
0.0
0.1094899855
0.0
0.0
0.0
0.0
0.0
0.0992464388
0.0
0.0
0.1293972556
0.0
0.0
0.0
0.0986370308
0.0
0.0
0.0
0.0
0.1205211309
0.0
0.0
0.0988972868
0.0
0.1384805605
0.0
0.0
0.0
0.0
0.0
0.0
0.0
0.0
0.0
0.0
0.0
0.0
0.0
0.0
0.0
0.1070916335
0.1218268853
0.1432435862
0.0
0.0888902886
0.0
0.1117755618
0.0
0.1161634454
0.0
0.1374648107
0.1065840902
0.0
0.1249402390
0.1012117148
0.0883316694
0.0
0.1018534557
0.0984642865
0.0909023566
0.0
0.0
0.0
0.0
0.0
0.0
0.0871676086
0.0920935423
0.0
0.0
0.0
0.1125587739
0.0000000000
0.0000000000
0.0
0.0
0.0
0.0
0.0
0.1458446370
0.1041168659
0.1132388874
0.1022238319
0.0941760596
0.0841663287
0.1084341515
0.0859023798
0.0
0.0
0.0
0.0
0.0
0.1167665785
0.1312091192
0.0
0.0881239931
0.0
0.0
0.0
0.0
0.0
0.1090651941
0.0779253050
0.0
0.0
0.0909023566
0.1156854065
0.0
0.0
0.0960258029
0.0
0.0
0.0990715552
0.0
0.1068880372
0.0
0.0912712785
0.0
0.1110031739
0.1160435657
0.0000000000
0.0000000000
0.0803761366
0.0834790016
0.0
0.1053853938
0.1176215640
0.0
0.0974403944
0.1025969116
0.0698423697
0.0
0.1066852136
0.1025033866
0.1049917975
0.0911972548
0.0000000000
0.0
0.0
0.1111128608
0.0
0.1252185024
0.0
0.0
0.0124501992
0.0671320687
0.0
0.0
0.1062818669
0.0071143995
0.0124501992
0.0
0.1009391518
0.0000000000
0.0099601594
0.0
0.0
0.0876431918
0.1108937033
0.1149756801
0.0
0.1310561948
0.1115537849
0.0
0.0742219242
0.1081213607
0.1059813526
0.1031616653
0.0
0.0875749339
0.1238394440
0.1037326708
0.0
0.0944132789
0.1213012030
0.0
0.0
0.1209099088
0.0000000000
0.0
0.0634214411
0.0
0.0
0.0
0.0944926178
0.0
0.1067865291
0.0
0.0828638284
0.0
0.0
0.1032563959
0.0895985778
0.1089595108
0.1031616653
0.1309036265
0.0
0.0000000000
0.0
0.0616481443
0.1112227647
0.1222241469
0.0000000000
0.0781962553
0.0672123223
0.0745664557
0.0936271567
0.0000000000
0.0
0.0924722164
0.0922446392
0.0
0.0
0.0990715552
0.1147410359
0.1022238319
0.0
0.0952127139
0.0
0.0920935423
0.1069897385
0.0
0.1256382292
0.0039840637
0.0
0.0948913208
0.0
0.1136968808
0.0083001328
0.0877800274
0.0000000000
0.0834170735
0.0
0.1200066330
0.0933938664
0.0982063014
0.0
0.0000000000
0.0
0.1056825330
0.0950517457
0.0
0.0742709479
0.1193696551
0.1046011304
0.0000000000
0.1262022617
0.0846096427
0.0863642205
0.0000000000
0.0919429396
0.1018534557
0.1189907039
0.1102413874
0.0634214411
0.0
0.0
0.1078103693
0.0000000000
0.0
0.0
0.0
0.0954551911
0.0891722563
0.0
0.0
0.0000000000
0.0083001328
0.0982063014
0.0000000000
0.0864306035
0.1097036245
0.0882623353
0.0000000000
0.0
0.1032563959
0.0
0.0753660959
0.0
0.1052867183
0.0998634237
0.0923962327
0.0000000000
0.1077071026
0.0990715552
0.0995099249
0.1035416346
0.0
0.0000000000
0.0
0.1009391518
0.0959438696
0.0790761007
0.0952934027
0.0039840637
0.0748145144
0.0800898968
0.0991589199
0.1019457980
0.0829861366
0.0944926178
0.0738805619
0.0000000000
0.0828028094
0.1241128202
0.0000000000
0.1050899207
0.0000000000
0.0000000000
0.0000000000
0.0
0.0785238933
0.0700599471
0.0700163232
0.0000000000
0.1146240725
0.0836031339
0.0000000000
0.0
0.0000000000
0.0000000000
0.0909023566
0.0887499725
0.0000000000
0.0
0.0000000000
0.0995099249
0.0
0.0000000000
0.0000000000
0.0000000000
0.0000000000
0.0771765375
0.0611120734
0.0000000000
0.0000000000
0.0000000000
0.0787438481
0.0000000000
0.0000000000
0.0000000000
0.0678613248
0.1098107570
0.0000000000
0.0000000000
0.0000000000
0.0808965577
0.0000000000
0.0000000000
0.0000000000
0.0000000000
0.0000000000
0.0000000000
0.0000000000
0.0000000000
0.0000000000
0.0000000000
0.0958620760
0.0000000000
0.0000000000
0.0989843443
0.0000000000
0.0000000000
0.0000000000
0.0000000000
0.0000000000
0.0000000000
0.0000000000
0.0000000000
0.0000000000
0.0000000000
0.0000000000
0.0000000000
0.0000000000
0.0000000000
0.0000000000
0.0000000000
0.0000000000
0.0000000000
0.0000000000
