0.0
0.0
0.0
0.0
0.1308758041
0.0
0.1593565490
0.0
0.0
0.0876234016
0.0
0.1351309928
0.0
0.1427846516
0.0
0.1408233240
0.0
0.1417318615
0.0
0.0
0.1416013534
0.0867338239
0.0
0.0
0.0
0.1241154720
0.1241154720
0.1257392230
0.1495905348
0.1321126029
0.0
0.0
0.1445292009
0.1287931908
0.1409524013
0.1384150043
0.1421248334
0.1277234799
0.1154497521
0.0
0.0
0.1559625454
0.1569174181
0.1347756966
0.0
0.1461778230
0.1427846516
0.1305425040
0.1169422584
0.1170312555
0.1273005544
0.1222409140
0.1498821343
0.1354881672
0.1325681636
0.1452115862
0.1298809711
0.0
0.1173886029
0.1572383126
0.0
0.1044694767
0.0868317729
0.1437187568
0.0
0.1491552568
0.0
0.0960518862
0.1381662801
0.1337209302
0.1501748728
0.1482922563
0.0000000000
0.1465958720
0.1435845656
0.1297713669
0.1087546462
0.0058139535
0.1112728435
0.1264630508
0.1422563088
0.1565978307
0.1395454354
0.0
0.1540872443
0.1336047522
0.1356076453
0.0
0.0987028689
0.0981986397
0.1491552568
0.0
0.1230232558
0.1157103610
0.1107120733
0.0
0.1034156488
0.1274060230
0.1297713669
0.1441228395
0.1377948654
0.1266713919
0.1157103610
0.1177481392
0.1281492248
0.1408233240
0.0
0.1129068060
0.1515064727
0.0
0.1183826557
0.1183826557
0.0992763523
0.1269851939
0.1027934958
0.1310989512
0.1220468808
0.0
0.0986395573
0.1461778230
0.1202338309
0.1296619475
0.0891472868
0.1333730007
0.0000000000
0.1348939208
0.0988932925
0.1269851939
0.0000000000
0.1362082106
0.0
0.0
0.0767743733
0.0029069767
0.1577221228
0.0029069767
0.1363289626
0.1154497521
0.1120838701
0.1375483629
0.1237160658
0.1309872826
0.1260484178
0.0
0.1132393739
0.1495905348
0.1181098846
0.0984501087
0.1381662801
0.1258421193
0.1218534626
0.1370579944
0.1213725886
0.1353688994
0.1166760772
0.0966556064
0.0000000000
0.0000000000
0.1214684595
0.1118393235
0.1352498415
0.0000000000
0.1138261064
0.1061277224
0.1368141190
0.1232204085
0.1329119013
0.0038759690
0.1031382091
0.1491552568
0.0
0.0
0.0038759690
0.0
0.1007726538
0.0029069767
0.0
0.1365711099
0.1070884887
0.0
0.1102358923
0.0038759690
0.1115149164
0.1443934927
0.1164111050
0.0995978431
0.1183826557
0.0
0.0000000000
0.1153631431
0.1083714375
0.1316601625
0.1284704008
0.1161473337
0.1278296507
0.0000000000
0.1192085812
0.1381662801
0.1245174654
0.1291176069
0.0
0.1170312555
0.1290092867
0.0
0.1192085812
0.0065406977
0.0
0.1173886029
0.0
0.0933125423
0.0959919287
0.1377948654
0.0
0.1086777878
0.1061277224
0.1237160658
0.1120838701
0.1164992953
0.0
0.1343048644
0.0000000000
0.1293347937
0.1394189209
0.0000000000
0.0
0.1249220713
0.0000000000
0.0000000000
0.1289011482
0.1441228395
0.0994046993
0.1316601625
0.0
0.1471570046
0.1295527125
0.0768895349
0.1331420517
0.0
0.1280425227
0.0761659583
0.1305425040
0.0000000000
0.0000000000
0.0000000000
0.1164111050
0.0866849322
0.1164111050
0.0000000000
0.1147604998
0.1234181940
0.1264630508
0.0000000000
0.1086777878
0.1163230482
0.0946915454
0.0916442609
0.1285778175
0.1164111050
0.1332574261
0.1147604998
0.0
0.1041158225
0.1019755105
0.0958722380
0.0859100948
0.1190240478
0.1092957141
0.1073876186
0.0058139535
0.0000000000
0.0000000000
0.1561208830
0.0860061911
0.0000000000
0.0029069767
0.0
0.0000000000
0.0000000000
0.0000000000
0.1146749215
0.0038759690
0.1223381621
0.0000000000
0.0038759690
0.1223381621
0.0000000000
0.0985131773
0.0029069767
0.0029069767
0.1116768844
0.0
0.0029069767
0.1188400848
0.0960518862
0.0029069767
0.1115149164
0.0980108794
0.0000000000
0.0038759690
0.0000000000
0.0000000000
0.0000000000
0.1004435465
0.1136578491
0.0000000000
0.0000000000
0.0000000000
0.0029069767
0.0983871208
0.0000000000
0.0000000000
0.0864899155
0.0000000000
0.0029069767
0.0029069767
0.0994046993
0.0043604651
0.0000000000
0.1059814402
0.0957528454
0.0973285252
0.1236166156
0.0858142130
0.1000514442
0.0000000000
0.0000000000
0.0065406977
0.0043604651
0.0000000000
0.0000000000
0.0000000000
0.0000000000
0.1118393235
0.0870776159
0.0000000000
0.0000000000
0.1210858817
0.0000000000
0.0000000000
0.0000000000
0.1232204085
0.0029069767
0.0000000000
0.0000000000
0.1128239690
0.0000000000
0.0000000000
0.0058139535
0.1170312555
0.0960518862
0.0000000000
0.0000000000
0.0000000000
0.0000000000
0.1134900884
0.1138261064
0.0000000000
0.0000000000
0.0000000000
0.1141641201
0.0029069767
0.0987028689
0.1087546462
0.0029069767
0.0000000000
0.0000000000
0.0000000000
0.0992123031
0.0000000000
0.0000000000
0.0000000000
0.0000000000
0.0000000000
0.0000000000
0.0000000000
0.0839863844
0.1223381621
0.0000000000
0.0000000000
0.0000000000
0.0000000000
0.0000000000
0.0000000000
0.0000000000
0.0000000000
0.0000000000
0.1186566896
0.0000000000
0.0000000000
0.0000000000
0.0000000000
0.0000000000
0.0972054803
0.0000000000
0.0000000000
0.0000000000
0.0000000000
0.0000000000
