0.0
0.0
0.0
0.0
0.0
0.0
0.1925545571
0.0
0.0
0.0
0.0
0.0
0.1876172608
0.0
0.0
0.1233214579
0.0
0.0
0.0
0.0
0.0
0.0
0.0
0.0
0.1434720230
0.0
0.0
0.1959930314
0.1770259638
0.1389317691
0.0
0.1493280239
0.1322362621
0.0
0.0
0.0
0.1524390244
0.1503508186
0.1567944251
0.0
0.1493280239
0.1371951220
0.1701644923
0.1503508186
0.1453723147
0.1473236209
0.0
0.0
0.0
0.1060445387
0.0
0.1416207710
0.0243902439
0.0
0.0243902439
0.0
0.1579224425
0.1306620209
0.1908801697
0.0000000000
0.1535050316
0.1434720230
0.0
0.1425403864
0.0000000000
0.0
0.1524390244
0.0000000000
0.1247228381
0.0
0.1219512195
0.0000000000
0.1688555347
0.0000000000
0.1908801697
0.0000000000
0.0000000000
0.0000000000
0.0000000000
