0.0
0.0
0.0
0.0
0.0
0.0
0.0
0.0
0.0
0.0
0.0
0.0
0.0
0.0
0.0
0.0
0.0
0.0
0.0
0.0
0.0
0.0
0.0
0.0
0.0
0.0
0.1401687216
0.0
0.0
0.0
0.0
0.0341151386
0.0
0.0
0.0
0.0
0.0
0.0
0.0
0.0
0.0
0.0
0.0
0.0823118450
0.0
0.0
0.0
0.0
0.0
0.0799309239
0.0
0.0
0.1559942224
0.0
0.0
0.0
0.0
0.0
0.0
0.0
0.0
0.1272584446
0.0
0.0
0.0000000000
0.0
0.0
0.0
0.0
0.0
0.0000000000
0.0149253731
0.0
0.0
0.0
0.0
0.0
0.0
0.1086701325
0.0
0.0
0.0
0.0
0.0
0.0
0.0934458144
0.0
0.0
0.0
0.0
0.0
0.0149253731
0.0
0.0
0.0341151386
0.0
0.0341151386
0.0
0.0
0.0
0.1281012158
0.0
0.1572624681
0.1411918510
0.0
0.0
0.0
0.0
0.0
0.0698313487
0.0948200176
0.1324882437
0.0
0.0
0.0
0.1086701325
0.1034400192
0.0
0.0000000000
0.0943574809
0.0000000000
0.0597014925
0.0799309239
0.0957588296
0.1371864084
0.0809342409
0.1216558716
0.0
0.1137840211
0.1074626866
0.0
0.0
0.0
0.1111682964
0.1124609511
0.0716417910
0.1131186174
0.0
0.1172320217
0.0149253731
0.0
0.0298507463
0.0925515961
0.1559942224
0.0
0.0908135379
0.0000000000
0.1334019557
0.0
0.0943574809
0.1216558716
0.0341151386
0.1411918510
0.0199004975
0.0
0.0000000000
0.1137840211
0.0
0.0199004975
0.0341151386
0.0149253731
0.0925515961
0.0341151386
0.0000000000
0.0
0.0000000000
0.0597014925
0.0341151386
0.0341151386
0.0000000000
0.0000000000
0.0000000000
0.0000000000
0.0000000000
0.0000000000
