0.0
0.0
0.0
0.0
0.0
0.0
0.0
0.0
0.0
0.0
0.0
0.0
0.0
0.0
0.0
0.0
0.0
0.0
0.0
0.0
0.0
0.0
0.0
0.0
0.0
0.0
0.0
0.0
0.0
0.0
0.0
0.0
0.0
0.0
0.0
0.0
0.0
0.0
0.0
0.0
0.0
0.0
0.0
0.0
0.0
0.0
0.0
0.0
0.0
0.0
0.0
0.0
0.0
0.0
0.0
0.0
0.0
0.0
0.0
0.0
0.0414832081
0.0
0.0
0.0
0.0
0.0
0.0
0.0
0.0
0.0
0.0
0.0
0.0
0.0
0.0
0.0595193856
0.0
0.0
0.0
0.0369985370
0.0
0.0
0.0
0.0
0.0
0.0
0.0085470085
0.0
0.0
0.0
0.0
0.0
0.0
0.0
0.0
0.0
0.0
0.0
0.0
0.0
0.0
0.0
0.0
0.0
0.0
0.0
0.0
0.0
0.0
0.0505814768
0.0
0.0
0.0
0.0
0.0
0.0
0.0
0.0
0.0
0.0562580494
0.0
0.0595193856
0.0
0.0
0.0
0.0
0.0
0.0
0.0
0.0
0.0
0.0
0.0
0.0411396011
0.0
0.0
0.0
0.0
0.0
0.0752553679
0.0
0.0
0.0
0.0
0.0
0.0
0.0
0.0
0.0
0.0
0.0
0.0
0.0
0.0
0.0
0.0
0.0325939493
0.0
0.0472050300
0.0
0.0
0.0000000000
0.0
0.0
0.0085470085
0.0
0.0
0.0603946707
0.0
0.0
0.0
0.0
0.0
0.0
0.0
0.0085470085
0.0
0.0
0.0
0.0307692308
0.0
0.0
0.0541310541
0.0
0.0331770977
0.0
0.0
0.0
0.0466686092
0.0
0.0
0.0000000000
0.0554978055
0.0
0.0
0.0
0.0
0.0
0.0578427832
0.0
0.0
0.0
0.0
0.0
0.0
0.0
0.0
0.0
0.0
0.0000000000
0.0
0.0
0.0
0.0
0.0
0.0489757156
0.0
0.0085470085
0.0194250194
0.0
0.0547578348
0.0
0.0466686092
0.0
0.0
0.0307692308
0.0
0.0422667135
0.0
0.0
0.0085470085
0.0
0.0
0.0411396011
0.0
0.0541310541
0.0085470085
0.0
0.0
0.0
0.0
0.0629687773
0.0000000000
0.0554978055
0.0578427832
0.0
0.0
0.0
0.0641693376
0.0085470085
0.0526517642
0.0
0.0293345543
0.0
0.0236686391
0.0
0.0
0.0328547009
0.0
0.0519852862
0.0
0.0390565834
0.0085470085
0.0
0.0
0.0170940171
0.0
0.0000000000
0.0513354701
0.0000000000
0.0256410256
0.0142450142
0.0331770977
0.0456315290
0.0612960837
0.0318089700
0.0
0.0
0.0237416904
0.0411396011
0.0000000000
0.0526517642
0.0
0.0085470085
0.0
0.0000000000
0.0000000000
0.0000000000
0.0
0.0629687773
0.0000000000
0.0000000000
0.0
0.0085470085
0.0000000000
0.0
0.0000000000
0.0194250194
0.0456315290
0.0494799712
0.0
0.0000000000
0.0000000000
0.0
0.0460517923
0.0460517923
0.0000000000
0.0436897618
0.0085470085
0.0562580494
0.0402631138
0.0000000000
0.0236686391
0.0562580494
0.0560994561
0.0000000000
0.0237416904
0.0422667135
0.0000000000
0.0000000000
0.0000000000
0.0000000000
0.0000000000
0.0460517923
0.0
0.0170940171
0.0142450142
0.0000000000
0.0000000000
0.0
0.0000000000
0.0472050300
0.0402631138
0.0000000000
0.0
0.0
0.0
0.0000000000
0.0000000000
0.0000000000
0.0000000000
0.0000000000
0.0000000000
0.0000000000
0.0000000000
0.0000000000
0.0000000000
0.0000000000
0.0000000000
0.0000000000
0.0085470085
