0.0
0.0
0.0
0.0
0.0
0.0
0.2031321971
0.0
0.0
0.0
0.0
0.0
0.2899408284
0.0
0.0
0.2231781377
0.0
0.0
0.0
0.0
0.0
0.0
0.0
0.0
0.0
0.0
0.0
0.1630917160
0.0
0.2174556213
0.0
0.1843645485
0.2531572905
0.0
0.0
0.0
0.2094017094
0.0000000000
0.2550607287
0.0
0.1534980856
0.2147030185
0.2043558851
0.1785425101
0.2372243141
0.1833679834
0.0
0.0
0.0
0.2217194570
0.0
0.2246561386
0.1853720050
0.0
0.1507692308
0.0
0.1983805668
0.2323498419
0.2512820513
0.0
0.2440509131
0.2107023411
0.0
0.0
0.1294773928
0.0
0.2355769231
0.0000000000
0.1294773928
0.0
0.1843645485
0.1704677232
0.2780580076
0.0
0.2120192308
0.0
0.2147030185
0.0000000000
0.1766826923
0.2512820513
0.2147030185
0.2292099792
0.0000000000
0.1884615385
0.2007282658
0.1514423077
0.1905790838
0.0000000000
0.1514423077
0.1548998946
0.0
0.1843645485
0.0
0.0000000000
0.0000000000
0.0000000000
0.0000000000
0.0000000000
