0.0
0.0
0.0
0.0
0.0
0.0
0.0
0.0
0.0
0.0
0.0
0.0
0.0
0.0
0.0
0.0
0.0
0.0
0.0
0.0
0.0
0.0
0.0
0.0
0.0
0.0
0.0
0.0
0.0
0.0
0.0
0.0000000000
0.0
0.0
0.0
0.0
0.0
0.0
0.0
0.0
0.0
0.0
0.0
0.0877192982
0.0
0.0
0.0
0.0
0.0
0.0
0.0
0.0
0.0657894737
0.0
0.0
0.0
0.0
0.0
0.0
0.0
0.0
0.0250000000
0.0
0.0
0.0187500000
0.0
0.0
0.0
0.0
0.0
0.0000000000
0.0
0.0
0.0
0.0
0.0
0.0
0.0
0.1020408163
0.0
0.0
0.0
0.0
0.0
0.0
0.0000000000
0.0
0.0
0.0
0.0
0.0
0.0505050505
0.0
0.0
0.0000000000
0.0
0.0602409639
0.0
0.0
0.0
0.0000000000
0.0
0.0806451613
0.0
0.0
0.0
0.0
0.0
0.0
0.0
0.0281250000
0.0281250000
0.0
0.0
0.0
0.0166666667
0.0
0.0
0.0166666667
0.0
0.0166666667
0.0
0.0166666667
0.0793650794
0.0260416667
0.0000000000
0.0166666667
0.0
0.0961538462
0.0
0.0
0.0
0.0
0.1020408163
0.0187500000
0.0
0.0609756098
0.0
0.0390625000
0.0
0.0
0.0781250000
0.0735294118
0.0757575758
0.0
0.0675675676
0.0223214286
0.0757575758
0.0
0.0
0.0781250000
0.0250000000
0.0602409639
0.0250000000
0.0
0.0
0.0
0.0
0.0000000000
0.0735294118
0.0
0.0312500000
0.0
0.0
0.0
0.0
0.0
0.0281250000
0.0000000000
0.0166666667
0.0
0.0000000000
0.0187500000
0.0187500000
0.0
0.0
0.0
0.0390625000
0.0260416667
0.0
0.0
0.0609756098
0.0
0.0625000000
0.0000000000
0.0602409639
0.0250000000
0.0281250000
0.0125000000
0.0000000000
0.0166666667
0.0000000000
0.0000000000
0.0125000000
0.0000000000
0.0000000000
0.0000000000
0.0000000000
0.0000000000
0.0166666667
0.0000000000
0.0000000000
0.0000000000
0.0000000000
0.0000000000
0.0000000000
0.0000000000
0.0000000000
0.0000000000
0.0000000000
0.0000000000
0.0000000000
0.0000000000
0.0000000000
