0.0
0.0
0.0
0.0
0.0
0.0
0.0
0.0
0.0
0.0
0.0
0.0
0.0
0.0
0.0
0.0
0.0
0.0
0.0
0.0
0.0
0.0
0.0
0.0
0.0
0.0
0.0
0.0
0.0
0.0786726022
0.0
0.1118189270
0.0
0.0
0.0
0.0
0.0
0.0879374396
0.0
0.0
0.1129657878
0.0
0.0
0.0
0.0866120391
0.0
0.0
0.0
0.0
0.1214797534
0.0
0.0
0.1123894317
0.0
0.1165520032
0.0
0.0
0.0
0.0
0.0
0.0
0.0
0.0
0.0
0.0
0.0
0.0
0.0
0.0
0.0
0.1259961598
0.1057359773
0.1089612297
0.0
0.0973269305
0.0
0.1062459579
0.0
0.0821952560
0.0
0.0
0.1026164376
0.0
0.0
0.1103255189
0.1244538340
0.0
0.0938707185
0.0
0.1039889628
0.0
0.0
0.0
0.0
0.0
0.0
0.0000000000
0.0839707571
0.0
0.0
0.0
0.0976866014
0.0698203759
0.0791436956
0.0
0.0
0.0
0.0
0.0
0.1231779792
0.0954295824
0.0
0.0944071226
0.1039072104
0.1124850823
0.1045648510
0.0
0.0
0.0
0.0
0.0
0.0
0.0967569339
0.1132561882
0.0
0.0954985344
0.0
0.0
0.0
0.0
0.0
0.0
0.0
0.0
0.0
0.0950179523
0.1078058497
0.0
0.0
0.1319061594
0.0
0.0
0.0948815303
0.0
0.1071938132
0.0
0.0028328612
0.0
0.1111606154
0.1040708438
0.0084985836
0.0
0.0
0.0
0.0
0.1224930229
0.1053987015
0.0
0.1012021223
0.1153315634
0.0
0.0
0.1217034730
0.0
0.1034193832
0.0785323658
0.0000000000
0.0
0.0
0.1042349934
0.0
0.0964744319
0.0
0.0
0.0949496923
0.1002046791
0.0
0.0
0.0892437351
0.0688743990
0.0822464043
0.0
0.0886451856
0.0000000000
0.0775645374
0.0
0.0
0.1086924109
0.1022987397
0.1177985487
0.0
0.1208135024
0.1198277168
0.0
0.0
0.0902184107
0.0908384685
0.0902184107
0.0
0.0
0.1358375865
0.1077179883
0.0
0.1114417974
0.0899727513
0.0
0.0
0.0
0.0000000000
0.0
0.0925560026
0.0
0.0
0.0
0.0050991501
0.0
0.0
0.0
0.0000000000
0.0
0.0
0.0877622654
0.0028328612
0.0000000000
0.0
0.1120084506
0.0
0.0750113347
0.0
0.1008931081
0.0
0.0987079699
0.0
0.1038255865
0.0820421922
0.0882309557
0.1048968029
0.0000000000
0.0
0.1226066528
0.1135480856
0.0
0.0
0.0050991501
0.1262368402
0.0853259985
0.0
0.0877622654
0.0
0.0899115454
0.1090511317
0.0
0.0
0.0
0.0
0.1119136085
0.0
0.1339108122
0.0889434533
0.0996756951
0.0927508573
0.0056657224
0.0
0.1106951187
0.0037771483
0.0837579035
0.0
0.0000000000
0.0
0.0
0.0090651558
0.0
0.0660849858
0.1064170464
0.1226066528
0.0907137760
0.1057359773
0.0825031034
0.0859362625
0.0760034340
0.0779304078
0.0971123965
0.1159385716
0.1126768727
0.0888239057
0.0
0.0
0.1366804257
0.0000000000
0.0
0.0
0.0
0.0924265536
0.0902800353
0.0
0.0
0.0926208631
0.0714046308
0.1048968029
0.0
0.0
0.1004331092
0.0952919767
0.0891233794
0.0
0.0
0.0
0.0
0.0
0.0
0.0660189669
0.1048968029
0.0
0.1046476419
0.1190720466
0.0950863106
0.1104176873
0.0
0.0000000000
0.0
0.1179036322
0.1083360424
0.0028328612
0.0000000000
0.1221533934
0.0971123965
0.1078938544
0.0968278181
0.1114417974
0.1144328759
0.0964744319
0.0
0.0028328612
0.1100499348
0.1116300436
0.0853811187
0.0975424145
0.0896067605
0.1036627229
0.1009701846
0.0
0.1142350663
0.0889434533
0.1038255865
0.1050635705
0.0
0.0906515581
0.0028328612
0.0
0.0050361977
0.1053987015
0.0
0.0
0.0000000000
0.0
0.0927508573
0.0
0.0
0.0968988062
0.0000000000
0.0972553140
0.0000000000
0.0
0.0842920738
0.0
0.0000000000
0.0
0.0787194590
0.0000000000
0.0
0.0028328612
0.0000000000
0.0870111729
0.0
0.0037771483
0.0987079699
0.0765758816
0.0028328612
0.0000000000
0.0028328612
0.0028328612
0.0680937515
0.0000000000
0.0896067605
0.0938040963
0.0000000000
0.0808873756
0.0819404660
0.0000000000
0.0902184107
0.0723030480
0.0000000000
0.0990779398
0.0
0.0739619315
0.0928812169
0.0596704161
0.1106951187
0.0950179523
0.0000000000
0.0914038532
0.0075542965
0.0
0.0988556258
0.0805914461
0.0
0.0
0.0997509220
0.0692351868
0.0000000000
0.0
0.1057359773
0.0
0.0000000000
0.0000000000
0.0000000000
0.0877040290
0.0749687871
0.0759161239
0.0000000000
0.0854363101
0.0723822408
0.0000000000
0.1121034535
0.0000000000
0.0948815303
0.0000000000
0.1039072104
0.0861603466
0.0954295824
0.0701166958
0.0979762577
0.0802489203
0.0028328612
0.0000000000
0.0825031034
0.0826578935
0.0000000000
0.0790490261
0.0867826472
0.0000000000
0.0000000000
0.0028328612
0.1026164376
0.0000000000
0.0
0.1112541849
0.0777013355
0.0956367378
0.0759161239
0.0926208631
0.0
0.0028328612
0.0028328612
0.0714818668
0.0774736059
0.1138414915
0.0000000000
0.0
0.0000000000
0.0000000000
0.0000000000
0.0807884912
0.0000000000
0.0897284261
0.0000000000
0.0000000000
0.0923619648
0.0709827990
0.0000000000
0.0056657224
0.0780224154
0.0000000000
0.0000000000
0.0056657224
0.0821952560
0.1026164376
0.1025368283
0.0925560026
0.0000000000
0.0000000000
0.0917210074
0.0814355956
0.0902184107
0.0000000000
0.0000000000
0.0000000000
0.0000000000
0.0000000000
0.0000000000
0.0899727513
0.0790490261
0.0896067605
0.0888239057
0.0897284261
0.0050991501
0.0762225904
0.0000000000
0.0028328612
0.0000000000
0.0000000000
0.0028328612
0.0000000000
0.0000000000
0.0000000000
0.0000000000
0.0000000000
0.0000000000
0.0000000000
0.0000000000
0.0000000000
0.0000000000
0.0000000000
0.0000000000
0.0000000000
0.0000000000
0.0000000000
0.0676407225
0.0000000000
0.0000000000
0.0000000000
0.0000000000
0.0028328612
0.0000000000
0.0000000000
0.0795725296
0.0000000000
0.0000000000
0.0000000000
0.0000000000
0.0000000000
0.0696364445
0.0000000000
0.0000000000
0.0938040963
0.0000000000
0.0000000000
0.0000000000
0.0000000000
0.0000000000
0.0000000000
0.0000000000
0.0000000000
0.0000000000
0.0000000000
0.0000000000
0.0000000000
0.0000000000
0.0000000000
0.0626992275
0.0000000000
0.0000000000
0.0000000000
0.0000000000
0.0000000000
0.0000000000
0.0000000000
0.0000000000
0.0000000000
0.0000000000
