0.0
0.0
0.0
0.0
0.0
0.0
0.0
0.0
0.0
0.0
0.0
0.0
0.0
0.0
0.0
0.0
0.0
0.0
0.0
0.0
0.0
0.0
0.0
0.0
0.0
0.0
0.0
0.0
0.0
0.0980357871
0.0
0.1276003911
0.0
0.0
0.0
0.0
0.0
0.1010830807
0.0
0.0
0.1366381139
0.0
0.0
0.0
0.0999293669
0.0
0.0
0.0
0.0
0.1145065884
0.0
0.0
0.0971156560
0.0
0.1260460120
0.0
0.0
0.0
0.0
0.0
0.0
0.0
0.0
0.0
0.0
0.0
0.0
0.0
0.0
0.0
0.1105044164
0.1280309886
0.1075799139
0.0
0.1009038554
0.0
0.1125811562
0.0
0.0985450640
0.0
0.1368023424
0.1200628153
0.0
0.1175821786
0.1173397411
0.0915684223
0.0
0.1095472078
0.0
0.1254901311
0.0
0.0
0.0
0.0
0.0
0.0
0.0883692150
0.1085029065
0.0
0.0
0.0
0.1210846265
0.0000000000
0.0000000000
0.0
0.0
0.0
0.0
0.0
0.1314313497
0.1065726113
0.0
0.1070738936
0.1160240050
0.0914213244
0.1119169605
0.0000000000
0.0
0.0
0.0
0.0
0.0
0.1260460120
0.1242571494
0.0
0.0916421489
0.0
0.0
0.0
0.0
0.0
0.0
0.0682780737
0.0
0.0
0.0852580890
0.1140476442
0.0
0.0
0.1059772336
0.0
0.0
0.0857074916
0.0
0.1047097966
0.0
0.0913479525
0.0
0.1126926226
0.1152019725
0.0000000000
0.0
0.0802110986
0.0153508772
0.0
0.1052909795
0.1203166479
0.0
0.1071747165
0.1294875414
0.0
0.0
0.1162610305
0.1087101708
0.1081934875
0.0946130913
0.0773230631
0.0
0.0
0.1025401341
0.0
0.1119169605
0.0
0.0
0.0843732757
0.0102339181
0.0
0.0
0.1021719469
0.0839996671
0.0749799400
0.0
0.1116973002
0.0000000000
0.0962940346
0.0
0.0
0.1122480758
0.1011729323
0.1169779536
0.0
0.1266068397
0.1172188969
0.0
0.0757786610
0.1142766555
0.1075799139
0.1071747165
0.0
0.0758796992
0.1250764273
0.0947706485
0.0
0.0981203008
0.1067725599
0.0
0.0
0.1194328949
0.0000000000
0.0
0.0566548277
0.0
0.0
0.0
0.0102339181
0.0
0.1049995838
0.0
0.0000000000
0.0
0.0
0.0950873424
0.0971156560
0.0037593985
0.1137058430
0.1050965364
0.0
0.0000000000
0.0
0.0958884152
0.1036607913
0.1191827737
0.0000000000
0.0804947305
0.0115131579
0.0153508772
0.1018975370
0.0000000000
0.0
0.1008144808
0.0994057195
0.0
0.0
0.0000000000
0.1164990265
0.1186856610
0.0
0.0880274933
0.0
0.0980357871
0.0951668469
0.0
0.0
0.0862923039
0.0
0.0915684223
0.0
0.1167379988
0.0673090177
0.1107194055
0.0000000000
0.0856430014
0.0
0.0974482439
0.0956466797
0.0994926127
0.0
0.0000000000
0.0
0.0
0.0982897659
0.0
0.0115131579
0.1229152796
0.1050965364
0.0883692150
0.1020803129
0.0771657958
0.0926869290
0.0000000000
0.1030974175
0.0848766211
0.1318882374
0.1150854893
0.0566548277
0.0
0.0
0.1249391316
0.0000000000
0.0
0.0
0.0
0.0965390576
0.0958077011
0.0
0.0
0.0831406493
0.0673090177
0.0000000000
0.0000000000
0.0854501118
0.1180700714
0.0823585737
0.0883692150
0.0
0.0037593985
0.0
0.0781191138
0.0
0.0
0.1021719469
0.0946130913
0.0000000000
0.1030974175
0.1013531156
0.0000000000
0.0954061600
0.0
0.0000000000
0.0
0.1260460120
0.0972816657
0.0846241999
0.0962126364
0.0993189781
0.0802676649
0.1238515222
0.0982049602
0.1250764273
0.1001051441
0.1180700714
0.0000000000
0.0000000000
0.0992323879
0.1174608347
0.0083732057
0.1100769331
0.0000000000
0.0000000000
0.0929139174
0.0
0.0876208998
0.0717199426
0.0619932183
0.0000000000
0.0982897659
0.0843107769
0.0000000000
0.0
0.0037593985
0.0975317471
0.0000000000
0.1116973002
0.0000000000
0.0
0.0000000000
0.0
0.0
0.0962126364
0.0000000000
0.0000000000
0.0000000000
0.0779052354
0.1065726113
0.0
0.0000000000
0.0
0.0836293526
0.0000000000
0.0853860082
0.0000000000
0.0848766211
0.0923110696
0.0000000000
0.0000000000
0.0747337813
0.0892702344
0.0802110986
0.0000000000
0.0000000000
0.0000000000
0.0786046608
0.0000000000
0.0000000000
0.0000000000
0.0000000000
0.0864233477
0.0000000000
0.0000000000
0.0000000000
0.0980357871
0.0802110986
0.1057802499
0.0
0.0000000000
0.0831406493
0.0083732057
0.0921615780
0.0000000000
0.0000000000
0.0000000000
0.0037593985
0.0802110986
0.0000000000
0.0000000000
0.0
0.0
0.0000000000
0.0000000000
0.0000000000
0.0942995434
0.0000000000
0.0
0.0000000000
0.0954861987
0.0000000000
0.0812416480
0.0000000000
0.0000000000
0.0000000000
0.0000000000
0.0000000000
0.0000000000
0.0828380996
0.0000000000
0.0000000000
0.0809527375
0.0000000000
0.0000000000
0.0000000000
0.0698279441
0.0000000000
0.0000000000
0.0000000000
0.0000000000
0.0000000000
0.0000000000
0.0000000000
0.0000000000
0.0000000000
0.0000000000
