0.0
0.0
0.0
0.0
0.1461987200
0.0
0.1390155459
0.0
0.0
0.1351106148
0.0
0.1418860734
0.0
0.1272470341
0.0
0.1118590207
0.0845331791
0.1378205699
0.0
0.1427281272
0.0062111801
0.0000000000
0.0
0.0
0.0
0.1303506203
0.1032175512
0.1339815568
0.1073646850
0.1156235069
0.0
0.0
0.1362588637
0.1484548731
0.1394184895
0.1466444478
0.1230163143
0.1286079649
0.0139751553
0.0
0.0
0.1652899618
0.1265773128
0.0062111801
0.0
0.1321411508
0.0000000000
0.1134419313
0.0062111801
0.1236487889
0.1129093401
0.0733222239
0.0894040500
0.1118590207
0.1386149247
0.1066505075
0.0930355491
0.1794752943
0.0000000000
0.1156235069
0.0
0.1246097898
0.0000000000
0.1272470341
0.0
0.1249334516
0.0
0.1507817520
0.1275845594
0.1083319344
0.1366459627
0.1066505075
0.1159021178
0.1351106148
0.1118590207
0.1418860734
0.0082815735
0.1184713766
0.0999987087
0.0082815735
0.1310609779
0.1137101156
0.1068875086
0.0
0.0000000000
0.1187638985
0.1230163143
0.0139751553
0.0793719123
0.0000000000
0.1307048339
0.0
0.0093167702
0.0926770306
0.0000000000
0.1156235069
0.0842370909
0.1239674713
0.0000000000
0.1095657833
0.0000000000
0.1123817264
0.0895705380
0.1220796418
0.1090688864
0.1597986009
0.0861996037
0.1057129206
0.1181802921
0.0993788820
0.0000000000
0.0000000000
0.0000000000
0.0757470534
0.0000000000
0.0943125076
0.0124223602
0.0000000000
0.0807036558
0.0877725892
0.0000000000
0.0000000000
0.1043370475
0.0000000000
0.0000000000
0.0062111801
0.0704236880
0.0943125076
0.1272470341
0.0905826344
0.1066505075
0.0000000000
0.0000000000
0.0000000000
0.1066505075
0.0000000000
0.0062111801
0.0062111801
0.0000000000
0.1038863475
0.1021218235
0.0000000000
0.0919682197
0.0941279430
0.1134419313
0.0973671637
0.0000000000
0.0000000000
0.1113411548
0.0000000000
0.0000000000
0.0943125076
0.0000000000
0.0062111801
0.0062111801
0.0000000000
0.0000000000
0.0000000000
0.0000000000
0.0000000000
0.0000000000
0.0000000000
0.0000000000
0.0000000000
0.0894040500
0.0000000000
0.0000000000
0.0093167702
0.0000000000
0.0000000000
0.0000000000
0.0000000000
0.0000000000
0.0000000000
0.0000000000
0.0000000000
0.0000000000
0.0000000000
0.0000000000
0.0000000000
0.0000000000
0.0000000000
0.0000000000
0.0000000000
0.0000000000
0.0000000000
