0.0
0.0
0.0
0.0
0.0
0.0
0.0
0.0
0.0
0.0
0.0
0.0
0.0
0.0
0.0
0.0
0.0
0.0
0.0
0.0
0.0
0.0
0.0
0.0
0.0
0.0
0.0
0.0
0.0
0.0
0.0
0.0376175549
0.0
0.0
0.0
0.0
0.0
0.0
0.0
0.0
0.0
0.0
0.0
0.0726817043
0.0
0.0
0.0
0.0
0.0
0.0
0.0
0.0
0.0258620690
0.0
0.0
0.0
0.0
0.0
0.0
0.0
0.0
0.0903426791
0.0
0.0
0.0
0.0
0.0
0.0
0.0
0.0
0.0737913486
0.0
0.0
0.0
0.0
0.0
0.0
0.0
0.0000000000
0.0
0.0
0.0
0.0
0.0
0.0
0.0516934046
0.0
0.0
0.0
0.0
0.0
0.0387174834
0.0
0.0
0.0
0.0
0.0000000000
0.0
0.0
0.0
0.0000000000
0.0
0.0114942529
0.0
0.0
0.0
0.0
0.0
0.0
0.0
0.0000000000
0.0886850153
0.0
0.0
0.0
0.0
0.0
0.0
0.0
0.0
0.0516934046
0.0
0.0976430976
0.0798898072
0.0726817043
0.0938511327
0.0000000000
0.0
0.0449612403
0.0
0.0
0.0
0.0
0.0517241379
0.0640176600
0.0
0.0773333333
0.0
0.0615711253
0.0
0.0
0.0376175549
0.0318302387
0.0593047035
0.0
0.0
0.0172413793
0.0272456364
0.0
0.0
0.0114942529
0.0000000000
0.0258620690
0.0
0.0
0.0
0.0
0.0
0.0114942529
0.0318302387
0.0
0.0000000000
0.0
0.0
0.0
0.0
0.0
0.0
0.0000000000
0.0
0.0
0.0
0.0
0.0
0.0
0.0
0.0
0.0
0.0449612403
0.0
0.0
0.0938511327
0.0
0.0114942529
0.0114942529
0.0
0.0
0.0282935455
0.0000000000
0.0685579196
0.0
0.0
0.0000000000
0.0
0.0114942529
0.0
0.0
0.0000000000
0.0000000000
0.0
0.0334378265
0.0685579196
0.0258620690
0.0
0.0
0.0
0.0
0.0000000000
0.0114942529
0.0000000000
0.0258620690
0.0114942529
0.0
0.0600414079
0.0000000000
0.0114942529
0.0408684547
0.0
0.0855457227
0.0114942529
0.0216362407
0.0607966457
0.0458135861
0.0840579710
0.0631808279
0.0237300704
0.1111111111
0.0306513410
0.0000000000
0.0
0.0114942529
0.0685579196
0.0387174834
0.0
0.0
0.0716049383
0.0000000000
0.0000000000
0.0172413793
0.0528233151
0.0
0.0000000000
0.0
0.0000000000
0.0000000000
0.0000000000
0.0000000000
0.0540037244
0.0000000000
0.0000000000
0.0114942529
0.0000000000
