0.0
0.0
0.0
0.0
0.0
0.0
0.0
0.1803689065
0.0
0.0
0.0
0.0
0.0
0.0
0.0
0.0
0.0
0.0
0.0
0.0
0.1413818032
0.0
0.0
0.1644246937
0.0
0.0
0.0
0.0
0.0
0.0
0.0
0.1964413833
0.1308170091
0.1441204337
0.0
0.0
0.0
0.0874034348
0.0
0.0
0.0
0.0
0.0
0.0
0.0
0.2110699969
0.0
0.0
0.0
0.0
0.0
0.0
0.0
0.1671958964
0.0
0.0
0.0
0.1792823468
0.0
0.1662618411
0.0
0.1274555442
0.0
0.1913882287
0.1690958498
0.1860054348
0.0000000000
0.0
0.1865885239
0.0
0.1750639386
0.1854259786
0.1725267801
0.0
0.0
0.1766223713
0.2237659366
0.1462450593
0.0
0.0
0.0
0.0000000000
0.1608695652
0.0
0.1455299245
0.2081179690
0.1374636008
0.0
0.2066727053
0.1776768332
0.0
0.1782087998
0.1526198439
0.2052473763
0.0
0.0
0.0851527026
0.1176318955
0.2103241665
0.1466052688
0.2164426877
0.0
0.2066727053
0.0978975973
0.0
0.0
0.0
0.0791512488
0.0
0.0
0.2031458673
0.1671958964
0.0
0.1964413833
0.1458866155
0.0
0.1613055261
0.0000000000
0.0
0.1671958964
0.1100216989
0.0
0.0
0.2004098961
0.1072463768
0.1740401729
0.1725267801
0.1546019198
0.1657987162
0.1387453127
0.1583024977
0.0876608824
0.1417184265
0.1957951945
0.1413818032
0.1514548069
0.2024548950
0.0000000000
0.0950826504
0.0000000000
0.1064789609
0.1671958964
0.1653381643
0.0000000000
0.1938818864
0.0
0.1848501215
0.1667275606
0.0000000000
0.0
0.1237458194
0.0000000000
0.0
0.1250456704
0.0000000000
0.1441204337
0.1224727143
0.1277290539
0.0000000000
0.0000000000
0.1648801638
0.0000000000
0.1444702406
0.0000000000
0.0000000000
0.1865885239
0.0000000000
0.0000000000
0.0000000000
0.0000000000
