0.0
0.0
0.0
0.0
0.0
0.0
0.0
0.0
0.0
0.0
0.0
0.0
0.0
0.0
0.0
0.0
0.0
0.0
0.0
0.0
0.0
0.0
0.0
0.0
0.0
0.0
0.0
0.0
0.0
0.0
0.0
0.0958333333
0.0
0.0
0.0
0.0
0.1377604167
0.0
0.1695512821
0.0
0.0
0.0
0.1140086207
0.1335858586
0.0
0.0
0.0
0.0
0.0
0.1632716049
0.0
0.0
0.0
0.0
0.0
0.1674050633
0.0
0.0000000000
0.0
0.0
0.0000000000
0.1363402062
0.1632716049
0.1309405941
0.1453296703
0.2034615385
0.0
0.2034615385
0.0250000000
0.0
0.1335858586
0.0000000000
0.1763333333
0.0000000000
0.0500000000
0.0000000000
0.1075203252
0.0250000000
0.0333333333
0.0333333333
0.0
0.0
0.0875827815
0.1092975207
0.0000000000
0.1025193798
0.1283980583
0.1363402062
0.1213302752
0.0000000000
0.0
0.0000000000
0.1111344538
0.0937943262
0.0000000000
0.0000000000
0.0000000000
0.0000000000
