0.0
0.0
0.0
0.0
0.1304440028
0.0
0.1600590615
0.0
0.0
0.0882281323
0.0
0.1352149253
0.0
0.1410008663
0.0
0.1389330259
0.0
0.1420580424
0.0
0.0
0.1399593086
0.0858787146
0.0
0.0
0.0
0.1224361319
0.1234331688
0.1315763292
0.1477348258
0.1310077193
0.0
0.0
0.1526444423
0.1295520780
0.1395726807
0.1375462171
0.1415274801
0.1270544269
0.1141385024
0.0
0.0
0.1553032082
0.1580562369
0.1335470760
0.0
0.1444956446
0.1415274801
0.1293309993
0.1155304354
0.1164177659
0.1265241496
0.1216500251
0.1487496872
0.1341379922
0.1308945866
0.1438101814
0.1282368285
0.0
0.1157952110
0.1565867058
0.0
0.1036062414
0.0859761380
0.1434020163
0.0
0.1488958067
0.0
0.0951512437
0.1374215152
0.1331950187
0.1491889087
0.1468759024
0.0000000000
0.1572364432
0.1417922650
0.1283454117
0.1075006604
0.0065493246
0.1095201815
0.1261031042
0.1403480845
0.1559423161
0.1385520395
0.0
0.1526444423
0.1327284862
0.1354565963
0.0
0.0977909234
0.0969775632
0.1487496872
0.0
0.1220418126
0.1147433242
0.1092832958
0.0
0.1027633432
0.1283454117
0.1302198722
0.1429961615
0.1363092907
0.1249595476
0.1147433242
0.1163284200
0.1271610161
0.1450487380
0.0
0.1116992861
0.1500751794
0.0
0.1205854664
0.1201077110
0.0982982693
0.1263132760
0.1018655452
0.1302198722
0.1211638139
0.0
0.0974764831
0.1453268756
0.1193511270
0.1305563577
0.0882795173
0.1326123633
0.0000000000
0.1339009993
0.0979172682
0.1262081026
0.0000000000
0.1346145038
0.0
0.0
0.1293309993
0.0028653295
0.1588846239
0.0028653295
0.1349741151
0.1153545900
0.1121123752
0.1377963011
0.1228330075
0.1299965105
0.1250626495
0.0
0.1118641559
0.1508218221
0.1166866291
0.0972887877
0.1372970392
0.1247538529
0.1200126138
0.1364319813
0.1197282237
0.1355777560
0.1175918784
0.0955712051
0.0000000000
0.0000000000
0.1202029589
0.1180497907
0.1346145038
0.0000000000
0.1131163666
0.1051150702
0.1346145038
0.1219436293
0.1311210478
0.0076408787
0.1015924472
0.1487496872
0.0
0.0
0.0045845272
0.0
0.1017971331
0.0028653295
0.0
0.1423248181
0.1075006604
0.0
0.1097580965
0.0038204394
0.1108821735
0.1449100681
0.1148302509
0.0986822469
0.1192572236
0.0
0.0000000000
0.1140526194
0.1090474325
0.1311210478
0.1272677844
0.1156185593
0.1324964434
0.0000000000
0.1175918784
0.1393161133
0.1234331688
0.1295520780
0.0
0.1158837395
0.1303318411
0.0
0.1184186963
0.0064469914
0.0
0.1164177659
0.0
0.0936231817
0.0953307744
0.1356991327
0.0
0.1090474325
0.1051150702
0.1227335476
0.1111260493
0.1152668679
0.0
0.1347341611
0.0000000000
0.1275891677
0.1371727884
0.0000000000
0.0
0.1235337663
0.0000000000
0.0000000000
0.1283454117
0.1432664756
0.1044630815
0.1328448126
0.0
0.1524908765
0.1275891677
0.0760923350
0.1318051576
0.0
0.1269480161
0.0751864738
0.1297739137
0.0000000000
0.0000000000
0.0000000000
0.1150045002
0.1112892300
0.1154424457
0.0000000000
0.1152668679
0.1225351101
0.1251659217
0.0000000000
0.1090474325
0.1152668679
0.0941465411
0.0907097135
0.1276966565
0.1189763981
0.1321498965
0.0000000000
0.0
0.1029727794
0.1011180328
0.1001823736
0.0848214500
0.1181418014
0.1085010245
0.1103976193
0.0057306590
0.0000000000
0.0000000000
0.1582212226
0.0849640870
0.0000000000
0.0028653295
0.0
0.0000000000
0.0000000000
0.0000000000
0.1132854494
0.0038204394
0.1228330075
0.0000000000
0.0038204394
0.1208739484
0.0000000000
0.0982345633
0.0028653295
0.0028653295
0.1335470760
0.0
0.0028653295
0.1188830833
0.0951512437
0.0045845272
0.1106393659
0.0981709399
0.0000000000
0.0038204394
0.0000000000
0.0000000000
0.0000000000
0.0991989079
0.1173188322
0.0000000000
0.0000000000
0.0000000000
0.0028653295
0.0971640585
0.0000000000
0.0000000000
0.0855877647
0.0000000000
0.0000000000
0.0028653295
0.0998523921
0.0042979943
0.0000000000
0.1049694815
0.1111260493
0.0958128516
0.1223373133
0.0847266245
0.0991340296
0.0000000000
0.0000000000
0.0064469914
0.0042979943
0.0000000000
0.0000000000
0.0000000000
0.0000000000
0.1112075798
0.0862206662
0.0000000000
0.0000000000
0.1199176671
0.0000000000
0.0000000000
0.0000000000
0.1214550731
0.0028653295
0.0000000000
0.0000000000
0.1124450528
0.0000000000
0.0000000000
0.0057306590
0.1169567371
0.0958734543
0.0000000000
0.0000000000
0.0000000000
0.0000000000
0.1171375048
0.1120295131
0.0000000000
0.0000000000
0.0000000000
0.1140526194
0.0000000000
0.0977909234
0.1072724213
0.0065493246
0.0000000000
0.0000000000
0.0000000000
0.0982982693
0.0000000000
0.0000000000
0.0000000000
0.0000000000
0.0000000000
0.0000000000
0.0000000000
0.0833292640
0.1228330075
0.0000000000
0.0000000000
0.0941465411
0.0000000000
0.0000000000
0.0000000000
0.0000000000
0.0000000000
0.0000000000
0.1175918784
0.0000000000
0.0000000000
0.0000000000
0.0000000000
0.0000000000
0.0996554446
0.0000000000
0.0000000000
0.0000000000
0.0000000000
0.0000000000
0.0000000000
0.0000000000
0.0000000000
0.0000000000
0.0000000000
