0.0
0.0
0.0
0.0
0.0
0.0
0.0
0.0
0.0
0.0
0.0
0.0
0.0
0.0
0.0
0.1116845562
0.0
0.0
0.0
0.0
0.0
0.0
0.0
0.0
0.0
0.0
0.0
0.0
0.0
0.0000000000
0.0
0.1111068775
0.0
0.0
0.0
0.0
0.0997554009
0.0895027624
0.1122682734
0.0
0.1124642041
0.0
0.0
0.1024514928
0.0876761754
0.0
0.0
0.0
0.0
0.0796563522
0.0
0.0
0.1044440664
0.0
0.1099692644
0.0
0.0
0.0
0.0
0.0
0.0
0.0
0.0
0.0
0.0
0.0
0.0
0.0
0.0
0.0
0.1026146321
0.1058160738
0.1070464933
0.0
0.0958958169
0.0
0.1186776960
0.0
0.0753707473
0.0
0.1248875755
0.1225132870
0.0
0.1011648178
0.1291422624
0.0890082720
0.0
0.1109156436
0.1186776960
0.0159246019
0.0
0.0
0.0
0.0
0.0
0.0
0.0000000000
0.0876761754
0.0
0.0
0.0
0.0821964145
0.0000000000
0.0073664825
0.0
0.0
0.0
0.0
0.0
0.1296619496
0.0000000000
0.0000000000
0.1101572461
0.0938020218
0.0877956253
0.1126608198
0.1150749803
0.0000000000
0.0
0.0
0.0
0.0
0.0833660918
0.1146654608
0.0
0.0839088398
0.0
0.0
0.0
0.0
0.0
0.0980852191
0.0605089098
0.0
0.0549846322
0.0905084114
0.1101572461
0.0
0.0
0.0766254328
0.0971975701
0.0
0.0669875145
0.0
0.0649616824
0.0
0.0726516223
0.0
0.1171672526
0.0852407261
0.0000000000
0.0000000000
0.0826179346
0.0869662469
0.0
0.0821964145
0.0991415215
0.0949072002
0.0876761754
0.0117703579
0.0980852191
0.0
0.1026146321
0.0942134341
0.1063399158
0.0000000000
0.0634896443
0.0637408397
0.0
0.0964700433
0.0
0.0994475138
0.0000000000
0.0
0.0753707473
0.0780169358
0.0
0.0
0.0751948529
0.0000000000
0.0669875145
0.0
0.0735639143
0.0000000000
0.0000000000
0.0759929115
0.0843481531
0.0180478821
0.0853536277
0.0879154010
0.0
0.0709713535
0.0906357088
0.0
0.0055248619
0.0989892303
0.0933941869
0.0929898830
0.0
0.0000000000
0.0110497238
0.0883977901
0.0
0.0692180332
0.0784920694
0.0
0.0
0.0951875760
0.0000000000
0.0
0.0000000000
0.0891313817
0.0
0.0
0.1013238820
0.0
0.0782062973
0.0
0.0969052465
0.0
0.0
0.0000000000
0.0000000000
0.0055248619
0.0000000000
0.0908913807
0.0
0.0000000000
0.1154874354
0.0000000000
0.0671270718
0.0902548865
0.0655564486
0.0576404195
0.0620828410
0.0692180332
0.1018040900
0.0872016089
0.0000000000
0.0180478821
0.0728158067
0.0
0.0000000000
0.1018040900
0.0767166535
0.0829369227
0.0055248619
0.0000000000
0.0
0.0655564486
0.0000000000
0.0
0.0912776047
0.0073664825
0.0000000000
0.0000000000
0.0
0.0000000000
0.0000000000
0.0000000000
0.0000000000
0.0055248619
0.0
0.0000000000
0.0900027779
0.0000000000
0.0159246019
0.0834740790
0.0991415215
0.0117703579
0.0000000000
0.0
0.0000000000
0.0128913444
0.0000000000
0.0876761754
0.0859226519
0.0000000000
0.0736479874
0.0576404195
0.0728981775
0.0000000000
0.0000000000
0.0100266012
0.0000000000
0.0843481531
0.0000000000
0.0000000000
0.0000000000
0.0000000000
0.0000000000
0.0000000000
0.0782062973
0.0000000000
0.0000000000
0.0000000000
0.0000000000
0.0000000000
0.0000000000
0.0000000000
0.0000000000
0.0000000000
0.0000000000
0.0000000000
0.0000000000
