0.0
0.0
0.0
0.0
0.0
0.0
0.0
0.0
0.0
0.0
0.0
0.0
0.0
0.0
0.0
0.1234596605
0.0
0.0
0.0
0.0
0.0
0.0
0.0
0.0
0.0
0.0
0.0
0.0
0.0
0.1210459819
0.0
0.1226039995
0.0
0.0
0.0
0.0
0.0
0.1091013564
0.0
0.0
0.1446612611
0.0
0.0
0.0
0.1086228417
0.0
0.0
0.0
0.0
0.1270051687
0.0
0.0
0.1073050602
0.0
0.1443240554
0.0
0.0
0.0
0.0
0.0
0.0
0.0
0.0
0.0
0.0
0.0
0.0
0.0
0.0
0.0
0.1197582587
0.1287214548
0.1484772656
0.0
0.0937396211
0.0
0.1250808480
0.0
0.1214019995
0.0
0.1481220568
0.1117599635
0.0
0.1237063332
0.1092939449
0.0849314400
0.0
0.1114581814
0.1068421394
0.1201067309
0.0
0.0
0.0
0.0
0.0
0.0
0.0924794918
0.0982778091
0.0
0.0
0.0
0.1222409077
0.0000000000
0.0000000000
0.0
0.0
0.0
0.0
0.0
0.1536352848
0.1155130966
0.1174858060
0.1109588168
0.1044098141
0.0848150956
0.1201067309
0.0927565839
0.0
0.0
0.0
0.0
0.0
0.1257157762
0.1385123485
0.0
0.0991433463
0.0
0.0
0.0
0.0
0.0
0.1205745273
0.0746863930
0.0
0.0
0.0938106360
0.1234596605
0.0
0.0
0.0962908550
0.0
0.0
0.1035368223
0.0
0.1116591880
0.0
0.0969694906
0.0
0.1208097947
0.1276598346
0.0000000000
0.0
0.0852237024
0.0959179237
0.0
0.1122665816
0.1311758893
0.0
0.1053872677
0.1202233393
0.0
0.0
0.1142343538
0.1085276420
0.1123684569
0.0993820542
0.0000000000
0.0
0.0
0.1112578971
0.0
0.1291241288
0.0
0.0
0.0123517787
0.0824983608
0.0
0.0
0.1158372680
0.0070581592
0.0123517787
0.0
0.1082430415
0.0000000000
0.0098814229
0.0
0.0
0.1056570303
0.1123684569
0.1263571832
0.0
0.1378953670
0.1144455079
0.0
0.0805660635
0.1133974721
0.1094872144
0.1090053165
0.0
0.0832191126
0.1295293300
0.1188388095
0.0
0.1120633842
0.1244523010
0.0
0.0
0.1289896245
0.0000000000
0.0
0.0617298303
0.0
0.0
0.0
0.1044098141
0.0
0.1167106876
0.0
0.0909177970
0.0
0.0
0.1033639729
0.0923415656
0.1179333710
0.1061097168
0.1351856327
0.0
0.0000000000
0.0
0.0871428850
0.1184976455
0.1255882754
0.0000000000
0.0758762497
0.0971978332
0.0934566336
0.0985907958
0.0000000000
0.0
0.1008387944
0.0963657895
0.0
0.0
0.1035368223
0.1232139697
0.1079599298
0.0
0.0968936147
0.0
0.0992227881
0.1077720100
0.0
0.1052081899
0.0898621477
0.0
0.0994618791
0.0
0.1204572369
0.0082345191
0.0956216521
0.0000000000
0.0909845992
0.0
0.1245775046
0.1025932390
0.1071194114
0.0
0.0000000000
0.0
0.1143398334
0.1043218530
0.0
0.0845256242
0.1330075613
0.1093904943
0.0000000000
0.1325803421
0.0903868902
0.0949616868
0.0000000000
0.0989848437
0.1058376406
0.1293939807
0.1220000389
0.0617298303
0.0
0.0
0.1105625353
0.0000000000
0.0
0.0
0.0
0.1032777644
0.1028488700
0.0
0.0
0.0934566336
0.0082345191
0.1071194114
0.0000000000
0.1114581814
0.1152979884
0.0931052929
0.0000000000
0.0
0.1156209519
0.0
0.0837821648
0.0
0.1118609210
0.1053872677
0.1023388756
0.0000000000
0.1103654541
0.1045861820
0.1050297197
0.1083377424
0.0
0.0000000000
0.0
0.1085276420
0.1008387944
0.0816282396
0.1031057781
0.1030199996
0.0756907332
0.1263571832
0.1148701665
0.1109588168
0.0973506600
0.1127778138
0.0855179831
0.0000000000
0.0966666975
0.1295293300
0.0000000000
0.1146574440
0.0000000000
0.0000000000
0.0000000000
0.0
0.0827187973
0.0684900661
0.0676666883
0.0000000000
0.1168207920
0.0900582106
0.0000000000
0.0
0.0000000000
0.1075847433
0.0985907958
0.0935979135
0.0000000000
0.0
0.0000000000
0.0
0.0
0.0000000000
0.0000000000
0.0000000000
0.0000000000
0.0817359997
0.1064746686
0.0000000000
0.0000000000
0.0000000000
0.0897319127
0.0000000000
0.0000000000
0.0000000000
0.0819523756
0.1157290089
0.0000000000
0.0000000000
0.0000000000
0.0867764818
0.0000000000
0.0000000000
0.0000000000
0.0000000000
0.0000000000
0.0000000000
0.0000000000
0.0000000000
0.0000000000
0.0000000000
0.1062007200
0.0000000000
0.0000000000
0.1080541357
0.0000000000
0.1197582587
0.0943826521
0.0000000000
0.0934566336
0.0754601094
0.0000000000
0.0000000000
0.0000000000
0.0000000000
0.0000000000
0.0000000000
0.0000000000
0.0000000000
0.0822244618
0.1105625353
0.0000000000
0.0000000000
0.0000000000
0.0985907958
0.0000000000
0.0
0.0000000000
0.0000000000
0.0000000000
