0.0
0.0
0.0
0.0
0.0
0.0
0.0
0.0
0.0
0.0
0.0
0.0
0.0
0.0
0.0
0.0
0.0
0.0
0.0
0.0
0.0
0.0
0.0
0.0
0.0
0.0
0.0
0.0
0.0
0.0
0.0
0.0000000000
0.0
0.0
0.0
0.0
0.0
0.0
0.0
0.0
0.0
0.0
0.0
0.0
0.0
0.0
0.0
0.0
0.0
0.0
0.0
0.0
0.0536204530
0.0
0.0
0.0
0.0
0.0
0.0
0.0
0.0
0.0474924012
0.0
0.0
0.0
0.0
0.0
0.0
0.0
0.0
0.0000000000
0.0
0.0
0.0
0.0
0.0
0.0
0.0
0.0
0.0
0.0
0.0
0.0
0.0
0.0
0.0773132113
0.0
0.0
0.0
0.0
0.0
0.0212765957
0.0
0.0
0.0
0.0
0.0000000000
0.0
0.0
0.0
0.0189125296
0.0
0.0627258129
0.0
0.0
0.0
0.0
0.0
0.0
0.0
0.0
0.0239361702
0.0
0.0
0.0
0.0
0.0
0.0
0.0
0.0
0.0106382979
0.0
0.0678462875
0.0437430011
0.0831117021
0.0
0.0000000000
0.0
0.0283687943
0.0
0.0
0.0
0.0
0.0
0.0
0.0
0.0425531915
0.0
0.0651856487
0.0
0.0
0.0000000000
0.0106382979
0.0627258129
0.0
0.0
0.0455406587
0.0
0.0
0.0
0.0106382979
0.0239361702
0.0
0.0
0.0
0.0
0.0
0.0
0.0106382979
0.0000000000
0.0
0.0332446809
0.0
0.0
0.0
0.0
0.0
0.0
0.0000000000
0.0
0.0
0.0
0.0
0.0
0.0
0.0
0.0
0.0
0.0627258129
0.0
0.0
0.0506585613
0.0
0.0462534690
0.0
0.0
0.0
0.0664893617
0.0519448138
0.0519448138
0.0
0.0
0.0000000000
0.0
0.0000000000
0.0
0.0
0.0000000000
0.0379939210
0.0
0.0000000000
0.0000000000
0.0639320786
0.0
0.0
0.0
0.0
0.0354609929
0.0106382979
0.0106382979
0.0
0.0391113892
0.0
0.0810845874
0.0000000000
0.0000000000
0.0340425532
0.0
0.0791540020
0.0000000000
0.0000000000
0.0106382979
0.0511456628
0.0410428159
0.0544994768
0.0000000000
0.0573184153
0.0000000000
0.0
0.0
0.0000000000
0.0627258129
0.0425531915
0.0
0.0
0.0000000000
0.0000000000
0.0437430011
0.0000000000
0.0527693347
0.0
0.0000000000
0.0
0.0000000000
0.0106382979
0.0506585613
0.0000000000
0.0106382979
0.0511456628
0.0000000000
0.0212765957
0.0000000000
0.0287521564
0.0000000000
0.0000000000
0.0106382979
0.0000000000
0.0159574468
0.0000000000
0.0000000000
0.0000000000
0.0481806969
0.0
0.0159574468
0.0000000000
0.0000000000
0.0
0.0354609929
0.0000000000
0.0000000000
0.0000000000
0.0000000000
