0.0
0.0
0.0
0.0
0.0
0.0
0.0
0.0
0.0
0.1775495231
0.0000000000
0.0
0.0
0.0
0.0
0.2035323802
0.0
0.0
0.1303879310
0.0
0.0
0.0000000000
0.0
0.0
0.2781609195
0.0
0.1414377557
0.0
0.1531161025
0.0
0.2035323802
0.1451274363
0.0
0.1896551724
0.0000000000
0.0000000000
0.2384236453
0.0
0.0
0.0
0.0
0.2286254133
0.0
0.2736009045
0.0
0.0000000000
0.1720583007
0.1476960635
0.0
0.1814092954
0.2060451256
0.2035323802
0.2286254133
0.1227180527
0.1738505747
0.0
0.2060451256
0.0000000000
0.1559780857
0.0000000000
0.1775495231
