0.0
0.0
0.0
0.0
0.0
0.0
0.0
0.0
0.0
0.0
0.0
0.0
0.0
0.0
0.0
0.0
0.0
0.0
0.0
0.0
0.0
0.0
0.0
0.0
0.0
0.0
0.0
0.0
0.0
0.0
0.0
0.0659695431
0.0
0.0
0.0
0.0
0.0
0.0
0.0
0.0
0.0
0.0
0.0
0.0
0.0
0.0
0.0
0.0
0.0
0.0
0.0
0.0
0.0915211268
0.0
0.0
0.0
0.0
0.0
0.0
0.0
0.0
0.0000000000
0.0
0.0
0.0
0.0
0.0
0.0
0.0
0.0
0.0766725664
0.0
0.0
0.0
0.0
0.0
0.0
0.0
0.0
0.0
0.0
0.0
0.0
0.0
0.0
0.0560172414
0.0
0.0
0.0
0.0
0.0
0.0000000000
0.0
0.0
0.0
0.0
0.0740512821
0.0
0.0
0.0
0.0000000000
0.0
0.0080000000
0.0
0.0
0.0
0.0
0.0
0.0
0.0
0.0
0.0000000000
0.0
0.0
0.0
0.0
0.0
0.0
0.0
0.0
0.0000000000
0.0
0.0666461538
0.0
0.1096708861
0.0
0.0571252747
0.0
0.0000000000
0.0
0.0
0.0
0.0
0.0
0.0
0.0
0.0000000000
0.0
0.0000000000
0.0
0.0
0.0465806452
0.0517768924
0.0624807692
0.0
0.0
0.0881084746
0.0
0.0
0.0
0.0142857143
0.0931612903
0.0
0.0
0.0
0.0
0.0
0.0
0.0000000000
0.0753391304
0.0
0.0080000000
0.0
0.0
0.0
0.0
0.0
0.0
0.0000000000
0.0
0.0
0.0
0.0
0.0
0.0
0.0
0.0
0.0
0.0499846154
0.0
0.0
0.0938339350
0.0
0.0
0.0
0.0
0.0
0.0166666667
0.0000000000
0.0945163636
0.0
0.0
0.0000000000
0.0
0.0
0.0
0.0
0.0000000000
0.0240000000
0.0
0.0988288973
0.0740512821
0.0768994083
0.0
0.0
0.0
0.0
0.0
0.0
0.1069629630
0.0
0.0144000000
0.0
0.0503720930
0.0751213873
0.0661374046
0.0582780269
0.0
0.1060897959
0.0000000000
0.0000000000
0.0764470588
0.0000000000
0.0000000000
0.0668174807
0.0160000000
0.0863521595
0.0899377163
0.0
0.0
0.0658025316
0.0250000000
0.0250000000
0.0
0.0
0.0600277136
0.0740512821
0.0
0.0646567164
0.0000000000
0.0
0.0000000000
0.0
0.0000000000
0.0
0.0675116883
0.0790030395
0.0000000000
0.0200000000
0.0415207668
0.0000000000
0.0000000000
0.0
0.0849411765
0.0144000000
0.0456000000
0.0144000000
0.0
0.0000000000
0.0651428571
0.0080000000
0.0780540541
0.0
0.0106666667
0.0
0.0689442971
0.0
0.0
0.0000000000
0.0
0.0866400000
0.0000000000
0.0
0.0166666667
0.0797300613
0.0000000000
0.0000000000
0.0869297659
0.0
0.0
0.0000000000
0.0000000000
0.0912000000
0.0000000000
0.0000000000
0.0000000000
0.0766725664
0.0881084746
0.0
0.0702486486
0.0080000000
0.0580178571
0.0624807692
0.0773571429
0.0080000000
0.0771275964
0.0656363636
0.0000000000
0.0000000000
0.0080000000
0.0000000000
0.0000000000
0.0732169014
0.0000000000
0.0000000000
0.0000000000
0.0722000000
0.0106666667
0.0658025316
0.0080000000
0.0
0.0000000000
0.0764470588
0.0000000000
0.0000000000
0.0080000000
0.0000000000
0.0000000000
0.0000000000
0.0000000000
