0.0
0.0
0.0
0.0
0.0
0.0
0.0
0.0
0.0
0.0
0.0
0.0
0.0
0.0
0.0
0.0
0.0
0.0
0.0
0.0
0.0
0.0
0.0
0.0
0.0
0.0
0.0
0.0
0.0
0.0
0.0
0.0
0.0
0.0
0.0
0.0
0.0
0.0
0.0
0.0
0.0
0.0
0.0
0.0
0.0
0.0
0.0
0.0
0.0
0.0
0.0
0.0
0.0766197183
0.0
0.0
0.0
0.0
0.0
0.0
0.0
0.0
0.1014435523
0.0
0.0
0.0
0.0
0.0
0.0
0.0
0.0
0.0
0.0
0.0
0.0
0.0
0.0
0.0
0.0
0.0
0.0
0.0
0.0
0.0
0.0
0.0
0.0000000000
0.0
0.0
0.0
0.0
0.0
0.0
0.0
0.0
0.0
0.0
0.0868356808
0.0
0.0
0.0
0.0
0.0
0.0
0.0
0.0
0.0
0.0
0.0
0.0
0.0
0.0
0.0070422535
0.0
0.0
0.0
0.0
0.0
0.0
0.0
0.0
0.1033758104
0.0
0.0093896714
0.0
0.0786555079
0.0
0.0000000000
0.0
0.1008154188
0.0
0.0
0.0
0.0
0.0
0.0
0.0
0.0746866520
0.0
0.0140845070
0.0
0.0
0.0446685601
0.0
0.0
0.0
0.0
0.0736728061
0.0
0.0
0.0
0.0070422535
0.0954937838
0.0
0.0
0.0
0.0
0.0
0.0
0.0000000000
0.0725242323
0.0
0.0000000000
0.0
0.0
0.0
0.0
0.0
0.0
0.0740076825
0.0
0.0
0.0
0.0
0.0
0.0
0.0
0.0
0.0
0.0
0.0
0.0
0.0
0.0
0.0
0.0
0.0
0.0
0.0995822027
0.0000000000
0.0
0.0
0.0
0.0093896714
0.0
0.0
0.0
0.0
0.0000000000
0.0
0.0
0.0661857323
0.0824389374
0.0
0.0
0.0
0.0
0.0
0.0
0.0
0.0000000000
0.0
0.0
0.0
0.0925096031
0.0834958469
0.0
0.0140845070
0.0
0.0952145622
0.0000000000
0.0070422535
0.0187793427
0.0545450256
0.0894598359
0.0607525752
0.1057252607
0.0796170667
0.0070422535
0.0
0.0
0.1096410110
0.0000000000
0.0746866520
0.0
0.0
0.0714109217
0.0000000000
0.0
0.0889709844
0.0740076825
0.0
0.0000000000
0.0
0.0000000000
0.0
0.0714109217
0.0622626774
0.0140845070
0.0753781951
0.0000000000
0.0000000000
0.0
0.0
0.0980824707
0.0000000000
0.0933048146
0.0070422535
0.0
0.0000000000
0.0000000000
0.0980824707
0.0764398598
0.0
0.1057252607
0.0
0.0
0.0
0.0
0.0
0.0
0.0
0.0914701693
0.0
0.0
0.0904538341
0.0070422535
0.0
0.0631073261
0.0
0.0
0.0504077094
0.0722026170
0.0000000000
0.0
0.0000000000
0.0710990836
0.0000000000
0.0841431015
0.0
0.0000000000
0.0
0.0
0.0
0.0679820048
0.0000000000
0.0070422535
0.0
0.0
0.0070422535
0.0873012876
0.0
0.0856931060
0.0
0.0633528799
0.0000000000
0.0000000000
0.1111378167
0.0848004695
0.0000000000
0.0
0.0
0.0
0.0000000000
0.0
0.0
0.0070422535
0.0000000000
0.0728487255
0.0000000000
0.0490412354
0.0
0.0070422535
0.0
0.0093896714
0.0000000000
0.0642275745
0.0000000000
0.0000000000
0.0834958469
0.0000000000
0.0596398906
0.0093896714
0.0899540892
0.0551921700
0.0540022890
0.0655198798
0.0000000000
0.0882476430
0.0225352113
0.0577364899
0.0000000000
0.0000000000
0.0816124819
0.0
0.0000000000
0.0
0.0000000000
0.0
0.0562407259
0.0
0.0882476430
0.0
0.0839262378
0.0938425945
0.0000000000
0.0796170667
0.0000000000
0.0140845070
0.0000000000
0.1064162754
0.0000000000
0.0070422535
0.0070422535
0.0717255072
0.0491893962
0.0000000000
0.0000000000
0.0000000000
0.0000000000
0.0000000000
0.0000000000
0.0125195618
0.0000000000
0.0000000000
0.0000000000
0.0000000000
