0.0
0.0
0.0
0.0
0.0
0.0
0.0
0.0
0.0
0.0
0.0
0.0
0.0
0.0
0.0
0.0
0.0
0.0
0.0
0.0
0.0
0.0
0.0
0.0
0.0
0.0
0.0
0.0
0.0
0.0
0.0
0.0
0.0
0.0
0.0
0.0
0.0
0.0
0.0
0.0
0.0
0.0
0.0000000000
0.0000000000
0.0
0.0
0.0
0.0
0.0
0.0976986539
0.0
0.0
0.0
0.0
0.0
0.0
0.0
0.0
0.0
0.0
0.0778277413
0.0
0.0
0.0
0.0
0.0
0.0
0.0
0.0
0.0
0.0
0.0204081633
0.0
0.0
0.0
0.0000000000
0.0
0.0000000000
0.0
0.1020408163
0.0
0.0
0.0
0.0
0.0
0.0
0.0937109538
0.0
0.0
0.0
0.0
0.1391465677
0.0
0.0
0.1241036955
0.0
0.0
0.0
0.0
0.0
0.0
0.0000000000
0.0
0.0000000000
0.0
0.0
0.0
0.0000000000
0.0
0.0834879406
0.0
0.0000000000
0.0
0.0
0.0
0.0
0.1067869008
0.0
0.0937109538
0.0204081633
0.0204081633
0.1241036955
0.0000000000
0.0
0.0
0.0
0.0
0.0
0.0976986539
0.0
0.0000000000
0.0778277413
0.0
0.0204081633
0.0000000000
0.0
0.0
0.0204081633
0.0665483585
0.0629018731
0.0
0.0204081633
0.0
0.0
0.0
0.0
0.0
0.0000000000
0.0728862974
0.0
0.0000000000
0.0
0.0204081633
0.0204081633
0.0000000000
0.0204081633
0.0000000000
0.1020408163
0.0204081633
0.0000000000
0.0
0.0204081633
0.0000000000
0.0204081633
0.0000000000
0.0204081633
0.0204081633
0.0000000000
0.0000000000
