0.0
0.0
0.0
0.0
0.0
0.0
0.0
0.0
0.0
0.0
0.0
0.0
0.0
0.0
0.0
0.0
0.0
0.0
0.0
0.0
0.0
0.0
0.0
0.0
0.0
0.0
0.0
0.0
0.0
0.0
0.0
0.0
0.0
0.0
0.0
0.0
0.0
0.0
0.0
0.0
0.0
0.0
0.0
0.0
0.0
0.0
0.0
0.0
0.0
0.0
0.0
0.0
0.0
0.0
0.0
0.0
0.0
0.0
0.0
0.0
0.0000000000
0.0
0.0
0.0
0.0
0.0
0.0
0.0
0.0
0.0
0.0
0.0
0.0
0.0
0.0
0.1696009390
0.0
0.0
0.0
0.1736778846
0.0
0.0
0.0
0.0
0.0
0.0
0.0000000000
0.0
0.0
0.0
0.0
0.2052556818
0.0
0.0
0.0
0.0
0.0
0.0
0.0
0.0
0.0
0.0
0.0
0.0
0.0
0.0
0.0
0.1358082707
0.0
0.2064285714
0.0
0.0
0.0
0.0
0.0
0.0
0.0000000000
0.0
0.1584429825
0.1672453704
0.0
0.0138888889
0.0
0.0
0.0
0.0
0.0
0.0
0.0
0.0
0.0
0.0
0.0
0.1550429185
0.0
0.0
0.0
0.1984890110
0.1492768595
0.2617753623
0.0
0.1634615385
0.0
0.0
0.0
0.0
0.0
0.0
0.0
0.0
0.0138888889
0.0
0.1557112069
0.0
0.0
0.1680232558
0.1400193798
0.2006944444
0.1373574144
0.2376644737
0.0
0.2018156425
0.1411132812
0.0138888889
0.1462550607
0.0
0.0
0.0138888889
0.0
0.0
0.0
0.1672453704
0.1680232558
0.1169093851
0.0
0.1963315217
0.1720238095
0.2125000000
0.0
0.0138888889
0.0
0.0
0.2018156425
0.1634615385
0.1570652174
0.0
0.2076149425
0.0000000000
0.2064285714
0.0000000000
0.1358082707
0.0000000000
0.1154153355
0.0
0.0
0.0
0.1299460432
0.1342936803
0.1368371212
0.0
0.0
0.0
0.0138888889
0.0
0.1150477707
0.1505208333
0.1358082707
0.1881510417
0.0
0.0000000000
0.0000000000
0.1245689655
0.1619955157
0.1290178571
0.1394787645
0.1180555556
0.0138888889
0.1216329966
0.1180555556
0.0
0.0000000000
0.0
0.1358082707
0.1333025830
0.0138888889
0.0000000000
0.1299460432
0.0000000000
0.1605555556
0.0000000000
0.0000000000
