0.0
0.0
0.0
0.0
0.0
0.0
0.0
0.0
0.0
0.0
0.0
0.0
0.0
0.0
0.0
0.0
0.0
0.0
0.0
0.0
0.0
0.0
0.0
0.0
0.0
0.0
0.0
0.0
0.0
0.0
0.0
0.0
0.0
0.0
0.0
0.0
0.0
0.0
0.0
0.0
0.0
0.0
0.0
0.0
0.0
0.0
0.0
0.0
0.0
0.0
0.0
0.0
0.0
0.0
0.0
0.0
0.0
0.0
0.0
0.0
0.1432923833
0.0
0.0
0.0
0.0
0.0
0.0
0.0
0.0
0.0
0.0
0.0
0.0
0.0
0.0
0.1799333580
0.0
0.0
0.0
0.1807587404
0.0
0.0
0.0
0.0
0.0
0.0
0.0000000000
0.0
0.0
0.0
0.0
0.2107240931
0.0
0.0
0.0
0.0
0.0
0.0
0.0
0.0
0.0
0.0
0.0
0.0
0.0
0.0
0.0
0.1392417152
0.0
0.2141598120
0.0
0.0
0.0
0.0
0.0
0.0
0.0000000000
0.0
0.1628322537
0.1713278496
0.0
0.0135135135
0.0
0.0
0.0
0.0
0.0
0.0
0.0
0.0
0.0
0.0
0.0
0.1515592516
0.0
0.0
0.0
0.2041730850
0.1527341295
0.2699000370
0.0
0.1743602009
0.0
0.0
0.0
0.0
0.0
0.0
0.0
0.0
0.0270270270
0.0
0.1628322537
0.0
0.0
0.1621621622
0.1705861706
0.1807587404
0.1475857880
0.2388206388
0.0
0.2063110231
0.1521444224
0.0135135135
0.1563706564
0.0
0.0
0.0180180180
0.0
0.0
0.0
0.1775018262
0.1824324324
0.1243072726
0.0
0.2073968706
0.1735920943
0.2177094221
0.0
0.0135135135
0.0
0.0
0.2096032202
0.1698508854
0.1614975631
0.0
0.2213786821
0.0000000000
0.2084942085
0.0000000000
0.1392417152
0.0000000000
0.1504023107
0.0
0.0
0.0
0.1335776454
0.1392417152
0.1402327594
0.0
0.0
0.0
0.0135135135
0.0
0.1179802557
0.1582546402
0.1432923833
0.1922214898
0.0
0.0000000000
0.1138884549
0.1304814749
0.1676825762
0.1326781327
0.1492628993
0.1783050018
0.0135135135
0.1291980505
0.1262993763
0.0
0.0000000000
0.0
0.1392417152
0.1438153482
0.0135135135
0.0180180180
0.1335776454
0.1344894382
0.1662675334
0.0000000000
0.0000000000
0.0000000000
0.0000000000
