0.0
0.0
0.0
0.0
0.0
0.0
0.0000000000
0.0
0.0
0.0000000000
0.0
0.0
0.0
0.0
0.0
0.0
0.0
0.0
0.0
0.0
0.0
0.0
0.0
0.0000000000
0.0
0.0
0.0
0.0
0.0
0.0
0.0
0.0
0.0
0.0
0.0
0.0
0.0
0.0
0.0
0.0
0.0
0.0
0.0000000000
0.0
0.0
0.0
0.0
0.0
0.0
0.0
0.0
0.0
0.0000000000
0.0
0.0057471264
0.0
0.0
0.0
0.0038314176
0.0
0.0
0.0000000000
0.0
0.0
0.0
0.0000000000
0.0
0.0057471264
0.0000000000
0.0
0.0000000000
0.0216622458
0.0
0.0
0.0301387768
0.0
0.0
0.0
0.0
0.0
0.0
0.0
0.0
0.0000000000
0.0
0.0276426204
0.0
0.0
0.0
0.0
0.0
0.0
0.0000000000
0.0
0.0000000000
0.0
0.0
0.0
0.0107015458
0.0
0.0
0.0
0.0
0.0
0.0
0.0
0.0
0.0
0.0
0.0
0.0
0.0038314176
0.0
0.0
0.0
0.0
0.0
0.0000000000
0.0
0.0
0.0
0.0304442373
0.0
0.0000000000
0.0
0.0201149425
0.0
0.0
0.0000000000
0.0
0.0
0.0
0.0
0.0
0.0109533469
0.0057471264
0.0
0.0
0.0
0.0320693746
0.0164143793
0.0
0.0
0.0
0.0249625880
0.0
0.0303417315
0.0038314176
0.0043103448
0.0000000000
0.0000000000
0.0
0.0091277890
0.0
0.0
0.0
0.0
0.0
0.0219792543
0.0
0.0
0.0212535242
0.0
0.0
0.0
0.0
0.0000000000
0.0070402299
0.0331304936
0.0
0.0122504537
0.0
0.0
0.0
0.0028735632
0.0
0.0
0.0064655172
0.0
0.0152221187
0.0
0.0000000000
0.0
0.0
0.0
0.0
0.0
0.0
0.0000000000
0.0
0.0000000000
0.0228139095
0.0163339383
0.0
0.0000000000
0.0
0.0
0.0
0.0100574713
0.0
0.0198929233
0.0271430550
0.0
0.0
0.0
0.0
0.0000000000
0.0028735632
0.0
0.0
0.0256008359
0.0
0.0
0.0028735632
0.0000000000
0.0
0.0
0.0038314176
0.0057471264
0.0000000000
0.0
0.0
0.0
0.0
0.0
0.0000000000
0.0
0.0
0.0028735632
0.0
0.0
0.0
0.0256737728
0.0
0.0171321184
0.0
0.0028735632
0.0038314176
0.0
0.0
0.0028735632
0.0138960371
0.0
0.0
0.0
0.0286079183
0.0
0.0095982936
0.0
0.0000000000
0.0
0.0000000000
0.0237770297
0.0
0.0
0.0000000000
0.0000000000
0.0
0.0
0.0000000000
0.0
0.0000000000
0.0
0.0
0.0
0.0
0.0000000000
0.0145474138
0.0000000000
0.0028735632
0.0
0.0038314176
0.0165957537
0.0028735632
0.0
0.0
0.0
0.0
0.0000000000
0.0
0.0
0.0
0.0057471264
0.0028735632
0.0229300108
0.0
0.0038314176
0.0
0.0
0.0028735632
0.0
0.0000000000
0.0028735632
0.0244213936
0.0038314176
0.0
0.0
0.0070532915
0.0
0.0
0.0212535242
0.0
0.0
0.0
0.0
0.0000000000
0.0
0.0038314176
0.0038314176
0.0
0.0
0.0
0.0
0.0
0.0078224777
0.0
0.0125815471
0.0110837438
0.0
0.0000000000
0.0000000000
0.0000000000
0.0
0.0265043949
0.0
0.0190517849
0.0000000000
0.0
0.0198054819
0.0
0.0215585987
0.0
0.0167811811
0.0207638116
0.0
0.0038314176
0.0
0.0
0.0081669691
0.0057471264
0.0
0.0000000000
0.0241595020
0.0
0.0
0.0
0.0
0.0
0.0243553899
0.0127538970
0.0
0.0
0.0038314176
0.0
0.0184661767
0.0000000000
0.0
0.0000000000
0.0
0.0
0.0038314176
0.0
0.0057471264
0.0
0.0081669691
0.0
0.0
0.0
0.0000000000
0.0
0.0
0.0000000000
0.0043103448
0.0000000000
0.0
0.0000000000
0.0000000000
0.0093103448
0.0119731801
0.0
0.0000000000
0.0
0.0038314176
0.0028735632
0.0
0.0190517849
0.0028735632
0.0038314176
0.0038314176
0.0028735632
0.0038314176
0.0038314176
0.0000000000
0.0211537424
0.0
0.0
0.0
0.0000000000
0.0057471264
0.0
0.0
0.0231657950
0.0
0.0100574713
0.0000000000
0.0000000000
0.0
0.0000000000
0.0
0.0000000000
0.0
0.0000000000
0.0071839080
0.0000000000
0.0000000000
0.0000000000
0.0054155615
0.0028735632
0.0038314176
0.0064655172
0.0000000000
0.0148704526
0.0203419735
0.0000000000
0.0064655172
0.0
0.0
0.0028735632
0.0
0.0028735632
0.0000000000
0.0
0.0000000000
0.0
0.0000000000
0.0000000000
0.0187349153
0.0043103448
0.0071839080
0.0
0.0000000000
0.0000000000
0.0
0.0028735632
0.0
0.0000000000
0.0133004926
0.0088002874
0.0000000000
0.0
0.0000000000
0.0080959520
0.0
0.0000000000
0.0000000000
0.0
0.0057471264
0.0152221187
0.0
0.0000000000
0.0000000000
0.0000000000
0.0000000000
0.0000000000
0.0
0.0000000000
0.0000000000
0.0000000000
0.0
0.0000000000
0.0
0.0028735632
0.0000000000
0.0269805217
0.0000000000
0.0000000000
0.0000000000
0.0
0.0000000000
0.0190517849
0.0
0.0155172414
0.0
0.0000000000
0.0275580864
0.0
0.0225287356
0.0
0.0000000000
0.0071839080
0.0028735632
0.0
0.0
0.0
0.0000000000
0.0000000000
0.0000000000
0.0191326842
0.0043103448
0.0
0.0038314176
0.0163547990
0.0000000000
0.0000000000
0.0028735632
0.0058668582
0.0243553899
0.0000000000
0.0
0.0
0.0038314176
0.0
0.0028735632
0.0000000000
0.0000000000
0.0000000000
0.0256008359
0.0000000000
0.0000000000
0.0000000000
0.0000000000
0.0000000000
0.0000000000
0.0180953700
0.0057471264
0.0000000000
0.0000000000
0.0028735632
0.0057471264
0.0000000000
0.0149196925
0.0152221187
0.0000000000
0.0000000000
0.0
0.0028735632
0.0028735632
0.0000000000
0.0028735632
0.0149196925
0.0000000000
0.0000000000
0.0028735632
0.0000000000
0.0
0.0000000000
0.0000000000
0.0000000000
0.0000000000
0.0089798851
0.0028735632
0.0028735632
0.0000000000
0.0
0.0028735632
0.0000000000
0.0000000000
0.0000000000
0.0038314176
0.0188920215
0.0000000000
0.0000000000
0.0000000000
0.0232855149
0.0038314176
0.0000000000
0.0000000000
0.0000000000
0.0000000000
0.0000000000
0.0
0.0000000000
0.0000000000
0.0000000000
0.0064655172
0.0000000000
0.0000000000
0.0000000000
0.0
0.0000000000
0.0000000000
0.0
0.0169388990
0.0000000000
0.0000000000
0.0038314176
0.0221412635
0.0000000000
0.0028735632
0.0028735632
0.0028735632
0.0000000000
0.0057471264
0.0057471264
0.0000000000
0.0038314176
0.0028735632
0.0000000000
0.0000000000
0.0000000000
0.0000000000
0.0000000000
0.0070402299
0.0
0.0000000000
0.0000000000
0.0000000000
0.0000000000
0.0000000000
0.0000000000
0.0000000000
0.0
0.0028735632
0.0000000000
0.0120913569
0.0000000000
0.0000000000
0.0028735632
0.0000000000
0.0059865900
0.0000000000
0.0038314176
0.0000000000
0.0000000000
0.0000000000
0.0000000000
0.0000000000
0.0000000000
0.0000000000
0.0000000000
0.0000000000
0.0000000000
0.0000000000
0.0000000000
0.0000000000
0.0000000000
0.0000000000
0.0000000000
0.0000000000
