0.0
0.0
0.0
0.0
0.0
0.0
0.0
0.2388059701
0.0
0.0
0.0
0.0
0.0
0.0
0.0
0.0
0.0
0.0
0.0
0.0
0.1889763780
0.0
0.0
0.1509433962
0.0
0.0
0.0
0.0
0.0
0.0
0.0
0.2000000000
0.2077922078
0.1363636364
0.0
0.0
0.0
0.1638225256
0.0
0.1355932203
0.0
0.0
0.0
0.2051282051
0.0
0.2364532020
0.0
0.0
0.0
0.0
0.0
0.0
0.0
0.2191780822
0.2307692308
0.0
0.0
0.1594684385
0.0
0.1333333333
0.0
0.1912350598
0.0
0.1967213115
0.2307692308
0.1355932203
0.0000000000
0.0
0.1983471074
0.0
0.1627118644
0.1784386617
0.2448979592
0.0
0.0
0.0000000000
0.2068965517
0.1605351171
0.0
0.0
0.0
0.1784386617
0.1472392638
0.0
0.1632653061
0.2296650718
0.1627118644
0.0
0.1951219512
0.1655172414
0.0
0.2000000000
0.2211981567
0.2622950820
0.0
0.1897233202
0.1875000000
0.1355932203
0.2086956522
0.1363636364
0.1672473868
0.1387283237
0.2222222222
0.1804511278
0.0
0.0000000000
0.0
0.0000000000
0.2436548223
0.1167883212
0.1167883212
0.1897233202
0.2000000000
0.1672473868
0.0000000000
0.0
0.1387283237
0.1811320755
0.0
0.1764705882
0.0000000000
0.0
0.1889763780
0.2077922078
0.1472392638
0.1538461538
0.1758241758
0.0000000000
0.2162162162
0.0000000000
0.0000000000
0.1476923077
0.0000000000
0.0000000000
0.1359773371
0.1246753247
0.0000000000
0.0000000000
0.0000000000
0.0000000000
