0.0
0.0
0.0
0.0
0.0
0.0
0.1129162191
0.0
0.0
0.0
0.0
0.0
0.0
0.0
0.0
0.0640420347
0.0
0.0
0.0
0.0
0.0
0.0
0.0
0.0
0.0
0.0
0.0
0.0
0.0
0.0000000000
0.0
0.1329013906
0.0997864262
0.0
0.0
0.0
0.1168704836
0.0000000000
0.0000000000
0.0
0.1220963995
0.0000000000
0.0
0.0700133200
0.0772126331
0.0
0.0
0.0
0.0
0.0725500345
0.0
0.0
0.1072704082
0.0
0.0000000000
0.0
0.0803093965
0.0838986433
0.0
0.0
0.0
0.0
0.0
0.0
0.0
0.0
0.0
0.0000000000
0.0
0.0
0.0688892529
0.0679541047
0.0776116648
0.0
0.0910173160
0.0
0.0786275243
0.0
0.0000000000
0.0832014246
0.0991277699
0.1112433862
0.0994560076
0.0133928571
0.0935692034
0.0891267486
0.0
0.0838986433
0.0614227286
0.0611725342
0.0
0.0
0.0
0.0
0.0
0.0
0.0550104657
0.0089285714
0.0
0.0
0.0
0.0000000000
0.0836649423
0.0000000000
0.0
0.0000000000
0.0
0.0
0.0734369542
0.0676480051
0.0780148423
0.0873131229
0.1216020821
0.0200892857
0.0891267486
0.0727257004
0.0965778594
0.0000000000
0.0652950311
0.0
0.0
0.0718557758
0.1084321815
0.0807411674
0.0
0.0935692034
0.0904690189
0.0
0.0
0.0000000000
0.1007909875
0.1068886629
0.0820647931
0.0
0.0953514739
0.0891267486
0.0772126331
0.0
0.0727257004
0.0991277699
0.1137716450
0.0089285714
0.0550104657
0.0000000000
0.0089285714
0.0089285714
0.0000000000
0.0
0.0639057751
0.0200892857
0.0000000000
0.0000000000
0.0000000000
0.0089285714
0.0
0.0000000000
0.0000000000
0.1061332660
0.0000000000
0.0548096976
0.0133928571
0.0
0.0000000000
0.0000000000
0.0089285714
0.0000000000
0.0000000000
0.0000000000
0.0000000000
0.0089285714
0.0618018812
0.0000000000
0.0571021184
0.0
0.0000000000
0.0000000000
0.0000000000
0.0119047619
0.0988016917
0.0000000000
0.0000000000
0.0000000000
0.0000000000
0.0000000000
0.0178571429
0.0000000000
0.0888630600
0.0119047619
0.0000000000
0.0089285714
0.0000000000
0.0000000000
