0.0
0.0
0.0
0.0
0.0
0.0
0.0089007977
0.0
0.0
0.0000000000
0.0
0.0
0.0
0.0
0.0
0.0
0.0
0.0
0.0
0.0
0.0
0.0
0.0
0.0054744526
0.0
0.0
0.0
0.0
0.0
0.0
0.0
0.0
0.0
0.0
0.0
0.0
0.0
0.0
0.0
0.0
0.0
0.0
0.0000000000
0.0
0.0
0.0
0.0
0.0
0.0
0.0
0.0
0.0
0.0000000000
0.0
0.0054744526
0.0
0.0
0.0
0.0055613486
0.0
0.0
0.0000000000
0.0
0.0
0.0
0.0067958721
0.0
0.0048661800
0.0000000000
0.0
0.0000000000
0.0081907840
0.0
0.0
0.0132468235
0.0
0.0
0.0
0.0
0.0
0.0
0.0
0.0
0.0024330900
0.0
0.0163037827
0.0
0.0
0.0
0.0
0.0
0.0
0.0024330900
0.0
0.0000000000
0.0
0.0
0.0
0.0089007977
0.0
0.0
0.0
0.0
0.0
0.0
0.0
0.0
0.0
0.0
0.0
0.0
0.0036496350
0.0
0.0
0.0
0.0
0.0
0.0000000000
0.0
0.0
0.0
0.0137233279
0.0
0.0000000000
0.0
0.0150200203
0.0
0.0
0.0000000000
0.0
0.0
0.0
0.0
0.0
0.0079628401
0.0048661800
0.0
0.0
0.0
0.0167328296
0.0036496350
0.0
0.0
0.0
0.0144510801
0.0
0.0183417556
0.0032441200
0.0036496350
0.0000000000
0.0054744526
0.0
0.0054744526
0.0
0.0
0.0
0.0
0.0
0.0036496350
0.0
0.0
0.0
0.0
0.0
0.0
0.0
0.0000000000
0.0048661800
0.0200793956
0.0
0.0101907684
0.0
0.0
0.0
0.0121499527
0.0
0.0
0.0054744526
0.0
0.0000000000
0.0
0.0000000000
0.0
0.0
0.0
0.0
0.0
0.0
0.0000000000
0.0
0.0000000000
0.0
0.0132672267
0.0
0.0000000000
0.0
0.0
0.0
0.0108383101
0.0
0.0054744526
0.0132468235
0.0
0.0
0.0
0.0
0.0000000000
0.0085687083
0.0
0.0
0.0129276229
0.0
0.0
0.0024330900
0.0048661800
0.0
0.0
0.0024330900
0.0048661800
0.0000000000
0.0
0.0
0.0
0.0
0.0
0.0000000000
0.0
0.0
0.0032441200
0.0
0.0
0.0
0.0114912204
0.0
0.0100928179
0.0
0.0024330900
0.0054744526
0.0
0.0
0.0053264944
0.0115272626
0.0
0.0
0.0
0.0109489051
0.0
0.0082725061
0.0
0.0032441200
0.0
0.0032441200
0.0032441200
0.0
0.0
0.0000000000
0.0105974588
0.0
0.0
0.0000000000
0.0
0.0000000000
0.0
0.0
0.0
0.0
0.0024330900
0.0123361933
0.0000000000
0.0036496350
0.0
0.0048661800
0.0048661800
0.0043254934
0.0
0.0
0.0
0.0
0.0024330900
0.0
0.0
0.0
0.0085687083
0.0024330900
0.0190754258
0.0
0.0115375559
0.0
0.0
0.0103670792
0.0
0.0000000000
0.0024330900
0.0108383101
0.0032441200
0.0
0.0
0.0000000000
0.0
0.0
0.0090167454
0.0
0.0
0.0
0.0
0.0000000000
0.0
0.0032441200
0.0032441200
0.0
0.0
0.0
0.0
0.0
0.0094955106
0.0
0.0101907684
0.0096323701
0.0
0.0024330900
0.0000000000
0.0000000000
0.0
0.0175003906
0.0
0.0116313572
0.0000000000
0.0
0.0105974588
0.0
0.0139236685
0.0
0.0055613486
0.0048661800
0.0
0.0063574288
0.0
0.0
0.0069620101
0.0048661800
0.0
0.0000000000
0.0158961882
0.0
0.0
0.0
0.0
0.0
0.0067377878
0.0111613177
0.0
0.0
0.0032441200
0.0
0.0032441200
0.0000000000
0.0
0.0
0.0
0.0
0.0032441200
0.0
0.0024330900
0.0
0.0069620101
0.0
0.0
0.0
0.0000000000
0.0
0.0
0.0000000000
0.0000000000
0.0
0.0
0.0063574288
0.0000000000
0.0074017160
0.0101378751
0.0
0.0000000000
0.0
0.0085839416
0.0024330900
0.0
0.0116313572
0.0024330900
0.0032441200
0.0048661800
0.0055613486
0.0032441200
0.0032441200
0.0000000000
0.0131554661
0.0
0.0
0.0
0.0000000000
0.0038929440
0.0
0.0
0.0114912204
0.0
0.0120560978
0.0000000000
0.0
0.0
0.0000000000
0.0
0.0000000000
0.0
0.0054744526
0.0060827251
0.0000000000
0.0000000000
0.0000000000
0.0032441200
0.0024330900
0.0000000000
0.0
0.0000000000
0.0
0.0105974588
0.0000000000
0.0
0.0
0.0
0.0048661800
0.0
0.0067958721
0.0000000000
0.0
0.0000000000
0.0
0.0000000000
0.0000000000
0.0110903638
0.0000000000
0.0076034063
0.0
0.0000000000
0.0000000000
0.0
0.0054744526
0.0
0.0000000000
0.0101907684
0.0032441200
0.0000000000
0.0
0.0000000000
0.0
0.0
0.0000000000
0.0000000000
0.0
0.0102189781
0.0038929440
0.0
0.0024330900
0.0024330900
0.0000000000
0.0000000000
0.0
0.0
0.0000000000
0.0024330900
0.0000000000
0.0
0.0
0.0
0.0054744526
0.0000000000
0.0137233279
0.0000000000
0.0072992701
0.0000000000
0.0
0.0000000000
0.0116313572
0.0
0.0127847821
0.0
0.0024330900
0.0156355949
0.0
0.0124675986
0.0
0.0024330900
0.0060827251
0.0000000000
0.0
0.0
0.0
0.0000000000
0.0000000000
0.0000000000
0.0117749542
0.0036496350
0.0
0.0000000000
0.0000000000
0.0024330900
0.0000000000
0.0093847758
0.0083177729
0.0079628401
0.0000000000
0.0
0.0
0.0067483818
0.0
0.0024330900
0.0036496350
0.0000000000
0.0000000000
0.0145613937
0.0064251060
0.0032441200
0.0000000000
0.0000000000
0.0
0.0000000000
0.0054744526
0.0
0.0000000000
0.0000000000
0.0024330900
0.0054744526
0.0000000000
0.0000000000
0.0064882401
0.0000000000
0.0000000000
0.0
0.0038929440
0.0024330900
0.0000000000
0.0064510369
0.0
0.0024330900
0.0000000000
0.0024330900
0.0
0.0
0.0000000000
0.0038929440
0.0000000000
0.0000000000
0.0060827251
0.0036496350
0.0064882401
0.0000000000
0.0
0.0024330900
0.0000000000
0.0000000000
0.0000000000
0.0093847758
0.0064882401
0.0000000000
0.0000000000
0.0000000000
0.0106236901
0.0032441200
0.0000000000
0.0000000000
0.0036496350
0.0000000000
0.0
0.0
0.0000000000
0.0000000000
0.0000000000
0.0054744526
0.0032441200
0.0048661800
0.0000000000
0.0
0.0048661800
0.0000000000
0.0
0.0043254934
0.0000000000
0.0000000000
0.0036496350
0.0123332494
0.0000000000
0.0055613486
0.0024330900
0.0048661800
0.0000000000
0.0077858881
0.0077193719
0.0000000000
0.0036496350
0.0064882401
0.0000000000
0.0000000000
0.0
0.0000000000
0.0000000000
0.0090167454
0.0
0.0024330900
0.0000000000
0.0000000000
0.0000000000
0.0000000000
0.0000000000
0.0000000000
0.0
0.0032441200
0.0000000000
0.0099037045
0.0000000000
0.0000000000
0.0075608927
0.0000000000
0.0000000000
0.0000000000
0.0088677083
0.0000000000
0.0000000000
0.0000000000
0.0000000000
0.0067377878
0.0000000000
0.0000000000
0.0000000000
0.0024330900
0.0
0.0000000000
0.0054744526
0.0024330900
0.0053264944
0.0000000000
0.0000000000
0.0000000000
0.0000000000
0.0000000000
0.0077858881
0.0000000000
0.0024330900
0.0000000000
0.0000000000
0.0000000000
0.0000000000
0.0000000000
0.0000000000
0.0000000000
0.0
0.0000000000
0.0032441200
0.0000000000
0.0000000000
0.0000000000
0.0000000000
0.0000000000
0.0000000000
0.0000000000
0.0000000000
0.0000000000
0.0000000000
0.0000000000
0.0000000000
0.0000000000
0.0000000000
0.0000000000
0.0000000000
0.0050689376
0.0
0.0000000000
0.0000000000
0.0096666009
0.0048661800
0.0000000000
0.0000000000
0.0000000000
0.0024330900
0.0032441200
0.0000000000
0.0000000000
0.0000000000
0.0000000000
0.0000000000
0.0000000000
0.0000000000
0.0000000000
0.0000000000
0.0000000000
0.0000000000
0.0000000000
0.0000000000
0.0000000000
0.0000000000
0.0000000000
0.0000000000
0.0000000000
0.0000000000
0.0036496350
0.0000000000
0.0000000000
0.0000000000
0.0000000000
0.0000000000
0.0000000000
0.0000000000
0.0000000000
0.0000000000
0.0000000000
0.0000000000
0.0000000000
0.0000000000
0.0000000000
0.0000000000
0.0000000000
0.0000000000
0.0000000000
0.0000000000
0.0000000000
0.0000000000
