0.0
0.0
0.0
0.0
0.0
0.0
0.0
0.0
0.0
0.0
0.0
0.0
0.0
0.0
0.0
0.0
0.0
0.0
0.0
0.0
0.0
0.0
0.0
0.0
0.0
0.0
0.0
0.0
0.0
0.0
0.0
0.0
0.0
0.0
0.0
0.0
0.0
0.0
0.0
0.0
0.0
0.0
0.0
0.0
0.0
0.0
0.0
0.0
0.0
0.0
0.0
0.0
0.0
0.0
0.0
0.0
0.0
0.0
0.0
0.0
0.0996121934
0.0
0.0
0.0
0.0
0.0
0.0
0.0
0.0
0.0
0.0
0.0
0.0
0.0
0.0
0.1000452899
0.0
0.0
0.0
0.1243806306
0.0
0.0
0.0
0.0
0.0
0.0
0.0909502635
0.0
0.0
0.0
0.0
0.1211074561
0.0
0.0
0.0
0.0
0.0
0.0
0.0
0.0
0.0
0.0
0.0
0.0
0.0
0.0
0.0
0.0
0.0
0.1411682004
0.0
0.0
0.0
0.0
0.0
0.0
0.0
0.0
0.1330081888
0.1085397013
0.0
0.0104166667
0.0
0.0
0.0
0.0
0.0
0.0
0.0
0.0
0.0
0.0
0.0
0.1361563116
0.0
0.0
0.0
0.1264308608
0.0
0.1345638402
0.0
0.1217482363
0.0
0.0
0.0
0.0
0.0
0.0
0.0
0.0
0.1018160029
0.0
0.0289351852
0.0
0.0
0.0
0.1198459201
0.0
0.0104166667
0.0
0.0
0.0104166667
0.0975017655
0.0104166667
0.1250566123
0.0
0.0
0.0104166667
0.0
0.0
0.0
0.1484543011
0.0
0.1292720037
0.0
0.0000000000
0.1211074561
0.1223958333
0.0
0.1139129538
0.0
0.0
0.1278356481
0.0996121934
0.0289351852
0.0
0.0
0.0
0.1198459201
0.0
0.0
0.0830700963
0.1307410038
0.0
0.0
0.0
0.0
0.0
0.0891876615
0.0
0.0
0.0
0.0
0.0
0.0104166667
0.0372023810
0.1377869261
0.0
0.0
0.0824746117
0.0
0.0
0.0
0.0000000000
0.1337814922
0.1100976874
0.0
0.1100976874
0.0996121934
0.0
0.0104166667
0.0
0.0891876615
0.1475026709
0.0
0.0104166667
0.0
0.0200320513
0.1133518062
0.0000000000
0.1230503565
0.0
0.0104166667
0.0845971201
0.0000000000
0.1314880952
0.0104166667
0.0
0.0
0.0
0.0104166667
0.0902369281
0.0987571531
0.0000000000
0.0888433076
0.0200320513
0.0000000000
0.0924113119
0.1080301252
0.0769579153
0.0000000000
0.0
0.0104166667
0.0104166667
0.0000000000
0.0
0.0
0.0104166667
0.0000000000
0.0845971201
0.0000000000
0.0104166667
0.0987571531
0.0104166667
0.0
0.0000000000
0.0
0.0104166667
0.0104166667
0.0104166667
0.0000000000
0.0236742424
0.0000000000
0.0104166667
0.1018160029
0.0104166667
0.0104166667
0.0000000000
0.0000000000
0.0000000000
0.0000000000
0.0000000000
0.0000000000
0.0000000000
0.0000000000
