0.0
0.0
0.0
0.0
0.0
0.0
0.0039823009
0.0
0.0
0.0088495575
0.0
0.0
0.0
0.0
0.0
0.0
0.0
0.0
0.0
0.0
0.0
0.0
0.0
0.0094395280
0.0
0.0
0.0
0.0
0.0
0.0
0.0
0.0
0.0
0.0
0.0
0.0
0.0
0.0
0.0
0.0
0.0
0.0
0.0000000000
0.0
0.0
0.0
0.0
0.0
0.0
0.0
0.0
0.0
0.0085091899
0.0
0.0022123894
0.0
0.0
0.0
0.0022123894
0.0
0.0
0.0000000000
0.0
0.0
0.0
0.0057807593
0.0
0.0049778761
0.0022123894
0.0
0.0071681416
0.0022123894
0.0
0.0
0.0
0.0
0.0
0.0
0.0
0.0
0.0
0.0
0.0
0.0022123894
0.0
0.0105413847
0.0
0.0
0.0
0.0
0.0
0.0
0.0045675136
0.0
0.0000000000
0.0
0.0
0.0
0.0063386712
0.0
0.0
0.0
0.0
0.0
0.0
0.0
0.0
0.0
0.0
0.0
0.0
0.0000000000
0.0
0.0
0.0
0.0
0.0
0.0061455261
0.0
0.0
0.0
0.0093701197
0.0
0.0000000000
0.0
0.0000000000
0.0
0.0
0.0000000000
0.0
0.0
0.0
0.0
0.0
0.0
0.0044247788
0.0
0.0
0.0
0.0127433628
0.0029498525
0.0
0.0
0.0
0.0119469027
0.0
0.0071681416
0.0039823009
0.0074522590
0.0000000000
0.0022123894
0.0
0.0000000000
0.0
0.0
0.0
0.0
0.0
0.0000000000
0.0
0.0
0.0
0.0
0.0
0.0
0.0
0.0000000000
0.0074522590
0.0144810941
0.0
0.0072606597
0.0
0.0
0.0
0.0085335019
0.0
0.0
0.0052441822
0.0
0.0000000000
0.0
0.0000000000
0.0
0.0
0.0
0.0
0.0
0.0
0.0000000000
0.0
0.0000000000
0.0
0.0
0.0
0.0000000000
0.0
0.0
0.0
0.0107928725
0.0
0.0029498525
0.0133112094
0.0
0.0
0.0
0.0
0.0000000000
0.0085335019
0.0
0.0
0.0000000000
0.0
0.0
0.0022123894
0.0051929695
0.0
0.0
0.0022123894
0.0073746313
0.0022123894
0.0
0.0
0.0
0.0
0.0
0.0000000000
0.0
0.0
0.0029498525
0.0
0.0
0.0
0.0070796460
0.0
0.0036873156
0.0
0.0
0.0048095421
0.0
0.0
0.0051201011
0.0083195059
0.0
0.0
0.0
0.0045675136
0.0
0.0
0.0
0.0039823009
0.0
0.0069239594
0.0029498525
0.0
0.0
0.0022123894
0.0000000000
0.0
0.0
0.0071681416
0.0
0.0029498525
0.0
0.0
0.0
0.0
0.0022123894
0.0039823009
0.0022123894
0.0033185841
0.0
0.0044247788
0.0066371681
0.0089022335
0.0
0.0
0.0
0.0
0.0
0.0
0.0
0.0
0.0071681416
0.0022123894
0.0096540628
0.0
0.0089022335
0.0
0.0
0.0061794324
0.0
0.0
0.0022123894
0.0
0.0029498525
0.0
0.0
0.0029498525
0.0
0.0
0.0061455261
0.0
0.0
0.0
0.0
0.0000000000
0.0
0.0033185841
0.0029498525
0.0
0.0
0.0
0.0
0.0
0.0092868903
0.0
0.0000000000
0.0039823009
0.0
0.0022123894
0.0000000000
0.0000000000
0.0
0.0088741396
0.0
0.0061455261
0.0000000000
0.0
0.0066371681
0.0
0.0061455261
0.0
0.0069137168
0.0044247788
0.0
0.0000000000
0.0
0.0
0.0000000000
0.0022123894
0.0
0.0000000000
0.0110926745
0.0
0.0
0.0
0.0
0.0
0.0058997050
0.0066371681
0.0
0.0
0.0081940347
0.0
0.0000000000
0.0000000000
0.0
0.0
0.0
0.0
0.0059794308
0.0
0.0022123894
0.0
0.0044247788
0.0
0.0
0.0
0.0000000000
0.0
0.0
0.0000000000
0.0000000000
0.0
0.0
0.0061794324
0.0
0.0055463373
0.0127433628
0.0
0.0000000000
0.0
0.0103859390
0.0022123894
0.0
0.0022123894
0.0000000000
0.0
0.0044247788
0.0110619469
0.0049778761
0.0022123894
0.0000000000
0.0
0.0
0.0
0.0
0.0033185841
0.0022123894
0.0
0.0
0.0070796460
0.0
0.0121010995
0.0
0.0
0.0
0.0
0.0
0.0000000000
0.0
0.0022123894
0.0088495575
0.0022123894
0.0000000000
0.0022123894
0.0054458816
0.0022123894
0.0000000000
0.0
0.0000000000
0.0
0.0066371681
0.0000000000
0.0
0.0
0.0
0.0044247788
0.0
0.0066371681
0.0
0.0
0.0000000000
0.0
0.0000000000
0.0000000000
0.0000000000
0.0
0.0022123894
0.0
0.0022123894
0.0000000000
0.0
0.0049778761
0.0
0.0000000000
0.0000000000
0.0078662734
0.0000000000
0.0
0.0000000000
0.0
0.0
0.0022123894
0.0064360418
0.0
0.0116841814
0.0046091445
0.0
0.0048095421
0.0000000000
0.0000000000
0.0000000000
0.0
0.0
0.0000000000
0.0058997050
0.0000000000
0.0
0.0
0.0
0.0049778761
0.0033185841
0.0093701197
0.0000000000
0.0067684116
0.0000000000
0.0
0.0000000000
0.0
0.0
0.0095080067
0.0
0.0022123894
0.0096540628
0.0
0.0094317653
0.0
0.0033185841
0.0088495575
0.0000000000
0.0
0.0
0.0
0.0000000000
0.0000000000
0.0000000000
0.0050281577
0.0041644977
0.0
0.0000000000
0.0000000000
0.0022123894
0.0000000000
0.0094317653
0.0079867257
0.0
0.0000000000
0.0
0.0
0.0066766751
0.0
0.0022123894
0.0000000000
0.0022123894
0.0000000000
0.0
0.0
0.0069239594
0.0000000000
0.0000000000
0.0
0.0000000000
0.0044247788
0.0
0.0000000000
0.0000000000
0.0000000000
0.0059794308
0.0000000000
0.0022123894
0.0069137168
0.0000000000
0.0000000000
0.0
0.0039506953
0.0022123894
0.0022123894
0.0044247788
0.0
0.0000000000
0.0
0.0022123894
0.0
0.0
0.0000000000
0.0061455261
0.0000000000
0.0000000000
0.0088495575
0.0033185841
0.0074778761
0.0000000000
0.0
0.0022123894
0.0
0.0000000000
0.0000000000
0.0085335019
0.0058997050
0.0000000000
0.0022123894
0.0000000000
0.0102393919
0.0029498525
0.0000000000
0.0000000000
0.0052441822
0.0
0.0
0.0
0.0000000000
0.0000000000
0.0022123894
0.0064360418
0.0029498525
0.0066371681
0.0061455261
0.0
0.0089022335
0.0000000000
0.0
0.0039331367
0.0000000000
0.0000000000
0.0073746313
0.0
0.0067684116
0.0055309735
0.0022123894
0.0044247788
0.0000000000
0.0070796460
0.0084975865
0.0000000000
0.0000000000
0.0061455261
0.0000000000
0.0069239594
0.0
0.0000000000
0.0000000000
0.0086812235
0.0
0.0
0.0000000000
0.0090758246
0.0022123894
0.0000000000
0.0000000000
0.0000000000
0.0
0.0029498525
0.0000000000
0.0107928725
0.0000000000
0.0000000000
0.0029498525
0.0000000000
0.0121010995
0.0039823009
0.0109968766
0.0000000000
0.0
0.0000000000
0.0000000000
0.0022123894
0.0000000000
0.0000000000
0.0022123894
0.0049778761
0.0
0.0000000000
0.0070796460
0.0022123894
0.0045949626
0.0000000000
0.0
0.0000000000
0.0
0.0075346469
0.0062315634
0.0022123894
0.0000000000
0.0000000000
0.0000000000
0.0
0.0029498525
0.0000000000
0.0029498525
0.0
0.0
0.0000000000
0.0029498525
0.0
0.0000000000
0.0000000000
0.0000000000
0.0000000000
0.0000000000
0.0000000000
0.0081940347
0.0000000000
0.0000000000
0.0022123894
0.0056727933
0.0000000000
0.0000000000
0.0000000000
0.0000000000
0.0022123894
0.0
0.0000000000
0.0000000000
0.0022123894
0.0000000000
0.0000000000
0.0000000000
0.0000000000
0.0000000000
0.0000000000
0.0000000000
0.0022123894
0.0049778761
0.0046091445
0.0000000000
0.0000000000
0.0000000000
0.0000000000
0.0000000000
0.0022123894
0.0050281577
0.0000000000
0.0000000000
0.0000000000
0.0000000000
0.0000000000
0.0000000000
0.0000000000
0.0000000000
0.0088495575
0.0000000000
0.0022123894
0.0000000000
0.0000000000
0.0000000000
0.0
0.0000000000
0.0000000000
0.0000000000
0.0000000000
0.0000000000
0.0000000000
0.0000000000
0.0000000000
0.0000000000
0.0000000000
0.0
0.0000000000
0.0000000000
0.0000000000
0.0000000000
0.0022123894
0.0056727933
0.0000000000
0.0022123894
0.0000000000
0.0000000000
0.0000000000
0.0000000000
0.0000000000
0.0000000000
0.0000000000
0.0000000000
0.0000000000
0.0000000000
0.0000000000
0.0000000000
0.0000000000
0.0000000000
0.0000000000
0.0022123894
0.0000000000
0.0000000000
0.0074522590
0.0036873156
0.0
0.0000000000
0.0000000000
0.0000000000
0.0000000000
0.0022123894
0.0000000000
0.0000000000
0.0000000000
0.0000000000
0.0000000000
0.0000000000
0.0000000000
0.0044247788
0.0000000000
0.0029498525
0.0000000000
0.0000000000
0.0000000000
0.0000000000
0.0000000000
0.0000000000
0.0000000000
0.0022123894
0.0000000000
0.0064360418
0.0000000000
0.0000000000
0.0000000000
0.0000000000
0.0000000000
0.0022123894
0.0000000000
0.0000000000
0.0000000000
0.0000000000
0.0000000000
0.0000000000
0.0000000000
0.0000000000
0.0000000000
0.0000000000
0.0022123894
0.0000000000
0.0000000000
0.0000000000
0.0000000000
0.0000000000
0.0000000000
0.0000000000
