0.0036231884
0.0
0.0
0.0
0.0
0.0
0.0000000000
0.0
0.0
0.0000000000
0.0
0.0
0.0
0.0
0.0
0.0
0.0
0.0
0.0
0.0
0.0
0.0
0.0
0.0000000000
0.0
0.0
0.0000000000
0.0
0.0
0.0
0.0
0.0
0.0
0.0
0.0
0.0
0.0
0.0
0.0
0.0
0.0
0.0
0.0000000000
0.0
0.0
0.0
0.0
0.0
0.0
0.0
0.0
0.0
0.0000000000
0.0
0.0226784756
0.0
0.0
0.0
0.0205821459
0.0
0.0
0.0000000000
0.0
0.0
0.0
0.0000000000
0.0
0.0186967585
0.0000000000
0.0
0.0000000000
0.0127253446
0.0
0.0
0.0310034856
0.0
0.0
0.0
0.0
0.0
0.0
0.0
0.0
0.0000000000
0.0
0.0248447205
0.0
0.0
0.0
0.0
0.0
0.0
0.0000000000
0.0
0.0000000000
0.0
0.0
0.0
0.0163043478
0.0
0.0186335404
0.0000000000
0.0
0.0
0.0
0.0
0.0
0.0
0.0
0.0
0.0
0.0072463768
0.0
0.0
0.0
0.0
0.0
0.0000000000
0.0
0.0048309179
0.0
0.0231063713
0.0
0.0000000000
0.0
0.0036231884
0.0
0.0
0.0036231884
0.0
0.0
0.0
0.0
0.0
0.0205821459
0.0036231884
0.0
0.0
0.0
0.0288150043
0.0000000000
0.0
0.0
0.0
0.0173913043
0.0
0.0252502615
0.0118577075
0.0036231884
0.0036231884
0.0000000000
0.0
0.0244927536
0.0
0.0036231884
0.0
0.0
0.0
0.0072463768
0.0
0.0
0.0195942029
0.0
0.0
0.0
0.0
0.0036231884
0.0000000000
0.0340177134
0.0
0.0000000000
0.0
0.0
0.0
0.0072463768
0.0
0.0
0.0000000000
0.0
0.0093440122
0.0
0.0000000000
0.0
0.0048309179
0.0
0.0
0.0081521739
0.0000000000
0.0000000000
0.0000000000
0.0000000000
0.0000000000
0.0118357488
0.0
0.0295093417
0.0
0.0
0.0
0.0000000000
0.0
0.0048309179
0.0036231884
0.0
0.0
0.0
0.0244927536
0.0054347826
0.0000000000
0.0
0.0000000000
0.0260561209
0.0
0.0
0.0222661397
0.0036231884
0.0
0.0
0.0212980466
0.0072463768
0.0081521739
0.0
0.0
0.0
0.0
0.0
0.0000000000
0.0174948240
0.0141010576
0.0036231884
0.0
0.0
0.0072463768
0.0186967585
0.0
0.0000000000
0.0
0.0048309179
0.0036231884
0.0
0.0
0.0000000000
0.0000000000
0.0
0.0
0.0
0.0186967585
0.0
0.0036231884
0.0
0.0000000000
0.0
0.0000000000
0.0163043478
0.0036231884
0.0
0.0048309179
0.0036231884
0.0
0.0
0.0000000000
0.0
0.0000000000
0.0
0.0
0.0
0.0
0.0000000000
0.0000000000
0.0000000000
0.0000000000
0.0
0.0000000000
0.0093440122
0.0036231884
0.0
0.0
0.0
0.0
0.0000000000
0.0
0.0072463768
0.0
0.0036231884
0.0000000000
0.0000000000
0.0
0.0108695652
0.0000000000
0.0036231884
0.0048309179
0.0000000000
0.0000000000
0.0036231884
0.0036231884
0.0150262292
0.0
0.0
0.0000000000
0.0036231884
0.0
0.0000000000
0.0195942029
0.0149068323
0.0
0.0
0.0000000000
0.0054347826
0.0000000000
0.0036231884
0.0
0.0
0.0
0.0
0.0
0.0150262292
0.0
0.0093440122
0.0036231884
0.0000000000
0.0048309179
0.0000000000
0.0071014493
0.0000000000
0.0000000000
0.0000000000
0.0000000000
0.0036231884
0.0
0.0000000000
0.0000000000
0.0048309179
0.0
0.0136566332
0.0000000000
0.0
0.0000000000
0.0
0.0000000000
0.0000000000
0.0081521739
0.0
0.0000000000
0.0072463768
0.0000000000
0.0
0.0000000000
0.0
0.0
0.0000000000
0.0000000000
0.0000000000
0.0
0.0000000000
0.0000000000
0.0118357488
0.0000000000
0.0000000000
0.0000000000
0.0
0.0
0.0048309179
0.0
0.0177483722
0.0048309179
0.0000000000
0.0
0.0
0.0205821459
0.0000000000
0.0
0.0
0.0000000000
0.0000000000
0.0000000000
0.0000000000
0.0000000000
0.0000000000
0.0036231884
0.0036231884
0.0048309179
0.0000000000
0.0036231884
0.0000000000
0.0000000000
0.0
0.0000000000
0.0000000000
0.0081521739
0.0000000000
0.0000000000
0.0231063713
0.0054347826
0.0000000000
0.0048309179
0.0
0.0
0.0
0.0071014493
0.0000000000
0.0
0.0048309179
0.0000000000
0.0
0.0000000000
0.0036231884
0.0000000000
0.0
0.0000000000
0.0
0.0000000000
0.0
0.0000000000
0.0000000000
0.0149068323
0.0000000000
0.0000000000
0.0000000000
0.0000000000
0.0184156042
0.0217391304
0.0000000000
0.0000000000
0.0036231884
0.0000000000
0.0000000000
0.0000000000
0.0
0.0036231884
0.0000000000
0.0000000000
0.0000000000
0.0000000000
0.0000000000
0.0000000000
0.0048309179
0.0000000000
0.0000000000
0.0158102767
0.0036231884
0.0
0.0000000000
0.0054347826
0.0000000000
0.0000000000
0.0000000000
0.0000000000
0.0000000000
0.0036231884
0.0000000000
0.0130280604
0.0048309179
0.0036231884
0.0
0.0000000000
0.0000000000
0.0000000000
0.0036231884
0.0000000000
0.0000000000
0.0000000000
0.0000000000
0.0000000000
0.0000000000
0.0000000000
0.0072463768
0.0000000000
0.0000000000
0.0048309179
0.0000000000
0.0000000000
0.0000000000
0.0000000000
0.0000000000
0.0000000000
0.0000000000
0.0000000000
0.0000000000
0.0000000000
0.0000000000
0.0000000000
0.0000000000
0.0000000000
0.0000000000
0.0000000000
0.0000000000
0.0000000000
0.0000000000
0.0000000000
0.0000000000
0.0000000000
0.0000000000
0.0000000000
0.0000000000
0.0000000000
0.0000000000
