0.0
0.0
0.0
0.0
0.1333069150
0.0
0.1515554254
0.0
0.0
0.1185487992
0.0
0.1306407767
0.0
0.1145971725
0.0
0.1166435506
0.0952192250
0.1077894197
0.0
0.1263450452
0.0899729867
0.0048543689
0.0
0.0
0.0
0.1156113068
0.0962008665
0.1285834416
0.1239476060
0.1079675840
0.0
0.0
0.1420008442
0.1275788835
0.1341281075
0.1389795497
0.1036831561
0.1156113068
0.0129449838
0.0
0.0
0.1461306227
0.1181200513
0.0773938251
0.0
0.1232460158
0.0681130223
0.1109004896
0.0776699029
0.1041792478
0.1062120136
0.1143964770
0.1072584374
0.1050167015
0.1258581664
0.1198539236
0.0967709457
0.1570201643
0.0888712767
0.1232460158
0.0
0.0998782696
0.0000000000
0.1248955800
0.0
0.1258581664
0.0
0.1333069150
0.1160220042
0.1062120136
0.1185487992
0.1136006754
0.1168522153
0.1230139140
0.0976388466
0.1301202955
0.1058677283
0.0000000000
0.0933148405
0.0697867397
0.1053554651
0.1423102143
0.1058677283
0.0
0.1248955800
0.1046801095
0.1278285486
0.0110957004
0.0792723160
0.0000000000
0.1426209353
0.0
0.0110957004
0.0921303080
0.0000000000
0.1079675840
0.0000000000
0.1162284490
0.0064724919
0.0980786612
0.0000000000
0.1043456683
0.0892355032
0.1116587835
0.0886301063
0.1423102143
0.0793686371
0.0969145228
0.1227826849
0.0
0.0979316167
0.0972029589
0.0000000000
0.0797562739
0.0000000000
0.1137985860
0.0795619834
0.0000000000
0.0000000000
0.0922604355
0.0793686371
0.0000000000
0.0000000000
0.0000000000
0.0696379407
0.0893575764
0.0000000000
0.1137985860
0.1162284490
0.0894799840
0.0
0.0
0.0000000000
0.0000000000
0.1316943313
0.0000000000
0.0064724919
0.0770287598
0.0000000000
0.1001846447
0.0920005470
0.0989702854
0.0876783736
0.0
0.1033550449
0.1253750256
0.0000000000
0.0000000000
0.1085056285
0.0966277934
0.0000000000
0.1137985860
0.0776699029
0.0097087379
0.0678301021
0.0000000000
0.0000000000
0.0000000000
0.0946672295
0.0000000000
0.0773938251
0.0000000000
0.0000000000
0.0048543689
0.0989702854
0.0825795049
0.0000000000
0.0077669903
0.0048543689
0.1137985860
0.0
0.0
0.0000000000
0.0000000000
0.0000000000
0.0000000000
0.0
0.1036831561
0.0000000000
0.0
0.0768475157
0.0000000000
0.0000000000
0.0000000000
0.0000000000
0.0048543689
0.0048543689
0.0000000000
0.0000000000
0.0000000000
0.0097087379
0.0888712767
0.0048543689
0.0000000000
0.1160220042
0.0000000000
0.0938511327
0.0681130223
0.0000000000
0.0822674916
0.0000000000
0.0000000000
0.0064724919
0.0
0.0000000000
0.0000000000
0.0000000000
0.0000000000
0.0963427557
0.0064724919
0.0000000000
0.0807421364
0.0000000000
0.0000000000
0.0000000000
0.0000000000
0.0048543689
0.0000000000
0.0048543689
0.0700862536
0.0000000000
0.0706930610
0.0000000000
0.0000000000
0.0000000000
0.0000000000
0.0000000000
0.0000000000
0.0077669903
0.0876783736
0.0000000000
0.0000000000
0.0000000000
0.0000000000
0.0000000000
0.0000000000
0.0000000000
0.0000000000
0.0623881455
0.0000000000
