0.0
0.0
0.0
0.0
0.1256595863
0.0
0.1468081768
0.0
0.0
0.1165325606
0.0
0.1228251596
0.0
0.1348036072
0.0
0.1304961572
0.0
0.1308763353
0.0
0.0
0.1485067838
0.1001076370
0.0
0.0
0.0
0.1256595863
0.1248736681
0.1267229961
0.1341995582
0.1303068952
0.0
0.0
0.1470484521
0.1304961572
0.1412682456
0.1327128570
0.1324194609
0.1218259040
0.1266336916
0.0
0.0
0.1475313698
0.1420499671
0.1356175158
0.0
0.1376959452
0.1422749077
0.1255717739
0.1209240972
0.1207615648
0.1346016543
0.1116800550
0.1426136575
0.1374852398
0.1350061671
0.0
0.1336008985
0.0
0.1078590687
0.1453828547
0.0
0.1052067965
0.1295553053
0.1375905118
0.0
0.1430678411
0.0
0.0939326756
0.1254840841
0.1379072973
0.1396217626
0.1408253985
0.1154840671
0.1512569095
0.1265445130
0.1266336916
0.1177543961
0.0890010938
0.0945753729
0.1247003528
0.1292756895
0.1357199459
0.1374852398
0.0
0.1356175158
0.1320302781
0.1308763353
0.0
0.0970789889
0.0997741302
0.1346016543
0.0
0.1304961572
0.1139462324
0.0023419204
0.0
0.0953279620
0.1306859698
0.1267229961
0.1319333395
0.1355152401
0.1309717263
0.1172167048
0.1106485274
0.1293687606
0.1427269328
0.0
0.1147466210
0.1427269328
0.0
0.1283522917
0.1356175158
0.1177543961
0.1210055276
0.1165325606
0.1170639794
0.1398390727
0.0
0.1248736681
0.1438696625
0.1181414914
0.1232463707
0.0988411488
0.1205994687
0.0000000000
0.1402757287
0.0
0.1124488163
0.0000000000
0.1319333395
0.0
0.0
0.1167597196
0.1156326953
0.1361312185
0.0920088113
0.1124488163
0.1239263506
0.1302124699
0.1400570604
0.1253090714
0.1135143452
0.1269916667
0.0
0.0000000000
0.1386521670
0.1201157810
0.0000000000
0.1443318943
0.1185311401
0.1197156618
0.1334025304
0.1261890509
0.1230775400
0.1287200633
0.1177543961
0.0000000000
0.0000000000
0.1157817065
0.1212504780
0.1391891622
0.0000000000
0.1107167027
0.1006120988
0.1236704807
0.1154840671
0.1234156651
0.1028581617
0.1088390118
0.1412682456
0.0
0.0
0.0782976943
0.0
0.1112651445
0.1111962923
0.0
0.1491229945
0.1092359930
0.0
0.0937366763
0.1065796017
0.1138019053
0.1342998568
0.1087073251
0.1182970431
0.1146002605
0.0
0.0000000000
0.1169877659
0.1041096225
0.1356175158
0.0974475100
0.1107849620
0.1388664671
0.1039891252
0.1147466210
0.1443318943
0.1221571777
0.0
0.0
0.1193181995
0.1237556532
0.0
0.1148933558
0.0896225478
0.0
0.1327128570
0.0
0.0897568474
0.1095022599
0.1329091778
0.0
0.1036293013
0.1003872673
0.1287200633
0.1097698280
0.1160808840
0.0
0.1340994093
0.0000000000
0.1338995592
0.1349048111
0.0000000000
0.0
0.1260120676
0.0000000000
0.0000000000
0.1216609400
0.1403853191
0.1085759568
0.1274419918
0.0
0.1451479874
0.1270814770
0.1080536431
0.1387592343
0.0
0.1289047406
0.0
0.1276230174
0.0000000000
0.1089710178
0.0000000000
0.1276230174
0.0930570732
0.1254840841
0.0000000000
0.1282606770
0.1274419918
0.0980858125
0.0000000000
0.1137298788
0.1301181813
0.0819394475
0.0869763836
0.1289047406
0.1170639794
0.1422749077
0.0000000000
0.0
0.0000000000
0.1001076370
0.1023309843
0.1063902951
0.1147466210
0.1159311022
0.1144542729
0.0870185029
0.0000000000
0.0023419204
0.1422749077
0.1047773810
0.1135143452
0.0
0.0
0.0000000000
0.0000000000
0.0000000000
0.1149668640
0.1003312163
0.1143086568
0.1055776783
0.0767591664
0.1287200633
0.0933471213
0.1041096225
0.0981930101
0.0046838407
0.1379072973
0.0
0.0949752687
0.1113340821
0.0939326756
0.1224068177
0.1163062838
0.1198753892
0.0000000000
0.1044727956
0.1260120676
0.0000000000
0.0988411488
0.1014070025
0.1214964222
0.0000000000
0.1071515852
0.0000000000
0.0031225605
0.1034503215
0.0000000000
0.1089710178
0.1220741905
0.0000000000
0.1167597196
0.0905711736
0.1160059448
0.1036890989
0.1064533225
0.1146733940
0.1273516715
0.1118190469
0.1170639794
0.0892663728
0.0
0.0000000000
0.0000000000
0.0788473929
0.0703300229
0.0000000000
0.0984081098
0.0000000000
0.1156326953
0.1314507743
0.0000000000
0.0000000000
0.1093689644
0.1167597196
0.0000000000
0.0000000000
0.1027993183
0.1147466210
0.1068966142
0.0023419204
0.0000000000
0.1089710178
0.1026231916
0.0000000000
0.1000518978
0.0969742085
0.1264554598
0.0000000000
0.0000000000
0.1011216705
0.0000000000
0.1315470047
0.1039289812
0.0782976943
0.0000000000
0.0933471213
0.1152618399
0.0000000000
0.0
0.1044727956
0.1216609400
0.0000000000
0.0000000000
0.0988411488
0.1099713638
0.0000000000
0.1234156651
0.0000000000
0.0000000000
0.0000000000
0.0000000000
0.0000000000
0.0937366763
0.1143086568
0.0000000000
0.0940802138
0.0819394475
0.0000000000
0.0000000000
0.0806160648
0.0000000000
0.0844819974
0.0023419204
0.1238409431
0.0000000000
0.0000000000
0.0000000000
0.0000000000
0.0000000000
0.1023892926
0.0000000000
0.0000000000
0.0000000000
0.0000000000
0.1241832816
0.0000000000
0.0031225605
0.1272614791
0.0884316971
0.0958875178
0.0000000000
0.0000000000
0.0000000000
0.0023419204
0.0000000000
0.1115414081
0.0000000000
0.0023419204
0.0000000000
0.0000000000
0.0000000000
0.0023419204
0.0000000000
0.0000000000
0.1169877659
0.0023419204
0.0000000000
0.0000000000
0.0000000000
0.0806160648
0.0000000000
0.1065164247
0.0000000000
0.0000000000
0.0000000000
0.0000000000
0.0023419204
0.0000000000
0.0000000000
0.0000000000
0.0000000000
0.0000000000
0.0000000000
0.0000000000
0.0000000000
0.0000000000
0.0000000000
0.0000000000
0.0023419204
0.0000000000
0.0000000000
0.0000000000
0.0000000000
0.0000000000
0.0000000000
0.0000000000
0.0000000000
0.0000000000
0.0000000000
0.0000000000
0.0000000000
0.0000000000
0.1227412626
0.0000000000
0.1107167027
0.0000000000
0.0000000000
0.0000000000
0.0000000000
0.0867663971
0.0000000000
0.0000000000
0.0000000000
0.0000000000
0.0000000000
0.0000000000
0.0000000000
0.0000000000
0.0000000000
0.0000000000
0.0000000000
0.0000000000
0.0000000000
0.0000000000
0.0000000000
0.0000000000
0.0000000000
0.0000000000
0.0000000000
0.0000000000
0.0000000000
0.0000000000
0.0000000000
0.0000000000
0.0000000000
