0.0062111801
0.0
0.0
0.0
0.0
0.0
0.0000000000
0.0
0.0
0.0062111801
0.0
0.0
0.0
0.0
0.0
0.0
0.0141969831
0.0141163185
0.0
0.0
0.0
0.0
0.0
0.0082815735
0.0
0.0
0.0139751553
0.0
0.0
0.0
0.0
0.0
0.0
0.0
0.0
0.0000000000
0.0
0.0
0.0
0.0
0.0
0.0
0.0223602484
0.0099378882
0.0
0.0
0.0
0.0
0.0
0.0
0.0000000000
0.0
0.0000000000
0.0000000000
0.0139751553
0.0
0.0062111801
0.0
0.0000000000
0.0
0.0
0.0000000000
0.0
0.0
0.0300621118
0.0139751553
0.0
0.0141163185
0.0062111801
0.0
0.0062111801
0.0221827862
0.0159716060
0.0
0.0165631470
0.0214729370
0.0
0.0
0.0
0.0
0.0172001911
0.0
0.0
0.0000000000
0.0000000000
0.0165631470
0.0124223602
0.0
0.0000000000
0.0062111801
0.0
0.0
0.0000000000
0.0093167702
0.0000000000
0.0000000000
0.0
0.0
0.0110420980
0.0
0.0139751553
0.0149068323
0.0
0.0
0.0
0.0
0.0
0.0
0.0
0.0
0.0
0.0124223602
0.0062111801
0.0
0.0
0.0
0.0
0.0000000000
0.0000000000
0.0174779720
0.0
0.0082815735
0.0
0.0000000000
0.0
0.0278352887
0.0
0.0198757764
0.0227743271
0.0
0.0221827862
0.0082815735
0.0
0.0
0.0141163185
0.0000000000
0.0
0.0082815735
0.0000000000
0.0000000000
0.0082815735
0.0
0.0
0.0000000000
0.0093167702
0.0119445772
0.0062111801
0.0000000000
0.0203274986
0.0000000000
0.0000000000
0.0
0.0082815735
0.0124223602
0.0000000000
0.0
0.0
0.0
0.0000000000
0.0
0.0
0.0124223602
0.0
0.0
0.0
0.0
0.0214729370
0.0000000000
0.0000000000
0.0
0.0000000000
0.0
0.0000000000
0.0062111801
0.0000000000
0.0
0.0000000000
0.0000000000
0.0
0.0000000000
0.0
0.0062111801
0.0
0.0093167702
0.0062111801
0.0
0.0172532781
0.0000000000
0.0000000000
0.0000000000
0.0117685518
0.0000000000
0.0000000000
0.0242436385
0.0000000000
0.0
0.0
0.0
0.0300621118
0.0062111801
0.0000000000
0.0062111801
0.0
0.0141163185
0.0183305560
0.0000000000
0.0000000000
0.0062111801
0.0124223602
0.0000000000
0.0141969831
0.0062111801
0.0
0.0141163185
0.0000000000
0.0
0.0000000000
0.0099378882
0.0062111801
0.0000000000
0.0062111801
0.0183305560
0.0
0.0
0.0000000000
0.0000000000
0.0221827862
0.0000000000
0.0062111801
0.0167011732
0.0062111801
0.0000000000
0.0000000000
0.0000000000
0.0062111801
0.0000000000
0.0000000000
0.0000000000
0.0124223602
0.0000000000
0.0093167702
0.0000000000
0.0062111801
0.0000000000
0.0
0.0000000000
0.0000000000
0.0000000000
0.0167011732
0.0000000000
0.0000000000
0.0000000000
0.0119445772
0.0000000000
0.0000000000
0.0000000000
0.0000000000
0.0062111801
0.0000000000
0.0172532781
0.0000000000
0.0000000000
0.0
0.0000000000
0.0000000000
0.0000000000
0.0000000000
0.0000000000
0.0000000000
0.0000000000
0.0000000000
0.0000000000
0.0000000000
0.0000000000
