0.0
0.0
0.0
0.0
0.0
0.0
0.0904626518
0.0
0.0
0.0
0.0
0.0
0.0
0.0
0.0
0.0843257383
0.0
0.0
0.0
0.0
0.0
0.0
0.0
0.0
0.0
0.0
0.0
0.0
0.0
0.0000000000
0.0
0.1045534076
0.0
0.0
0.0
0.0
0.0864990821
0.0000000000
0.0068493151
0.0
0.0969989706
0.0
0.0
0.0864990821
0.0645416228
0.0
0.0
0.0
0.0
0.0981334615
0.0
0.0
0.0824610414
0.0
0.0904626518
0.0
0.0945398418
0.1096785746
0.0
0.0
0.0
0.0
0.0
0.0
0.0
0.0
0.0
0.0
0.0
0.0
0.0744160617
0.0828682564
0.0883201154
0.0
0.0154109589
0.0
0.0929685425
0.0
0.0102739726
0.0
0.0987107172
0.1020110755
0.0
0.1001840114
0.1133839319
0.0705076551
0.0
0.1068842160
0.0841143956
0.0650419454
0.0
0.0
0.0
0.0
0.0
0.0
0.0000000000
0.0571748617
0.0
0.0
0.0
0.0000000000
0.0102739726
0.0068493151
0.0
0.0000000000
0.0
0.0
0.0
0.1072256992
0.0000000000
0.0000000000
0.1075693713
0.0830733758
0.0740875140
0.1216001588
0.0958904110
0.0000000000
0.0145044319
0.0
0.0
0.0
0.0154109589
0.0780503345
0.0
0.0690568803
0.0
0.0
0.0
0.0000000000
0.0
0.0902194727
0.0068493151
0.0
0.0068493151
0.0887874176
0.0154109589
0.0
0.0205479452
0.0642943368
0.0804835584
0.0
0.0154109589
0.0
0.0068493151
0.0
0.0645416228
0.0
0.1017019510
0.0585718043
0.0000000000
0.0000000000
0.0744160617
0.0869472638
0.0
0.0000000000
0.0780503345
0.0874001142
0.0000000000
0.0573703313
0.0665905632
0.0
0.0731190498
0.0981334615
0.0000000000
0.0000000000
0.0000000000
0.0000000000
0.0
0.0793419476
0.0
0.0816585008
0.0899775974
0.0
0.0000000000
0.0273972603
0.0
0.0
0.0880883040
0.0740875140
0.0000000000
0.0000000000
0.0000000000
0.0102739726
0.0000000000
0.0000000000
0.0768001003
0.0573703313
0.0699200913
0.0647908182
0.0
0.1153321094
0.1045534076
0.0
0.0000000000
0.0800993886
0.0687738603
0.0711051776
0.0
0.0000000000
0.0068493151
0.0647908182
0.0068493151
0.0642943368
0.0000000000
0.0
0.0102739726
0.0068493151
0.0000000000
0.0
0.0000000000
0.0176125245
0.0000000000
0.0
0.1004839636
0.0
0.0571748617
0.0
0.0734390456
0.0164383562
0.0750819773
0.0000000000
0.0000000000
0.0000000000
0.0000000000
0.0747475364
0.0000000000
0.0000000000
0.0000000000
0.0000000000
0.0000000000
0.0620363102
0.0000000000
0.0000000000
0.0164383562
0.0246575342
0.0000000000
0.0000000000
0.0000000000
0.0000000000
0.0000000000
0.0000000000
0.0000000000
0.0791548204
0.0000000000
0.0000000000
0.0000000000
0.0000000000
0.0000000000
0.0000000000
