0.0
0.0
0.0
0.0
0.0
0.0
0.0
0.0
0.0
0.0
0.0
0.0
0.0
0.0
0.0
0.0
0.0
0.0
0.0
0.0
0.0
0.0
0.0
0.0
0.0
0.0
0.0
0.0
0.0
0.0
0.0
0.0
0.0
0.0
0.0
0.0
0.0
0.0
0.0
0.0
0.0
0.0
0.0000000000
0.0000000000
0.0
0.0
0.0
0.0
0.0
0.0188679245
0.0
0.0
0.0
0.0
0.0
0.0000000000
0.0
0.0
0.0
0.0
0.0754716981
0.0
0.0000000000
0.0188679245
0.0
0.0
0.0
0.0
0.0000000000
0.0
0.0928882438
0.0000000000
0.0000000000
0.0575022462
0.0188679245
0.0525020509
0.0
0.0188679245
0.0
0.0862533693
0.0
0.0
0.0188679245
0.0000000000
0.0
0.0000000000
0.0000000000
0.0
0.0
0.0000000000
0.0
0.0525020509
0.0
0.0
0.0188679245
0.0
0.0
0.0
0.0
0.0
0.0
0.0575022462
0.0
0.0188679245
0.0000000000
0.0
0.0
0.0000000000
0.0
0.0000000000
0.0000000000
0.0188679245
0.0000000000
0.0000000000
0.0000000000
0.0188679245
0.0188679245
0.0
0.0000000000
0.0000000000
0.0000000000
0.0575022462
0.0000000000
0.0000000000
0.0188679245
0.0000000000
0.0603773585
0.0188679245
0.0000000000
0.0000000000
0.0000000000
0.0000000000
0.0000000000
0.0000000000
0.0000000000
0.0000000000
0.0000000000
