0.0
0.0
0.0
0.0
0.1244413079
0.0
0.1448918105
0.0
0.0
0.1136900924
0.0
0.1195480226
0.0
0.1321839080
0.0
0.1272246272
0.0
0.1288986355
0.0
0.0
0.1463347165
0.0992309135
0.0
0.0
0.0
0.1232238528
0.1215253848
0.1241784038
0.1320848939
0.1285228377
0.0
0.0
0.1415195292
0.1246171967
0.1375455018
0.1289929286
0.1305206020
0.1201180745
0.1244413079
0.0
0.0
0.1457300275
0.1385179366
0.1329813977
0.0
0.1359547674
0.1397253038
0.1230518725
0.1191441441
0.1171650055
0.1244413079
0.1081136317
0.1372243839
0.1356410256
0.1331822759
0.0
0.1279632317
0.0
0.1073240008
0.1428957320
0.0
0.1029984424
0.1282424242
0.1359547674
0.0
0.1412927350
0.0
0.0921281783
0.1236559140
0.1357454452
0.1392838336
0.1393939394
0.1107621441
0.1364809082
0.1231378026
0.1254148886
0.1157042870
0.0882549216
0.0925148653
0.1227093482
0.1288986355
0.1328811856
0.1367985518
0.0
0.1335858586
0.1287104623
0.1289929286
0.0
0.0964096956
0.0983454174
0.1298478154
0.0
0.1278704375
0.1133247644
0.0023148148
0.0
0.0925148653
0.1288044802
0.1241784038
0.1305206020
0.1326812139
0.1288044802
0.1164685161
0.1081136317
0.1279632317
0.1349145626
0.0
0.1131792897
0.1414060412
0.0
0.1248819641
0.1300393314
0.1146510620
0.1177911378
0.1122427329
0.1148751357
0.1330817610
0.0
0.1230518725
0.1385179366
0.1142055268
0.1207762557
0.0955218490
0.1185832773
0.0000000000
0.1364809082
0.0
0.1102083333
0.0000000000
0.1299435028
0.0
0.0
0.1133976420
0.1109014675
0.1338901544
0.0894185260
0.1106231702
0.1223687254
0.1262228585
0.1317887394
0.1225388001
0.1127450980
0.1238295880
0.0
0.0000000000
0.1358500257
0.1186630776
0.0000000000
0.1405046481
0.1168544290
0.1166225750
0.1314939100
0.1238295880
0.1206110351
0.1268585132
0.1162381894
0.0000000000
0.0000000000
0.1145021645
0.1114622840
0.1367985518
0.0000000000
0.1091171617
0.0986756202
0.1215253848
0.1139104220
0.1211912944
0.1021038410
0.1068686869
0.1299435028
0.0
0.0
0.0775773574
0.0
0.1070633475
0.1093201075
0.0
0.1305206020
0.1138368840
0.0
0.0968864469
0.1038476639
0.1120288014
0.1312003968
0.1061609472
0.1173990235
0.1119576720
0.0
0.0000000000
0.1160087719
0.1006468798
0.1335858586
0.0953153153
0.1096600332
0.1354326677
0.1005321171
0.1127450980
0.1415195292
0.1130341880
0.0
0.0
0.1164685161
0.1192247014
0.0
0.1131066923
0.0875103391
0.0
0.1186630776
0.0
0.0869922710
0.1066747328
0.1306172840
0.0
0.1016330451
0.0989524878
0.1267673137
0.1075859264
0.1132519803
0.0
0.1313959265
0.0000000000
0.1315920398
0.1319860279
0.0000000000
0.0
0.1242659150
0.0000000000
0.0000000000
0.1189833558
0.1338901544
0.1053365193
0.1248819641
0.0
0.1376528754
0.1252367424
0.1068686869
0.1304240631
0.0
0.1270413064
0.0
0.1248819641
0.0000000000
0.0046296296
0.0000000000
0.1251478590
0.0904737472
0.1256830601
0.0000000000
0.1262228585
0.1246171967
0.0967270068
0.0000000000
0.1117448247
0.1258624792
0.0841686555
0.0857235456
0.1259523810
0.1114622840
0.1401695813
0.0000000000
0.0
0.0000000000
0.0970464135
0.1005894657
0.1053994820
0.1132519803
0.1126011069
0.1174772374
0.0861844249
0.0000000000
0.0023148148
0.1377604167
0.1032396565
0.1127450980
0.0
0.0
0.0000000000
0.0000000000
0.0000000000
0.1132519803
0.0994547847
0.1121000212
0.1011665710
0.0759730001
0.1225388001
0.0030864198
0.1027583528
0.0945487042
0.0046296296
0.1312003968
0.0
0.0933968927
0.1089149681
0.0921281783
0.1209419296
0.1149500217
0.1183445190
0.0000000000
0.1020447531
0.1201180745
0.0000000000
0.0965680905
0.1001325005
0.1085796388
0.0000000000
0.1054625199
0.0000000000
0.0030864198
0.1024003097
0.0000000000
0.1073893626
0.1173209137
0.0000000000
0.0
0.0887434994
0.1142795420
0.1011085627
0.1040928768
0.1127450980
0.1231378026
0.1115327852
0.1158563294
0.0882991153
0.0
0.0000000000
0.0000000000
0.0770687646
0.0687995838
0.0000000000
0.0957812783
0.0000000000
0.1139104220
0.1277777778
0.0000000000
0.0000000000
0.1065458207
0.1137634409
0.0000000000
0.0000000000
0.0991751031
0.1168544290
0.1036645111
0.0023148148
0.0000000000
0.1073893626
0.1011665710
0.0000000000
0.0975834717
0.0964096956
0.1252367424
0.0000000000
0.0000000000
0.0986756202
0.0000000000
0.1247935834
0.1021629973
0.0775773574
0.0000000000
0.0030864198
0.1093201075
0.0000000000
0.0
0.1021038410
0.1209419296
0.0838086185
0.0000000000
0.0965680905
0.1115327852
0.0000000000
0.1219455970
0.0000000000
0.0000000000
0.0000000000
0.0000000000
0.0000000000
0.0914591978
0.1121000212
0.0000000000
0.1004748338
0.0841686555
0.0000000000
0.0000000000
0.0784750037
0.0000000000
0.0838086185
0.0023148148
0.1219455970
0.0000000000
0.0000000000
0.0000000000
0.0000000000
0.0000000000
0.0928558891
0.0000000000
0.0000000000
0.0000000000
0.0000000000
0.1205285942
0.0000000000
0.0030864198
0.1242659150
0.0869493754
0.0940444444
0.1145021645
0.0000000000
0.0000000000
0.0023148148
0.0000000000
0.1042159180
0.0000000000
0.0023148148
0.0000000000
0.0000000000
0.0000000000
0.0023148148
0.0000000000
0.0000000000
0.1130341880
0.0023148148
0.0000000000
0.0000000000
0.0000000000
0.0784750037
0.0000000000
0.1033001367
0.0000000000
0.0000000000
0.0000000000
0.0000000000
0.0023148148
0.0000000000
0.0000000000
0.0000000000
0.0000000000
0.0000000000
0.0000000000
0.0000000000
0.0000000000
0.0000000000
0.0000000000
0.0000000000
0.0023148148
0.0000000000
0.0000000000
0.0000000000
0.0000000000
0.0000000000
0.0000000000
0.0000000000
0.0000000000
0.0000000000
0.0000000000
0.0000000000
0.0000000000
0.0000000000
0.1174772374
0.0000000000
0.1091171617
0.0000000000
0.0000000000
0.0000000000
0.0000000000
0.0842893563
0.0000000000
0.0000000000
0.0000000000
0.0000000000
0.0000000000
0.0000000000
0.0000000000
0.0000000000
0.0000000000
0.0000000000
0.0000000000
0.0000000000
0.0000000000
0.0000000000
0.0000000000
0.0000000000
0.0000000000
0.0000000000
0.0000000000
0.0991751031
0.0000000000
0.0000000000
0.0000000000
0.0000000000
0.0000000000
0.0000000000
0.0000000000
0.0000000000
0.0000000000
0.0000000000
0.0000000000
