0.0
0.0
0.0
0.0
0.1492628993
0.0
0.1673553719
0.0
0.0
0.1264746704
0.0
0.1048619102
0.0
0.1656818182
0.0
0.0227272727
0.0998083242
0.1577922078
0.1183441558
0.1624331551
0.0227272727
0.0000000000
0.0
0.1264746704
0.0
0.1608561342
0.1191955526
0.1048619102
0.0000000000
0.1209356337
0.0
0.1358047690
0.1183441558
0.1593094406
0.1119471744
0.1358047690
0.1593094406
0.1563036021
0.0915369161
0.1042024014
0.0808203991
0.1577922078
0.1369271225
0.0000000000
0.0
0.0000000000
0.0717237308
0.0000000000
0.0000000000
0.1274475524
0.0000000000
0.0000000000
0.0000000000
0.0000000000
0.0000000000
0.0000000000
0.0000000000
0.0000000000
0.0000000000
