0.0
0.0
0.0
0.0
0.0
0.0
0.0
0.0
0.0
0.0
0.0
0.0
0.0
0.0
0.0
0.0
0.0
0.0
0.0
0.0
0.0
0.0
0.0
0.0
0.0
0.0
0.0
0.0
0.0
0.0
0.0
0.0
0.0
0.0
0.0
0.0
0.0
0.0
0.0
0.0
0.0
0.0
0.0
0.0
0.0
0.0
0.0
0.0
0.0
0.0
0.0
0.0
0.0
0.0
0.0
0.0
0.0
0.0
0.0
0.0
0.0295659296
0.0
0.0
0.0
0.0
0.0
0.0
0.0
0.0
0.0
0.0
0.0
0.0
0.0
0.0
0.0464675202
0.0
0.0
0.0
0.0353505680
0.0
0.0
0.0
0.0
0.0
0.0
0.0090090090
0.0
0.0
0.0
0.0
0.0
0.0
0.0
0.0
0.0
0.0
0.0
0.0
0.0
0.0
0.0
0.0
0.0
0.0
0.0
0.0
0.0
0.0
0.0542042042
0.0
0.0
0.0
0.0
0.0
0.0
0.0
0.0
0.0
0.0270270270
0.0
0.0284800930
0.0
0.0
0.0
0.0
0.0
0.0
0.0
0.0
0.0
0.0
0.0
0.0580759331
0.0
0.0
0.0
0.0
0.0
0.0691968564
0.0
0.0
0.0
0.0
0.0
0.0
0.0
0.0
0.0
0.0
0.0000000000
0.0
0.0000000000
0.0
0.0
0.0
0.0295659296
0.0
0.0000000000
0.0
0.0
0.0289469798
0.0
0.0
0.0346228582
0.0
0.0
0.0241885721
0.0
0.0
0.0
0.0
0.0
0.0
0.0
0.0000000000
0.0
0.0
0.0
0.0120120120
0.0
0.0
0.0516230516
0.0
0.0000000000
0.0
0.0
0.0
0.0288288288
0.0
0.0
0.0422370422
0.0383862123
0.0
0.0
0.0
0.0
0.0
0.0162162162
0.0
0.0
0.0
0.0
0.0
0.0
0.0
0.0321750322
0.0
0.0
0.0000000000
0.0
0.0
0.0
0.0
0.0
0.0411677500
0.0
0.0000000000
0.0367867868
0.0
0.0360360360
0.0
0.0162162162
0.0
0.0
0.0120120120
0.0
0.0422370422
0.0
0.0
0.0250250250
0.0
0.0
0.0401512624
0.0
0.0625433125
0.0000000000
0.0
0.0
0.0
0.0
0.0533156107
0.0240240240
0.0333163352
0.0326993660
0.0
0.0
0.0
0.0430674577
0.0090090090
0.0180180180
0.0
0.0492765493
0.0
0.0180180180
0.0
0.0
0.0416955417
0.0
0.0249480249
0.0
0.0204750205
0.0173250173
0.0
0.0
0.0120120120
0.0
0.0000000000
0.0000000000
0.0000000000
0.0000000000
0.0180180180
0.0000000000
0.0231660232
0.0205321601
0.0000000000
0.0
0.0
0.0245245245
0.0000000000
0.0000000000
0.0324324324
0.0000000000
0.0000000000
0.0
0.0000000000
0.0000000000
0.0160160160
0.0
0.0591318591
0.0180180180
0.0000000000
0.0
0.0090090090
0.0120120120
0.0
0.0346228582
0.0120120120
0.0231660232
0.0000000000
0.0
0.0000000000
0.0000000000
0.0250250250
0.0445514007
0.0411677500
0.0000000000
0.0180180180
0.0090090090
0.0430674577
0.0000000000
0.0000000000
0.0180180180
0.0231660232
0.0551229195
0.0000000000
0.0299282333
0.0422370422
0.0000000000
0.0000000000
0.0000000000
0.0000000000
0.0000000000
0.0000000000
0.0000000000
0.0120120120
0.0173250173
0.0000000000
0.0000000000
0.0000000000
0.0000000000
0.0162162162
0.0000000000
0.0000000000
0.0000000000
