0.0
0.0
0.0
0.0
0.1303698989
0.0
0.1592611334
0.0
0.0
0.0919477072
0.0
0.1295514332
0.0
0.1409266810
0.0
0.1347479926
0.1025922216
0.1375712838
0.0
0.0
0.1364021228
0.0857778195
0.0
0.0
0.0
0.1303698989
0.1110298601
0.1212845072
0.1469479634
0.1287431801
0.0
0.0
0.1483057988
0.1339980037
0.1339980037
0.1440177946
0.1395650706
0.1246331734
0.1036969476
0.0
0.0
0.1487640041
0.1515738174
0.1292037997
0.0
0.1325227964
0.1353794265
0.1288580268
0.1132052101
0.1192814600
0.1191830429
0.1212845072
0.1444498480
0.1339980037
0.1211827584
0.1423151212
0.1220015608
0.0
0.1100151165
0.1592611334
0.0
0.0994833664
0.0858798145
0.1428781880
0.0
0.1489173691
0.0
0.0885652042
0.1403788611
0.1292037997
0.1444498480
0.1424554714
0.1285140997
0.1448845015
0.1355064240
0.1248486154
0.1051308938
0.0060790274
0.0960437819
0.1251731785
0.1317973066
0.1543267607
0.1379654709
0.0
0.1514149350
0.1317973066
0.1344970652
0.0
0.0976672400
0.0977333207
0.1476992311
0.0
0.1163979436
0.1144610523
0.1025194095
0.0
0.1025922216
0.1230407564
0.1258273937
0.1421750473
0.1310797169
0.1051308938
0.1144610523
0.1026651372
0.1264884834
0.1387606609
0.0
0.1117168198
0.1467986260
0.0
0.1138296675
0.1148249984
0.0030395137
0.1227271436
0.0703603741
0.1289730786
0.1204752694
0.0
0.0898319950
0.1450299679
0.1192814600
0.1276058728
0.0636342943
0.1292037997
0.0000000000
0.1290883360
0.0785907769
0.1252817416
0.0000000000
0.1309608776
0.0
0.0
0.0743054774
0.0030395137
0.1583879913
0.0030395137
0.1317973066
0.1125875667
0.0969462067
0.1356336601
0.1165858338
0.1293194700
0.1093488630
0.0
0.1094317030
0.1454681249
0.1156524003
0.0000000000
0.1276058728
0.1265993410
0.0996205848
0.1314375323
0.1189866952
0.1308422536
0.1150078408
0.0956621510
0.0000000000
0.0000000000
0.1173434996
0.1081211437
0.1321590558
0.0000000000
0.1097643222
0.0888922142
0.1337498593
0.1197759934
0.1296677271
0.0040526849
0.0866525783
0.1435883181
0.0
0.0
0.0040526849
0.0
0.0981984011
0.0879183494
0.0
0.1346224120
0.1038460446
0.0
0.1064479352
0.0000000000
0.1082021334
0.1383619234
0.0000000000
0.0984661541
0.1171531614
0.0
0.0000000000
0.1135612013
0.1069998874
0.1264884834
0.1259370951
0.1125875667
0.1271565564
0.0000000000
0.1051308938
0.1352526667
0.1203748734
0.1229360409
0.0
0.1132939985
0.1272685886
0.0
0.1175344573
0.0060790274
0.0
0.0947833648
0.1192814600
0.0921824174
0.0000000000
0.1191830429
0.0
0.1070792054
0.1065264366
0.1113722807
0.1021568939
0.1115442842
0.0
0.1132939985
0.0000000000
0.1174389008
0.1327664044
0.0000000000
0.0
0.1244184738
0.0000000000
0.0000000000
0.1239912859
0.1369192872
0.0955356138
0.1299009425
0.0
0.1451757267
0.1253904931
0.0760662707
0.1283998649
0.0
0.1182077316
0.0757471673
0.1095977603
0.0000000000
0.0000000000
0.0000000000
0.1135612013
0.0836420660
0.1150078408
0.0000000000
0.1125875667
0.0954094108
0.1245257311
0.0000000000
0.1070792054
0.1112008068
0.0917724574
0.0918307998
0.1194787825
0.1148249984
0.1316771632
0.1184015148
0.0
0.0000000000
0.1011553558
0.0000000000
0.0854732829
0.1175344573
0.0941041355
0.1067626371
0.0030395137
0.0000000000
0.0000000000
0.1517330336
0.0791506017
0.0000000000
0.0030395137
0.0
0.0000000000
0.0000000000
0.0000000000
0.1141896032
0.0030395137
0.1193800397
0.0000000000
0.0000000000
0.1105201592
0.0000000000
0.0962998987
0.0030395137
0.0030395137
0.1086089083
0.0
0.1012972286
0.1145518224
0.0885652042
0.0000000000
0.1095146687
0.0962998987
0.0000000000
0.0910780883
0.0000000000
0.0000000000
0.0000000000
0.0985333206
0.1119766264
0.0000000000
0.0000000000
0.0000000000
0.0030395137
0.0979321004
0.0000000000
0.0000000000
0.0030395137
0.0000000000
0.0030395137
0.0030395137
0.0980650699
0.0040526849
0.0000000000
0.1063695494
0.0933741745
0.0030395137
0.1202746445
0.0853722506
0.0000000000
0.0000000000
0.0000000000
0.0040526849
0.0000000000
0.0000000000
0.0000000000
0.0000000000
0.0000000000
0.1082021334
0.0000000000
0.0000000000
0.0000000000
0.0000000000
0.0000000000
0.0000000000
0.0000000000
0.1100151165
0.0030395137
0.0000000000
0.0000000000
0.1118898900
0.0000000000
0.0000000000
0.1055148634
0.0000000000
0.0846220551
0.0000000000
0.0000000000
0.0000000000
0.0000000000
0.1119766264
0.0030395137
0.0000000000
0.0000000000
0.0000000000
0.0000000000
0.0030395137
0.0976672400
0.0866525783
0.0000000000
0.0000000000
0.0000000000
0.0000000000
0.0000000000
0.0000000000
0.0000000000
0.0000000000
0.0000000000
0.0000000000
0.0000000000
0.0000000000
0.0000000000
0.0000000000
0.0000000000
0.0000000000
0.0000000000
0.0000000000
