0.0
0.0
0.0
0.0
0.1183327708
0.0
0.1403101542
0.0
0.0
0.1160788133
0.0
0.1066029918
0.0
0.1302166174
0.0
0.1225362808
0.0
0.1346274896
0.0
0.0
0.1412860362
0.0948257940
0.0
0.0
0.0
0.1205168958
0.1201999546
0.1154921863
0.1282076654
0.1248798708
0.0
0.0
0.1385031295
0.1236133407
0.1329630043
0.1284779556
0.1390297573
0.1104677528
0.1239485633
0.0
0.0
0.1438427466
0.1377725176
0.1303094304
0.0
0.1351250043
0.1423863948
0.1262597589
0.1148392782
0.1127152472
0.1083723360
0.1062930993
0.1419442010
0.0
0.1291130868
0.0
0.1232799264
0.0
0.1006186741
0.1339370922
0.0
0.0
0.1215585977
0.1041732939
0.0
0.1327698844
0.0
0.0899282493
0.1122998347
0.1287493879
0.1339370922
0.1396670213
0.1129241080
0.1383982823
0.1105345410
0.1164484910
0.0
0.0842119442
0.0892695952
0.1152737269
0.1203582165
0.1268730957
0.1334482707
0.0
0.1294788462
0.1200421083
0.1235298182
0.0
0.0938522232
0.0933728963
0.1280281029
0.0
0.1206759940
0.1106683601
0.0778306219
0.0
0.0905966952
0.1252220075
0.1223722429
0.1218015529
0.1304023758
0.1248798708
0.0888790136
0.1044709319
0.1184094112
0.1326735347
0.0
0.0927570426
0.1358277347
0.0
0.1203582165
0.1308690987
0.1131337444
0.1157847567
0.1102014050
0.1098042828
0.1313391745
0.0
0.1105345410
0.1370495734
0.1173453985
0.1226184647
0.0955693314
0.1207557007
0.0027266530
0.1292043328
0.0
0.1052528099
0.0000000000
0.1300313875
0.0
0.0
0.1132037962
0.0020449898
0.1274035755
0.1046503325
0.1094755275
0.1194148471
0.1276704825
0.1271377823
0.1205963924
0.1267851116
0.1257387420
0.0
0.0896636248
0.1381890634
0.1262597589
0.0020449898
0.1363341766
0.1017385258
0.1221270079
0.1374617525
0.1181797873
0.1183327708
0.1236133407
0.1092792175
0.0000000000
0.0000000000
0.1137673496
0.1070398893
0.1251362977
0.0000000000
0.0020449898
0.0966300903
0.1154921863
0.1005080434
0.1203582165
0.0974023073
0.1074803826
0.1313391745
0.0
0.0
0.0740478456
0.0
0.1212361611
0.1056176377
0.0
0.1219640633
0.1144080919
0.0
0.0966300903
0.1126457984
0.1065408688
0.1303094304
0.1021363860
0.1121620435
0.1280281029
0.0
0.0964262294
0.1128544018
0.1142650818
0.1328663742
0.1142650818
0.1005080434
0.1283877324
0.1040547131
0.1085653984
0.1356262099
0.1152737269
0.0
0.0
0.1085653984
0.1253078347
0.0
0.1125764353
0.0027266530
0.0
0.1244548202
0.0
0.1007850777
0.1019086571
0.1279385101
0.0
0.1023078516
0.0873502775
0.1189486863
0.1053741388
0.1092792175
0.0
0.1300313875
0.0000000000
0.1269612020
0.1272262567
0.0027266530
0.0
0.1219640633
0.0040899796
0.0000000000
0.1114101955
0.1383982823
0.1021934773
0.1253937798
0.0
0.1420544917
0.1192590547
0.1029995104
0.0
0.0
0.1231968537
0.0
0.1236133407
0.0000000000
0.0919176123
0.0000000000
0.1148392782
0.0876014044
0.1202790335
0.0020449898
0.1204375039
0.1184094112
0.0907315786
0.0000000000
0.1108025036
0.1224542069
0.0834813383
0.0764634592
0.1249652296
0.1090836103
0.1340352866
0.0000000000
0.0
0.0000000000
0.0986106423
0.1025949107
0.1050109884
0.1056176377
0.1125071575
0.1099363385
0.0020449898
0.0000000000
0.0790078353
0.1388186263
0.0939486798
0.1096067931
0.0
0.0
0.1226184647
0.0000000000
0.0826884355
0.0
0.0948257940
0.1127847815
0.1016819415
0.0020449898
0.1273148544
0.1078608442
0.0
0.0020449898
0.0040899796
0.1259119359
0.0
0.0934206085
0.1074803826
0.0978715904
0.1110717685
0.1095411210
0.1159315985
0.0000000000
0.0952209015
0.1218827539
0.0000000000
0.1015689616
0.1047102697
0.1018518835
0.0975062031
0.1007850777
0.1213166097
0.0027266530
0.0927570426
0.0000000000
0.1028257204
0.1201999546
0.0000000000
0.0
0.0000000000
0.1238645873
0.0
0.1015689616
0.1053134394
0.1164484910
0.1068522097
0.1112068923
0.0805747602
0.0
0.0000000000
0.0040899796
0.0040899796
0.0027266530
0.0000000000
0.1065408688
0.0000000000
0.1039364019
0.1220454812
0.0000000000
0.1061696463
0.1017951731
0.1191036683
0.0000000000
0.1133441605
0.1140512357
0.1235298182
0.1022506325
0.0020449898
0.0
0.1029415151
0.0936119462
0.0000000000
0.0
0.0947275290
0.1201999546
0.0936119462
0.0000000000
0.1018518835
0.0020449898
0.1176474459
0.0971951786
0.0740478456
0.0020449898
0.0799405907
0.1053134394
0.0000000000
0.0
0.1017385258
0.1153464548
0.0874338263
0.0000000000
0.0976103208
0.1104677528
0.0000000000
0.1258252793
0.0863600051
0.0000000000
0.1031156971
0.0000000000
0.0000000000
0.0873920320
0.1127847815
0.0000000000
0.1116824257
0.0834813383
0.0000000000
0.0000000000
0.0894005530
0.0000000000
0.0813998802
0.0891390204
0.1165970222
0.0000000000
0.0834813383
0.0000000000
0.0000000000
0.0000000000
0.0873502775
0.0000000000
0.0000000000
0.0000000000
0.0020449898
0.1174207649
0.0020449898
0.0027266530
0.1217204600
0.0914577943
0.0898398678
0.1137673496
0.0000000000
0.0000000000
0.0938522232
0.0000000000
0.0
0.0000000000
0.0813998802
0.1281178212
0.0000000000
0.0000000000
0.0020449898
0.0881504970
0.1007295487
0.1213166097
0.0906865729
0.0000000000
0.0000000000
0.0907766290
0.0894005530
0.0027266530
0.0020449898
0.0000000000
0.0000000000
0.0000000000
0.0000000000
0.0040899796
0.0
0.0
0.0000000000
0.0000000000
0.0000000000
0.0000000000
0.0000000000
0.1096067931
0.1040547131
0.1032321462
0.0000000000
0.0027266530
0.0027266530
0.0020449898
0.0020449898
0.0865644559
0.0000000000
0.0020449898
0.1172701289
0.0922422457
0.0000000000
0.0917791822
0.0000000000
0.0814724291
0.0000000000
0.1158581311
0.1141937107
0.1122998347
0.0814724291
0.0000000000
0.0000000000
0.0000000000
0.0849554512
0.0020449898
0.0000000000
0.0000000000
0.0814724291
0.0000000000
0.0000000000
0.0000000000
0.0865234883
0.0000000000
0.0000000000
0.0000000000
0.0000000000
0.0020449898
0.0000000000
0.0000000000
0.0000000000
0.0000000000
0.0020449898
0.0000000000
0.1005080434
0.0000000000
0.0000000000
0.0000000000
0.0997403878
0.0000000000
0.0000000000
0.0000000000
0.0000000000
0.0000000000
0.0000000000
0.0000000000
0.0000000000
0.0000000000
0.0000000000
0.0000000000
0.0000000000
0.0000000000
0.0020449898
0.0000000000
0.0000000000
0.0000000000
0.0000000000
0.0027266530
0.0000000000
0.0000000000
0.0000000000
0.0000000000
0.1059235984
0.1017385258
0.0000000000
0.0000000000
0.0000000000
0.0000000000
0.0000000000
0.0000000000
0.0020449898
0.0000000000
0.0000000000
0.0000000000
0.0799405907
0.0000000000
0.0876854345
0.0020449898
0.0000000000
0.0000000000
0.0000000000
0.0020449898
0.0000000000
0.0000000000
0.0000000000
0.0000000000
0.0000000000
0.0000000000
0.0000000000
0.0000000000
0.0000000000
0.0000000000
0.0000000000
0.0000000000
0.0000000000
0.0000000000
0.0000000000
0.0000000000
0.0000000000
0.0000000000
0.0000000000
0.0000000000
0.0000000000
0.0000000000
0.0000000000
0.0000000000
0.0000000000
0.0000000000
0.0000000000
0.0000000000
0.0000000000
0.0000000000
0.0000000000
0.0000000000
0.0000000000
