0.0
0.0
0.0
0.0
0.0
0.0
0.0
0.2380170940
0.0
0.0
0.0
0.0
0.0
0.0
0.0
0.0
0.0
0.0
0.0
0.0
0.2129051988
0.0
0.0
0.1459538784
0.0
0.0
0.0
0.0
0.0
0.0
0.0
0.2253074434
0.2242190016
0.1521748634
0.0
0.0
0.0
0.1611574074
0.0
0.1079379845
0.0
0.0
0.0
0.2017971014
0.0
0.2344107744
0.0
0.0
0.0
0.0
0.0
0.0
0.0
0.2210158730
0.2508828829
0.0
0.0
0.1758080808
0.0
0.1975035461
0.0
0.2053687316
0.0
0.1958368495
0.2168847352
0.1910013717
0.0000000000
0.0
0.1941980474
0.0
0.1863989290
0.1657619048
0.2442807018
0.0
0.0
0.0000000000
0.2100150830
0.1568018018
0.0
0.0
0.0
0.1611574074
0.1381349206
0.0
0.1744862155
0.2231410256
0.1247670251
0.0
0.1975035461
0.1738327091
0.0
0.1950140056
0.2138863287
0.2550183150
0.0
0.1886720867
0.1871505376
0.1079379845
0.2220733652
0.1886720867
0.1751446541
0.1436945304
0.2035672515
0.1771501272
0.0
0.0000000000
0.0
0.0000000000
0.2442807018
0.0
0.1278604224
0.1941980474
0.2000574713
0.1751446541
0.0000000000
0.0
0.1436945304
0.1886720867
0.0
0.1834519104
0.1450416667
0.0
0.0
0.2220733652
0.1381349206
0.1526754386
0.1634272300
0.0000000000
0.2148765432
0.0000000000
0.0000000000
0.1450416667
0.0000000000
0.0000000000
0.1432510288
0.1178003384
0.0000000000
0.0000000000
0.0000000000
0.0000000000
0.0000000000
0.0000000000
