0.0
0.0
0.0
0.0
0.0
0.0
0.0
0.0
0.0
0.0867469880
0.0000000000
0.0
0.0
0.0
0.0
0.0774193548
0.0
0.0
0.0000000000
0.0
0.0
0.0
0.0
0.0
0.1440000000
0.0
0.1263157895
0.0
0.0
0.0
0.0847058824
0.1161290323
0.0
0.0
0.0
0.1161290323
0.0
0.0
0.0
0.0
0.0
0.0
0.0
0.1142857143
0.0
0.0
0.0720000000
0.0
0.0
0.1600000000
0.0
0.0
0.0790123457
0.1241379310
0.0
0.0
0.0
0.0
0.1384615385
0.0
0.0
0.0960000000
0.0
0.0
0.0711111111
0.0
0.0
0.0
0.0
0.0000000000
0.1058823529
0.0547008547
0.0
0.0
0.0592592593
0.0
0.0
0.0222222222
0.0000000000
0.0
0.0947368421
0.0
0.0000000000
0.0
0.0
0.0677248677
0.0774193548
0.0
0.0960000000
0.0972972973
0.0836601307
0.0568888889
0.0000000000
0.1043478261
0.0000000000
0.0
0.0000000000
0.0222222222
0.0
0.0000000000
0.0000000000
0.0430976431
0.0000000000
0.0000000000
0.0000000000
0.0000000000
0.0000000000
0.0000000000
0.0444444444
