0.0045871560
0.0
0.0
0.0
0.0
0.0
0.0045871560
0.0
0.0
0.0000000000
0.0
0.0
0.0
0.0
0.0
0.0
0.0
0.0145013318
0.0
0.0
0.0
0.0
0.0
0.0000000000
0.0
0.0
0.0000000000
0.0
0.0
0.0
0.0
0.0
0.0
0.0
0.0
0.0
0.0
0.0
0.0
0.0
0.0
0.0
0.0135803959
0.0000000000
0.0
0.0
0.0
0.0
0.0
0.0
0.0
0.0
0.0000000000
0.0000000000
0.0000000000
0.0
0.0045871560
0.0
0.0000000000
0.0
0.0
0.0000000000
0.0
0.0
0.0076452599
0.0045871560
0.0
0.0045871560
0.0163469558
0.0
0.0045871560
0.0183486239
0.0045871560
0.0
0.0245740498
0.0
0.0
0.0
0.0
0.0
0.0
0.0
0.0
0.0132321807
0.0
0.0272449263
0.0
0.0
0.0
0.0122324159
0.0
0.0
0.0117431193
0.0088963025
0.0000000000
0.0000000000
0.0
0.0
0.0214067278
0.0
0.0112914608
0.0000000000
0.0
0.0
0.0
0.0
0.0
0.0
0.0
0.0
0.0
0.0172018349
0.0
0.0
0.0
0.0
0.0
0.0091743119
0.0000000000
0.0143348624
0.0
0.0198482710
0.0
0.0061162080
0.0
0.0103211009
0.0
0.0
0.0000000000
0.0
0.0
0.0163469558
0.0
0.0
0.0138320395
0.0000000000
0.0
0.0
0.0000000000
0.0224371759
0.0139474337
0.0
0.0
0.0
0.0236600676
0.0045871560
0.0184305374
0.0091743119
0.0166469370
0.0045871560
0.0000000000
0.0
0.0138320395
0.0
0.0000000000
0.0
0.0
0.0
0.0103211009
0.0
0.0
0.0000000000
0.0
0.0
0.0
0.0
0.0068807339
0.0045871560
0.0245740498
0.0
0.0000000000
0.0
0.0045871560
0.0
0.0045871560
0.0
0.0000000000
0.0000000000
0.0
0.0000000000
0.0
0.0045871560
0.0
0.0000000000
0.0
0.0
0.0104253545
0.0104849279
0.0000000000
0.0000000000
0.0045871560
0.0000000000
0.0120012801
0.0
0.0172900494
0.0
0.0
0.0
0.0103211009
0.0
0.0103211009
0.0045871560
0.0
0.0
0.0000000000
0.0206422018
0.0127420999
0.0000000000
0.0
0.0104253545
0.0198482710
0.0045871560
0.0
0.0000000000
0.0076452599
0.0
0.0045871560
0.0161267202
0.0045871560
0.0127420999
0.0
0.0
0.0
0.0
0.0
0.0000000000
0.0172900494
0.0139799039
0.0045871560
0.0
0.0
0.0091743119
0.0045871560
0.0
0.0000000000
0.0
0.0000000000
0.0000000000
0.0
0.0
0.0000000000
0.0000000000
0.0
0.0
0.0
0.0061162080
0.0
0.0000000000
0.0000000000
0.0061162080
0.0068807339
0.0045871560
0.0249745158
0.0045871560
0.0
0.0061162080
0.0000000000
0.0
0.0172692930
0.0219288431
0.0
0.0000000000
0.0
0.0073394495
0.0
0.0
0.0000000000
0.0000000000
0.0000000000
0.0061162080
0.0045871560
0.0000000000
0.0045871560
0.0000000000
0.0
0.0
0.0045871560
0.0
0.0000000000
0.0
0.0091743119
0.0122324159
0.0045871560
0.0000000000
0.0000000000
0.0
0.0163098879
0.0000000000
0.0000000000
0.0045871560
0.0000000000
0.0146788991
0.0000000000
0.0073394495
0.0000000000
0.0
0.0068807339
0.0061162080
0.0000000000
0.0000000000
0.0000000000
0.0161267202
0.0000000000
0.0
0.0104849279
0.0000000000
0.0000000000
0.0000000000
0.0000000000
0.0145013318
0.0000000000
0.0000000000
0.0
0.0068807339
0.0000000000
0.0000000000
0.0000000000
0.0000000000
0.0000000000
0.0183486239
0.0000000000
0.0061162080
0.0000000000
0.0000000000
0.0000000000
0.0000000000
0.0000000000
0.0000000000
0.0000000000
0.0000000000
0.0000000000
0.0000000000
0.0000000000
0.0000000000
0.0
0.0000000000
0.0
0.0045871560
0.0045871560
0.0000000000
0.0000000000
0.0000000000
0.0000000000
0.0000000000
0.0
0.0000000000
0.0045871560
0.0000000000
0.0000000000
0.0091743119
0.0000000000
0.0
0.0000000000
0.0000000000
0.0000000000
0.0045871560
0.0000000000
0.0061162080
0.0045871560
0.0000000000
0.0000000000
0.0000000000
0.0000000000
0.0000000000
0.0000000000
0.0000000000
0.0000000000
0.0000000000
0.0000000000
0.0000000000
0.0000000000
0.0000000000
0.0000000000
0.0000000000
0.0000000000
0.0000000000
0.0000000000
0.0000000000
0.0000000000
0.0000000000
