0.0
0.0
0.0
0.0
0.1256576851
0.0
0.1469244048
0.0
0.0
0.1163467097
0.0
0.1230879983
0.0
0.1349552268
0.0
0.1302814527
0.0
0.1303755187
0.0
0.0
0.1487397804
0.1002053793
0.0
0.0
0.0
0.1257451904
0.1249620024
0.1266269940
0.1342528576
0.1302814527
0.0
0.0
0.1443406023
0.1279731350
0.1409602603
0.1321889410
0.1318992648
0.1218421683
0.1266269940
0.0
0.0
0.1471638903
0.1409602603
0.1356649838
0.0
0.1377346251
0.1421811760
0.1256576851
0.1211067025
0.1199004605
0.1349552268
0.1105080131
0.1415126124
0.1376296444
0.1346533135
0.0
0.1337556248
0.0
0.1074821985
0.1453865487
0.0
0.1052886842
0.1296267720
0.1377346251
0.0
0.1428560866
0.0
0.0934627813
0.1255703014
0.1378397660
0.1395441217
0.1408503069
0.1128563084
0.1400854100
0.1239328026
0.1266269940
0.1172533074
0.0891264035
0.0946384138
0.1248755833
0.1287028464
0.1354614355
0.1374201624
0.0
0.1355631332
0.1306585336
0.1309427799
0.0
0.0970806954
0.0998728393
0.1328698259
0.0
0.1300937273
0.1139243492
0.0023364486
0.0
0.0944898448
0.1291631570
0.1260964340
0.1319956824
0.1354614355
0.1310378037
0.1171772183
0.1107112774
0.1293482045
0.1377346251
0.0
0.1148664717
0.1426304056
0.0
0.1285196395
0.1358691448
0.1178655963
0.1208635164
0.1167227495
0.1168738469
0.1400854100
0.0
0.1248755833
0.1421811760
0.1170253360
0.1230041509
0.0989967618
0.1202998624
0.0000000000
0.1396520444
0.0
0.1122948342
0.0000000000
0.1320922410
0.0
0.0
0.1156759087
0.1129975554
0.1363822458
0.0911049917
0.1125047311
0.1238478007
0.1303755187
0.1336566199
0.1253958982
0.1134947162
0.1254830392
0.0
0.0000000000
0.1380505302
0.1199801285
0.0000000000
0.1435374352
0.1187180102
0.1199004605
0.1330656547
0.1263611571
0.1225866215
0.1287028464
0.1176352400
0.0000000000
0.0000000000
0.1158243063
0.1207826712
0.1393287758
0.0000000000
0.1105080131
0.1005961523
0.1235934931
0.1155278909
0.1227532926
0.1030063283
0.1089741059
0.1326745727
0.0
0.0
0.0784064670
0.0
0.1113942588
0.1113255817
0.0
0.1318029879
0.1081905892
0.0
0.0929815105
0.1065939159
0.1137807772
0.1335577614
0.1085809341
0.1184066187
0.1147205168
0.0
0.0000000000
0.1169495424
0.1026549707
0.1348544387
0.0975527247
0.1111200575
0.1390070004
0.1025383836
0.1148664717
0.1438805526
0.1224204023
0.0
0.0
0.1194246650
0.1216779606
0.0
0.1150127984
0.0897911952
0.0
0.1331637857
0.0
0.0886886510
0.1097690538
0.1330656547
0.0
0.1034785636
0.1005401411
0.1287028464
0.1091057967
0.1158986479
0.0
0.1341531155
0.0000000000
0.1340535215
0.1346533135
0.0000000000
0.0
0.1260964340
0.0000000000
0.0000000000
0.1215960225
0.1364853314
0.1076744743
0.1270725499
0.0
0.1406309139
0.1272516515
0.1081258045
0.1318992648
0.0
0.1291631570
0.0
0.1273413917
0.0000000000
0.1072268964
0.0000000000
0.1277016220
0.0924104880
0.1256576851
0.0000000000
0.1279731350
0.1268939518
0.0981359204
0.0000000000
0.1139962711
0.1287946458
0.0813745351
0.0871056891
0.1277919982
0.1137091269
0.1424054365
0.0000000000
0.0
0.0000000000
0.0993234838
0.1020170020
0.1065310286
0.1147205168
0.1150861016
0.1200599026
0.0871056891
0.0000000000
0.0023364486
0.1406309139
0.1047998221
0.1134947162
0.0
0.0
0.0000000000
0.0000000000
0.0000000000
0.1150861016
0.1004283056
0.1139243492
0.1035378976
0.0768383376
0.1287946458
0.0920806188
0.1040749818
0.0963040498
0.0046728972
0.1348544387
0.0
0.0950869370
0.1108472029
0.0934627813
0.1226699004
0.1164968345
0.1192669045
0.0000000000
0.1043154786
0.1230879983
0.0000000000
0.0987261309
0.1013300188
0.1097690538
0.0000000000
0.1069728042
0.0000000000
0.0031152648
0.1035972997
0.0000000000
0.1090399115
0.1225866215
0.0000000000
0.1168738469
0.0906476373
0.1161222466
0.1038953357
0.1065939159
0.1147934478
0.1255703014
0.1118773813
0.1170253360
0.0893911354
0.0
0.0000000000
0.0000000000
0.0789895422
0.0704526311
0.0000000000
0.0978169520
0.0000000000
0.1151594984
0.1318029879
0.0000000000
0.0000000000
0.1096357580
0.1168738469
0.0000000000
0.0000000000
0.1031829105
0.1147205168
0.1056583344
0.0023364486
0.0000000000
0.1090399115
0.1026549707
0.0000000000
0.1002610180
0.0969764197
0.1267158551
0.0000000000
0.0000000000
0.1012731876
0.0000000000
0.1266269940
0.1038953357
0.0784064670
0.0000000000
0.0920806188
0.1109152908
0.0000000000
0.0
0.1046176671
0.1218421683
0.0000000000
0.0000000000
0.0987261309
0.1101037155
0.0000000000
0.1233402278
0.0000000000
0.0000000000
0.0000000000
0.0000000000
0.0000000000
0.0939490601
0.1139243492
0.0000000000
0.0941941020
0.0813745351
0.0000000000
0.0000000000
0.0799336403
0.0000000000
0.0844970021
0.0023364486
0.1238478007
0.0000000000
0.0000000000
0.0000000000
0.0000000000
0.0000000000
0.0939490601
0.0000000000
0.0000000000
0.0000000000
0.0000000000
0.1234245341
0.0000000000
0.0031152648
0.1274312586
0.0882120632
0.0957931530
0.0000000000
0.0000000000
0.0000000000
0.0023364486
0.0000000000
0.1118081074
0.0000000000
0.0023364486
0.0000000000
0.0000000000
0.0000000000
0.0023364486
0.0000000000
0.0000000000
0.1162717923
0.0023364486
0.0000000000
0.0000000000
0.0000000000
0.0799336403
0.0000000000
0.1052886842
0.0000000000
0.0000000000
0.0000000000
0.0000000000
0.0023364486
0.0000000000
0.0000000000
0.0000000000
0.0000000000
0.0000000000
0.0000000000
0.0000000000
0.0000000000
0.0000000000
0.0000000000
0.0000000000
0.0023364486
0.0000000000
0.0000000000
0.0000000000
0.0000000000
0.0000000000
0.0000000000
0.0000000000
0.0000000000
0.0000000000
0.0000000000
0.0000000000
0.0000000000
0.0000000000
0.1198208981
0.0000000000
0.1105080131
0.0000000000
0.0000000000
0.0000000000
0.0000000000
0.0861909754
0.0000000000
0.0000000000
0.0000000000
0.0000000000
0.0000000000
0.0000000000
0.0000000000
0.0000000000
0.0000000000
0.0000000000
0.0000000000
0.0000000000
0.0000000000
0.0000000000
0.0000000000
0.0000000000
0.0000000000
0.0000000000
0.0000000000
0.1031829105
0.0000000000
0.0000000000
0.0000000000
0.0000000000
0.0000000000
0.0000000000
