0.0
0.0
0.0
0.0
0.1220233941
0.0
0.1473121515
0.0
0.0
0.1168066291
0.0
0.1231405097
0.0
0.1348184455
0.0
0.1306872375
0.0
0.1302006879
0.0
0.0
0.1489433763
0.0994084843
0.0
0.0
0.0
0.1255272963
0.1246325900
0.1270781423
0.1343007095
0.1224506469
0.0
0.0
0.1476854086
0.1309809167
0.1418163210
0.1327710887
0.1317705530
0.1205927750
0.1267097999
0.0
0.0
0.1480605621
0.1414721066
0.1331755703
0.0
0.1382288726
0.1418163210
0.1253473289
0.1210938531
0.1212618057
0.1347145792
0.1117313251
0.1415866590
0.1372523735
0.1349224721
0.0
0.1338893750
0.0
0.1079379777
0.1452321626
0.0
0.1048318488
0.1293339673
0.1377931630
0.0
0.1421622145
0.0
0.0933579946
0.1254372481
0.1381196871
0.1396641564
0.1404494167
0.1145118034
0.1520517598
0.1266180477
0.1264349413
0.1176712812
0.0868651385
0.0942638942
0.1246325900
0.1295255732
0.1358659859
0.1353401887
0.0
0.1355500185
0.1316713282
0.1311774372
0.0
0.0956561946
0.0995216413
0.1348184455
0.0
0.1310791033
0.1122333272
0.0023809524
0.0
0.0952912936
0.1311774372
0.1260703128
0.1316713282
0.1348184455
0.1308828771
0.1156478332
0.1103214661
0.1281022152
0.1433274785
0.0
0.1145118034
0.1412435572
0.0
0.1281961318
0.1352355173
0.1179093215
0.1167286541
0.1163403352
0.1168847084
0.1387773998
0.0
0.1247214863
0.1423937490
0.1170411806
0.1204266693
0.0986235329
0.1203437879
0.0000000000
0.1389980316
0.0
0.1124498545
0.0000000000
0.1319694519
0.0
0.0
0.1170411806
0.0023809524
0.1357604999
0.0919829163
0.1121613366
0.1228809022
0.1297177476
0.1392193661
0.1248996599
0.1119459179
0.1261612726
0.0
0.0000000000
0.1383382309
0.1194395654
0.0000000000
0.1448711879
0.1183082028
0.1199310863
0.1326703519
0.1266180477
0.1226223870
0.1281961318
0.1170411806
0.0000000000
0.0000000000
0.1154188276
0.1214302249
0.1393302979
0.0000000000
0.1101130503
0.1000913130
0.1240138467
0.1150391604
0.1233141917
0.1002060308
0.1080046472
0.1404494167
0.0
0.0
0.0765919947
0.0
0.1113754929
0.1110924548
0.0
0.1489433763
0.1094925008
0.0
0.0938591110
0.1021972670
0.1138408358
0.1345073260
0.1087434850
0.1174342000
0.1146619828
0.0
0.0000000000
0.1159545914
0.1041450410
0.1340947268
0.0974147765
0.1106005843
0.1391086108
0.1040211325
0.1146619828
0.1448711879
0.1214302249
0.0
0.0
0.1194395654
0.1239259559
0.0
0.1145868439
0.0896715507
0.0
0.1321689522
0.0
0.0897175597
0.1088111536
0.1331755703
0.0
0.1015444389
0.1001486391
0.1281961318
0.1090826724
0.1163403352
0.0
0.1340947268
0.0000000000
0.1338893750
0.1353401887
0.0000000000
0.0
0.1256174740
0.0000000000
0.0000000000
0.1221939370
0.1391086108
0.1089467438
0.1273558076
0.0
0.1457162698
0.1274486325
0.1078048852
0.1384477623
0.0
0.1291429275
0.0
0.1278212893
0.0000000000
0.1092189405
0.0000000000
0.1278212893
0.0932584127
0.1239259559
0.0000000000
0.1286677879
0.1272631178
0.0976868848
0.0000000000
0.1015444389
0.1307849842
0.0819782109
0.0867358749
0.1280084362
0.1173553851
0.1421622145
0.0000000000
0.0
0.0000000000
0.0992392303
0.1023767704
0.1057831360
0.1139892593
0.1162629813
0.1145118034
0.0864357508
0.0000000000
0.0000000000
0.1428590881
0.1045810549
0.1119459179
0.0
0.0
0.0000000000
0.0000000000
0.0000000000
0.1149635265
0.0996350563
0.1139892593
0.1058471694
0.0762579694
0.1281961318
0.0934577893
0.1032838298
0.0023809524
0.0047619048
0.1384477623
0.0
0.0948262060
0.1113754929
0.0933579946
0.1166507831
0.1154950620
0.1201783669
0.0000000000
0.1040211325
0.1265264282
0.0000000000
0.0989584175
0.1008417092
0.1212618057
0.0000000000
0.1073416352
0.0000000000
0.0031746032
0.1031011343
0.0000000000
0.1090826724
0.1213459568
0.0000000000
0.1165730159
0.0902267925
0.1157243705
0.1038358217
0.1055914999
0.1145868439
0.1275415929
0.1111630793
0.1159545914
0.0889417720
0.0
0.0000000000
0.0000000000
0.0788365752
0.0702811591
0.0000000000
0.0985679390
0.0000000000
0.1143620169
0.1305896369
0.0000000000
0.0000000000
0.1086759004
0.1171195739
0.0000000000
0.0000000000
0.1021972670
0.1150391604
0.1069477210
0.0023809524
0.0000000000
0.1090826724
0.1016625138
0.0000000000
0.0973605366
0.0956561946
0.1253473289
0.0000000000
0.0000000000
0.1011918541
0.0000000000
0.1315722527
0.1040830499
0.0000000000
0.0000000000
0.0934577893
0.1145868439
0.0000000000
0.0
0.1043937456
0.1182282108
0.0000000000
0.0000000000
0.0989584175
0.1086759004
0.0000000000
0.1226223870
0.0000000000
0.0000000000
0.0000000000
0.0000000000
0.0000000000
0.0931590431
0.1139892593
0.0000000000
0.0000000000
0.0819782109
0.0000000000
0.0000000000
0.0805433090
0.0000000000
0.0000000000
0.0023809524
0.1236630296
0.0000000000
0.0000000000
0.0000000000
0.0000000000
0.0000000000
0.1021375723
0.0000000000
0.0000000000
0.0000000000
0.0000000000
0.1177505211
0.0000000000
0.0031746032
0.1261612726
0.0884021860
0.0958134377
0.0000000000
0.0000000000
0.0000000000
0.0023809524
0.0000000000
0.1115175534
0.0000000000
0.0023809524
0.0000000000
0.0000000000
0.0000000000
0.0023809524
0.0000000000
0.0000000000
0.1161857301
0.0000000000
0.0000000000
0.0000000000
0.0000000000
0.0805433090
0.0000000000
0.1065566873
0.0000000000
0.0000000000
0.0000000000
0.0000000000
0.0023809524
0.0000000000
0.0000000000
0.0000000000
0.0000000000
0.0000000000
0.0000000000
0.0000000000
0.0000000000
0.0000000000
0.0000000000
0.0000000000
0.0023809524
0.0000000000
0.0000000000
0.0000000000
0.0000000000
0.0000000000
0.0000000000
0.0000000000
0.0000000000
0.0000000000
0.0000000000
0.0000000000
0.0000000000
0.0000000000
0.1231405097
0.0000000000
0.0000000000
0.0000000000
0.0000000000
0.0000000000
0.0000000000
0.0860529153
0.0000000000
0.0000000000
0.0000000000
0.0000000000
0.0000000000
0.0000000000
0.0000000000
0.0000000000
0.0000000000
0.0000000000
0.0000000000
0.0000000000
0.0000000000
0.0000000000
0.0000000000
0.0000000000
0.0000000000
0.0000000000
