0.0
0.0
0.0
0.0
0.0
0.0
0.0
0.2401129944
0.0
0.0
0.0
0.0
0.0
0.0
0.0
0.0
0.0
0.0
0.0
0.0
0.1844618056
0.0
0.0
0.1984126984
0.0
0.0
0.0
0.0
0.0
0.0
0.0
0.2146464646
0.2089478859
0.2248677249
0.0
0.0
0.0
0.2018043685
0.0
0.0
0.0
0.0
0.0
0.0
0.0
0.0
0.0
0.0
0.0
0.0
0.0
0.0
0.0
0.2270299145
0.0
0.0
0.0
0.2241561181
0.0
0.2192982456
0.0
0.0
0.0
0.2511820331
0.2077223851
0.2101879327
0.1674546887
0.0
0.1811594203
0.0
0.2511820331
0.2604166667
0.2434135166
0.0
0.0
0.2241561181
0.2594627595
0.2241561181
0.0
0.0
0.0
0.1951331497
0.1995305164
0.0
0.0
0.2139979859
0.1606198035
0.0
0.2672955975
0.2459490741
0.0
0.2502944641
0.2613776138
0.2299783550
0.0
0.0
0.2234490011
0.0
0.2345474614
0.2172801636
0.2241561181
0.0
0.1797800338
0.1924818841
0.0
0.0
0.0
0.1914414414
0.0
0.0
0.2220480669
0.1930063579
0.0
0.2159552846
0.2101879327
0.0
0.2213541667
0.0000000000
0.0
0.0
0.2029608405
0.0
0.0
0.2353266888
0.2035440613
0.2146464646
0.1995305164
0.1670597484
0.0
0.2053140097
0.2152988855
0.2108134921
0.1883865248
0.2734877735
0.2450980392
0.2179487179
0.1766417290
0.1784214945
0.2401129944
0.0
0.1577579807
0.2071150097
0.0
0.0000000000
0.2139979859
0.0
0.2585158151
0.1806972789
0.1989700375
0.0
0.2277599143
0.0
0.0
0.2029608405
0.0
0.1844618056
0.1770833333
0.0
0.0000000000
0.0
0.2361111111
0.1706827309
0.2299783550
0.2384960718
0.1397107166
0.2284946237
0.1442634080
0.0
0.2065111759
0.1940639269
0.0
0.1753300330
0.2307274701
0.0000000000
0.0
0.1472626473
0.0000000000
0.0000000000
0.2192982456
0.1740376740
0.0000000000
0.0000000000
0.0000000000
0.0000000000
0.1766417290
0.1740376740
0.0000000000
0.0000000000
0.0000000000
0.0000000000
0.0000000000
0.1888888889
0.0000000000
0.0000000000
0.1584638330
