0.0
0.0
0.0
0.0
0.0
0.0
0.0888157895
0.0
0.0
0.0
0.0
0.0
0.1315789474
0.0
0.0
0.0701754386
0.0
0.0
0.0
0.0
0.0
0.0
0.0
0.0
0.0888157895
0.0
0.0
0.1184210526
0.1332236842
0.0000000000
0.0
0.0626934985
0.0907441016
0.0
0.0
0.0
0.0730994152
0.0907441016
0.0822368421
0.0
0.0592105263
0.0907441016
0.0819838057
0.0819838057
0.0842105263
0.0592105263
0.0
0.0
0.0
0.0467836257
0.0
0.1012145749
0.0263157895
0.0
0.0263157895
0.0
0.1065789474
0.1012145749
0.0974658869
0.0000000000
0.1144164760
0.0888157895
0.0
0.0526315789
0.0000000000
0.0
0.0394736842
0.0000000000
0.0394736842
0.0
0.0526315789
0.0000000000
0.1144164760
0.0000000000
0.0666118421
0.0000000000
