0.0
0.0
0.0
0.0
0.0962533369
0.0
0.1369924542
0.0
0.0
0.1118952365
0.0
0.0954537246
0.0
0.1265270981
0.0
0.1180757055
0.0
0.1223993832
0.0
0.0
0.1342906308
0.0935116345
0.0
0.0
0.0
0.1160630515
0.1149742799
0.1089768071
0.1238005882
0.1144731466
0.0
0.0
0.1338993980
0.1230548016
0.1282930032
0.1239675479
0.1326434874
0.1083346338
0.1200809102
0.0
0.0
0.1393812536
0.0
0.1259204613
0.0
0.1311297243
0.1368904494
0.1215898634
0.1098887469
0.1108160781
0.0824411989
0.1052340432
0.1335104383
0.0
0.1232197544
0.0
0.1175472337
0.0
0.1006260939
0.1297416186
0.0
0.0
0.1193791386
0.1009022357
0.0
0.1281141976
0.0
0.0910118186
0.1093007571
0.1241349585
0.1273157019
0.1260067673
0.1099544698
0.1347828985
0.1106826451
0.1105495331
0.0
0.0836033986
0.0859083521
0.1124427361
0.1207116701
0.1230548016
0.1297416186
0.0
0.1170980086
0.1159898256
0.1201593945
0.0
0.0916013321
0.0928035707
0.1254050979
0.0
0.1162832850
0.1078263188
0.0757182346
0.0
0.0896362133
0.1202379814
0.1023059953
0.1182275714
0.1237172769
0.1196900218
0.0874198162
0.1001328287
0.1155524032
0.1296501224
0.0
0.0900753912
0.1270517440
0.0
0.1174721237
0.1284723085
0.1115557485
0.1125804492
0.1087190263
0.1068238661
0.1294675166
0.0
0.1063911305
0.1334135512
0.1150462287
0.1169490290
0.0956523796
0.1179242293
0.0029644269
0.1243028219
0.0
0.1023629585
0.0000000000
0.1223179465
0.0
0.0
0.0
0.0019762846
0.1235509903
0.1036908480
0.1009576461
0.1167262689
0.1209499168
0.1143307671
0.1170234714
0.1239675479
0.1196900218
0.0
0.0883015723
0.1331237317
0.1248939358
0.0019762846
0.1311297243
0.0995364773
0.1116234812
0.1343887964
0.1137647732
0.0953547062
0.1200025284
0.1058398811
0.0000000000
0.0000000000
0.1042789980
0.1046351016
0.1207909813
0.0000000000
0.0019762846
0.0955033109
0.1116912962
0.0962029689
0.1193791386
0.0968108865
0.1040429392
0.1274039318
0.0
0.0
0.0734494101
0.0
0.1148306518
0.1086547716
0.0
0.1151182677
0.1070104037
0.0
0.0910118186
0.1094308771
0.1031092953
0.1260067673
0.0987876806
0.1106160490
0.1250638595
0.0
0.0909217970
0.1112856377
0.1124427361
0.1298332440
0.1118952365
0.0975816738
0.1255764163
0.1023059953
0.1052340432
0.1312233216
0.1093657784
0.0
0.0
0.1049337178
0.1231372227
0.0
0.1075739459
0.0946672881
0.0
0.1211891058
0.0
0.0989471870
0.0019762846
0.1242188335
0.0
0.0981023871
0.0857080995
0.1132741057
0.1041608349
0.1058398811
0.0
0.1114880979
0.0000000000
0.1197679958
0.1239675479
0.0026350461
0.0
0.1169490290
0.0044466403
0.0000000000
0.1082708325
0.1343887964
0.1001328287
0.1218315928
0.0
0.1389598439
0.1141887413
0.1011798974
0.0
0.0
0.1144019126
0.0
0.1200025284
0.0000000000
0.0039525692
0.0000000000
0.1107493214
0.0859083521
0.1178486369
0.0019762846
0.1152626166
0.1138352158
0.0871711112
0.0000000000
0.1068859730
0.1198460714
0.0791066581
0.0751917683
0.1228081987
0.1067618313
0.1283825932
0.0000000000
0.0
0.0000000000
0.0967599334
0.1005160599
0.1033992539
0.1029937667
0.1106160490
0.1076369283
0.0019762846
0.0000000000
0.0000000000
0.1342906308
0.0907422870
0.1068238661
0.0
0.0
0.1202379814
0.0000000000
0.0825893412
0.0
0.0935116345
0.1091061564
0.1009576461
0.0019762846
0.1214292427
0.1042198829
0.0
0.0019762846
0.1031092953
0.1227262173
0.0
0.0956026383
0.1043974296
0.1002967122
0.1092358131
0.1117591936
0.1129262122
0.0000000000
0.0936545459
0.1211891058
0.0000000000
0.0987346259
0.1035156945
0.0019762846
0.0951572844
0.0969129539
0.1166522040
0.0880900209
0.0926165610
0.0000000000
0.1002420248
0.1192243019
0.0000000000
0.0
0.0000000000
0.1185324781
0.0
0.0997525087
0.1031092953
0.1136241493
0.1049936456
0.1049936456
0.0879635758
0.0
0.0000000000
0.0039525692
0.0819268599
0.0721522267
0.0000000000
0.1049936456
0.0000000000
0.1021922588
0.1197679958
0.0000000000
0.1046946888
0.0999694799
0.1093007571
0.0000000000
0.1075739459
0.1119633822
0.1158436506
0.1005710468
0.0039525692
0.0
0.1003514593
0.0918759988
0.0977892944
0.0
0.0922911012
0.1167262689
0.0918759988
0.0000000000
0.0942305861
0.1024770755
0.1122367970
0.0942789095
0.0734494101
0.0026350461
0.0026350461
0.0961526535
0.0000000000
0.0
0.0996443759
0.1130651129
0.0846426674
0.0000000000
0.0944241775
0.1083346338
0.0000000000
0.1231372227
0.0840237082
0.0000000000
0.0000000000
0.0000000000
0.0000000000
0.0019762846
0.1091061564
0.0000000000
0.1093007571
0.0
0.0000000000
0.0890285102
0.0885994571
0.0000000000
0.0795516545
0.0865554960
0.1126494323
0.0000000000
0.0824781846
0.0000000000
0.0000000000
0.0000000000
0.0019762846
0.0000000000
0.0000000000
0.0000000000
0.0019762846
0.1138352158
0.0876281571
0.0880900209
0.1194567079
0.0902965980
0.0875447017
0.1042789980
0.0000000000
0.0000000000
0.0916013321
0.0000000000
0.0
0.0000000000
0.0795516545
0.1233851500
0.0000000000
0.0000000000
0.0026350461
0.0860692292
0.0998066631
0.1152626166
0.0921523176
0.0936068602
0.0000000000
0.0880900209
0.0885141423
0.0026350461
0.0019762846
0.0000000000
0.0000000000
0.0000000000
0.0000000000
0.0039525692
0.0
0.0
0.0000000000
0.0000000000
0.0000000000
0.0000000000
0.0000000000
0.1068238661
0.1019655427
0.1082708325
0.0000000000
0.0026350461
0.0044466403
0.0019762846
0.0019762846
0.0835274300
0.0000000000
0.0602569235
0.1144731466
0.0896362133
0.0000000000
0.0910568962
0.0000000000
0.0789029500
0.0000000000
0.1117591936
0.1116912962
0.1099544698
0.0789029500
0.0000000000
0.0000000000
0.1066379777
0.0834137357
0.0019762846
0.0000000000
0.0000000000
0.0789029500
0.0000000000
0.0000000000
0.0026350461
0.0856681610
0.0000000000
0.0000000000
0.0000000000
0.0000000000
0.0019762846
0.0000000000
0.0000000000
0.0000000000
0.0000000000
0.0669253271
0.0000000000
0.0995903974
0.0000000000
0.0772777947
0.0000000000
0.0925699262
0.0000000000
0.0000000000
0.0019762846
0.0000000000
0.0000000000
0.0000000000
0.0000000000
0.0000000000
0.0000000000
0.1023059953
0.0000000000
0.0000000000
0.0000000000
0.0019762846
0.0000000000
0.0000000000
0.0000000000
0.0000000000
0.0026350461
0.0000000000
0.0000000000
0.0019762846
0.0000000000
0.0000000000
0.0979978004
0.0000000000
0.0000000000
0.0000000000
0.0000000000
0.0000000000
0.0000000000
0.0039525692
0.0000000000
0.0000000000
0.0000000000
0.0026350461
0.0000000000
0.0844094920
0.0019762846
0.0000000000
0.0000000000
0.0000000000
0.0019762846
0.0000000000
0.0000000000
0.0000000000
0.0019762846
0.0000000000
0.0000000000
0.0000000000
0.0000000000
0.0000000000
0.0000000000
0.0000000000
0.0000000000
0.0000000000
0.0000000000
0.0000000000
0.0000000000
0.0000000000
0.0026350461
0.0000000000
0.0000000000
0.0000000000
0.0824781846
0.0000000000
0.0029644269
0.0019762846
0.0000000000
0.0000000000
0.0000000000
0.0000000000
0.0000000000
0.0000000000
0.0000000000
0.0000000000
0.0000000000
0.0000000000
0.0868827380
0.0000000000
0.0000000000
0.0000000000
0.0000000000
0.0000000000
0.0000000000
0.0000000000
0.0000000000
0.1017398304
0.0000000000
0.0000000000
0.0000000000
0.0000000000
0.0000000000
0.0000000000
0.0000000000
0.0000000000
