0.0
0.0
0.0
0.0
0.0
0.0
0.0
0.0
0.0
0.0
0.0
0.0
0.0
0.0
0.0
0.0
0.0
0.0
0.0
0.0
0.0
0.0
0.0
0.0
0.0
0.0
0.0
0.0
0.0
0.0
0.0
0.0000000000
0.0
0.0
0.0
0.0
0.0
0.0
0.0
0.0
0.0
0.0
0.0
0.0
0.0
0.0
0.0
0.0
0.0
0.0
0.0
0.0
0.0224089636
0.0
0.0
0.0
0.0
0.0
0.0
0.0
0.0
0.0885279485
0.0
0.0
0.0
0.0
0.0
0.0
0.0
0.0
0.0000000000
0.0
0.0
0.0
0.0
0.0
0.0
0.0
0.0
0.0
0.0
0.0
0.0
0.0
0.0
0.1513105242
0.0
0.0
0.0
0.0
0.0
0.0962885154
0.0
0.0
0.0
0.0
0.1379388965
0.0
0.0
0.0
0.0810296796
0.0
0.1047945680
0.0
0.0
0.0
0.0
0.0
0.0
0.0
0.0
0.0890596479
0.0
0.0
0.0
0.0
0.0
0.0
0.0
0.0
0.0950540473
0.0
0.1055404368
0.0926776961
0.1220447027
0.0
0.0098039216
0.0
0.0000000000
0.0
0.0
0.0
0.0
0.0
0.0
0.0
0.1272826727
0.0
0.0098039216
0.0
0.0
0.0000000000
0.0000000000
0.1418988648
0.0
0.0
0.0261437908
0.0
0.0
0.0
0.0774330620
0.1062969991
0.0
0.0
0.0
0.0
0.0
0.0
0.0000000000
0.1123366013
0.0
0.0944486075
0.0
0.0
0.0
0.0
0.0
0.0
0.0000000000
0.0
0.0
0.0
0.0
0.0
0.0
0.0
0.0
0.0
0.1186274510
0.0
0.0
0.1552715327
0.0
0.1140648567
0.0
0.0
0.0
0.1360406548
0.0969178521
0.0792964245
0.0
0.0
0.0000000000
0.0
0.0000000000
0.0
0.0
0.1005317381
0.0000000000
0.0
0.0000000000
0.0849766841
0.0156862745
0.0
0.0
0.0
0.0
0.0
0.0
0.0000000000
0.0
0.0224089636
0.0
0.1312250564
0.0000000000
0.0000000000
0.0819250352
0.0
0.1283846872
0.0000000000
0.0000000000
0.0810296796
0.0000000000
0.0823801743
0.0156862745
0.0000000000
0.1055404368
0.1005317381
0.0
0.0
0.0709494324
0.1062969991
0.1090325836
0.0
0.0
0.0814748977
0.0726883891
0.0833057942
0.0000000000
0.0098039216
0.0
0.0641923436
0.0
0.0000000000
0.0
0.1090325836
0.0000000000
0.0000000000
0.0901424400
0.0716349342
0.0000000000
0.0000000000
0.0
0.0000000000
0.0000000000
0.1059173669
0.0770308123
0.0
0.1230575218
0.0000000000
0.0880025601
0.1140648567
0.0
0.0895977726
0.0000000000
0.0950540473
0.0
0.0000000000
0.1106599356
0.0000000000
0.1360406548
0.0000000000
0.0
0.0774330620
0.0885279485
0.0000000000
0.0000000000
0.1040591675
0.0098039216
0.0823801743
0.0000000000
0.0000000000
0.1005317381
0.0000000000
0.0000000000
0.0000000000
