0.0
0.0
0.0
0.0
0.1170434161
0.0
0.1388818947
0.0
0.0
0.1148054923
0.0
0.1055242047
0.0
0.1287561240
0.0
0.1212179121
0.0
0.1332321135
0.0
0.0
0.1397438460
0.0937687753
0.0
0.0
0.0
0.1192123213
0.1188975693
0.1142955694
0.1268519841
0.1234611497
0.0
0.0
0.1367728303
0.1222877240
0.1314816186
0.1271205487
0.1376087223
0.1093020737
0.1225372908
0.0
0.0
0.1422826362
0.1362555351
0.1289404563
0.0
0.1335284043
0.1408364484
0.1249166556
0.1135749164
0.1115354907
0.1072201294
0.1051545928
0.1405068779
0.0
0.1274804087
0.0
0.1219565453
0.0
0.0994642835
0.1326434591
0.0
0.0
0.1203271994
0.1030490946
0.0
0.1312899544
0.0
0.0888652281
0.1110541415
0.1273902528
0.1324483952
0.1380305115
0.1116737864
0.1367728303
0.1092357898
0.1150989249
0.0
0.0832392872
0.0882124473
0.1139341034
0.1189761014
0.1255260052
0.1318666306
0.0
0.1281150906
0.1187408157
0.1222047608
0.0
0.0927547979
0.0922796196
0.1266735706
0.0
0.1192912698
0.1093684380
0.0769785545
0.0
0.0896168246
0.1237155340
0.1210549848
0.1204881722
0.1289404563
0.1233765873
0.0878253620
0.1032262564
0.1168915103
0.1311943317
0.0
0.0917157930
0.1342249012
0.0
0.1188191408
0.1292179465
0.1118818742
0.1145863979
0.1088397688
0.1085119382
0.1298700919
0.0
0.1093684380
0.1356399228
0.1160630267
0.1212995404
0.0944076611
0.1192123213
0.0027045301
0.1279331090
0.0
0.1041212818
0.0000000000
0.1285723179
0.0
0.0
0.1119514092
0.0020283976
0.1260530563
0.1035228836
0.1081211389
0.1181179131
0.1261413287
0.1257011985
0.1191334771
0.1253512995
0.1243990452
0.0
0.0885593989
0.1364619829
0.1246573131
0.0020283976
0.1347268642
0.1005188713
0.1208924949
0.1356399228
0.1168915103
0.1169674139
0.1223707999
0.1080562792
0.0000000000
0.0000000000
0.1124405852
0.1058342053
0.1238005618
0.0000000000
0.0020283976
0.0955089170
0.1141507081
0.0992450785
0.1188975693
0.0962746218
0.1063340127
0.1298700919
0.0
0.0
0.0731937495
0.0
0.1200065406
0.1042417925
0.0
0.1204881722
0.1130758427
0.0
0.0955089170
0.1114664712
0.1054007124
0.1288482242
0.1010262577
0.1109173753
0.1262297249
0.0
0.0953067817
0.1114664712
0.1129340548
0.1313857166
0.1127220385
0.0994093915
0.1266735706
0.1028138227
0.1072201294
0.1341249571
0.1140784151
0.0
0.0
0.1072201294
0.1238005618
0.0
0.1113975371
0.0027045301
0.0
0.1231235936
0.0
0.0996293238
0.1008001217
0.1263182451
0.0
0.1011965267
0.0863104061
0.1174249136
0.1041212818
0.1080562792
0.0
0.1285723179
0.0000000000
0.1252641290
0.1257011985
0.0027045301
0.0
0.1206495763
0.0040567951
0.0000000000
0.1101038004
0.1368767610
0.1010262577
0.1240563481
0.0
0.1403973636
0.1179632072
0.1019410399
0.0
0.0
0.1218740307
0.0
0.1221219101
0.0000000000
0.0909287317
0.0000000000
0.1133604893
0.0866008738
0.1188975693
0.0020283976
0.1191334771
0.1169674139
0.0896168246
0.0000000000
0.1096347033
0.1210549848
0.0825148041
0.0755578093
0.1234611497
0.1078621661
0.1326434591
0.0000000000
0.0
0.0000000000
0.0975256185
0.1014815873
0.1037016796
0.1043021525
0.1111912453
0.1085119382
0.0020283976
0.0000000000
0.0781474262
0.1372940682
0.0929462422
0.1083161861
0.0
0.0
0.1213812786
0.0000000000
0.0816915272
0.0
0.0937687753
0.1113975371
0.1005188713
0.0020283976
0.1259649073
0.1067119772
0.0
0.0020283976
0.0040567951
0.1244850155
0.0
0.0922323694
0.1062712787
0.0967399664
0.1098352545
0.1083161861
0.1145863979
0.0000000000
0.0942101556
0.1204881722
0.0000000000
0.1004628095
0.1034040284
0.1006311829
0.0963776444
0.0996844590
0.1200065406
0.0027045301
0.0916224911
0.0000000000
0.1017107947
0.1188975693
0.0000000000
0.0
0.0000000000
0.1225372908
0.0
0.1003508732
0.1040010493
0.1151725175
0.1057099868
0.1099022681
0.0795977983
0.0
0.0000000000
0.0040567951
0.0040567951
0.0027045301
0.0000000000
0.1052775087
0.0000000000
0.1026965892
0.1207304406
0.0000000000
0.1050319635
0.1006874329
0.1178860062
0.0000000000
0.1120210307
0.1128632941
0.1222047608
0.1011397066
0.0040567951
0.0
0.1018257871
0.0926117313
0.0000000000
0.0
0.0936225662
0.1187408157
0.0926117313
0.0000000000
0.1008001217
0.0020283976
0.1161378578
0.0960692360
0.0731937495
0.0020283976
0.0790736688
0.1041212818
0.0000000000
0.0
0.1005749958
0.1140062136
0.0863931978
0.0000000000
0.0965325924
0.1092357898
0.0000000000
0.1242274603
0.0854100604
0.0000000000
0.1019410399
0.0000000000
0.0000000000
0.0864346533
0.1113975371
0.0000000000
0.1105090905
0.0825148041
0.0000000000
0.0000000000
0.0884289727
0.0000000000
0.0804510127
0.0881692694
0.1153199856
0.0000000000
0.0825148041
0.0000000000
0.0000000000
0.0000000000
0.0863104061
0.0000000000
0.0000000000
0.0000000000
0.0020283976
0.1162127854
0.0020283976
0.0027045301
0.1202468741
0.0904720329
0.0888652281
0.1124405852
0.0000000000
0.0000000000
0.0927547979
0.0000000000
0.0
0.0000000000
0.0804510127
0.1266735706
0.0000000000
0.0000000000
0.0027045301
0.0871877142
0.0995192362
0.1200865450
0.0897060844
0.0000000000
0.0000000000
0.0897955222
0.0884289727
0.0027045301
0.0020283976
0.0000000000
0.0000000000
0.0000000000
0.0000000000
0.0040567951
0.0
0.0
0.0000000000
0.0000000000
0.0000000000
0.0000000000
0.0000000000
0.1083161861
0.1029313243
0.1020565538
0.0000000000
0.0027045301
0.0027045301
0.0020283976
0.0020283976
0.0856130311
0.0000000000
0.0020283976
0.1159882920
0.0911127048
0.0000000000
0.0907912386
0.0000000000
0.0805949966
0.0000000000
0.1144407989
0.1130049043
0.1108491184
0.0805949966
0.0000000000
0.0000000000
0.0000000000
0.0840157731
0.0020283976
0.0000000000
0.0000000000
0.0805949966
0.0000000000
0.0000000000
0.0027045301
0.0854911331
0.0000000000
0.0000000000
0.0000000000
0.0000000000
0.0020283976
0.0000000000
0.0000000000
0.0000000000
0.0000000000
0.0020283976
0.0000000000
0.0994093915
0.0000000000
0.0000000000
0.0000000000
0.0987012698
0.0000000000
0.0000000000
0.0000000000
0.0000000000
0.0000000000
0.0000000000
0.0000000000
0.0000000000
0.0000000000
0.0000000000
0.0000000000
0.0000000000
0.0000000000
0.0020283976
0.0000000000
0.0000000000
0.0000000000
0.0000000000
0.0027045301
0.0000000000
0.0000000000
0.0000000000
0.0000000000
0.0000000000
0.1006311829
0.0000000000
0.0000000000
0.0000000000
0.0000000000
0.0000000000
0.0000000000
0.0020283976
0.0000000000
0.0000000000
0.0000000000
0.0790736688
0.0000000000
0.0867259593
0.0020283976
0.0000000000
0.0000000000
0.0000000000
0.0020283976
0.0000000000
0.0000000000
0.0000000000
0.0000000000
0.0000000000
0.0000000000
0.0000000000
0.0000000000
0.0000000000
0.0000000000
0.0000000000
0.0000000000
0.0000000000
0.0000000000
0.0000000000
0.0000000000
0.0000000000
0.0000000000
0.0000000000
0.0000000000
0.0000000000
0.0000000000
0.0000000000
0.0000000000
0.0000000000
0.0000000000
0.0000000000
0.0000000000
0.0000000000
0.0000000000
0.0000000000
0.0000000000
0.0000000000
0.0000000000
0.0000000000
0.0000000000
0.0000000000
