0.0
0.0
0.0
0.0
0.1233879605
0.0
0.1418535417
0.0
0.0
0.1113464848
0.0
0.1106797394
0.0
0.1318367795
0.0
0.1243007161
0.0
0.1297088876
0.0
0.0
0.1446284545
0.0986840175
0.0
0.0
0.0
0.1227325132
0.1188650578
0.1196344109
0.1305333085
0.1265127754
0.0
0.0
0.1415276913
0.1243843640
0.1342303303
0.1290748358
0.1325933751
0.1213625508
0.1305333085
0.0
0.0
0.1437287440
0.1366113561
0.1330706730
0.0
0.1344255744
0.1381428736
0.1228140630
0.1179547957
0.1159568161
0.1104152717
0.1084077213
0.1365104615
0.0
0.1350147296
0.0
0.1229774882
0.0
0.1029149025
0.1404522529
0.0
0.0021978022
0.1269472286
0.1280021917
0.0
0.1416361416
0.0
0.0918663841
0.1197894782
0.1309958645
0.1353112480
0.1404522529
0.1110788250
0.1384533070
0.1233879605
0.1190948227
0.0
0.0867363514
0.0915025568
0.1220839926
0.1226510716
0.1321194888
0.1352122640
0.0
0.1316489778
0.1306255582
0.1256527293
0.0
0.0957199196
0.1001816612
0.1299825350
0.0
0.1265127754
0.1124301489
0.0021978022
0.0
0.0926956694
0.1288948151
0.1229774882
0.1274725275
0.1318367795
0.1297088876
0.1148044502
0.1067794135
0.1199449480
0.1343278814
0.0
0.0982643088
0.1367124000
0.0
0.1235529177
0.1355096516
0.1138848828
0.1178044390
0.1145909267
0.1137447168
0.1331665453
0.0
0.1257382074
0.1384533070
0.1199449480
0.1248042977
0.0971793716
0.1216821362
0.0021978022
0.1391831061
0.0
0.1096293979
0.0000000000
0.1265994280
0.0
0.0
0.1137447168
0.1112124939
0.1333587048
0.0873925129
0.1104812701
0.1235529177
0.1298911910
0.1308104493
0.1205708838
0.1116154377
0.1232234432
0.0
0.1026291865
0.1384533070
0.1151620965
0.0000000000
0.1387651388
0.1120892449
0.1204137882
0.1354103772
0.1221646826
0.1190948227
0.1268600994
0.1161024905
0.0000000000
0.0821489621
0.1151620965
0.1098901099
0.1373218164
0.0000000000
0.1117504020
0.1013350684
0.1195570277
0.1041911865
0.1207283898
0.1001273916
0.1100864591
0.1309030912
0.0
0.0
0.0763781673
0.0
0.1034911337
0.1100864591
0.0
0.1304411890
0.1138147567
0.0
0.0968230303
0.0992670058
0.1087265676
0.1299825350
0.1040738541
0.1166888667
0.1259953407
0.0
0.0966205775
0.1085988043
0.1172811960
0.1324983260
0.1149472418
0.1048412733
0.1338415386
0.1063493469
0.1117504020
0.1433942318
0.1124985787
0.0
0.0
0.1144490185
0.1275605002
0.0
0.1163216896
0.0825894392
0.0
0.1191716085
0.0
0.1050796844
0.1057409410
0.1306255582
0.0
0.1044266468
0.0954727091
0.1243007161
0.1072751972
0.1109454771
0.0
0.1309030912
0.0000000000
0.1327838828
0.1304411890
0.0000000000
0.0
0.1251422917
0.0021978022
0.0000000000
0.1168363874
0.1344255744
0.1043087838
0.1248042977
0.0
0.1450825470
0.1238841587
0.1059227306
0.1338415386
0.0
0.1263398256
0.0
0.1231413490
0.0000000000
0.0942555660
0.0000000000
0.1227325132
0.0896822731
0.1243007161
0.0021978022
0.1260812857
0.1227325132
0.0895953295
0.0000000000
0.1140957808
0.1244681245
0.0840924317
0.0830719842
0.1239672467
0.1110121110
0.1410955457
0.0000000000
0.0
0.0000000000
0.1011133287
0.0995879121
0.1222454794
0.1083441763
0.1140253947
0.1142368139
0.0857305959
0.0000000000
0.0810325142
0.1383496743
0.1051992970
0.1116154377
0.0
0.0
0.0000000000
0.0000000000
0.0000000000
0.1122935388
0.0988952193
0.1138147567
0.1041324872
0.0755972044
0.1248042977
0.1104152717
0.1193254776
0.0947386801
0.0043956044
0.1288049929
0.0
0.0939203073
0.1080275657
0.0918663841
0.1155219780
0.1132568412
0.1181810517
0.0000000000
0.1002903770
0.1243843640
0.0000000000
0.0948358978
0.0975898442
0.1084713409
0.0000000000
0.1053191822
0.0957695155
0.0029304029
0.1092406412
0.0000000000
0.1050199800
0.1172811960
0.0000000000
0.0
0.0021978022
0.1134654173
0.0946416615
0.1054393410
0.1094346743
0.1191716085
0.1104152717
0.1126356885
0.0933039701
0.0
0.0000000000
0.0021978022
0.0732020455
0.0656841382
0.1118180066
0.1084713409
0.0000000000
0.1121572602
0.1265127754
0.0000000000
0.0000000000
0.1056200942
0.1195570277
0.0000000000
0.1126356885
0.0991073270
0.1153777558
0.1008925572
0.0021978022
0.0000000000
0.1050199800
0.1020061616
0.0000000000
0.0940636971
0.0957199196
0.1253969911
0.0000000000
0.0000000000
0.1013350684
0.0000000000
0.1227325132
0.1007276103
0.0763781673
0.0000000000
0.0821489621
0.1085988043
0.0000000000
0.0
0.1072751972
0.1182566634
0.0832590833
0.0000000000
0.0948358978
0.1103493521
0.0000000000
0.1309958645
0.0000000000
0.0000000000
0.0000000000
0.0000000000
0.0000000000
0.0907389125
0.1138147567
0.0000000000
0.0991604962
0.0840924317
0.0000000000
0.0000000000
0.0768865078
0.0000000000
0.0832590833
0.0021978022
0.1213625508
0.0000000000
0.0000000000
0.0000000000
0.0000000000
0.0000000000
0.0927421800
0.0000000000
0.0000000000
0.0000000000
0.0000000000
0.1145909267
0.0000000000
0.0029304029
0.1262535279
0.0861702400
0.0935874252
0.1151620965
0.0000000000
0.0000000000
0.0957199196
0.0000000000
0.0942555660
0.0000000000
0.0832590833
0.0000000000
0.0000000000
0.0000000000
0.0021978022
0.0000000000
0.0000000000
0.1126356885
0.0927887374
0.0000000000
0.0000000000
0.0000000000
0.0768865078
0.0021978022
0.1004538939
0.0000000000
0.0000000000
0.0000000000
0.0000000000
0.0021978022
0.0
0.0
0.0000000000
0.0000000000
0.0000000000
0.0000000000
0.0000000000
0.0000000000
0.0866144165
0.0997491445
0.0000000000
0.0021978022
0.0000000000
0.0000000000
0.0021978022
0.0000000000
0.0000000000
0.0021978022
0.0000000000
0.0000000000
0.0000000000
0.0768865078
0.0000000000
0.0000000000
0.0000000000
0.1161754650
0.0000000000
0.1117504020
0.0903397678
0.0000000000
0.0000000000
0.0000000000
0.0873099503
0.0000000000
0.0000000000
0.0000000000
0.0000000000
0.0000000000
0.0000000000
0.0000000000
0.0000000000
0.0000000000
0.0000000000
0.0000000000
0.0000000000
0.0000000000
0.0000000000
0.0000000000
0.0000000000
0.0000000000
0.0021978022
0.0000000000
0.0991073270
0.0000000000
0.0000000000
0.0000000000
0.0000000000
0.0000000000
0.0000000000
0.0000000000
0.0000000000
0.0000000000
0.0000000000
0.0000000000
0.0000000000
0.0000000000
0.0000000000
0.0000000000
0.0000000000
0.0000000000
0.0000000000
0.0000000000
0.0000000000
0.0000000000
0.0000000000
0.0000000000
0.0000000000
0.0000000000
0.0000000000
0.0000000000
0.0000000000
0.1046631737
0.0000000000
0.0000000000
0.0000000000
0.0000000000
0.0000000000
0.0000000000
0.0000000000
0.0000000000
0.0000000000
