0.0
0.0
0.0
0.0
0.1251722640
0.0
0.1448836436
0.0
0.0
0.1127173123
0.0
0.1185411630
0.0
0.1329783112
0.0
0.1263943084
0.0
0.1308660204
0.0
0.0
0.1494224552
0.0992603714
0.0
0.0
0.0
0.1235510826
0.1213182317
0.1238042611
0.1324922794
0.1287282942
0.0
0.0
0.1436207910
0.1244845043
0.1361753856
0.1284545983
0.1350591939
0.1213182317
0.1328808198
0.0
0.0
0.1449995506
0.1397451335
0.1331737239
0.0
0.1350591939
0.1385699069
0.1243990653
0.1211560416
0.1173895325
0.1238888846
0.1086627327
0.1385699069
0.1384640475
0.1360731518
0.0
0.1271033928
0.0
0.1087279173
0.1432801883
0.0
0.0022471910
0.1283636248
0.1375185419
0.0
0.1427160931
0.0
0.0922388998
0.1231314118
0.1361753856
0.1427160931
0.1444218631
0.1121593058
0.1380422225
0.1260427248
0.1262182717
0.1161111071
0.0888042323
0.0919581117
0.1228809751
0.1309605767
0.1338622143
0.1376229599
0.0
0.1337634230
0.1309605767
0.1282727800
0.0
0.0969766925
0.1014266582
0.1303015372
0.0
0.1295564247
0.1141369258
0.0022471910
0.0
0.0929007884
0.1303015372
0.1244845043
0.1320097875
0.1334679221
0.1314354157
0.1166341301
0.1073752596
0.1306773167
0.1357673694
0.0
0.1152986248
0.1417118360
0.0
0.1249134653
0.1303015372
0.1148602270
0.1182318579
0.1162600630
0.1158143375
0.1353617910
0.0
0.1275506251
0.1408309543
0.1195576769
0.1194001569
0.1098481444
0.1213994898
0.0022471910
0.1387821119
0.0
0.1108559255
0.0000000000
0.1298348411
0.0
0.0
0.1124376168
0.1122982888
0.1353617910
0.0896830471
0.1106528927
0.1273713550
0.1311501000
0.1328808198
0.1210751090
0.1132808989
0.1243990653
0.0
0.0000000000
0.1417118360
0.1191646537
0.0000000000
0.1400691176
0.1161855373
0.1185411630
0.1373101805
0.1255190015
0.1205917753
0.1282727800
0.1171618864
0.0000000000
0.0000000000
0.1178474891
0.1115381158
0.1381474377
0.0000000000
0.1130688947
0.0990975605
0.1213182317
0.1128576826
0.1232989376
0.1028657425
0.1082732606
0.1314354157
0.0
0.0
0.0779902918
0.0
0.1064294998
0.1093840906
0.0
0.1313401726
0.1181547837
0.0
0.0999721115
0.1047684614
0.1122982888
0.1303015372
0.1055616996
0.1174656113
0.1199533013
0.0
0.0997520298
0.1176180650
0.1139933574
0.1353617910
0.1172376702
0.1093181171
0.1364830107
0.1034528757
0.1116755627
0.1432801883
0.1139217085
0.0
0.0
0.1173895325
0.1233828715
0.0
0.1126472580
0.0869301862
0.0
0.1200327405
0.0
0.0967695879
0.1076942592
0.1291870550
0.0
0.1006382222
0.0984516231
0.1260427248
0.1077582867
0.1122982888
0.0
0.1324922794
0.0000000000
0.1317219754
0.1312450675
0.0000000000
0.0
0.1248274368
0.0022471910
0.0000000000
0.1204315204
0.1359710714
0.1051330848
0.1244845043
0.0
0.1379371676
0.1265708367
0.1069318219
0.1348582129
0.0
0.1289114070
0.0
0.1250858787
0.0000000000
0.0044943820
0.0000000000
0.1250858787
0.0903086389
0.1255190015
0.0000000000
0.1271925882
0.1241434508
0.0959499408
0.0000000000
0.1107881652
0.1256059863
0.0864739686
0.0853340105
0.1259551343
0.1120206664
0.1427160931
0.0000000000
0.0
0.0000000000
0.1008622361
0.1006941323
0.1229643407
0.1150059887
0.1130688947
0.1173135522
0.0861861332
0.0000000000
0.0812049454
0.1363803147
0.1064920318
0.1132808989
0.0
0.0
0.0000000000
0.0000000000
0.0000000000
0.1142088457
0.0994782866
0.1160367722
0.1012001330
0.0759637210
0.1240584793
0.0029962547
0.1239736239
0.0955453022
0.0044943820
0.1312450675
0.0
0.0934275455
0.1082732606
0.0922388998
0.1223005656
0.1161855373
0.1193215525
0.0000000000
0.1021699201
0.1201919351
0.0000000000
0.0958484602
0.1004708637
0.1091206732
0.0000000000
0.1061179381
0.0968212811
0.0029962547
0.1103833363
0.0000000000
0.1068687725
0.1186964232
0.0982914524
0.0
0.0022471910
0.1144251504
0.1003596003
0.1046474816
0.1123679096
0.1237197530
0.1116067969
0.1160367722
0.0941555523
0.0
0.0000000000
0.0000000000
0.0766058488
0.0684218340
0.0000000000
0.1058081951
0.0000000000
0.1138501496
0.1292791999
0.0000000000
0.0000000000
0.1075664322
0.1139217085
0.0000000000
0.1160367722
0.1001378112
0.1190081669
0.1040467498
0.0022471910
0.0000000000
0.1068687725
0.1019974329
0.0000000000
0.0979726693
0.0969766925
0.1263943084
0.0000000000
0.0000000000
0.1000272838
0.0000000000
0.1245700606
0.1019974329
0.0779902918
0.0000000000
0.0029962547
0.1100482321
0.0000000000
0.0
0.1031584736
0.1220534937
0.0842237166
0.0000000000
0.0958484602
0.1115381158
0.0000000000
0.1318177732
0.0000000000
0.0000000000
0.0000000000
0.0000000000
0.0000000000
0.0921919828
0.1160367722
0.0000000000
0.1004708637
0.0864739686
0.0000000000
0.0000000000
0.0786672909
0.0000000000
0.0842237166
0.0022471910
0.1218893330
0.0000000000
0.0000000000
0.0000000000
0.0000000000
0.0000000000
0.0932353077
0.0000000000
0.0000000000
0.0000000000
0.0000000000
0.1223831453
0.0000000000
0.0029962547
0.1250858787
0.0870136525
0.0944991857
0.1178474891
0.0000000000
0.0000000000
0.0969766925
0.0000000000
0.1038083839
0.0000000000
0.0842237166
0.0000000000
0.0000000000
0.0000000000
0.0022471910
0.0000000000
0.0000000000
0.1140650964
0.0929961202
0.0000000000
0.0000000000
0.0000000000
0.0786672909
0.0000000000
0.1036896100
0.0000000000
0.0000000000
0.0000000000
0.0000000000
0.0022471910
0.0000000000
0.0
0.0000000000
0.0000000000
0.0000000000
0.0000000000
0.0000000000
0.0000000000
0.0000000000
0.1005823741
0.0000000000
0.0022471910
0.0000000000
0.0000000000
0.0000000000
0.0000000000
0.0000000000
0.0000000000
0.0000000000
0.0000000000
0.0000000000
0.0000000000
0.0000000000
0.0000000000
0.0000000000
0.1180009363
0.0000000000
0.1130688947
0.0913095407
0.0000000000
0.0000000000
0.0000000000
0.0871391530
0.0000000000
0.0000000000
0.0000000000
0.0000000000
0.0000000000
0.0000000000
0.0000000000
0.0000000000
0.0000000000
0.0000000000
0.0000000000
0.0000000000
0.0000000000
0.0000000000
0.0000000000
0.0000000000
0.0000000000
0.0000000000
0.0000000000
0.1001378112
0.0000000000
0.0000000000
0.0000000000
0.0000000000
0.0000000000
0.0000000000
0.0000000000
0.0000000000
0.0000000000
0.0000000000
0.0000000000
0.0000000000
0.0000000000
0.0000000000
0.0000000000
0.0000000000
0.0000000000
0.0000000000
0.0000000000
0.0000000000
0.0000000000
0.0000000000
0.0000000000
0.0000000000
0.0000000000
