0.0
0.0
0.0
0.0
0.0
0.0
0.0
0.0
0.0
0.0
0.0
0.0
0.0
0.0
0.0
0.0
0.0
0.0
0.0
0.0
0.0
0.0
0.0
0.0
0.0
0.0
0.0
0.0
0.0
0.0
0.0
0.0
0.0
0.0
0.0
0.0
0.0
0.0
0.0
0.0
0.0
0.0
0.0
0.0
0.0
0.0
0.0
0.0
0.0
0.0
0.0
0.0
0.0
0.0
0.0
0.0
0.0
0.0
0.0
0.0
0.1091806592
0.0
0.0
0.0
0.0
0.0
0.0
0.0
0.0
0.0
0.0
0.0
0.0
0.0
0.0
0.1045014881
0.0
0.0
0.0
0.1354648920
0.0
0.0
0.0
0.0
0.0
0.0
0.0998649033
0.0
0.0
0.0
0.0
0.1261224856
0.0
0.0
0.0
0.0
0.0
0.0
0.0
0.0
0.0
0.0
0.0
0.0
0.0
0.0
0.0
0.0
0.0
0.1470372697
0.0
0.0
0.0
0.0
0.0
0.0
0.0
0.0
0.1455742123
0.1161127646
0.0
0.0824237089
0.0
0.0
0.0
0.0
0.0
0.0
0.0
0.0
0.0
0.0
0.0
0.1448535479
0.0
0.0
0.0
0.1413546699
0.0
0.1434334150
0.0
0.1318036787
0.0
0.0
0.0
0.0
0.0
0.0
0.0
0.0
0.1138537613
0.0
0.0289351852
0.0
0.0
0.0
0.1289005140
0.0
0.0104166667
0.0
0.0
0.0104166667
0.1045014881
0.0104166667
0.1283351608
0.0
0.0
0.0965690319
0.0
0.0
0.0
0.1523980035
0.0
0.1306268601
0.0
0.0000000000
0.1283351608
0.1324000754
0.0
0.1179855511
0.0
0.0
0.1373728482
0.1104166667
0.0289351852
0.0
0.0
0.0
0.1312126308
0.0
0.0
0.0923041535
0.1400019936
0.0
0.0
0.0
0.0
0.0
0.0962513706
0.0
0.0
0.0
0.0
0.0
0.0104166667
0.0372023810
0.1470372697
0.0
0.0
0.0903099280
0.0
0.0
0.0
0.0000000000
0.1219184028
0.1179855511
0.0
0.1194302721
0.1091806592
0.0
0.0104166667
0.0
0.0962513706
0.1492878401
0.0
0.0104166667
0.0
0.0200320513
0.1194302721
0.0848128019
0.1360949612
0.0
0.0104166667
0.0946939051
0.0
0.1413546699
0.0104166667
0.0
0.0
0.0
0.0104166667
0.0975347222
0.1075750613
0.0000000000
0.0965690319
0.0200320513
0.0000000000
0.0985199214
0.1165753652
0.0848128019
0.0000000000
0.0
0.0104166667
0.0000000000
0.1045014881
0.0
0.0
0.0104166667
0.0000000000
0.0959357923
0.0000000000
0.0104166667
0.1095895755
0.0104166667
0.0
0.0000000000
0.0
0.0000000000
0.0897558793
0.1067898418
0.0000000000
0.0236742424
0.0000000000
0.0104166667
0.1156538208
0.0104166667
0.0104166667
0.0000000000
0.0000000000
0.0000000000
0.0000000000
0.0000000000
0.0000000000
0.0000000000
0.0000000000
0.0000000000
