0.0
0.0
0.0
0.0
0.1442423151
0.0
0.1662859911
0.0
0.0
0.1343680089
0.0
0.1463511209
0.0
0.1347296994
0.0
0.1430059524
0.1072927831
0.1165357004
0.0
0.1564127604
0.0915028946
0.0809249528
0.0
0.0
0.0
0.1262347625
0.1074079041
0.1251302083
0.1491865375
0.1375057234
0.0
0.0
0.1489645337
0.1396152952
0.1459244412
0.1444504570
0.1317160088
0.1049309923
0.0786982442
0.0
0.0
0.1651883938
0.1375057234
0.1070632799
0.0
0.1363816985
0.1012175598
0.1322380009
0.0802116720
0.1195987654
0.1280104433
0.1285034232
0.1322380009
0.1203175080
0.1421934186
0.1467803030
0.1256012129
0.1690948761
0.1046020550
0.1491865375
0.0
0.1146668576
0.0000000000
0.1446592004
0.0
0.1398102886
0.0
0.1442423151
0.1245076700
0.1060425494
0.1409917840
0.1398102886
0.1306842907
0.1369414045
0.1315429260
0.1430059524
0.1172179938
0.1191716270
0.1036275017
0.1106123389
0.1246627231
0.1505325815
0.1281743491
0.0
0.1436214730
0.1210449416
0.1384566621
0.0889024571
0.0947059287
0.0000000000
0.1596557682
0.0
0.0703967417
0.1106123389
0.1166715229
0.1180473664
0.0000000000
0.1298367920
0.1001041667
0.1308551198
0.1098838273
0.1188885590
0.1070632799
0.1226766748
0.1017318767
0.1569030825
0.0
0.1040583853
0.1400058275
0.0
0.1112268519
0.1177696078
0.0000000000
0.1047114714
0.0041666667
0.1222273097
0.1058183580
0.1044928671
0.0701992754
0.1241987179
0.1042751736
0.0000000000
0.0041666667
0.0000000000
0.0000000000
0.1179083235
0.0055555556
0.1222273097
0.1317160088
0.0911695507
0.0
0.0
0.0083333333
0.0000000000
0.1403985507
0.0000000000
0.1225265198
0.0959771492
0.0000000000
0.1210449416
0.1076388889
0.1270357445
0.1029878258
0.0
0.1260757767
0.1440347722
0.0954281856
0.0000000000
0.1191716270
0.1091648491
0.0000000000
0.1419917258
0.0802116720
0.1183264381
0.0836292119
0.0934679427
0.0000000000
0.0000000000
0.1150622605
0.0000000000
0.1267141350
0.0000000000
0.0000000000
0.0083333333
0.1251302083
0.1091648491
0.1118482309
0.1019390699
0.0786982442
0.1222273097
0.0
0.0
0.0000000000
0.0000000000
0.0000000000
0.0000000000
0.0
0.1200289768
0.1082207207
0.0
0.1232809934
0.0000000000
0.0911695507
0.0000000000
0.0000000000
0.0924322869
0.1058183580
0.0826624002
0.0000000000
0.0879649971
0.0083333333
0.1123503554
0.0910037879
0.0000000000
0.1260757767
0.0000000000
0.1038424965
0.1128570086
0.0000000000
0.0921769490
0.0000000000
0.0579306520
0.0055555556
0.0
0.0041666667
0.0000000000
0.0000000000
0.0000000000
0.1044928671
0.0055555556
0.0000000000
0.0898601137
0.0
0.0000000000
0.0936428126
0.0934679427
0.0055555556
0.0000000000
0.0895386106
0.0903467208
0.0000000000
0.0790712217
0.1207529152
0.0000000000
0.0
0.0041666667
0.0000000000
0.0000000000
0.0635985811
0.1095231583
0.0041666667
0.0969062601
0.0
0.1113505747
0.1049309923
0.0000000000
0.0000000000
0.0000000000
0.0793218436
0.0000000000
0.0000000000
0.0000000000
0.0000000000
0.0000000000
0.0704958920
0.0055555556
0.1075232725
0.0000000000
0.0961615434
0.0000000000
0.1254438179
0.0000000000
0.0000000000
0.0041666667
0.1036275017
0.0818513219
0.0000000000
0.0000000000
0.0000000000
0.0000000000
0.0000000000
0.0000000000
0.0000000000
0.0000000000
0.0000000000
0.0000000000
0.0000000000
0.0000000000
0.0000000000
0.0055555556
0.0000000000
0.1317160088
0.0000000000
0.0000000000
0.0000000000
0.0919230181
0.0000000000
0.0000000000
