0.0042553191
0.0
0.0
0.0
0.0
0.0
0.0056737589
0.0
0.0
0.0000000000
0.0
0.0
0.0
0.0
0.0
0.0
0.0
0.0136728287
0.0
0.0
0.0
0.0
0.0
0.0000000000
0.0
0.0
0.0000000000
0.0
0.0
0.0
0.0
0.0
0.0
0.0
0.0
0.0
0.0
0.0
0.0
0.0
0.0
0.0
0.0153723404
0.0000000000
0.0
0.0
0.0
0.0
0.0
0.0
0.0
0.0
0.0000000000
0.0000000000
0.0000000000
0.0
0.0042553191
0.0
0.0175683891
0.0
0.0
0.0000000000
0.0
0.0
0.0070921986
0.0000000000
0.0
0.0000000000
0.0000000000
0.0
0.0042553191
0.0173758865
0.0042553191
0.0
0.0279497099
0.0
0.0
0.0
0.0
0.0
0.0
0.0
0.0
0.0000000000
0.0
0.0260638298
0.0
0.0
0.0
0.0113475177
0.0
0.0
0.0095744681
0.0173758865
0.0000000000
0.0000000000
0.0
0.0
0.0193963384
0.0
0.0238297872
0.0000000000
0.0
0.0
0.0
0.0
0.0
0.0
0.0
0.0
0.0
0.0166187464
0.0
0.0
0.0
0.0
0.0
0.0063829787
0.0000000000
0.0136643026
0.0
0.0198352780
0.0
0.0000000000
0.0
0.0042553191
0.0
0.0
0.0000000000
0.0
0.0
0.0148936170
0.0
0.0
0.0088652482
0.0000000000
0.0
0.0
0.0000000000
0.0236497545
0.0136643026
0.0
0.0
0.0
0.0225416906
0.0
0.0198352780
0.0000000000
0.0192154255
0.0042553191
0.0000000000
0.0
0.0075987842
0.0
0.0042553191
0.0
0.0
0.0
0.0095744681
0.0
0.0
0.0000000000
0.0
0.0
0.0
0.0
0.0042553191
0.0042553191
0.0267345051
0.0
0.0000000000
0.0
0.0000000000
0.0
0.0095744681
0.0
0.0000000000
0.0000000000
0.0
0.0000000000
0.0
0.0042553191
0.0
0.0000000000
0.0
0.0
0.0096711799
0.0097264438
0.0042553191
0.0000000000
0.0042553191
0.0000000000
0.0000000000
0.0
0.0106382979
0.0
0.0
0.0
0.0042553191
0.0
0.0095744681
0.0042553191
0.0
0.0
0.0
0.0236497545
0.0118203310
0.0000000000
0.0
0.0096711799
0.0227738377
0.0056737589
0.0
0.0180851064
0.0070921986
0.0
0.0000000000
0.0180851064
0.0085106383
0.0118203310
0.0
0.0
0.0
0.0
0.0
0.0000000000
0.0132978723
0.0198581560
0.0000000000
0.0
0.0
0.0085106383
0.0000000000
0.0
0.0000000000
0.0
0.0000000000
0.0000000000
0.0
0.0
0.0000000000
0.0000000000
0.0
0.0
0.0
0.0095744681
0.0
0.0042553191
0.0000000000
0.0056737589
0.0063829787
0.0042553191
0.0185342790
0.0042553191
0.0
0.0056737589
0.0000000000
0.0
0.0134522992
0.0132978723
0.0
0.0000000000
0.0
0.0068085106
0.0
0.0
0.0000000000
0.0000000000
0.0000000000
0.0056737589
0.0042553191
0.0000000000
0.0000000000
0.0000000000
0.0
0.0
0.0042553191
0.0
0.0000000000
0.0
0.0063829787
0.0
0.0042553191
0.0000000000
0.0000000000
0.0
0.0163537756
0.0000000000
0.0042553191
0.0063829787
0.0000000000
0.0111205674
0.0153723404
0.0068085106
0.0000000000
0.0
0.0063829787
0.0000000000
0.0000000000
0.0000000000
0.0000000000
0.0180851064
0.0000000000
0.0
0.0097264438
0.0000000000
0.0000000000
0.0000000000
0.0000000000
0.0136728287
0.0000000000
0.0000000000
0.0
0.0042553191
0.0088652482
0.0000000000
0.0000000000
0.0042553191
0.0000000000
0.0173758865
0.0000000000
0.0056737589
0.0000000000
0.0000000000
0.0042553191
0.0000000000
0.0000000000
0.0000000000
0.0000000000
0.0000000000
0.0000000000
0.0
0.0000000000
0.0000000000
0.0
0.0000000000
0.0
0.0042553191
0.0042553191
0.0095744681
0.0042553191
0.0000000000
0.0042553191
0.0000000000
0.0
0.0000000000
0.0
0.0
0.0000000000
0.0085106383
0.0000000000
0.0
0.0000000000
0.0000000000
0.0000000000
0.0056737589
0.0000000000
0.0000000000
0.0085106383
0.0000000000
0.0056737589
0.0000000000
0.0146403242
0.0000000000
0.0000000000
0.0
0.0000000000
0.0000000000
0.0000000000
0.0000000000
0.0000000000
0.0000000000
0.0000000000
0.0000000000
0.0000000000
0.0000000000
0.0000000000
0.0042553191
0.0042553191
0.0000000000
0.0000000000
0.0000000000
0.0000000000
0.0000000000
0.0000000000
0.0000000000
0.0000000000
0.0000000000
0.0000000000
0.0000000000
0.0000000000
0.0063829787
0.0000000000
0.0000000000
0.0000000000
0.0000000000
0.0000000000
0.0000000000
0.0000000000
0.0000000000
0.0000000000
0.0000000000
0.0000000000
0.0000000000
