0.0063694268
0.0
0.0
0.0
0.0
0.0
0.0000000000
0.0
0.0
0.0063694268
0.0
0.0
0.0
0.0
0.0
0.0
0.0145586897
0.0205465379
0.0
0.0
0.0
0.0
0.0
0.0084925690
0.0
0.0
0.0176928521
0.0
0.0
0.0
0.0084925690
0.0
0.0
0.0
0.0
0.0000000000
0.0
0.0
0.0
0.0
0.0
0.0
0.0260084926
0.0101910828
0.0
0.0
0.0
0.0
0.0
0.0
0.0000000000
0.0
0.0000000000
0.0176928521
0.0227479527
0.0
0.0063694268
0.0
0.0000000000
0.0
0.0
0.0000000000
0.0
0.0
0.0169851380
0.0244977952
0.0
0.0276931598
0.0063694268
0.0
0.0063694268
0.0289519398
0.0173389950
0.0
0.0169851380
0.0127388535
0.0
0.0
0.0
0.0
0.0195063694
0.0
0.0
0.0084925690
0.0000000000
0.0169851380
0.0127388535
0.0
0.0000000000
0.0063694268
0.0
0.0
0.0000000000
0.0151653018
0.0000000000
0.0000000000
0.0
0.0
0.0113234253
0.0
0.0193012932
0.0195063694
0.0
0.0
0.0
0.0
0.0
0.0
0.0
0.0
0.0
0.0127388535
0.0063694268
0.0
0.0
0.0
0.0
0.0000000000
0.0000000000
0.0101910828
0.0
0.0084925690
0.0
0.0063694268
0.0
0.0101910828
0.0
0.0203821656
0.0145586897
0.0
0.0254777070
0.0084925690
0.0
0.0
0.0000000000
0.0000000000
0.0
0.0084925690
0.0000000000
0.0000000000
0.0084925690
0.0
0.0
0.0000000000
0.0144759699
0.0095541401
0.0063694268
0.0000000000
0.0222929936
0.0000000000
0.0000000000
0.0
0.0084925690
0.0127388535
0.0063694268
0.0
0.0
0.0
0.0000000000
0.0
0.0
0.0141864505
0.0
0.0
0.0
0.0
0.0084925690
0.0141864505
0.0155351872
0.0
0.0000000000
0.0
0.0000000000
0.0063694268
0.0000000000
0.0
0.0000000000
0.0000000000
0.0
0.0122488976
0.0
0.0063694268
0.0
0.0181983621
0.0063694268
0.0
0.0143312102
0.0000000000
0.0000000000
0.0000000000
0.0130042463
0.0000000000
0.0000000000
0.0127388535
0.0000000000
0.0
0.0
0.0
0.0145586897
0.0063694268
0.0000000000
0.0063694268
0.0
0.0199044586
0.0084925690
0.0000000000
0.0000000000
0.0063694268
0.0127388535
0.0000000000
0.0145586897
0.0000000000
0.0
0.0187336081
0.0000000000
0.0
0.0000000000
0.0101910828
0.0000000000
0.0000000000
0.0063694268
0.0084925690
0.0
0.0
0.0000000000
0.0000000000
0.0143312102
0.0000000000
0.0000000000
0.0084925690
0.0063694268
0.0000000000
0.0000000000
0.0000000000
0.0063694268
0.0000000000
0.0000000000
0.0000000000
0.0127388535
0.0000000000
0.0122488976
0.0000000000
0.0063694268
0.0000000000
0.0
0.0000000000
0.0000000000
0.0000000000
0.0127388535
0.0000000000
0.0000000000
0.0000000000
0.0000000000
0.0000000000
0.0000000000
0.0000000000
0.0000000000
0.0000000000
0.0000000000
0.0095541401
0.0000000000
0.0000000000
0.0000000000
0.0000000000
0.0000000000
0.0000000000
0.0000000000
0.0000000000
