0.0
0.0
0.0
0.0
0.0
0.0
0.0
0.0
0.0
0.0
0.0
0.0
0.0
0.0
0.0
0.1134920635
0.0
0.0
0.0
0.0
0.0
0.0
0.0
0.0
0.0
0.0
0.0
0.0
0.0
0.0916666667
0.0
0.1172131148
0.0
0.0
0.0
0.0
0.0
0.1015846995
0.0
0.0
0.1287396122
0.0
0.0
0.0
0.1042040359
0.0
0.0
0.0
0.0
0.1150371287
0.0
0.0
0.1010326087
0.0
0.1362903226
0.0
0.0
0.0
0.0
0.0
0.0
0.0
0.0
0.0
0.0
0.0
0.0
0.0
0.0
0.0
0.1191666667
0.1190140845
0.1172131148
0.0
0.0745388933
0.0
0.1065940367
0.0
0.1226253298
0.0
0.1298184358
0.1236037234
0.0
0.1053854875
0.0991995731
0.0825488455
0.0
0.1008134490
0.1038547486
0.0870318352
0.0
0.0
0.0
0.0
0.0
0.0
0.0915763547
0.0881878558
0.0
0.0
0.0
0.0841176471
0.0000000000
0.0000000000
0.0
0.0
0.0
0.0
0.0
0.1322190612
0.1021428571
0.1084597433
0.1129404617
0.0994117647
0.0781092437
0.1077056779
0.1049097065
0.0
0.0
0.0
0.0
0.0
0.1101303318
0.1115846339
0.0
0.1024807056
0.0
0.0
0.0
0.0
0.0
0.1111842105
0.0939838220
0.0
0.0
0.1030487805
0.1094817432
0.0
0.0
0.0885238095
0.1143296433
0.0
0.1032777778
0.0
0.0984639831
0.0
0.0045454545
0.0
0.1181067344
0.0982558140
0.0000000000
0.0000000000
0.0045454545
0.0824024823
0.0
0.0978421053
0.1139093137
0.0
0.0861445783
0.0770729685
0.1000538213
0.0
0.1019188596
0.1016958425
0.1028207965
0.0922123016
0.0000000000
0.0
0.0
0.1073325635
0.0
0.1229497354
0.0
0.0
0.0946537678
0.0060606061
0.0
0.0
0.0951381781
0.0045454545
0.0829910714
0.0
0.0960227273
0.0000000000
0.0045454545
0.0
0.0
0.0773294509
0.1057451650
0.1242647059
0.0
0.1305477528
0.0984639831
0.0
0.0060606061
0.1117187500
0.1121230398
0.1007042254
0.0
0.0944613821
0.1197809278
0.1182569975
0.0
0.1176582278
0.1191666667
0.0
0.0
0.0963212435
0.0000000000
0.0
0.0090909091
0.0
0.0
0.0
0.0940789474
0.0
0.1296373780
0.0
0.0931362725
0.0
0.0
0.1000538213
0.0896335583
0.1030487805
0.1038547486
0.0994117647
0.0
0.0000000000
0.0
0.0000000000
0.1012527233
0.1178073511
0.0000000000
0.0045454545
0.0060606061
0.0090909091
0.1051470588
0.0000000000
0.0045454545
0.0694693572
0.0855893186
0.0
0.0
0.1172131148
0.1178073511
0.0841176471
0.0
0.0000000000
0.0
0.0903304179
0.0922123016
0.0
0.1121230398
0.0045454545
0.0000000000
0.0874412041
0.0
0.1057451650
0.0000000000
0.0000000000
0.0045454545
0.0090909091
0.0
0.0575185644
0.0924875622
0.1044382022
0.0
0.0000000000
0.0
0.0984639831
0.0060606061
0.0
0.0731889764
0.1237683089
0.1012527233
0.1008134490
0.1098699764
0.0839656730
0.0944613821
0.0000000000
0.0961220269
0.0528725825
0.0745388933
0.1140490798
0.0000000000
0.0
0.0822566372
0.1019188596
0.0000000000
0.0
0.0060606061
0.0
0.1196267696
0.0690564636
0.0
0.0
0.0000000000
0.0736529319
0.0000000000
0.0000000000
0.0045454545
0.1227873184
0.0835881295
0.0000000000
0.0
0.0974318658
0.0
0.0000000000
0.0
0.0906829268
0.0912168793
0.1047914318
0.0000000000
0.0000000000
0.0000000000
0.0967221644
0.0629742547
0.0
0.0000000000
0.0
0.0825488455
0.0800602929
0.0000000000
0.1000538213
0.0045454545
0.0697822823
0.0768181818
0.0045454545
0.0944613821
0.0881042654
0.1015846995
0.0776524645
0.0000000000
0.1133536585
0.1143296433
0.0000000000
0.0045454545
0.0000000000
0.0000000000
0.0971264368
0.0
0.0000000000
0.0045454545
0.0060606061
0.0000000000
0.1032777778
0.1011425462
0.0000000000
0.0
0.0000000000
0.0736529319
0.0045454545
0.0745388933
0.0000000000
0.0
0.0000000000
0.0942697769
0.0
0.0000000000
0.0000000000
0.0000000000
0.0000000000
0.0000000000
0.0000000000
0.0000000000
0.0000000000
0.0000000000
0.0624663978
0.0000000000
0.0000000000
0.0000000000
0.0000000000
0.0000000000
0.0000000000
