0.0
0.0
0.0
0.0
0.0
0.0
0.0
0.2000000000
0.0
0.0
0.0
0.0
0.0
0.0
0.0
0.0
0.0
0.0
0.0
0.0
0.0190476190
0.0
0.0
0.0190476190
0.0
0.0
0.0000000000
0.0
0.0
0.0
0.0
0.1714285714
0.1657894737
0.1737931034
0.0
0.0
0.0
0.1415730337
0.0
0.0000000000
0.0
0.0
0.0
0.1839416058
0.0
0.1866666667
0.0
0.0
0.0
0.0
0.0
0.0
0.0
0.1984251969
0.2048780488
0.0
0.1527272727
0.1565217391
0.0
0.1605095541
0.0
0.1726027397
0.0
0.1787234043
0.1491124260
0.1223300971
0.0000000000
0.0
0.0000000000
0.0142857143
0.1527272727
0.0285714286
0.1968750000
0.0
0.0
0.0000000000
0.1465116279
0.0000000000
0.0
0.0
0.0
0.1415730337
0.0190476190
0.0
0.0285714286
0.1229268293
0.1235294118
0.0
0.1508982036
0.0000000000
0.0
0.1456647399
0.1839416058
0.1909090909
0.0
0.1491124260
0.1500000000
0.1028571429
0.1565217391
0.1482352941
0.0142857143
0.0142857143
0.1527272727
0.1024390244
0.0
0.0000000000
0.1028571429
0.0000000000
0.1984251969
0.1194312796
0.1354838710
0.1407821229
0.1546012270
0.0000000000
0.1223300971
0.0
0.0000000000
0.0142857143
0.0
0.1247524752
0.0000000000
0.0
0.1235294118
0.0142857143
0.0190476190
0.0000000000
0.0000000000
0.0142857143
0.1491124260
0.0000000000
0.0000000000
