0.0
0.0
0.0
0.0
0.1436519100
0.0
0.1568407950
0.0
0.0
0.0823005734
0.0
0.1319558255
0.0
0.1398381425
0.0
0.1299215630
0.1008083579
0.1259100406
0.0
0.0
0.1291253123
0.0797059778
0.0
0.0
0.0
0.1353465533
0.1080458810
0.1291253123
0.1430019013
0.1326481435
0.0
0.0
0.1428403173
0.1377055346
0.1387636452
0.1369595675
0.1289935518
0.1156575304
0.1167254670
0.0
0.0
0.1584131338
0.1431638514
0.1185869426
0.0
0.1330670324
0.1236924469
0.1249147043
0.1075861113
0.1194836302
0.1199370785
0.1194836302
0.1368113428
0.1275617364
0.1407724730
0.1401482049
0.1233304203
0.1600173174
0.1056087559
0.1428403173
0.0
0.0943385677
0.0798066167
0.1398381425
0.0
0.1423577486
0.0
0.1372569824
0.1264136808
0.1200509789
0.1454702886
0.1393756128
0.1169414253
0.1423577486
0.1297881733
0.1423577486
0.1166177867
0.0032573290
0.0911418030
0.1119696021
0.1262873934
0.1541630253
0.1249147043
0.0
0.1390689558
0.1230902442
0.1326481435
0.0
0.0901666767
0.0791569698
0.1459742272
0.0
0.1232102152
0.1048206308
0.1155518106
0.0
0.1008083579
0.1274331459
0.1045605300
0.1304578749
0.1265402210
0.1308630236
0.1046470867
0.1056087559
0.1173757482
0.1510318767
0.0
0.1066782116
0.1494251546
0.0
0.1111817773
0.1134772718
0.0000000000
0.1106949919
0.0780331363
0.1246683242
0.1075861113
0.0
0.0989927023
0.1249147043
0.1048206308
0.1164030210
0.0696110577
0.1082308911
0.0000000000
0.1221388220
0.0886491450
0.1244229142
0.0000000000
0.1017004672
0.0
0.0
0.0048859935
0.0032573290
0.1407724730
0.0032573290
0.1249147043
0.0976167419
0.0904246644
0.1233304203
0.1103086220
0.1212019950
0.1012930134
0.0
0.0878482841
0.1454702886
0.1109865503
0.0000000000
0.1206237412
0.1130712708
0.0800593292
0.1434888545
0.1131724985
0.1247913927
0.1012119142
0.0915377848
0.0000000000
0.0000000000
0.1146089581
0.0000000000
0.1257847570
0.0000000000
0.1173757482
0.1024422048
0.1334885753
0.1133754985
0.1270489254
0.0032573290
0.0712189751
0.1398381425
0.0
0.0
0.0000000000
0.0
0.0964989930
0.0815046298
0.0
0.1285998787
0.1064088222
0.0
0.0930881302
0.0000000000
0.1012119142
0.1197099250
0.0000000000
0.0909450941
0.1133754985
0.0
0.0000000000
0.1064984674
0.0937091777
0.1086028185
0.1195966706
0.0032573290
0.1244229142
0.0000000000
0.1178133092
0.1245454983
0.1128693578
0.1220209274
0.0
0.0958405465
0.1094490743
0.0
0.1126681647
0.0065146580
0.0
0.0000000000
0.1088834460
0.0818211526
0.0000000000
0.1393756128
0.0
0.0986066153
0.0963518908
0.1084165358
0.1210859011
0.0000000000
0.0
0.1051694516
0.0000000000
0.1227317289
0.1374061748
0.0000000000
0.0
0.1243005711
0.0000000000
0.0000000000
0.1125678368
0.1269213662
0.0073289902
0.1169414253
0.0
0.1262873934
0.1214348519
0.0710189218
0.1165103049
0.0000000000
0.1116728629
0.0000000000
0.0879705503
0.0000000000
0.0000000000
0.0000000000
0.1039586191
0.0073289902
0.1053447340
0.0000000000
0.1043878454
0.0000000000
0.1208543793
0.0000000000
0.0986066153
0.0048859935
0.0813472849
0.0838287008
0.1179232097
0.1223752960
0.1259100406
0.1129702241
0.0
0.0000000000
0.0901666767
0.0000000000
0.0705827363
0.1044741163
0.0774119294
0.1043017168
0.0032573290
0.0000000000
0.0000000000
0.1344826391
0.0858205572
0.0000000000
0.0032573290
0.0
0.0000000000
0.0000000000
0.0000000000
0.0900382342
0.0032573290
0.1186982918
0.0000000000
0.0000000000
0.0712189751
0.0000000000
0.0000000000
0.0032573290
0.0000000000
0.1077695488
0.0
0.0932942294
0.1009693936
0.0000000000
0.0000000000
0.0032573290
0.0000000000
0.0000000000
0.0000000000
0.0000000000
0.0000000000
0.0000000000
0.0000000000
0.1072211033
0.0000000000
0.0000000000
0.0000000000
0.0000000000
0.0792562262
0.0000000000
0.0000000000
0.0000000000
0.0000000000
0.0000000000
0.0032573290
0.0874835161
0.0043431053
0.0000000000
0.0962052365
0.0923401613
0.0000000000
0.1213183117
0.0705827363
0.0000000000
0.0000000000
0.0000000000
0.0043431053
0.0000000000
0.0000000000
0.0000000000
0.0000000000
0.0000000000
0.1012119142
0.0000000000
0.0000000000
0.0000000000
0.0000000000
0.0000000000
0.0000000000
0.0000000000
0.0000000000
0.0032573290
0.0000000000
0.0000000000
0.0000000000
0.0000000000
0.0000000000
0.0954065515
0.0000000000
0.0000000000
0.0000000000
0.0000000000
0.0000000000
0.0000000000
0.0000000000
0.0000000000
0.0000000000
