0.0
0.0
0.0
0.0
0.0
0.0
0.0000000000
0.0
0.0
0.0000000000
0.0
0.0
0.0
0.0
0.0
0.0
0.0
0.0
0.0
0.0
0.0
0.0
0.0
0.0000000000
0.0
0.0
0.0
0.0
0.0
0.0
0.0
0.0
0.0
0.0
0.0
0.0
0.0
0.0
0.0
0.0
0.0
0.0
0.0000000000
0.0
0.0
0.0
0.0
0.0
0.0
0.0
0.0
0.0
0.0000000000
0.0
0.0030211480
0.0
0.0
0.0
0.0040281974
0.0
0.0
0.0000000000
0.0
0.0
0.0
0.0000000000
0.0
0.0069054812
0.0000000000
0.0
0.0000000000
0.0158174529
0.0
0.0
0.0231692268
0.0
0.0
0.0
0.0
0.0
0.0
0.0
0.0
0.0000000000
0.0
0.0219335347
0.0
0.0
0.0
0.0
0.0
0.0
0.0000000000
0.0
0.0060422961
0.0
0.0
0.0
0.0117988079
0.0
0.0
0.0
0.0
0.0
0.0
0.0
0.0
0.0
0.0
0.0
0.0
0.0000000000
0.0
0.0
0.0
0.0
0.0
0.0000000000
0.0
0.0
0.0
0.0263202417
0.0
0.0000000000
0.0
0.0096676737
0.0
0.0
0.0103941879
0.0
0.0
0.0
0.0
0.0
0.0121265525
0.0060422961
0.0
0.0
0.0
0.0265325017
0.0094410876
0.0
0.0
0.0
0.0186933535
0.0
0.0253079247
0.0040281974
0.0000000000
0.0000000000
0.0000000000
0.0
0.0099217248
0.0
0.0000000000
0.0
0.0
0.0
0.0120845921
0.0
0.0
0.0199395770
0.0
0.0
0.0
0.0
0.0080563948
0.0082242363
0.0288599141
0.0
0.0136423716
0.0
0.0
0.0
0.0030211480
0.0
0.0
0.0090634441
0.0
0.0068662455
0.0
0.0000000000
0.0
0.0
0.0
0.0
0.0
0.0
0.0000000000
0.0030211480
0.0000000000
0.0209556064
0.0189806909
0.0
0.0000000000
0.0
0.0
0.0
0.0082242363
0.0
0.0125881168
0.0086318515
0.0
0.0
0.0
0.0167006610
0.0000000000
0.0030211480
0.0
0.0
0.0189082196
0.0
0.0
0.0030211480
0.0000000000
0.0
0.0
0.0040281974
0.0060422961
0.0000000000
0.0
0.0
0.0
0.0
0.0
0.0000000000
0.0
0.0
0.0030211480
0.0
0.0
0.0
0.0209556064
0.0
0.0000000000
0.0
0.0030211480
0.0030211480
0.0
0.0
0.0000000000
0.0155912818
0.0
0.0
0.0
0.0286089584
0.0
0.0067975831
0.0
0.0000000000
0.0
0.0140824481
0.0182779456
0.0
0.0
0.0000000000
0.0030211480
0.0
0.0
0.0000000000
0.0
0.0069054812
0.0
0.0
0.0
0.0
0.0000000000
0.0140824481
0.0000000000
0.0000000000
0.0
0.0052870091
0.0068662455
0.0000000000
0.0
0.0
0.0
0.0
0.0000000000
0.0
0.0
0.0
0.0000000000
0.0060422961
0.0060422961
0.0
0.0103941879
0.0000000000
0.0
0.0030211480
0.0
0.0000000000
0.0000000000
0.0107898144
0.0040281974
0.0
0.0
0.0000000000
0.0030211480
0.0
0.0081652650
0.0
0.0
0.0
0.0
0.0000000000
0.0
0.0080563948
0.0040281974
0.0
0.0
0.0
0.0
0.0
0.0067289206
0.0
0.0140824481
0.0067975831
0.0
0.0000000000
0.0000000000
0.0000000000
0.0
0.0263202417
0.0
0.0165328151
0.0000000000
0.0
0.0138236564
0.0
0.0197007797
0.0
0.0107898144
0.0155190104
0.0
0.0030211480
0.0
0.0
0.0045317221
0.0060422961
0.0
0.0000000000
0.0236692821
0.0
0.0
0.0
0.0
0.0
0.0000000000
0.0045317221
0.0
0.0
0.0040281974
0.0030211480
0.0107898144
0.0000000000
0.0
0.0053709298
0.0
0.0
0.0040281974
0.0
0.0060422961
0.0
0.0000000000
0.0
0.0
0.0
0.0000000000
0.0
0.0
0.0000000000
0.0030211480
0.0000000000
0.0
0.0000000000
0.0000000000
0.0101524626
0.0090634441
0.0
0.0000000000
0.0030211480
0.0155912818
0.0030211480
0.0
0.0189082196
0.0030211480
0.0040281974
0.0000000000
0.0030211480
0.0048338369
0.0040281974
0.0000000000
0.0194676344
0.0
0.0
0.0
0.0000000000
0.0060422961
0.0
0.0000000000
0.0176883345
0.0
0.0092522659
0.0000000000
0.0000000000
0.0
0.0000000000
0.0
0.0048338369
0.0
0.0000000000
0.0000000000
0.0000000000
0.0000000000
0.0000000000
0.0067289206
0.0054380665
0.0030211480
0.0030211480
0.0000000000
0.0073686537
0.0068662455
0.0000000000
0.0030211480
0.0
0.0
0.0030211480
0.0168719498
0.0000000000
0.0000000000
0.0
0.0000000000
0.0
0.0000000000
0.0000000000
0.0163683095
0.0030211480
0.0054380665
0.0
0.0000000000
0.0000000000
0.0030211480
0.0000000000
0.0
0.0144935252
0.0150536514
0.0092522659
0.0000000000
0.0000000000
0.0030211480
0.0087311178
0.0
0.0000000000
0.0000000000
0.0000000000
0.0128398792
0.0068662455
0.0
0.0000000000
0.0000000000
0.0000000000
0.0000000000
0.0000000000
0.0
0.0000000000
0.0060422961
0.0000000000
0.0
0.0000000000
0.0
0.0030211480
0.0000000000
0.0213638325
0.0000000000
0.0000000000
0.0000000000
0.0
0.0040281974
0.0000000000
0.0
0.0174622356
0.0
0.0000000000
0.0283623294
0.0
0.0159710204
0.0
0.0000000000
0.0054380665
0.0000000000
0.0
0.0000000000
0.0
0.0000000000
0.0000000000
0.0000000000
0.0165328151
0.0054380665
0.0000000000
0.0040281974
0.0094410876
0.0030211480
0.0000000000
0.0030211480
0.0052870091
0.0223811579
0.0225344535
0.0
0.0
0.0040281974
0.0
0.0000000000
0.0030211480
0.0000000000
0.0000000000
0.0203088285
0.0000000000
0.0000000000
0.0040281974
0.0000000000
0.0000000000
0.0000000000
0.0120845921
0.0060422961
0.0000000000
0.0000000000
0.0030211480
0.0030211480
0.0000000000
0.0073686537
0.0000000000
0.0000000000
0.0000000000
0.0000000000
0.0000000000
0.0040281974
0.0030211480
0.0000000000
0.0000000000
0.0000000000
0.0000000000
0.0000000000
0.0000000000
0.0
0.0000000000
0.0000000000
0.0000000000
0.0000000000
0.0054380665
0.0030211480
0.0000000000
0.0000000000
0.0
0.0030211480
0.0000000000
0.0000000000
0.0000000000
0.0000000000
0.0030211480
0.0000000000
0.0040281974
0.0000000000
0.0068662455
0.0000000000
0.0000000000
0.0000000000
0.0000000000
0.0000000000
0.0000000000
0.0000000000
0.0000000000
0.0000000000
0.0000000000
0.0054380665
0.0000000000
0.0000000000
0.0000000000
0.0000000000
0.0000000000
0.0000000000
0.0000000000
0.0030211480
0.0000000000
0.0000000000
0.0000000000
0.0000000000
0.0000000000
0.0000000000
0.0000000000
0.0000000000
0.0000000000
0.0000000000
0.0000000000
0.0075268257
0.0040281974
0.0000000000
0.0000000000
0.0000000000
0.0000000000
0.0000000000
0.0000000000
