0.0
0.0
0.0
0.0
0.0
0.0
0.0
0.0
0.0
0.0
0.0
0.0
0.0
0.0
0.0
0.1193741512
0.0
0.0
0.0
0.0
0.0
0.0
0.0
0.0
0.0
0.0
0.0
0.0
0.0
0.1020421510
0.0
0.1267761561
0.0
0.0
0.0
0.0
0.0
0.1103537296
0.0
0.0
0.1359739425
0.0
0.0
0.0
0.1153337953
0.0
0.0
0.0
0.0
0.1172580297
0.0
0.0
0.1014895762
0.0
0.1423423423
0.0
0.0
0.0
0.0
0.0
0.0
0.0
0.0
0.0
0.0
0.0
0.0
0.0
0.0
0.0
0.1327632237
0.1205256704
0.1361385599
0.0
0.0794141599
0.0
0.1189951857
0.0
0.1273504535
0.0
0.1366348122
0.1327632237
0.0
0.1127888169
0.1161678207
0.1028823883
0.0
0.1222287505
0.1154522079
0.1030709903
0.0
0.0
0.0
0.0
0.0
0.0
0.0986407460
0.0976980456
0.0
0.0
0.0
0.1168923601
0.0000000000
0.0000000000
0.0
0.0
0.0
0.0
0.0
0.1427036173
0.1099222390
0.1227625005
0.1264909454
0.1077111594
0.0924756994
0.1246679052
0.1130155281
0.0
0.0
0.0
0.0
0.0
0.1164083338
0.1386565357
0.0
0.1048000470
0.0
0.0
0.0
0.0
0.0
0.1183688952
0.1090693021
0.0
0.0
0.1004919128
0.1301509843
0.0
0.0
0.1059853444
0.1205256704
0.0
0.1081254331
0.0
0.1039283276
0.0
0.1050938789
0.0
0.1349945384
0.1172580297
0.0000000000
0.0000000000
0.0916466589
0.0939435676
0.0
0.1228966672
0.1222287505
0.0
0.1046050702
0.1022276822
0.1206549898
0.0
0.1131292258
0.1127888169
0.1135863136
0.0991626547
0.0000000000
0.0
0.0
0.1106795772
0.0
0.1315209947
0.0
0.0
0.1019496378
0.0067567568
0.0
0.0
0.1108978801
0.0794702830
0.0896734055
0.0
0.1022276822
0.0000000000
0.0893882754
0.0
0.0
0.0906858471
0.1141628939
0.1353194350
0.0
0.1351567914
0.1065881047
0.0
0.0819012749
0.1188693979
0.1202678614
0.1031655509
0.0
0.1048978083
0.1319840968
0.1262070151
0.0
0.1155708638
0.1248062713
0.0
0.0
0.1315209947
0.0000000000
0.0
0.0839809189
0.0
0.0
0.0
0.1079178987
0.0
0.1333931797
0.0
0.1035455345
0.0
0.0
0.1068920632
0.0952163001
0.1064871690
0.1098148930
0.1143951683
0.0
0.0000000000
0.0
0.0000000000
0.1223617524
0.1220960374
0.0000000000
0.0045045045
0.0101351351
0.0101351351
0.1131292258
0.0000000000
0.0045045045
0.0808414453
0.0907590399
0.0
0.0
0.1249449449
0.1295512102
0.0893172760
0.0
0.0000000000
0.0
0.0963585694
0.0958656867
0.0
0.1213057718
0.0045045045
0.0000000000
0.0925518111
0.0
0.1170139963
0.0796955708
0.0000000000
0.0045045045
0.0924756994
0.0
0.0661862569
0.1061855056
0.1138162454
0.0
0.0000000000
0.0
0.1099222390
0.1059853444
0.0
0.0830505542
0.1327632237
0.1114474236
0.1120024407
0.1173804284
0.0901767846
0.0990752867
0.0000000000
0.1016731017
0.0605875272
0.1088581321
0.1238441084
0.0000000000
0.0
0.0937868644
0.1156897638
0.0000000000
0.0
0.0751674134
0.0
0.1295512102
0.0896019526
0.0
0.0
0.0000000000
0.0796955708
0.1138162454
0.0000000000
0.0045045045
0.1289569386
0.0891049528
0.0000000000
0.0
0.1036409682
0.0
0.0045045045
0.0
0.1161678207
0.1007620524
0.1226286264
0.0000000000
0.0000000000
0.0000000000
0.1023207010
0.0728306026
0.0
0.0000000000
0.0
0.0879893978
0.0883349964
0.0000000000
0.1135863136
0.0045045045
0.0819012749
0.0901045276
0.0045045045
0.1003126231
0.0956211313
0.1101375617
0.0843589276
0.0000000000
0.0995136730
0.1201393701
0.0000000000
0.1014895762
0.0000000000
0.0000000000
0.1055872774
0.0
0.0000000000
0.0045045045
0.0949750426
0.0000000000
0.1081254331
0.1097077565
0.0000000000
0.0
0.0000000000
0.0796955708
0.0888936367
0.0794141599
0.0000000000
0.0
0.0000000000
0.1001339719
0.0
0.0000000000
0.0000000000
0.0000000000
0.0000000000
0.0000000000
0.0067567568
0.0000000000
0.0000000000
0.0000000000
0.0796391292
0.0000000000
0.0000000000
0.0000000000
0.0045045045
0.1213057718
0.0000000000
0.0000000000
0.0000000000
