0.0089285714
0.0
0.0
0.0
0.0
0.0
0.0000000000
0.0
0.0
0.0133928571
0.0
0.0
0.0
0.0
0.0
0.0
0.0136054422
0.0135281385
0.0
0.0
0.0
0.0
0.0
0.0190947666
0.0
0.0
0.0133928571
0.0
0.0
0.0
0.0
0.0
0.0
0.0
0.0
0.0000000000
0.0
0.0
0.0
0.0
0.0
0.0
0.0265151515
0.0095238095
0.0
0.0
0.0
0.0
0.0
0.0
0.0000000000
0.0
0.0000000000
0.0000000000
0.0133928571
0.0
0.0059523810
0.0
0.0000000000
0.0
0.0
0.0000000000
0.0
0.0
0.0326876513
0.0158730159
0.0
0.0135281385
0.0059523810
0.0
0.0059523810
0.0212585034
0.0171568627
0.0
0.0158730159
0.0321428571
0.0
0.0
0.0
0.0
0.0194444444
0.0
0.0
0.0000000000
0.0000000000
0.0158730159
0.0229591837
0.0
0.0000000000
0.0257142857
0.0
0.0
0.0000000000
0.0119047619
0.0000000000
0.0000000000
0.0
0.0
0.0105820106
0.0
0.0190476190
0.0171568627
0.0
0.0
0.0
0.0
0.0
0.0
0.0
0.0
0.0
0.0119047619
0.0
0.0
0.0
0.0
0.0
0.0000000000
0.0000000000
0.0221674877
0.0
0.0079365079
0.0
0.0000000000
0.0
0.0378151261
0.0
0.0190476190
0.0267857143
0.0
0.0212585034
0.0079365079
0.0
0.0
0.0162037037
0.0000000000
0.0
0.0079365079
0.0000000000
0.0000000000
0.0079365079
0.0
0.0
0.0000000000
0.0089285714
0.0132575758
0.0059523810
0.0000000000
0.0224358974
0.0000000000
0.0000000000
0.0
0.0190947666
0.0119047619
0.0000000000
0.0
0.0
0.0
0.0000000000
0.0
0.0
0.0138888889
0.0
0.0
0.0
0.0
0.0321428571
0.0000000000
0.0000000000
0.0
0.0000000000
0.0
0.0000000000
0.0000000000
0.0000000000
0.0
0.0059523810
0.0000000000
0.0
0.0000000000
0.0
0.0059523810
0.0
0.0105820106
0.0059523810
0.0
0.0182291667
0.0000000000
0.0000000000
0.0000000000
0.0126811594
0.0000000000
0.0185439560
0.0267857143
0.0171568627
0.0
0.0
0.0
0.0357142857
0.0209627329
0.0000000000
0.0059523810
0.0
0.0135281385
0.0216693419
0.0000000000
0.0059523810
0.0132575758
0.0119047619
0.0059523810
0.0136054422
0.0089285714
0.0
0.0135281385
0.0000000000
0.0
0.0000000000
0.0095238095
0.0133928571
0.0000000000
0.0059523810
0.0216693419
0.0
0.0
0.0000000000
0.0000000000
0.0243055556
0.0119047619
0.0059523810
0.0257142857
0.0182291667
0.0000000000
0.0000000000
0.0000000000
0.0059523810
0.0000000000
0.0000000000
0.0000000000
0.0119047619
0.0000000000
0.0089285714
0.0000000000
0.0059523810
0.0000000000
0.0
0.0000000000
0.0000000000
0.0000000000
0.0271629779
0.0000000000
0.0000000000
0.0000000000
0.0162037037
0.0000000000
0.0059523810
0.0000000000
0.0000000000
0.0059523810
0.0000000000
0.0243055556
0.0000000000
0.0000000000
0.0
0.0000000000
0.0000000000
0.0
0.0000000000
0.0000000000
0.0000000000
0.0000000000
0.0000000000
0.0000000000
0.0000000000
0.0000000000
0.0000000000
0.0209627329
0.0000000000
0.0000000000
0.0000000000
0.0000000000
0.0000000000
0.0000000000
0.0000000000
