0.0
0.0
0.0
0.0
0.0
0.0
0.0
0.0
0.0
0.0
0.0
0.0
0.0
0.0
0.0
0.0
0.0
0.0
0.0
0.0
0.0
0.0
0.0
0.0
0.0
0.0
0.0
0.0
0.0
0.0952480590
0.0
0.1239395850
0.0
0.0
0.0
0.0
0.0
0.1046410337
0.0
0.0
0.1327826948
0.0
0.0
0.0
0.1027740314
0.0
0.0
0.0
0.0
0.1075244755
0.0
0.0
0.0929070929
0.0
0.1218177593
0.0
0.0
0.0
0.0
0.0
0.0
0.0
0.0
0.0
0.0
0.0
0.0
0.0
0.0
0.0
0.1116943998
0.1247062216
0.1019082013
0.0
0.0948001841
0.0
0.1071435208
0.0
0.1073336601
0.0
0.1347049387
0.1168744299
0.0
0.1121084661
0.1181299170
0.1029489659
0.0
0.1092728410
0.0
0.1181299170
0.0
0.0
0.0
0.0
0.0
0.0
0.0862188417
0.1063896526
0.0
0.0
0.0
0.1116943998
0.0000000000
0.0000000000
0.0
0.0
0.0
0.0
0.0
0.1292361485
0.1107738415
0.0
0.0871506016
0.1124210362
0.0929070929
0.1050043706
0.0000000000
0.0
0.0
0.0
0.0
0.0
0.1248349174
0.1165366425
0.0
0.0829095510
0.0
0.0
0.0
0.0
0.0
0.0
0.0659929269
0.0
0.0
0.0818991435
0.1038326480
0.0
0.0
0.1081010143
0.0
0.0
0.0921989596
0.0
0.0990704627
0.0
0.0104895105
0.0
0.1005528138
0.1114885115
0.0000000000
0.0
0.0062937063
0.0581562668
0.0
0.0959278628
0.1176702675
0.0
0.1110790036
0.1207235878
0.0
0.0
0.1107738415
0.0937713449
0.1111810983
0.0968495076
0.0891415143
0.0
0.0
0.0981859050
0.0
0.1096691160
0.0
0.0
0.0871506016
0.0579889909
0.0
0.0
0.0952480590
0.0856692882
0.0769987492
0.0
0.1130514345
0.0000000000
0.0985860106
0.0
0.0
0.1060166827
0.0981062733
0.1176702675
0.0
0.1195306670
0.1094706199
0.0
0.0760786383
0.1169874613
0.1078119741
0.1047316320
0.0
0.0731348458
0.1261366371
0.0955490008
0.0
0.0946518270
0.1015659404
0.0
0.0
0.1098683333
0.0000000000
0.0
0.0550091109
0.0
0.0
0.0
0.0534061965
0.0
0.1055541317
0.0
0.0000000000
0.0
0.0
0.0916401780
0.0958518502
0.0000000000
0.1121084661
0.1057386669
0.0
0.0000000000
0.0
0.0942829579
0.0
0.1133692924
0.0738492277
0.0890758726
0.0700840295
0.0636323172
0.0993144786
0.0000000000
0.0
0.0960802502
0.0908145908
0.0
0.0
0.0000000000
0.1231823167
0.1106724931
0.0
0.0856086589
0.0
0.1003859211
0.0917096550
0.0
0.0
0.0856086589
0.0
0.0867754914
0.0
0.1157560143
0.0688866942
0.1101685200
0.0000000000
0.0860961103
0.0
0.0925516717
0.0904749701
0.1000537924
0.0
0.0000000000
0.0
0.0
0.0989893903
0.0
0.0534533959
0.1214508383
0.1057386669
0.0992330065
0.1169874613
0.0692812342
0.0736693270
0.0000000000
0.0950982979
0.0810757607
0.1220636074
0.1162008021
0.0550091109
0.0
0.0
0.1236861298
0.0000000000
0.0
0.0
0.0
0.0874024819
0.0906105131
0.0
0.0
0.0804288796
0.0000000000
0.0000000000
0.0000000000
0.0914323771
0.1137958937
0.0770968993
0.0992330065
0.0
0.0000000000
0.0
0.0627737597
0.0
0.0
0.0704513890
0.0953982926
0.0
0.0992330065
0.0896701519
0.0000000000
0.0901378800
0.0
0.0000000000
0.0
0.1204831026
0.0789589001
0.0835971216
0.0871506016
0.0985057288
0.0813483759
0.1189430039
0.1061096798
0.1230570040
0.0967720280
0.1135821925
0.0000000000
0.0000000000
0.0951731196
0.1119010499
0.0777910193
0.1032124872
0.0000000000
0.1026867869
0.0950235938
0.0
0.0827960540
0.0783960045
0.0600620829
0.0000000000
0.0960039960
0.0771952999
0.0000000000
0.0
0.0034965035
0.0923397213
0.0000000000
0.1057386669
0.0000000000
0.0
0.0000000000
0.0
0.0
0.0871506016
0.0000000000
0.0000000000
0.0000000000
0.0
0.1077159706
0.0
0.0000000000
0.0
0.0795822598
0.0000000000
0.0826828674
0.0000000000
0.0572751113
0.0950982979
0.0939169526
0.0000000000
0.0690439697
0.0832519167
0.0062937063
0.0000000000
0.0000000000
0.0000000000
0.0738492277
0.0626437260
0.0000000000
0.0000000000
0.0000000000
0.0869001688
0.0000000000
0.0000000000
0.1047316320
0.0952480590
0.0000000000
0.1026867869
0.0
0.0000000000
0.0804288796
0.0494138215
0.1071435208
0.0000000000
0.0000000000
0.0000000000
0.0034965035
0.0062937063
0.0000000000
0.0000000000
0.0
0.0
0.0000000000
0.0000000000
0.0000000000
0.0891415143
0.0000000000
0.0
0.0000000000
0.0910195899
0.0000000000
0.0662096524
0.0695201350
0.0000000000
0.0000000000
0.0000000000
0.0632993380
0.0000000000
0.0890758726
0.0000000000
0.0000000000
0.0830233596
0.0000000000
0.0000000000
0.1103695574
0.0572751113
0.0000000000
0.0000000000
0.0000000000
0.0000000000
0.0000000000
0.0000000000
0.0000000000
0.0952480590
0.0802155404
0.0000000000
0.0000000000
0.0000000000
0.0000000000
0.0000000000
0.0
0.0000000000
0.0000000000
0.0000000000
0.0000000000
0.0000000000
0.0000000000
0.0000000000
0.0000000000
0.0767057926
0.0963864820
0.0000000000
0.0000000000
0.0000000000
0.0000000000
0.0000000000
0.0000000000
0.0000000000
0.0000000000
0.0000000000
