0.0
0.0
0.0
0.0
0.1213919422
0.0
0.1534619995
0.0
0.0
0.0952492203
0.0
0.1143254674
0.0
0.1288841012
0.0
0.1193716711
0.0
0.1348909644
0.0
0.0
0.1377058844
0.0895611561
0.0
0.0
0.0
0.1229296941
0.1075434482
0.1148028180
0.1165877382
0.1222012218
0.0
0.0
0.1484893335
0.1273912351
0.1325073490
0.1319773196
0.1364529772
0.1228381605
0.1163410786
0.0
0.0
0.1483557999
0.1491606234
0.1325073490
0.0
0.1370196424
0.1411220269
0.1234817736
0.1137735514
0.1163410786
0.1257405865
0.1124551121
0.1466414662
0.1327205547
0.1276870352
0.0
0.1215708544
0.0
0.1086769759
0.1472961156
0.0
0.1046774426
0.1093976455
0.1410014098
0.0
0.1366790799
0.0
0.0942695140
0.1248839133
0.1276870352
0.1400438451
0.1310338757
0.1134605567
0.1526102215
0.1199793814
0.1226555015
0.1071244477
0.0807102003
0.0905442643
0.1231131713
0.1303093598
0.1462514623
0.1267063360
0.0
0.1382830256
0.1265120011
0.1315563393
0.0
0.0914476993
0.0975009749
0.1355559979
0.0
0.1254537258
0.1062961659
0.1069855055
0.0
0.0959695459
0.1269012688
0.1285827354
0.1413638813
0.1330416528
0.1250732748
0.1064333222
0.1050774837
0.1225643755
0.1400438451
0.0
0.1104967512
0.1373619063
0.0
0.1223825293
0.1237596770
0.1128397055
0.1268037275
0.1086769759
0.1240388342
0.1309298805
0.0
0.0989038666
0.1457346727
0.1193716711
0.1247894474
0.0932043217
0.1160954606
0.0000000000
0.1337969582
0.1135386438
0.1195446735
0.0000000000
0.1274896828
0.0
0.0
0.1213026834
0.0025773196
0.1381672106
0.0025773196
0.1110172608
0.1184290377
0.1158508774
0.1356674749
0.1242256397
0.1061593626
0.1232971969
0.0
0.1067086995
0.1361152223
0.1069161695
0.0929417744
0.1341232923
0.1155263652
0.1179211219
0.1246951243
0.1185993167
0.1259325569
0.1273912351
0.0945396272
0.0000000000
0.0000000000
0.1091804431
0.1130717269
0.1357791354
0.0000000000
0.1047439044
0.1099078278
0.1235742693
0.1084626229
0.1175849248
0.0919574412
0.0999222589
0.1438288138
0.0
0.0
0.0718517637
0.0
0.1113169025
0.0025773196
0.0
0.1419721596
0.1062961659
0.0
0.0051546392
0.0034364261
0.1068469232
0.1362276214
0.1009618418
0.1037557544
0.1131492795
0.0
0.0000000000
0.1083201901
0.1040174335
0.1271947953
0.0964746488
0.1044124364
0.1365659350
0.1038864291
0.1136951409
0.1404014038
0.1208583513
0.0923693446
0.0
0.1175849248
0.1234817736
0.0
0.1152036658
0.0851686368
0.0
0.1306188832
0.0
0.0897560661
0.0922660232
0.1312423624
0.0
0.1048104508
0.0983144514
0.1171673647
0.1101279369
0.1102015027
0.0
0.1335802830
0.0000000000
0.1263182615
0.1328274150
0.0000000000
0.0
0.1214813325
0.0000000000
0.0000000000
0.1215708544
0.1372476285
0.1099810997
0.1294910906
0.0
0.1470335557
0.1224733849
0.0937338918
0.1211245591
0.0
0.1256448206
0.0
0.1219302657
0.0000000000
0.0025773196
0.0000000000
0.1273912351
0.1069855055
0.1122256119
0.0000000000
0.1237596770
0.1196313629
0.0930466156
0.0000000000
0.1048104508
0.1285827354
0.0034364261
0.0854775386
0.1227467630
0.1153647898
0.1270968024
0.0000000000
0.0
0.0000000000
0.1009618418
0.0965310998
0.0849493561
0.1148827643
0.1076136004
0.1129942805
0.0790094107
0.0000000000
0.0000000000
0.1475596149
0.0859227341
0.0000000000
0.0793896292
0.0
0.0000000000
0.0000000000
0.0000000000
0.1143254674
0.0897560661
0.1126855529
0.0000000000
0.0705007049
0.1257405865
0.0000000000
0.1002867170
0.0025773196
0.0051546392
0.1255492005
0.0
0.0025773196
0.1127625765
0.0942695140
0.0917528640
0.1113169025
0.1168354458
0.0000000000
0.0034364261
0.1100544693
0.0000000000
0.0831510330
0.0919062114
0.1168354458
0.0000000000
0.0000000000
0.0000000000
0.0034364261
0.0976163606
0.0000000000
0.1095429279
0.1149628219
0.0000000000
0.1064333222
0.0903459198
0.1158508774
0.0976741560
0.0000000000
0.0981974104
0.1089641014
0.1040830596
0.1135386438
0.0849493561
0.1277859407
0.0000000000
0.0000000000
0.0754328530
0.0676390527
0.0000000000
0.0924210921
0.0000000000
0.0915491951
0.1072637513
0.1069161695
0.0000000000
0.0921629327
0.1152841715
0.0000000000
0.0000000000
0.0000000000
0.1142462947
0.0025773196
0.0000000000
0.0000000000
0.1095429279
0.1034305012
0.0000000000
0.0051546392
0.0000000000
0.1069855055
0.0000000000
0.0000000000
0.0999222589
0.0000000000
0.1282827756
0.1084626229
0.0000000000
0.0000000000
0.0025773196
0.1123785078
0.0000000000
0.0915491951
0.1061593626
0.1067086995
0.0000000000
0.0000000000
0.0000000000
0.1004087946
0.0000000000
0.0000000000
0.0000000000
0.0000000000
0.0000000000
0.0000000000
0.0000000000
0.0808684556
0.1126855529
0.0000000000
0.0000000000
0.0034364261
0.0000000000
0.0000000000
0.0000000000
0.0000000000
0.0000000000
0.0919574412
0.1298989366
0.0000000000
0.0000000000
0.0000000000
0.0000000000
0.0000000000
0.0991416163
0.0000000000
0.0000000000
0.0000000000
0.0000000000
0.0000000000
0.0000000000
0.0034364261
0.1040830596
0.0841262873
0.0000000000
0.0000000000
0.0000000000
0.0000000000
0.0000000000
0.0000000000
0.1054805943
0.0000000000
0.0000000000
0.0000000000
0.0000000000
0.0000000000
0.0000000000
0.0000000000
0.0000000000
0.1198051195
0.0000000000
0.0000000000
0.0000000000
0.0000000000
0.0000000000
0.0000000000
0.0000000000
0.0000000000
0.0000000000
0.0000000000
0.0000000000
0.0000000000
0.0000000000
0.0000000000
0.0000000000
0.0000000000
0.0000000000
0.0000000000
0.0000000000
0.0000000000
0.0000000000
0.0000000000
0.0000000000
0.0000000000
0.0000000000
0.0000000000
