0.0
0.0
0.0
0.0
0.1868770764
0.0
0.1826298701
0.0
0.0
0.1217532468
0.0
0.1285714286
0.0
0.1826298701
0.0
0.1434948980
0.0178571429
0.1422250316
0.0
0.1746894410
0.1545329670
0.0000000000
0.0
0.1275510204
0.0
0.1728110599
0.1131790744
0.1447876448
0.0000000000
0.1397515528
0.0
0.1306620209
0.1317330211
0.1746894410
0.1385467980
0.1502002670
0.1709726444
0.1560332871
0.0238095238
0.0
0.0357142857
0.1530612245
0.1131790744
0.0000000000
0.0
0.0000000000
0.0238095238
0.0000000000
0.0000000000
0.1350540216
0.1361985472
0.0178571429
0.0000000000
0.0000000000
0.0998225377
0.0000000000
0.1156217883
0.1422250316
0.0000000000
0.0000000000
0.0000000000
0.0000000000
0.0000000000
0.0000000000
0.0956632653
0.1422250316
0.0000000000
0.0000000000
0.0000000000
0.1085907336
0.0000000000
0.0000000000
0.0000000000
