0.0
0.0
0.0
0.0
0.0
0.0
0.0
0.0
0.0
0.0
0.0
0.0
0.0
0.0
0.0
0.0
0.0
0.0
0.0
0.0
0.0
0.0
0.0
0.0
0.0
0.0
0.0
0.0
0.0
0.0
0.0
0.0818452381
0.0
0.0
0.0
0.0
0.0
0.0
0.0
0.0
0.0
0.0
0.0
0.0
0.0
0.0
0.0
0.0
0.0
0.0
0.0
0.0
0.0869252874
0.0
0.0
0.0
0.0
0.0
0.0
0.0
0.0
0.0869252874
0.0
0.0
0.0
0.0
0.0
0.0
0.0
0.0
0.0893912530
0.0
0.0
0.0
0.0
0.0
0.0
0.0
0.0
0.0
0.0
0.0
0.0
0.0
0.0
0.0875289352
0.0
0.0
0.0
0.0
0.0
0.0763888889
0.0
0.0
0.0
0.0
0.0653065630
0.0
0.0
0.0
0.0000000000
0.0
0.0150000000
0.0
0.0
0.0
0.0
0.0
0.0
0.0
0.0
0.0000000000
0.0
0.0
0.0
0.0
0.0
0.0
0.0
0.0
0.0000000000
0.0
0.0900297619
0.0
0.1235702614
0.0
0.0083333333
0.0
0.0000000000
0.0
0.0
0.0
0.0
0.0
0.0
0.0
0.0000000000
0.0
0.0000000000
0.0
0.0
0.0111111111
0.0166666667
0.0766210740
0.0
0.0
0.0759287149
0.0
0.0
0.0
0.0834713024
0.1100800582
0.0
0.0
0.0
0.0
0.0
0.0
0.0111111111
0.0860352673
0.0
0.0000000000
0.0
0.0
0.0
0.0
0.0
0.0
0.0000000000
0.0
0.0
0.0
0.0
0.0
0.0
0.0
0.0
0.0
0.0737085770
0.0
0.0
0.1105628655
0.0
0.0
0.0
0.0
0.0
0.0630208333
0.0702181987
0.0663377193
0.0
0.0
0.0000000000
0.0
0.0
0.0
0.0
0.0000000000
0.0250000000
0.0
0.0663377193
0.0000000000
0.0992454068
0.0
0.0
0.0
0.0
0.0
0.0
0.0588979751
0.0
0.0272727273
0.0
0.1028911565
0.0826502732
0.0722301815
0.0815803668
0.0
0.1312934028
0.0000000000
0.0000000000
0.0732800388
0.0000000000
0.0656467014
0.0250000000
0.0166666667
0.1068149718
0.0977067183
0.0
0.0
0.0810557342
0.0851632883
0.0728564547
0.0
0.0
0.0743608653
0.0472066167
0.0
0.0702181987
0.0000000000
0.0
0.0726464938
0.0
0.0000000000
0.0
0.0000000000
0.0000000000
0.0000000000
0.1016465054
0.0718186135
0.0000000000
0.0000000000
0.0
0.0992454068
0.0176470588
0.0848765432
0.0176470588
0.0
0.0000000000
0.0083333333
0.0200000000
0.0881410256
0.0
0.0111111111
0.0
0.0770897044
0.0
0.0
0.0000000000
0.0
0.0980869001
0.0000000000
0.0
0.0630208333
0.0712099812
0.0000000000
0.0000000000
0.1135510511
0.0
0.0000000000
0.0000000000
0.0000000000
0.1037379973
0.0000000000
0.0083333333
0.0000000000
0.0881410256
0.0525173611
0.0
0.0694444444
0.0166666667
0.0111111111
0.0083333333
0.0732800388
0.0111111111
0.0854519774
0.0702181987
0.0000000000
0.0000000000
0.0083333333
0.0000000000
0.0000000000
0.0000000000
0.0000000000
0.0000000000
0.0083333333
0.0083333333
0.0111111111
0.0741421569
0.0083333333
0.0
0.0000000000
0.0000000000
0.0000000000
