0.0
0.0
0.0
0.0
0.0
0.0
0.0
0.0
0.0
0.0
0.0
0.0
0.0
0.0
0.0
0.0
0.0
0.0
0.0
0.0
0.0
0.0
0.0
0.0
0.0
0.0
0.0
0.0
0.0
0.0
0.0
0.0
0.0
0.0
0.0
0.0
0.0
0.0
0.0
0.0
0.0
0.0
0.0
0.0
0.0
0.0
0.0
0.0
0.0
0.0
0.0
0.0
0.0775848801
0.0
0.0
0.0
0.0
0.0
0.0
0.0
0.0
0.0942102116
0.0
0.0
0.0
0.0
0.0
0.0
0.0
0.0
0.0
0.0
0.0
0.0
0.0
0.0
0.0
0.0
0.0
0.0
0.0
0.0
0.0
0.0
0.0
0.0000000000
0.0
0.0
0.0
0.0
0.0
0.0
0.0
0.0
0.0
0.0
0.0786525619
0.0
0.0
0.0
0.0
0.0
0.0
0.0
0.0
0.0
0.0
0.0
0.0
0.0
0.0
0.0068027211
0.0
0.0
0.0
0.0
0.0
0.0
0.0
0.0
0.1020610625
0.0
0.0090702948
0.0
0.0795650047
0.0
0.0000000000
0.0
0.0921841855
0.0
0.0
0.0
0.0
0.0
0.0
0.0
0.0662017703
0.0
0.0136054422
0.0
0.0
0.0832342646
0.0
0.0
0.0
0.0
0.0677717727
0.0
0.0
0.0
0.0068027211
0.0758684005
0.0
0.0
0.0
0.0
0.0
0.0
0.0000000000
0.0688604759
0.0
0.0000000000
0.0
0.0
0.0
0.0
0.0
0.0
0.0680407083
0.0
0.0
0.0
0.0
0.0
0.0
0.0
0.0
0.0
0.0
0.0
0.0
0.0
0.0
0.0
0.0
0.0
0.0
0.1008603441
0.0000000000
0.0
0.0
0.0
0.0090702948
0.0
0.0
0.0
0.0
0.0000000000
0.0
0.0
0.0669775723
0.0832342646
0.0
0.0
0.0
0.0
0.0
0.0
0.0
0.0000000000
0.0
0.0
0.0
0.0924326604
0.0774097449
0.0
0.0136054422
0.0
0.0797500396
0.0000000000
0.0068027211
0.0181405896
0.0504301721
0.1026722066
0.0560335245
0.0947307100
0.0685850340
0.0068027211
0.0
0.0
0.1113393409
0.0000000000
0.0662017703
0.0
0.0
0.0721947726
0.0000000000
0.0
0.0859461579
0.0685850340
0.0
0.0000000000
0.0
0.0000000000
0.0
0.0721947726
0.0628068077
0.0136054422
0.0708523079
0.0000000000
0.0457233560
0.0
0.0
0.0883827758
0.0000000000
0.0944697438
0.0068027211
0.0
0.0000000000
0.0068027211
0.0916912219
0.0697002378
0.0
0.0976994787
0.0
0.0
0.0
0.0
0.0
0.0
0.0
0.0804988662
0.0
0.0
0.0916912219
0.0068027211
0.0
0.0603741497
0.0
0.0
0.0482313882
0.0676381006
0.0000000000
0.0
0.0000000000
0.0717416674
0.0000000000
0.0844643276
0.0
0.0000000000
0.0
0.0
0.0
0.0623500309
0.0000000000
0.0068027211
0.0
0.0
0.0068027211
0.0797500396
0.0
0.0848824678
0.0
0.0598473246
0.0000000000
0.0000000000
0.0996875494
0.0797500396
0.0000000000
0.0
0.0
0.0
0.0000000000
0.0
0.0
0.0068027211
0.0000000000
0.0723470823
0.0000000000
0.0457233560
0.0
0.0068027211
0.0
0.0090702948
0.0000000000
0.0597430610
0.0000000000
0.0554895097
0.0844643276
0.0000000000
0.0553105113
0.0090702948
0.0868164988
0.0556696705
0.0504301721
0.0625775858
0.0000000000
0.0765457969
0.0217687075
0.0554895097
0.0000000000
0.0000000000
0.0748744913
0.0
0.0000000000
0.0
0.0000000000
0.0
0.0534984665
0.0
0.0812618886
0.0
0.0790150161
0.0949931219
0.0000000000
0.0685850340
0.0554895097
0.0136054422
0.0000000000
0.0897709869
0.0000000000
0.0068027211
0.0068027211
0.0720431030
0.0711463008
0.0000000000
0.0068027211
0.0000000000
0.0000000000
0.0000000000
0.0000000000
0.0120937264
0.0000000000
0.0000000000
0.0000000000
0.0000000000
0.0000000000
0.0000000000
0.0000000000
0.0000000000
0.0000000000
