0.0
0.0
0.0
0.0
0.0
0.0
0.0
0.0
0.0
0.0
0.0
0.0
0.0
0.0
0.0
0.0
0.0
0.0
0.0
0.0
0.0
0.0
0.0
0.0
0.0
0.0
0.0
0.0
0.0
0.0
0.0
0.0
0.0
0.0
0.0
0.0
0.0
0.0
0.0
0.0
0.0
0.0
0.0
0.0
0.0
0.0
0.0
0.0
0.0
0.0
0.0
0.0
0.0
0.0
0.0
0.0
0.0
0.0
0.0
0.0
0.0264410752
0.0
0.0
0.0
0.0
0.0
0.0
0.0
0.0
0.0
0.0
0.0
0.0
0.0
0.0
0.0464675202
0.0
0.0
0.0
0.0309738310
0.0
0.0
0.0
0.0
0.0
0.0
0.0090090090
0.0
0.0
0.0
0.0
0.0
0.0
0.0
0.0
0.0
0.0
0.0
0.0
0.0
0.0
0.0
0.0
0.0
0.0
0.0
0.0
0.0
0.0
0.0533156107
0.0
0.0
0.0
0.0
0.0
0.0
0.0
0.0
0.0
0.0270270270
0.0
0.0284800930
0.0
0.0
0.0
0.0
0.0
0.0
0.0
0.0
0.0
0.0
0.0
0.0471340906
0.0
0.0
0.0
0.0
0.0
0.0613632500
0.0
0.0
0.0
0.0
0.0
0.0
0.0
0.0
0.0
0.0
0.0
0.0
0.0000000000
0.0
0.0
0.0
0.0264410752
0.0
0.0000000000
0.0
0.0
0.0289469798
0.0
0.0
0.0346228582
0.0
0.0
0.0241885721
0.0
0.0
0.0
0.0
0.0
0.0
0.0
0.0000000000
0.0
0.0
0.0
0.0120120120
0.0
0.0
0.0471340906
0.0
0.0000000000
0.0
0.0
0.0
0.0288288288
0.0
0.0
0.0391837621
0.0383862123
0.0
0.0
0.0
0.0
0.0
0.0162162162
0.0
0.0
0.0
0.0
0.0
0.0
0.0
0.0321750322
0.0
0.0
0.0000000000
0.0
0.0
0.0
0.0
0.0
0.0382617912
0.0
0.0000000000
0.0367867868
0.0
0.0360360360
0.0
0.0162162162
0.0
0.0
0.0120120120
0.0
0.0391837621
0.0
0.0
0.0250250250
0.0
0.0
0.0373822098
0.0
0.0458063698
0.0000000000
0.0
0.0
0.0
0.0
0.0485410784
0.0240240240
0.0333163352
0.0326993660
0.0
0.0
0.0
0.0430674577
0.0090090090
0.0180180180
0.0
0.0411677500
0.0
0.0180180180
0.0
0.0
0.0357390357
0.0
0.0249480249
0.0
0.0204750205
0.0173250173
0.0
0.0
0.0120120120
0.0
0.0000000000
0.0000000000
0.0000000000
0.0000000000
0.0180180180
0.0000000000
0.0231660232
0.0205321601
0.0000000000
0.0
0.0
0.0245245245
0.0000000000
0.0000000000
0.0324324324
0.0000000000
0.0000000000
0.0
0.0000000000
0.0000000000
0.0160160160
0.0
0.0591318591
0.0180180180
0.0000000000
0.0
0.0090090090
0.0120120120
0.0
0.0346228582
0.0120120120
0.0231660232
0.0000000000
0.0
0.0000000000
0.0000000000
0.0250250250
0.0445514007
0.0382617912
0.0000000000
0.0180180180
0.0090090090
0.0430674577
0.0000000000
0.0000000000
0.0180180180
0.0231660232
0.0500346500
0.0000000000
0.0299282333
0.0391837621
0.0000000000
0.0000000000
0.0000000000
0.0000000000
0.0000000000
0.0000000000
0.0000000000
0.0120120120
0.0173250173
0.0000000000
0.0000000000
0.0000000000
0.0000000000
0.0162162162
0.0000000000
0.0000000000
0.0000000000
0.0000000000
