0.0
0.0
0.0
0.0
0.0
0.0
0.1312250564
0.0
0.0
0.0
0.0
0.0
0.0
0.0
0.0
0.0716349342
0.0
0.0
0.0
0.0
0.0
0.0
0.0
0.0
0.0
0.0
0.0
0.0
0.0
0.0786654184
0.0
0.1560887513
0.1059173669
0.0
0.0
0.0
0.1300739594
0.0000000000
0.0000000000
0.0
0.1418988648
0.0098039216
0.0
0.0837764484
0.0828403987
0.0
0.0
0.0
0.0
0.0819250352
0.0
0.0
0.1153963531
0.0
0.0000000000
0.0
0.0864631567
0.0887930022
0.0
0.0
0.0
0.0
0.0
0.0
0.0
0.0
0.0
0.0000000000
0.0
0.0
0.0885279485
0.0196078431
0.0000000000
0.0
0.0098039216
0.0
0.0893278998
0.0
0.0000000000
0.0950540473
0.1127637367
0.1176859633
0.1070644864
0.1300739594
0.0995196736
0.0953596873
0.0
0.0938508315
0.0766327203
0.0969178521
0.0
0.0
0.0
0.0
0.0
0.0
0.0672491219
0.0000000000
0.0
0.0
0.0
0.1106599356
0.0895977726
0.0000000000
0.0
0.0633693648
0.0
0.0
0.0801536831
0.0000000000
0.0130718954
0.0926776961
0.1318082789
0.1051661799
0.1022650439
0.0801536831
0.1094349179
0.1051661799
0.0812516788
0.0
0.0
0.0810296796
0.0098039216
0.0918169125
0.0
0.1059173669
0.1029752179
0.0130718954
0.0
0.0000000000
0.1153963531
0.1261994159
0.0921020582
0.0
0.1078431373
0.0953596873
0.0867159729
0.0
0.0808088903
0.1145052616
0.1312250564
0.1059173669
0.0000000000
0.0000000000
0.0098039216
0.0098039216
0.0000000000
0.0
0.0000000000
0.0098039216
0.0000000000
0.0000000000
0.0000000000
0.0098039216
0.0000000000
0.0000000000
0.0000000000
0.0000000000
0.0000000000
0.0823801743
0.0098039216
0.0000000000
0.0000000000
0.0000000000
0.0000000000
0.0000000000
0.0000000000
0.0000000000
0.0000000000
0.0887930022
0.0918169125
0.0000000000
0.0000000000
0.0867159729
0.0000000000
0.0000000000
0.0000000000
0.0000000000
