0.0
0.0
0.0
0.0
0.0
0.0
0.0021401819
0.0
0.0
0.0
0.0
0.0
0.0
0.0
0.0
0.0
0.0
0.0
0.0
0.0
0.0
0.0
0.0
0.0032102729
0.0
0.0
0.0
0.0
0.0
0.0
0.0
0.0
0.0
0.0
0.0
0.0
0.0
0.0
0.0
0.0
0.0
0.0
0.0000000000
0.0
0.0
0.0
0.0
0.0
0.0
0.0
0.0
0.0
0.0166587133
0.0
0.0
0.0
0.0
0.0
0.0024077047
0.0
0.0
0.0000000000
0.0
0.0
0.0
0.0016051364
0.0
0.0105063476
0.0032102729
0.0
0.0032102729
0.0042803638
0.0
0.0
0.0
0.0
0.0
0.0
0.0
0.0
0.0
0.0
0.0
0.0021401819
0.0
0.0021401819
0.0
0.0
0.0
0.0
0.0
0.0
0.0000000000
0.0
0.0016051364
0.0
0.0
0.0
0.0016051364
0.0
0.0
0.0
0.0
0.0
0.0
0.0
0.0
0.0
0.0
0.0
0.0
0.0091955274
0.0
0.0
0.0
0.0
0.0
0.0
0.0
0.0
0.0
0.0032102729
0.0
0.0000000000
0.0
0.0038523274
0.0
0.0
0.0176106398
0.0
0.0
0.0
0.0
0.0
0.0
0.0
0.0
0.0
0.0
0.0032102729
0.0000000000
0.0
0.0
0.0
0.0
0.0
0.0078062750
0.0032102729
0.0036115570
0.0000000000
0.0042803638
0.0
0.0016051364
0.0
0.0
0.0
0.0
0.0
0.0
0.0
0.0
0.0
0.0
0.0
0.0
0.0
0.0
0.0
0.0110721656
0.0
0.0
0.0
0.0
0.0
0.0036688833
0.0
0.0
0.0036688833
0.0
0.0
0.0
0.0
0.0
0.0
0.0
0.0
0.0
0.0
0.0000000000
0.0
0.0000000000
0.0
0.0
0.0
0.0021401819
0.0
0.0
0.0
0.0130219519
0.0
0.0000000000
0.0150704477
0.0
0.0
0.0
0.0
0.0051364366
0.0036115570
0.0
0.0
0.0021401819
0.0
0.0
0.0000000000
0.0000000000
0.0
0.0
0.0
0.0016051364
0.0
0.0
0.0
0.0
0.0
0.0
0.0000000000
0.0
0.0
0.0000000000
0.0
0.0
0.0
0.0021401819
0.0
0.0090422686
0.0
0.0
0.0000000000
0.0
0.0
0.0024077047
0.0
0.0
0.0
0.0
0.0016051364
0.0
0.0
0.0
0.0000000000
0.0
0.0054720560
0.0
0.0
0.0
0.0021401819
0.0000000000
0.0
0.0
0.0000000000
0.0
0.0021401819
0.0
0.0
0.0
0.0
0.0021401819
0.0
0.0000000000
0.0000000000
0.0
0.0077531118
0.0000000000
0.0
0.0
0.0
0.0
0.0
0.0
0.0
0.0
0.0
0.0
0.0052531738
0.0
0.0
0.0072231140
0.0
0.0
0.0025682183
0.0
0.0
0.0028535759
0.0
0.0016051364
0.0
0.0
0.0016051364
0.0
0.0
0.0108771599
0.0
0.0
0.0
0.0
0.0000000000
0.0
0.0092687578
0.0000000000
0.0
0.0
0.0
0.0
0.0
0.0021401819
0.0
0.0000000000
0.0021401819
0.0
0.0
0.0120857332
0.0093540710
0.0
0.0000000000
0.0
0.0
0.0105362802
0.0
0.0
0.0
0.0000000000
0.0
0.0
0.0016051364
0.0
0.0000000000
0.0
0.0
0.0016051364
0.0025682183
0.0
0.0135634029
0.0
0.0
0.0
0.0
0.0
0.0
0.0155387998
0.0032102729
0.0
0.0
0.0142788971
0.0
0.0
0.0032102729
0.0
0.0
0.0
0.0
0.0016051364
0.0
0.0042803638
0.0
0.0016051364
0.0
0.0
0.0
0.0
0.0
0.0
0.0000000000
0.0016051364
0.0
0.0
0.0024077047
0.0
0.0016051364
0.0016051364
0.0
0.0
0.0
0.0082080841
0.0016051364
0.0
0.0000000000
0.0032102729
0.0
0.0094583999
0.0125363876
0.0
0.0036688833
0.0016051364
0.0
0.0
0.0
0.0
0.0
0.0028892456
0.0
0.0
0.0000000000
0.0
0.0124720946
0.0
0.0
0.0
0.0
0.0
0.0000000000
0.0
0.0110721656
0.0
0.0021401819
0.0000000000
0.0032102729
0.0000000000
0.0036115570
0.0120857332
0.0
0.0021401819
0.0
0.0167340921
0.0036115570
0.0
0.0
0.0
0.0024077047
0.0
0.0036115570
0.0
0.0
0.0000000000
0.0
0.0
0.0000000000
0.0000000000
0.0
0.0016051364
0.0
0.0109415217
0.0114218130
0.0
0.0
0.0
0.0038523274
0.0
0.0036115570
0.0024077047
0.0
0.0024077047
0.0
0.0
0.0042803638
0.0021401819
0.0
0.0090288925
0.0000000000
0.0
0.0
0.0070576991
0.0066162941
0.0
0.0
0.0
0.0
0.0
0.0
0.0
0.0
0.0
0.0107195199
0.0036115570
0.0051364366
0.0016051364
0.0000000000
0.0032102729
0.0
0.0016051364
0.0
0.0
0.0016051364
0.0
0.0024077047
0.0000000000
0.0
0.0137993819
0.0
0.0
0.0
0.0016051364
0.0
0.0
0.0
0.0000000000
0.0000000000
0.0000000000
0.0114218130
0.0025682183
0.0
0.0000000000
0.0
0.0
0.0042803638
0.0051364366
0.0032102729
0.0
0.0
0.0
0.0
0.0000000000
0.0
0.0044449932
0.0
0.0
0.0000000000
0.0
0.0
0.0000000000
0.0000000000
0.0000000000
0.0
0.0000000000
0.0
0.0
0.0000000000
0.0021401819
0.0
0.0024077047
0.0
0.0021401819
0.0000000000
0.0000000000
0.0
0.0
0.0036115570
0.0048154093
0.0109092459
0.0016051364
0.0
0.0028892456
0.0
0.0072231140
0.0
0.0
0.0120857332
0.0
0.0000000000
0.0000000000
0.0
0.0094342713
0.0
0.0107506812
0.0
0.0000000000
0.0
0.0000000000
0.0032102729
0.0032102729
0.0077207398
0.0
0.0
0.0000000000
0.0111863117
0.0016051364
0.0000000000
0.0000000000
0.0000000000
0.0
0.0
0.0
0.0
0.0
0.0036115570
0.0021401819
0.0000000000
0.0000000000
0.0145028798
0.0
0.0066880685
0.0021401819
0.0
0.0
0.0021401819
0.0
0.0123274478
0.0
0.0021401819
0.0036115570
0.0000000000
0.0
0.0
0.0085607277
0.0064492089
0.0016051364
0.0016051364
0.0038523274
0.0
0.0058250919
0.0
0.0000000000
0.0016051364
0.0112408339
0.0
0.0
0.0000000000
0.0
0.0052531738
0.0
0.0021401819
0.0000000000
0.0
0.0016051364
0.0042994726
0.0016051364
0.0028535759
0.0
0.0000000000
0.0000000000
0.0116674433
0.0000000000
0.0082080841
0.0000000000
0.0
0.0000000000
0.0
0.0000000000
0.0000000000
0.0033991125
0.0
0.0050160514
0.0
0.0
0.0
0.0000000000
0.0016051364
0.0021401819
0.0
0.0
0.0
0.0000000000
0.0032102729
0.0051364366
0.0048154093
0.0094342713
0.0024077047
0.0
0.0
0.0000000000
0.0000000000
0.0
0.0
0.0016051364
0.0036115570
0.0
0.0
0.0016051364
0.0000000000
0.0021401819
0.0016051364
0.0
0.0142788971
0.0016051364
0.0016051364
0.0028535759
0.0000000000
0.0
0.0000000000
0.0032102729
0.0036115570
0.0016051364
0.0
0.0000000000
0.0
0.0028535759
0.0028892456
0.0092687578
0.0016051364
0.0000000000
0.0000000000
0.0016051364
0.0
0.0
0.0062268224
0.0016051364
0.0000000000
0.0021401819
0.0
0.0032102729
0.0000000000
0.0
0.0
0.0025682183
0.0142788971
0.0000000000
0.0032102729
0.0016051364
0.0047520487
0.0000000000
0.0
0.0
0.0000000000
0.0057784912
0.0000000000
0.0021401819
0.0071386331
0.0
0.0052531738
0.0000000000
0.0000000000
0.0021401819
0.0036115570
0.0000000000
0.0
0.0150948341
0.0021401819
0.0000000000
0.0
0.0000000000
0.0000000000
0.0
0.0000000000
0.0123274478
0.0106577359
0.0016051364
0.0000000000
0.0000000000
0.0000000000
0.0021401819
0.0032102729
0.0021401819
0.0000000000
0.0000000000
0.0021401819
0.0
0.0016051364
0.0032102729
0.0000000000
0.0
0.0000000000
0.0032102729
0.0042803638
0.0000000000
0.0016051364
0.0107195199
0.0129762609
0.0
0.0042803638
0.0
0.0
0.0000000000
0.0085438758
0.0091955274
0.0000000000
0.0000000000
0.0033991125
0.0000000000
0.0000000000
0.0032102729
0.0000000000
0.0
0.0021401819
0.0
0.0000000000
0.0000000000
0.0076955477
0.0016051364
0.0
0.0000000000
0.0000000000
0.0000000000
0.0021401819
0.0
0.0
0.0000000000
0.0024077047
0.0072231140
0.0106577359
0.0172010900
0.0000000000
0.0016051364
0.0024077047
0.0032102729
0.0116674433
0.0095561611
0.0000000000
0.0000000000
0.0
0.0
0.0000000000
0.0000000000
0.0000000000
0.0000000000
0.0021401819
0.0000000000
0.0016051364
0.0000000000
0.0
0.0016051364
0.0016051364
0.0000000000
0.0093540710
0.0051364366
0.0000000000
0.0
0.0045144462
0.0032102729
0.0000000000
0.0000000000
0.0
0.0000000000
0.0
0.0016051364
0.0000000000
0.0000000000
0.0021401819
0.0000000000
0.0044449932
0.0016051364
0.0000000000
0.0016051364
0.0
0.0016051364
0.0124519675
0.0000000000
0.0091955274
0.0016051364
0.0000000000
0.0
0.0000000000
0.0
0.0000000000
0.0121652446
0.0000000000
0.0000000000
0.0016051364
0.0000000000
0.0000000000
0.0000000000
0.0
0.0048154093
0.0
0.0000000000
0.0016051364
0.0148640032
0.0000000000
0.0032102729
0.0000000000
0.0016051364
0.0
0.0
0.0051593671
0.0000000000
0.0000000000
0.0
0.0000000000
0.0000000000
0.0000000000
0.0016051364
0.0
0.0032102729
0.0000000000
0.0000000000
0.0071386331
0.0036115570
0.0028535759
0.0
0.0016051364
0.0016051364
0.0000000000
0.0016051364
0.0016051364
0.0000000000
0.0
0.0000000000
0.0024077047
0.0000000000
0.0021401819
0.0
0.0000000000
0.0036688833
0.0000000000
0.0103340212
0.0000000000
0.0000000000
0.0
0.0000000000
0.0102365305
0.0036115570
0.0000000000
0.0000000000
0.0000000000
0.0000000000
0.0016051364
0.0000000000
0.0000000000
0.0064205457
0.0
0.0096881449
0.0
0.0000000000
0.0016051364
0.0000000000
0.0115932111
0.0000000000
0.0016051364
0.0000000000
0.0021401819
0.0000000000
0.0016051364
0.0098357297
0.0000000000
0.0000000000
0.0041274937
0.0000000000
0.0000000000
0.0000000000
0.0000000000
0.0000000000
0.0000000000
0.0016051364
0.0000000000
0.0000000000
0.0075879177
0.0000000000
0.0
0.0000000000
0.0000000000
0.0
0.0016051364
0.0051593671
0.0021401819
0.0
0.0000000000
0.0000000000
0.0
0.0000000000
0.0032102729
0.0016051364
0.0000000000
0.0000000000
0.0
0.0016051364
0.0000000000
0.0000000000
0.0126651861
0.0036115570
0.0000000000
0.0016051364
0.0000000000
0.0000000000
0.0000000000
0.0000000000
0.0000000000
0.0000000000
0.0000000000
0.0048154093
0.0000000000
0.0000000000
0.0028892456
0.0000000000
0.0016051364
0.0016051364
0.0
0.0000000000
0.0016051364
0.0016051364
0.0024077047
0.0016051364
0.0000000000
0.0000000000
0.0000000000
0.0033991125
0.0000000000
0.0000000000
0.0000000000
0.0000000000
0.0000000000
0.0000000000
0.0016051364
0.0000000000
0.0000000000
0.0000000000
0.0000000000
0.0000000000
0.0
0.0016051364
0.0
0.0000000000
0.0000000000
0.0000000000
0.0128410915
0.0000000000
0.0000000000
0.0000000000
0.0000000000
0.0000000000
0.0000000000
0.0000000000
0.0111729134
0.0000000000
0.0000000000
0.0
0.0000000000
0.0000000000
0.0000000000
0.0000000000
0.0016051364
0.0
0.0000000000
0.0032102729
0.0
0.0000000000
0.0000000000
0.0000000000
0.0016051364
0.0000000000
0.0000000000
0.0
0.0000000000
0.0000000000
0.0000000000
0.0000000000
0.0000000000
0.0000000000
0.0000000000
0.0000000000
0.0000000000
0.0016051364
0.0000000000
0.0111729134
0.0000000000
0.0000000000
0.0000000000
0.0000000000
0.0000000000
0.0000000000
0.0000000000
0.0000000000
0.0000000000
0.0000000000
0.0024077047
0.0000000000
0.0137993819
0.0000000000
0.0000000000
0.0
0.0000000000
0.0000000000
0.0000000000
0.0000000000
0.0032102729
0.0000000000
0.0021401819
0.0000000000
0.0000000000
0.0000000000
0.0000000000
0.0000000000
0.0000000000
0.0000000000
0.0000000000
0.0000000000
0.0000000000
0.0000000000
0.0000000000
0.0000000000
0.0000000000
0.0000000000
0.0000000000
0.0000000000
0.0000000000
0.0000000000
0.0000000000
0.0000000000
0.0000000000
0.0000000000
0.0000000000
0.0000000000
0.0000000000
0.0000000000
0.0000000000
0.0000000000
0.0000000000
0.0000000000
0.0000000000
0.0000000000
0.0000000000
0.0000000000
0.0000000000
0.0000000000
0.0000000000
0.0000000000
