0.0
0.0
0.0
0.0
0.0
0.0
0.0
0.0
0.0
0.0
0.0
0.0
0.0
0.0
0.0
0.0
0.0
0.0
0.0
0.0
0.0
0.0
0.0
0.0
0.0
0.0
0.0
0.0
0.0
0.0967089702
0.0
0.1234774363
0.0
0.0
0.0
0.0
0.0
0.1040779962
0.0
0.0
0.1378681469
0.0
0.0
0.0
0.1044883984
0.0
0.0
0.0
0.0
0.1224503597
0.0
0.0
0.0988740964
0.0
0.1410982846
0.0
0.0
0.0
0.0
0.0
0.0
0.0
0.0
0.0
0.0
0.0
0.0
0.0
0.0
0.0
0.1153100863
0.1347825933
0.1002962068
0.0
0.1025474375
0.0
0.1098601071
0.0
0.1165270793
0.0
0.1454350046
0.1224503597
0.0
0.1302765872
0.1248739766
0.1114308572
0.0
0.1126626609
0.0
0.1221117873
0.0
0.0
0.0
0.0
0.0
0.0
0.0000000000
0.1114308572
0.0
0.0
0.0
0.1102256982
0.0000000000
0.0000000000
0.0
0.0
0.0
0.0
0.0
0.1455948233
0.1129508007
0.0
0.0901301287
0.1133372876
0.1027861049
0.1079798608
0.0000000000
0.0
0.0
0.0
0.0
0.0
0.1368711665
0.1144138940
0.0
0.0917529704
0.0
0.0
0.0
0.0
0.0
0.0
0.1247563928
0.0
0.0
0.0984333501
0.1045708676
0.0
0.0
0.1207760157
0.0
0.0
0.0995426666
0.0
0.1084216769
0.0
0.1027861049
0.0
0.1038332987
0.1126626609
0.0000000000
0.0
0.1205562231
0.0795265842
0.0
0.1117127228
0.1222244365
0.0
0.1173527805
0.1300208922
0.0
0.0
0.1181902669
0.1252280616
0.1162204291
0.0963573012
0.0951805238
0.0
0.0
0.1092261246
0.0
0.1270290405
0.0
0.0
0.1004482860
0.0792412017
0.0
0.0
0.0967089702
0.0955925607
0.0876845064
0.0
0.1269073651
0.0000000000
0.1111504104
0.0
0.0
0.1078041409
0.1109642288
0.1173527805
0.0
0.1361678203
0.1287573267
0.0
0.0803464458
0.1168353520
0.1172489285
0.1125669407
0.0
0.1080679357
0.1367299166
0.0988003648
0.0
0.1056549356
0.0000000000
0.0
0.0
0.0
0.0000000000
0.0
0.1057392571
0.0
0.0
0.0
0.0712318759
0.0
0.1194691517
0.0
0.0000000000
0.0
0.0
0.0955236404
0.1024681278
0.0000000000
0.1203372291
0.1139220028
0.0
0.0000000000
0.0
0.1002962068
0.0
0.1245218883
0.0792412017
0.0959386598
0.1023889406
0.0896422796
0.1038332987
0.0000000000
0.0
0.0990218903
0.1160168907
0.0
0.0
0.0000000000
0.1301486141
0.1204466265
0.0
0.0955236404
0.0
0.1121856809
0.1043238498
0.0
0.0
0.0909343097
0.0
0.0943670151
0.0
0.1237080198
0.0777075010
0.1175610374
0.0034843206
0.0910593053
0.0
0.0927160876
0.0932380642
0.1006008270
0.0
0.0000000000
0.0
0.0
0.1049020500
0.0
0.0713085518
0.1233624667
0.1139220028
0.1110572416
0.1238236348
0.0746850559
0.0809848956
0.0000000000
0.1028659078
0.0816335731
0.1314397710
0.1234774363
0.1057392571
0.0
0.0
0.1402024224
0.0000000000
0.0
0.0
0.0
0.0903760499
0.0933694779
0.0
0.0
0.0904995145
0.0717720960
0.0000000000
0.0000000000
0.0927160876
0.1249917823
0.0834328018
0.1048190579
0.0
0.0000000000
0.0
0.0674599232
0.0
0.0
0.0802977510
0.0986532310
0.0
0.1094065146
0.1048190579
0.0000000000
0.0930416357
0.0
0.0000000000
0.0
0.1322268355
0.0909967646
0.0890997237
0.0901301287
0.1049020500
0.0893400467
0.1234774363
0.1071069436
0.1322268355
0.0980690520
0.1145127824
0.0000000000
0.0000000000
0.1018380394
0.1258226868
0.0976354379
0.1105937305
0.0967089702
0.1169384724
0.0993188075
0.0
0.0891596832
0.0841214535
0.1251098104
0.0000000000
0.1132404181
0.0799103071
0.0000000000
0.0
0.0034843206
0.1038332987
0.0000000000
0.1159153886
0.0000000000
0.0
0.0000000000
0.0
0.0
0.1034280165
0.0000000000
0.0000000000
0.0000000000
0.0
0.1185074143
0.0
0.0000000000
0.0
0.0821396709
0.0000000000
0.0914995091
0.0000000000
0.0613954074
0.1002962068
0.1071069436
0.0000000000
0.0715395730
0.0896422796
0.0893400467
0.0000000000
0.0000000000
0.0000000000
0.0792412017
0.0673228096
0.0000000000
0.0000000000
0.0000000000
0.0878007218
0.0000000000
0.0000000000
0.1125669407
0.0967089702
0.0000000000
0.1169384724
0.0
0.0876845064
0.0907474584
0.0645669051
0.1126626609
0.0000000000
0.0000000000
0.0935672946
0.0034843206
0.0893400467
0.0942998500
0.0034843206
0.0
0.0
0.0000000000
0.0000000000
0.0000000000
0.0951805238
0.0000000000
0.0
0.0000000000
0.0990959530
0.0000000000
0.0723996116
0.0854231394
0.0000000000
0.0000000000
0.0000000000
0.0890398449
0.0000000000
0.0959386598
0.0000000000
0.0000000000
0.0874529962
0.0000000000
0.0000000000
0.1147110729
0.0613954074
0.0000000000
0.0000000000
0.0000000000
0.0000000000
0.0000000000
0.0000000000
0.0000000000
0.1071069436
0.0816335731
0.0000000000
0.0000000000
0.0000000000
0.0000000000
0.0000000000
0.0
0.0000000000
0.0000000000
0.0979965157
0.0000000000
0.0000000000
0.0000000000
0.0000000000
0.0000000000
0.0777987605
0.1070204275
0.1062480266
0.0000000000
0.0000000000
0.0000000000
0.0000000000
0.0000000000
0.0802005383
0.0000000000
0.0000000000
0.0000000000
0.0000000000
