0.0
0.0
0.0
0.0
0.1340707223
0.0
0.1192605844
0.0
0.0
0.0899685110
0.0
0.0748643084
0.0
0.1424501425
0.0
0.0872885979
0.1133305001
0.1114827202
0.0
0.1030795001
0.1068376068
0.0823808053
0.0
0.0
0.0
0.1395429967
0.1120919154
0.0865519853
0.0000000000
0.1079622132
0.0
0.0
0.1015486164
0.1349527665
0.0995767986
0.1185712168
0.0876616261
0.1199580147
0.0288461538
0.0
0.0288461538
0.1062840441
0.0928181924
0.0000000000
0.0
0.0128205128
0.0192307692
0.0000000000
0.0000000000
0.1085334419
0.0655361678
0.0976800977
0.0000000000
0.0000000000
0.1010483769
0.0000000000
0.0777000777
0.1221001221
0.0128205128
0.0000000000
0.0895756354
0.0768270431
0.0000000000
0.0737871241
0.0844148992
0.1068376068
0.0
0.0756930646
0.0858277009
0.0899685110
0.0000000000
0.0000000000
0.0128205128
0.0788954635
0.0128205128
0.0990957513
0.0000000000
0.0661703888
0.0000000000
0.0000000000
0.0000000000
0.0000000000
0.0000000000
0.0000000000
0.0000000000
0.0823808053
0.0000000000
0.0192307692
0.0000000000
0.0000000000
0.0000000000
0.0
0.0000000000
0.0000000000
0.0000000000
0.0000000000
0.0000000000
0.0000000000
0.0000000000
