0.0
0.0
0.0
0.0
0.1238271872
0.0
0.1511755231
0.0
0.0
0.1168640053
0.0
0.1237383586
0.0
0.1313718750
0.0
0.1247225393
0.0
0.1382141601
0.0
0.0
0.1485712936
0.1007542476
0.0
0.0
0.0
0.1250843160
0.1088960049
0.1271122121
0.1185507023
0.1252659926
0.0
0.0
0.1518409083
0.1316727266
0.1413862884
0.1350753891
0.1392181371
0.1256309336
0.1278660280
0.0
0.0
0.1514409761
0.1551180502
0.1363567366
0.0
0.1397822300
0.1466762515
0.1243628492
0.1212166352
0.1197024787
0.1350753891
0.1142326303
0.1489561933
0.1394432270
0.1296926856
0.0
0.1308734991
0.0
0.1120073194
0.1507790838
0.0
0.1079419724
0.1322785827
0.1420850674
0.0
0.1429090902
0.0
0.0987357022
0.1289172435
0.1361414931
0.1466762515
0.1449506486
0.1155333368
0.1592717191
0.1293038020
0.1288209648
0.1171020175
0.0842653990
0.0904516370
0.1345485740
0.1349696963
0.1381035003
0.1352872720
0.0
0.1441029840
0.1347588061
0.1335071763
0.0
0.0960954161
0.0997636043
0.1379930175
0.0
0.1329924995
0.1125187683
0.0024937656
0.0
0.0973427042
0.1307742773
0.1330951171
0.1475545525
0.1345485740
0.1303788903
0.1159215536
0.1048579160
0.1294008041
0.1459317020
0.0
0.1163908717
0.1443441605
0.0
0.1306752059
0.1392181371
0.1167058673
0.1220745023
0.1269251448
0.1193711224
0.1354998208
0.0
0.1237383586
0.1498620954
0.1222475350
0.1233843146
0.1064104083
0.1161557386
0.0000000000
0.1420850674
0.1259980072
0.1141570297
0.0000000000
0.1336105901
0.0
0.0
0.1214727266
0.0024937656
0.1389937726
0.0074812968
0.1130349094
0.1253570289
0.1290136663
0.1417348166
0.1287248297
0.1122259413
0.1255394991
0.0
0.1110697178
0.1392181371
0.1213872427
0.0998791383
0.1493430925
0.1192061312
0.1215583311
0.1249031657
0.1256309336
0.1300839154
0.1318740610
0.1179024414
0.0000000000
0.0000000000
0.1187956417
0.1232961200
0.1433842659
0.0000000000
0.1049855580
0.1174208794
0.1267386273
0.1129608853
0.1248127871
0.0965256138
0.1111412834
0.1420850674
0.0
0.0
0.0747038856
0.0
0.1095878474
0.0024937656
0.0
0.1513081332
0.1091026387
0.0
0.0049875312
0.1035983615
0.1128131274
0.1402368064
0.1048579160
0.1189594978
0.1171815705
0.0
0.0000000000
0.1177414825
0.1055638138
0.1372245599
0.0994759353
0.1116448361
0.1423195312
0.1054347627
0.1140061281
0.1476808834
0.1246324218
0.0
0.0
0.1242732506
0.1255394991
0.0
0.1161557386
0.0904042305
0.0
0.1306752059
0.0
0.0909764092
0.0967421603
0.1325836063
0.0
0.1039104047
0.1010493684
0.1235610830
0.1161557386
0.1163908717
0.0
0.1360341260
0.0000000000
0.1282462988
0.1371154784
0.0000000000
0.0
0.1261823495
0.0000000000
0.0000000000
0.1263672321
0.1401228853
0.1112129412
0.1336105901
0.0
0.1511755231
0.1282462988
0.1101476832
0.1413862884
0.0
0.1295952455
0.0
0.1270186096
0.0000000000
0.1100071887
0.0000000000
0.1288209648
0.1068719156
0.1208768548
0.0000000000
0.1341300714
0.1298880059
0.0964177036
0.0000000000
0.1039104047
0.1312718964
0.0033250208
0.0876034900
0.1294979518
0.1194537893
0.1375528483
0.0000000000
0.0
0.0000000000
0.1031029718
0.1039730391
0.0868536112
0.1157659542
0.1158437017
0.1170225725
0.0876480040
0.0000000000
0.0000000000
0.1474284375
0.1041613960
0.1122259413
0.0813638075
0.0
0.0000000000
0.0000000000
0.0000000000
0.1172612317
0.1009902060
0.1149175695
0.0000000000
0.0773503461
0.1290136663
0.0942575256
0.1053060268
0.0024937656
0.0049875312
0.1424370535
0.0
0.0024937656
0.1156107720
0.0987357022
0.0963100345
0.1153016523
0.1219881696
0.0000000000
0.0788711805
0.1291102334
0.0000000000
0.0992469918
0.1024903576
0.1232080513
0.0000000000
0.1114284702
0.0000000000
0.0033250208
0.0999370057
0.0000000000
0.1109982444
0.1188775133
0.0000000000
0.1137805223
0.0928370677
0.1183879697
0.1045401647
0.1088273008
0.1009311128
0.1271122121
0.1133319789
0.1183879697
0.0867662333
0.0
0.0000000000
0.0000000000
0.0795623948
0.0709840625
0.0000000000
0.0985101495
0.0000000000
0.1151477115
0.1132575652
0.0000000000
0.0000000000
0.0966337657
0.1180638411
0.0000000000
0.0000000000
0.1006954301
0.1182256832
0.0044887781
0.0024937656
0.0000000000
0.1109982444
0.1054992488
0.0000000000
0.0896058555
0.0960954161
0.1171020175
0.0000000000
0.0000000000
0.1026122973
0.0000000000
0.1340258522
0.1062792802
0.0000000000
0.0000000000
0.0942575256
0.1166269586
0.0000000000
0.0
0.1107132682
0.1128131274
0.0000000000
0.0000000000
0.0992469918
0.1082128430
0.0000000000
0.0767309928
0.0000000000
0.0000000000
0.0000000000
0.0000000000
0.0000000000
0.0843478102
0.1149175695
0.0000000000
0.0000000000
0.0033250208
0.0000000000
0.0000000000
0.0044887781
0.0000000000
0.0000000000
0.0024937656
0.1336105901
0.0000000000
0.0000000000
0.0000000000
0.0000000000
0.0000000000
0.1037853621
0.0000000000
0.0000000000
0.0000000000
0.0000000000
0.1225950759
0.0000000000
0.0033250208
0.1303788903
0.0897924372
0.0000000000
0.0000000000
0.0000000000
0.0000000000
0.0000000000
0.0000000000
0.1120800986
0.0000000000
0.0000000000
0.0000000000
0.0000000000
0.0000000000
0.0024937656
0.0000000000
0.0000000000
0.1214727266
0.0000000000
0.0000000000
0.0000000000
0.0000000000
0.0044887781
0.0000000000
0.1065418603
0.0000000000
0.0000000000
0.0000000000
0.0000000000
0.0000000000
0.0000000000
0.0000000000
0.0000000000
0.0000000000
0.0000000000
0.0000000000
0.0000000000
0.0000000000
0.0000000000
0.0000000000
0.0000000000
0.0000000000
0.0000000000
0.0000000000
0.0000000000
0.0000000000
0.0000000000
0.0000000000
0.0000000000
0.0000000000
0.0000000000
0.0000000000
0.0000000000
0.0000000000
0.0000000000
0.1282462988
0.0000000000
0.0000000000
0.0000000000
0.0000000000
