0.0
0.0
0.0
0.0
0.0
0.0
0.0
0.0
0.0
0.0
0.0
0.0
0.0
0.0
0.0
0.0
0.0
0.0
0.0
0.0
0.0
0.0
0.0
0.0
0.0
0.0
0.0
0.0
0.0
0.0
0.0
0.0
0.0
0.0
0.0
0.0
0.0
0.0
0.0
0.0
0.0
0.0
0.0000000000
0.0182648402
0.0
0.0
0.0
0.0
0.0
0.0
0.0
0.0
0.0
0.0
0.0
0.0
0.0
0.0
0.0
0.0
0.0884018265
0.0
0.0
0.0
0.0
0.0
0.0
0.0
0.0
0.0
0.0
0.0000000000
0.0
0.0
0.0
0.0182648402
0.0
0.0
0.0
0.1183953033
0.0
0.0
0.0
0.0
0.0
0.0
0.0136986301
0.0
0.0
0.0
0.0
0.0789302022
0.0
0.0
0.0
0.0
0.0
0.0
0.0
0.0
0.0
0.0000000000
0.0
0.0
0.0
0.0
0.0
0.0808553291
0.0
0.0712917956
0.0
0.0
0.0
0.0
0.0
0.0
0.0000000000
0.0
0.0385473081
0.0650013430
0.0
0.0534688467
0.0
0.0
0.0
0.0
0.0
0.0
0.0404276646
0.0
0.0
0.0
0.0
0.0720667064
0.0
0.0
0.0
0.0502283105
0.0182648402
0.1004566210
0.0
0.0613901573
0.0
0.0
0.0
0.0
0.0
0.0
0.0
0.0
0.0000000000
0.0
0.0000000000
0.1086907703
0.0
0.0534688467
0.0473581213
0.0625484621
0.0404276646
0.0762084711
0.0
0.0780016116
0.0000000000
0.0000000000
0.0273972603
0.0
0.0
0.0000000000
0.0656449207
0.0
0.0
0.0895964458
0.0712917956
0.0136986301
0.0136986301
0.0789302022
0.0663013699
0.1086907703
0.0
0.0000000000
0.0
0.0
0.1086907703
0.0581590964
0.0385473081
0.0690639269
0.0581590964
0.0000000000
0.0404276646
0.0000000000
0.0650013430
0.0000000000
0.0000000000
0.0
0.0000000000
0.0
0.0000000000
0.0000000000
0.0000000000
0.0000000000
0.0
0.0
0.0000000000
0.0000000000
0.0000000000
0.0861056751
0.0182648402
0.0273972603
0.0000000000
0.0000000000
0.0828767123
0.0000000000
0.0000000000
0.0000000000
0.0136986301
0.0000000000
0.0000000000
