0.0073289902
0.0
0.0
0.0
0.0
0.0
0.0000000000
0.0
0.0
0.0032573290
0.0
0.0
0.0
0.0
0.0
0.0
0.0
0.0
0.0
0.0
0.0
0.0
0.0
0.0228681199
0.0
0.0
0.0
0.0
0.0
0.0
0.0
0.0
0.0
0.0
0.0
0.0
0.0
0.0
0.0
0.0
0.0
0.0
0.0000000000
0.0
0.0
0.0
0.0
0.0
0.0
0.0
0.0
0.0
0.0000000000
0.0
0.0032573290
0.0
0.0
0.0
0.0032573290
0.0
0.0
0.0000000000
0.0
0.0
0.0
0.0032573290
0.0
0.0043431053
0.0000000000
0.0
0.0000000000
0.0186580895
0.0
0.0
0.0243676688
0.0
0.0
0.0
0.0
0.0
0.0
0.0
0.0
0.0000000000
0.0
0.0257762046
0.0
0.0
0.0
0.0
0.0
0.0
0.0000000000
0.0
0.0000000000
0.0
0.0
0.0
0.0043431053
0.0
0.0280458075
0.0000000000
0.0
0.0
0.0
0.0
0.0
0.0
0.0
0.0
0.0
0.0065146580
0.0
0.0
0.0
0.0
0.0
0.0000000000
0.0
0.0043431053
0.0
0.0325495138
0.0
0.0000000000
0.0
0.0043431053
0.0
0.0
0.0065146580
0.0
0.0
0.0
0.0
0.0
0.0083759888
0.0065146580
0.0
0.0
0.0
0.0330317288
0.0000000000
0.0
0.0
0.0
0.0219669132
0.0
0.0231050953
0.0000000000
0.0032573290
0.0052117264
0.0000000000
0.0
0.0106603494
0.0
0.0057908071
0.0
0.0
0.0
0.0086862106
0.0
0.0
0.0073289902
0.0
0.0
0.0
0.0
0.0065146580
0.0032573290
0.0284030789
0.0
0.0000000000
0.0
0.0
0.0
0.0032573290
0.0
0.0
0.0065146580
0.0
0.0191385553
0.0
0.0000000000
0.0
0.0043431053
0.0
0.0
0.0065146580
0.0000000000
0.0000000000
0.0000000000
0.0000000000
0.0032573290
0.0260776806
0.0
0.0043431053
0.0
0.0
0.0
0.0122776247
0.0
0.0057908071
0.0065146580
0.0
0.0
0.0
0.0073289902
0.0000000000
0.0000000000
0.0
0.0000000000
0.0209356028
0.0
0.0
0.0303352611
0.0032573290
0.0
0.0
0.0182011567
0.0065146580
0.0043431053
0.0
0.0
0.0
0.0
0.0
0.0000000000
0.0106406080
0.0057908071
0.0032573290
0.0
0.0
0.0
0.0295316781
0.0
0.0000000000
0.0
0.0052117264
0.0073289902
0.0
0.0
0.0000000000
0.0000000000
0.0
0.0
0.0
0.0257762046
0.0
0.0117263844
0.0
0.0000000000
0.0
0.0215424318
0.0215424318
0.0048859935
0.0
0.0000000000
0.0065146580
0.0
0.0
0.0000000000
0.0
0.0032573290
0.0
0.0
0.0
0.0
0.0000000000
0.0215424318
0.0000000000
0.0000000000
0.0
0.0000000000
0.0169554501
0.0032573290
0.0
0.0
0.0
0.0
0.0000000000
0.0
0.0065146580
0.0
0.0074453234
0.0000000000
0.0000000000
0.0
0.0086862106
0.0000000000
0.0086862106
0.0032573290
0.0043431053
0.0000000000
0.0032573290
0.0104234528
0.0141564552
0.0
0.0
0.0000000000
0.0043431053
0.0
0.0065146580
0.0048859935
0.0273575668
0.0
0.0
0.0000000000
0.0
0.0032573290
0.0043431053
0.0
0.0
0.0
0.0
0.0
0.0145099200
0.0
0.0215424318
0.0090202957
0.0000000000
0.0043431053
0.0000000000
0.0149139913
0.0000000000
0.0032573290
0.0000000000
0.0048859935
0.0000000000
0.0
0.0000000000
0.0000000000
0.0073289902
0.0
0.0226359563
0.0183509604
0.0
0.0000000000
0.0
0.0
0.0078175896
0.0104234528
0.0
0.0000000000
0.0073289902
0.0032573290
0.0
0.0
0.0
0.0
0.0000000000
0.0065146580
0.0260776806
0.0
0.0000000000
0.0000000000
0.0194728532
0.0032573290
0.0000000000
0.0043431053
0.0
0.0
0.0043431053
0.0
0.0159830946
0.0
0.0000000000
0.0
0.0
0.0
0.0065146580
0.0
0.0
0.0000000000
0.0000000000
0.0000000000
0.0000000000
0.0000000000
0.0000000000
0.0065146580
0.0032573290
0.0043431053
0.0000000000
0.0032573290
0.0065146580
0.0000000000
0.0
0.0203620246
0.0000000000
0.0065146580
0.0000000000
0.0076004343
0.0065146580
0.0065146580
0.0000000000
0.0048859935
0.0
0.0
0.0
0.0000000000
0.0032573290
0.0
0.0186580895
0.0000000000
0.0
0.0093887718
0.0032573290
0.0000000000
0.0
0.0000000000
0.0
0.0000000000
0.0
0.0000000000
0.0000000000
0.0211340445
0.0000000000
0.0000000000
0.0032573290
0.0043431053
0.0032573290
0.0254816194
0.0000000000
0.0000000000
0.0043431053
0.0000000000
0.0000000000
0.0
0.0
0.0032573290
0.0048859935
0.0000000000
0.0000000000
0.0
0.0000000000
0.0000000000
0.0000000000
0.0000000000
0.0000000000
0.0211340445
0.0032573290
0.0
0.0000000000
0.0043431053
0.0000000000
0.0000000000
0.0000000000
0.0000000000
0.0061717812
0.0069395270
0.0000000000
0.0093887718
0.0043431053
0.0043431053
0.0
0.0000000000
0.0000000000
0.0000000000
0.0104234528
0.0191385553
0.0000000000
0.0000000000
0.0000000000
0.0032573290
0.0000000000
0.0000000000
0.0074453234
0.0000000000
0.0000000000
0.0086862106
0.0000000000
0.0000000000
0.0032573290
0.0000000000
0.0000000000
0.0000000000
0.0000000000
0.0000000000
0.0000000000
0.0000000000
0.0043431053
0.0000000000
0.0
0.0291456431
0.0
0.0000000000
0.0043431053
0.0
0.0186580895
0.0000000000
0.0000000000
0.0000000000
0.0000000000
0.0000000000
0.0000000000
0.0
0.0000000000
0.0000000000
0.0000000000
0.0000000000
0.0043431053
0.0000000000
0.0000000000
0.0000000000
0.0000000000
0.0000000000
0.0000000000
0.0093887718
0.0000000000
0.0000000000
0.0000000000
0.0000000000
0.0000000000
0.0000000000
0.0000000000
0.0000000000
0.0000000000
0.0000000000
0.0000000000
0.0000000000
0.0000000000
0.0032573290
0.0000000000
0.0032573290
0.0000000000
0.0000000000
0.0000000000
0.0000000000
0.0000000000
0.0000000000
0.0048859935
0.0000000000
0.0000000000
0.0000000000
0.0000000000
0.0000000000
0.0000000000
0.0000000000
0.0000000000
0.0000000000
0.0000000000
