0.0
0.0
0.0
0.0
0.0
0.0
0.0
0.0
0.0
0.0
0.0
0.0
0.0
0.0
0.0
0.0
0.0
0.0
0.0
0.0
0.0
0.0
0.0
0.0
0.0
0.0
0.0
0.0
0.0
0.0
0.0
0.0
0.0
0.0
0.0
0.0
0.0
0.0
0.0
0.0
0.0
0.0
0.1478428921
0.0
0.0
0.0
0.0
0.0
0.0
0.0
0.0
0.0
0.0
0.0
0.0
0.0
0.0
0.0
0.0
0.0
0.1397260274
0.0
0.0
0.0
0.0
0.0
0.0
0.0
0.0
0.0
0.0
0.0
0.0
0.0
0.0
0.1680666839
0.0
0.0
0.0
0.1738055463
0.0
0.0
0.0
0.0
0.0
0.0
0.0000000000
0.0
0.0
0.0
0.0
0.2001693089
0.0
0.0
0.0
0.0
0.0
0.0
0.0
0.0
0.0
0.0
0.0
0.0
0.0
0.0
0.0
0.0000000000
0.0
0.2071519592
0.0
0.0
0.0
0.0
0.0
0.0
0.0000000000
0.0
0.1542430173
0.1619551681
0.0
0.0000000000
0.0
0.0
0.0
0.0
0.0
0.0
0.0
0.0
0.0
0.0
0.0
0.1755179162
0.0
0.0
0.0
0.1947002021
0.1497064579
0.2581893985
0.0
0.1738055463
0.0
0.0
0.0
0.0
0.0
0.0
0.0
0.0
0.0136986301
0.0
0.1183725481
0.0
0.0
0.1746575342
0.1397260274
0.1990510446
0.1413894325
0.2269435477
0.0
0.1990510446
0.1484589041
0.0136986301
0.1472319710
0.0
0.0
0.0136986301
0.0
0.0
0.0
0.1712987355
0.1696673190
0.1216045631
0.0
0.1936420488
0.1836604999
0.2133541137
0.0
0.0136986301
0.0
0.0
0.2024439601
0.1634409954
0.1542430173
0.0
0.2059545491
0.0000000000
0.2071519592
0.0000000000
0.1319634703
0.0000000000
0.1179805860
0.0
0.0
0.0
0.1267976405
0.1339478834
0.1329482723
0.0000000000
0.0
0.0
0.0000000000
0.0
0.1120444559
0.1419527370
0.1381013061
0.1772643631
0.0
0.0000000000
0.0000000000
0.1183725481
0.1619551681
0.1267976405
0.1466260781
0.1228625413
0.0136986301
0.1220210171
0.1228625413
0.0
0.0000000000
0.0
0.1319634703
0.1391802226
0.0136986301
0.0000000000
0.0000000000
0.0000000000
0.1604961126
0.0000000000
