0.0
0.0
0.0
0.0
0.0
0.0
0.0
0.0
0.0
0.0
0.0
0.0
0.0
0.0
0.0
0.0
0.0
0.0
0.0
0.0
0.0
0.0
0.0
0.0
0.0
0.0
0.0333333333
0.0
0.0
0.0
0.0222222222
0.0300000000
0.0
0.0
0.0
0.0
0.0
0.0
0.0
0.0
0.0
0.0
0.0
0.0000000000
0.0
0.0
0.0
0.0
0.0
0.0375000000
0.0
0.0
0.0000000000
0.0
0.0
0.0
0.0
0.0
0.0
0.0
0.0
0.0166666667
0.0
0.0
0.0300000000
0.0
0.0
0.0
0.0
0.0166666667
0.0000000000
0.0166666667
0.0
0.0
0.0
0.0
0.0
0.0
0.0000000000
0.0
0.0
0.0
0.0
0.0
0.0
0.0375000000
0.0
0.0
0.0
0.0
0.0
0.0300000000
0.0
0.0
0.0300000000
0.0
0.0000000000
0.0
0.0
0.0
0.0222222222
0.0
0.0333333333
0.0375000000
0.0375000000
0.0
0.0
0.0
0.0
0.0375000000
0.0000000000
0.0000000000
0.0166666667
0.0
0.0
0.0500000000
0.0250000000
0.0000000000
0.0222222222
0.0000000000
0.0166666667
0.0500000000
0.0250000000
0.0000000000
0.0222222222
0.0000000000
0.0166666667
0.0
0.0000000000
0.0333333333
0.0000000000
0.0
0.0
0.0375000000
0.0250000000
0.0000000000
0.0000000000
0.0000000000
0.0000000000
0.0222222222
0.0166666667
0.0166666667
0.0166666667
0.0166666667
0.0
0.0250000000
0.0000000000
0.0222222222
0.0000000000
0.0000000000
0.0000000000
0.0000000000
0.0000000000
0.0000000000
0.0
0.0000000000
0.0000000000
