0.0
0.0
0.0
0.0
0.0
0.0
0.0
0.0
0.0
0.0
0.0
0.0
0.0
0.0
0.0
0.0
0.0
0.0
0.0
0.0
0.0
0.0
0.0
0.0
0.0
0.0
0.0
0.0
0.0
0.0
0.0
0.0255681818
0.0
0.0
0.0
0.0
0.0
0.0
0.0
0.0
0.0
0.0
0.0
0.0255681818
0.0
0.0
0.0
0.0
0.0
0.0
0.0
0.0
0.0340909091
0.0
0.0
0.0
0.0
0.0
0.0
0.0
0.0
0.1114864865
0.0
0.0
0.0
0.0
0.0
0.0
0.0
0.0
0.1145833333
0.0
0.0
0.0
0.0
0.0
0.0
0.0
0.0890287770
0.0
0.0
0.0
0.0
0.0
0.0
0.0255681818
0.0
0.0
0.0
0.0
0.0
0.0665322581
0.0
0.0
0.0
0.0
0.0000000000
0.0
0.0
0.0
0.0723684211
0.0
0.0113636364
0.0
0.0
0.0
0.0
0.0
0.0
0.0
0.0000000000
0.0113636364
0.0
0.0
0.0
0.0
0.0
0.0
0.0
0.0
0.0170454545
0.0
0.1135321101
0.0865384615
0.0750000000
0.1289062500
0.0000000000
0.0
0.0170454545
0.0
0.0
0.0
0.0
0.0255681818
0.0798387097
0.0
0.1006097561
0.0
0.0628172589
0.0
0.0
0.0255681818
0.0865384615
0.0763888889
0.0
0.0
0.0204545455
0.0672554348
0.0
0.0
0.0951923077
0.0000000000
0.0170454545
0.0
0.0
0.0
0.0
0.0
0.0819536424
0.0170454545
0.0
0.0170454545
0.0
0.0
0.0
0.0
0.0
0.0
0.0000000000
0.0
0.0
0.0
0.0923507463
0.0
0.0
0.0
0.0
0.0
0.0255681818
0.0
0.0
0.1114864865
0.0
0.0113636364
0.0113636364
0.0255681818
0.0
0.0113636364
0.0000000000
0.0000000000
0.0
0.0
0.0181818182
0.0
0.0113636364
0.0
0.0259740260
0.0181818182
0.0259740260
0.0
0.0803571429
0.0665322581
0.0204545455
0.0
0.0
0.0303030303
0.0
0.0723684211
0.1039915966
0.0000000000
0.0170454545
0.0113636364
0.0
0.0763888889
0.0170454545
0.0113636364
0.0890287770
0.0
0.0916666667
0.0000000000
0.0572916667
0.0255681818
0.0000000000
0.1057692308
0.1006097561
0.0000000000
0.1390449438
0.0000000000
0.0951923077
0.0000000000
0.0000000000
0.0741017964
0.0723684211
0.0
0.0000000000
0.0865384615
0.0000000000
0.0000000000
0.0204545455
0.0000000000
0.0000000000
0.0000000000
0.0170454545
0.0000000000
0.0000000000
