0.0
0.0
0.0
0.0
0.0
0.0
0.0
0.0
0.0
0.0
0.0
0.0
0.0
0.0
0.0
0.0
0.0
0.0
0.0
0.0
0.0
0.0
0.0
0.0
0.0
0.0
0.0
0.0
0.0
0.0
0.0
0.0
0.0
0.0
0.0
0.0
0.0
0.0
0.0
0.0
0.0
0.0
0.0
0.0
0.0
0.0
0.0
0.0
0.0
0.0
0.0
0.0
0.0
0.0
0.0
0.0
0.0
0.0
0.0
0.0
0.1302419702
0.0
0.0
0.0
0.0
0.0
0.0
0.0
0.0
0.0
0.0
0.0
0.0
0.0
0.0
0.1643396534
0.0
0.0
0.0
0.1963648166
0.0
0.0
0.0
0.0
0.0
0.0
0.0000000000
0.0
0.0
0.0
0.0
0.1643396534
0.0
0.0
0.0
0.0
0.0
0.0
0.0
0.0
0.0
0.0
0.0
0.0
0.0
0.0
0.0
0.0
0.0
0.1858793167
0.0
0.0
0.0
0.0
0.0
0.0
0.0
0.0
0.1136235586
0.1501613304
0.0
0.1259576949
0.0
0.0
0.0
0.0
0.0
0.0
0.0
0.0
0.0
0.0
0.0
0.0000000000
0.0
0.0
0.0
0.1353043789
0.1343548745
0.2004771688
0.0
0.1412957168
0.0
0.0
0.0
0.0
0.0
0.0
0.0
0.0
0.1259576949
0.0
0.1756474277
0.0
0.0
0.0
0.1694298196
0.0
0.0000000000
0.1543997550
0.0
0.0000000000
0.1657625075
0.0000000000
0.1643396534
0.0
0.0
0.1519489652
0.0
0.0
0.0
0.1595464135
0.0
0.1832111925
0.0
0.1686834328
0.1732630735
0.1537796757
0.0
0.1478422364
0.0
0.0
0.1924177851
0.1489927597
0.1143019082
0.0
0.1840920156
0.0
0.1764568629
0.1455936853
0.1495747627
0.1231226342
0.1367540687
0.0
0.0
0.0
0.0
0.1840920156
0.1247268379
0.0
0.0
0.0
0.1069584895
0.0
0.1060696378
0.1994330169
0.1602139717
0.1657625075
0.0
0.0000000000
0.1181825285
0.1636373472
0.1832111925
0.0984348052
0.1636373472
0.1686834328
0.0000000000
0.1531645570
0.0000000000
0.0
0.0000000000
0.0
0.1239195445
0.1615659884
0.0000000000
0.1069584895
0.0
0.1418190342
0.1472736125
0.0000000000
0.0000000000
0.0
0.1455936853
0.0000000000
0.0000000000
0.1343548745
0.0000000000
0.0000000000
0.0000000000
0.0
0.0000000000
0.1362673994
0.0000000000
0.0000000000
0.0000000000
0.0000000000
0.0000000000
0.0000000000
