0.0
0.0
0.0
0.0
0.0
0.0
0.0
0.0
0.0
0.0
0.0
0.0
0.0
0.0
0.0
0.0
0.0
0.0
0.0
0.0
0.0
0.0
0.0
0.0
0.0
0.0
0.0
0.0
0.0
0.0
0.0
0.0
0.0
0.0
0.0
0.0
0.0
0.0
0.0
0.0
0.0
0.0
0.0
0.0
0.0
0.0
0.0
0.0
0.0
0.0
0.0
0.0
0.0
0.0
0.0
0.0
0.0
0.0
0.0
0.0
0.0289621883
0.0
0.0
0.0
0.0
0.0
0.0
0.0
0.0
0.0
0.0
0.0
0.0
0.0
0.0
0.0456384324
0.0
0.0
0.0
0.0318584071
0.0
0.0
0.0
0.0
0.0
0.0
0.0088495575
0.0
0.0
0.0
0.0
0.0
0.0
0.0
0.0
0.0
0.0
0.0
0.0
0.0
0.0
0.0
0.0
0.0
0.0
0.0
0.0
0.0
0.0
0.0443706981
0.0
0.0
0.0
0.0
0.0
0.0
0.0
0.0
0.0
0.0332780236
0.0
0.0431714901
0.0
0.0
0.0
0.0
0.0
0.0
0.0
0.0
0.0
0.0
0.0
0.0354965585
0.0
0.0
0.0
0.0
0.0
0.0726065969
0.0
0.0
0.0
0.0
0.0
0.0
0.0
0.0
0.0
0.0
0.0
0.0
0.0000000000
0.0
0.0
0.0
0.0212389381
0.0
0.0000000000
0.0
0.0
0.0295804654
0.0
0.0
0.0363032985
0.0
0.0
0.0354965585
0.0
0.0
0.0
0.0
0.0
0.0
0.0
0.0088495575
0.0
0.0
0.0
0.0117994100
0.0
0.0
0.0532448378
0.0
0.0000000000
0.0
0.0
0.0
0.0227560051
0.0
0.0
0.0431714901
0.0469807392
0.0
0.0
0.0
0.0
0.0
0.0380320270
0.0
0.0
0.0
0.0
0.0
0.0
0.0
0.0380320270
0.0
0.0
0.0000000000
0.0
0.0
0.0
0.0
0.0
0.0550808666
0.0
0.0000000000
0.0354965585
0.0
0.0353982301
0.0
0.0280235988
0.0
0.0
0.0117994100
0.0
0.0431714901
0.0
0.0
0.0319469027
0.0
0.0
0.0409575675
0.0
0.0515272623
0.0000000000
0.0
0.0
0.0
0.0
0.0665560472
0.0000000000
0.0456384324
0.0332780236
0.0
0.0
0.0
0.0409575675
0.0088495575
0.0167675827
0.0
0.0176991150
0.0
0.0176991150
0.0
0.0
0.0245064670
0.0
0.0245064670
0.0
0.0456384324
0.0270736463
0.0
0.0
0.0117994100
0.0
0.0000000000
0.0280235988
0.0000000000
0.0000000000
0.0176991150
0.0000000000
0.0227560051
0.0295804654
0.0000000000
0.0
0.0
0.0257636312
0.0000000000
0.0000000000
0.0318584071
0.0
0.0088495575
0.0
0.0000000000
0.0000000000
0.0000000000
0.0
0.0570480405
0.0000000000
0.0000000000
0.0
0.0088495575
0.0117994100
0.0
0.0363032985
0.0117994100
0.0227560051
0.0000000000
0.0
0.0000000000
0.0000000000
0.0
0.0431714901
0.0484043980
0.0000000000
0.0176991150
0.0088495575
0.0469807392
0.0000000000
0.0000000000
0.0176991150
0.0227560051
0.0570480405
0.0000000000
0.0301385874
0.0431714901
0.0000000000
0.0000000000
0.0000000000
0.0000000000
0.0000000000
0.0484043980
0.0
0.0117994100
0.0000000000
0.0000000000
0.0000000000
0.0000000000
0.0000000000
0.0280235988
0.0000000000
0.0000000000
0.0000000000
0.0000000000
0.0000000000
0.0000000000
0.0000000000
0.0000000000
0.0000000000
