0.0
0.0
0.0
0.0
0.1220164940
0.0
0.1541813004
0.0
0.0
0.0992180833
0.0
0.1154705447
0.0
0.1339649971
0.0
0.1330814687
0.0
0.1353125076
0.0
0.0
0.1409849970
0.0894336961
0.0
0.0
0.0
0.1241752473
0.1104913221
0.1239845019
0.1368032386
0.1225723778
0.0
0.0
0.1491939201
0.1277118841
0.1350860431
0.1326440604
0.1366874018
0.1229457894
0.1163863169
0.0
0.0
0.1489186545
0.1518606035
0.1328624045
0.0
0.1376196262
0.1424782185
0.1250409152
0.1159682626
0.1168073962
0.1276109261
0.1127289256
0.1464862264
0.1336323026
0.1280157189
0.0
0.1264117631
0.0
0.1101896393
0.1497475153
0.0
0.1060629576
0.1078342161
0.1416033522
0.0
0.1382087513
0.0
0.0942369069
0.1267094360
0.1328624045
0.1404941876
0.1317778135
0.0000000000
0.1534484995
0.1289359597
0.1228522234
0.1071897885
0.0810787652
0.1069058421
0.1234157657
0.1325351572
0.1464862264
0.1277118841
0.0
0.1458245904
0.1283210028
0.1325351572
0.0
0.0919292833
0.0983117062
0.1359964798
0.0
0.1262140903
0.1069766876
0.1071897885
0.0
0.0961452183
0.1271085209
0.1309228074
0.1414792476
0.1328624045
0.1251378461
0.1071186606
0.1101144758
0.1233214832
0.1403720187
0.0
0.1110996707
0.1378546725
0.0
0.1249441343
0.1306050336
0.1129655854
0.1273090075
0.1087788555
0.1241752473
0.1313489191
0.0
0.0989141063
0.1460885263
0.1195761641
0.1247510213
0.0932569737
0.1163863169
0.0000000000
0.1354260248
0.1138419052
0.1196648047
0.0000000000
0.1325351572
0.0
0.0
0.1214656294
0.0026246719
0.1391619151
0.0026246719
0.1123366886
0.1184356724
0.1173167308
0.1369192719
0.1262140903
0.1068350904
0.1244624684
0.0
0.1101896393
0.1366874018
0.1102649054
0.0938533846
0.1356536315
0.1165543838
0.1201994203
0.1250409152
0.1206485961
0.1280157189
0.1275101276
0.0949575421
0.0000000000
0.0000000000
0.1096656396
0.1128865885
0.1365717610
0.0000000000
0.1049595719
0.1104157466
0.1234157657
0.1087056037
0.1229457894
0.0924557970
0.1015269318
0.1436190583
0.0
0.0
0.0721303939
0.0
0.1168073962
0.0026246719
0.0
0.1426040826
0.1064125389
0.0
0.0052493438
0.0034995626
0.1104157466
0.1365717610
0.1105670010
0.1036122089
0.1147319272
0.0
0.0000000000
0.1095911891
0.1042142166
0.1271085209
0.0975984411
0.1049595719
0.1389223937
0.1040798333
0.1151410995
0.1416033522
0.1205584925
0.0945127761
0.0
0.1184356724
0.1237943417
0.0
0.1150590317
0.0857746129
0.0
0.1316703275
0.0
0.0898818605
0.0949017175
0.1319933128
0.0
0.1047552378
0.0990354733
0.1173167308
0.1101144758
0.1119471717
0.0
0.1354260248
0.0000000000
0.1276109261
0.1338539150
0.0000000000
0.0
0.1213743019
0.0000000000
0.0000000000
0.1220164940
0.1371519299
0.1101896393
0.1298695266
0.0
0.1474226681
0.1232273447
0.0925618243
0.1239845019
0.0
0.1277118841
0.0
0.1238893488
0.0000000000
0.0026246719
0.0000000000
0.1295568391
0.1072610110
0.1128865885
0.0000000000
0.1246546884
0.1206485961
0.0932031302
0.0000000000
0.1047552378
0.1288330579
0.0034995626
0.0860031015
0.1226655179
0.1155532008
0.1292456537
0.0000000000
0.0
0.0000000000
0.1010819170
0.0962598816
0.0855473352
0.1150590317
0.1089992043
0.1145690713
0.0788992285
0.0000000000
0.0000000000
0.1478276754
0.0859115602
0.0000000000
0.0801528409
0.0
0.0000000000
0.0000000000
0.0000000000
0.1154705447
0.0896323273
0.1130446929
0.0000000000
0.0704002711
0.1277118841
0.0000000000
0.1002657277
0.0026246719
0.0026246719
0.1259187375
0.0
0.0026246719
0.1129655854
0.0942369069
0.0922444694
0.1116374976
0.1170615094
0.0000000000
0.0034995626
0.1104157466
0.0000000000
0.0861407799
0.0943470611
0.1172315334
0.0000000000
0.0000000000
0.0000000000
0.0026246719
0.0984315985
0.0000000000
0.1101896393
0.1150590317
0.0000000000
0.0000000000
0.0913570014
0.1154705447
0.0984916544
0.0000000000
0.0989141063
0.1090728524
0.0979537752
0.1138419052
0.0855473352
0.1282190798
0.0000000000
0.0000000000
0.0758946034
0.0679982399
0.0000000000
0.0934188782
0.0000000000
0.0920341058
0.1108707565
0.1071897885
0.0000000000
0.0947902651
0.1164702897
0.0000000000
0.0000000000
0.0000000000
0.1158850119
0.0026246719
0.0000000000
0.0000000000
0.1101896393
0.1034793728
0.0000000000
0.0052493438
0.0000000000
0.1076903412
0.0000000000
0.0000000000
0.0000000000
0.0000000000
0.1297651298
0.1069058421
0.0000000000
0.0000000000
0.0026246719
0.1132032409
0.0000000000
0.0920341058
0.1072610110
0.1074037402
0.0000000000
0.0000000000
0.0000000000
0.0986722625
0.0000000000
0.0000000000
0.0000000000
0.0000000000
0.0000000000
0.0000000000
0.0000000000
0.0828684915
0.1130446929
0.0000000000
0.0000000000
0.0034995626
0.0000000000
0.0000000000
0.0000000000
0.0000000000
0.0000000000
0.0920866067
0.1302887986
0.0000000000
0.0000000000
0.0000000000
0.0000000000
0.0000000000
0.0994013679
0.0000000000
0.0000000000
0.0000000000
0.0000000000
0.0000000000
0.0000000000
0.0000000000
0.0000000000
0.0000000000
0.0000000000
0.0000000000
0.0000000000
0.0000000000
0.0000000000
0.0000000000
0.1067644322
0.0000000000
0.0000000000
0.0000000000
0.0000000000
0.0000000000
0.0000000000
0.0000000000
0.0000000000
0.1196648047
0.0000000000
0.0000000000
0.0000000000
0.0000000000
0.0000000000
0.0000000000
0.0000000000
0.0000000000
0.0000000000
0.0000000000
0.0000000000
0.0000000000
0.0000000000
0.0000000000
0.0000000000
0.0000000000
0.0000000000
0.0000000000
0.0000000000
