0.0000000000
0.0
0.0000000000
0.0
0.0277777778
0.0
0.0000000000
0.0
0.0
0.0000000000
0.0
0.0935672515
0.0
0.0
0.0
0.0
0.0683760684
0.0000000000
0.0
0.0000000000
0.0
0.0
0.0
0.0555555556
0.0370370370
0.0
0.1111111111
0.0000000000
0.0
0.0000000000
0.0888888889
0.0683760684
0.0
0.0772946860
0.0
0.0000000000
0.0
0.0
0.0370370370
0.0000000000
0.0
0.0000000000
0.0711111111
0.0277777778
0.0277777778
0.0
0.0
0.0000000000
0.0000000000
0.0
0.0555555556
0.0000000000
0.0277777778
0.0000000000
0.0000000000
0.1045751634
0.0000000000
0.0000000000
0.0000000000
0.0000000000
0.0000000000
