0.0
0.0
0.0
0.0
0.0
0.0
0.0
0.0
0.0
0.0
0.0
0.0
0.0
0.0
0.0
0.1138483211
0.0
0.0
0.0
0.0
0.0
0.0
0.0
0.0
0.0
0.0
0.0
0.0
0.0
0.0000000000
0.0
0.1157681916
0.0
0.0
0.0
0.0
0.1101934793
0.0966908981
0.1183629959
0.0
0.1179562502
0.0
0.0
0.0999280024
0.0866799718
0.0
0.0
0.0
0.0
0.0815327050
0.0
0.0
0.1069323016
0.0
0.1157681916
0.0
0.0
0.0
0.0
0.0
0.0
0.0
0.0
0.0
0.0
0.0
0.0
0.0
0.0
0.0
0.1009566730
0.1061059314
0.1077716446
0.0
0.0971011848
0.0
0.0809558227
0.0
0.0908075895
0.0
0.1250465166
0.1185674225
0.0
0.1008084253
0.1210767860
0.0000000000
0.0
0.1101934793
0.1161599622
0.0624095797
0.0
0.0
0.0
0.0
0.0
0.0
0.0000000000
0.0867895545
0.0
0.0
0.0
0.0892724807
0.0000000000
0.0000000000
0.0
0.0
0.0
0.0
0.0
0.1302666748
0.0642795296
0.0000000000
0.1121740811
0.0973766491
0.0861361827
0.1125418650
0.1161599622
0.0000000000
0.0
0.0
0.0
0.0
0.0096774194
0.0925209402
0.0
0.0859205728
0.0
0.0
0.0
0.0
0.0
0.1032338912
0.0880135098
0.0
0.0769624861
0.0927709968
0.1015540498
0.0
0.0
0.0755231437
0.0987777520
0.0
0.0790904811
0.0
0.0080645161
0.0
0.0080645161
0.0
0.1149925254
0.0800122816
0.0000000000
0.0000000000
0.0120967742
0.0900925691
0.0
0.0892724807
0.0716602689
0.0
0.0867895545
0.0566423578
0.0870095534
0.0
0.1011053573
0.0958806392
0.1011053573
0.0000000000
0.0648870866
0.0651333374
0.0
0.1015540498
0.0
0.1105483698
0.0
0.0
0.0756896777
0.0777469282
0.0
0.0
0.0844410057
0.0000000000
0.0673704982
0.0
0.0161290323
0.0000000000
0.0000000000
0.0785475259
0.0885813389
0.0692041710
0.0936569408
0.0868994147
0.0
0.0725692787
0.0905679916
0.0
0.0053763441
0.0897392649
0.0954805809
0.0949523342
0.0
0.0805757484
0.0107526882
0.0873416509
0.0
0.0689262426
0.0783681936
0.0
0.0
0.1044909249
0.0785475259
0.0
0.0000000000
0.0883533303
0.0
0.0
0.1049702410
0.0
0.0776589792
0.0
0.1040159661
0.0
0.0
0.0773963220
0.0000000000
0.0053763441
0.0668457036
0.0916562585
0.0
0.0000000000
0.1146085770
0.0000000000
0.0946903967
0.0898567247
0.0096774194
0.0588769620
0.0622398347
0.0692740037
0.0993495480
0.0877884113
0.0053763441
0.0774836768
0.0120967742
0.0
0.0000000000
0.1014040438
0.0761092435
0.0846492449
0.0053763441
0.0000000000
0.0
0.0096774194
0.0000000000
0.0
0.0948211846
0.0071684588
0.0000000000
0.0000000000
0.0
0.0000000000
0.0000000000
0.0000000000
0.0053763441
0.0053763441
0.0
0.0000000000
0.0904486662
0.0000000000
0.0877884113
0.0889255669
0.0716602689
0.0566423578
0.0000000000
0.0
0.0000000000
0.1009566730
0.0071684588
0.0866799718
0.0861361827
0.0000000000
0.0760249586
0.0588769620
0.0750279100
0.0000000000
0.0000000000
0.0866799718
0.0000000000
0.0761937155
0.0000000000
0.0000000000
0.0000000000
0.0000000000
0.0000000000
0.0000000000
0.0777469282
0.0000000000
0.0622398347
0.0
0.0000000000
0.0000000000
0.0000000000
0.0000000000
0.0000000000
0.0000000000
0.0000000000
0.0000000000
0.0000000000
0.0000000000
0.0000000000
0.0000000000
0.0000000000
0.0820197582
0.0000000000
0.0000000000
0.0000000000
