0.0
0.0
0.0
0.0
0.0
0.0
0.0
0.0
0.0
0.0
0.0
0.0
0.0
0.0
0.0
0.0
0.0
0.0
0.0
0.0
0.0
0.0
0.0
0.0
0.0
0.0
0.0
0.0
0.0
0.0
0.0
0.0
0.0
0.0
0.0
0.0
0.0
0.0
0.0
0.0
0.0
0.0
0.0
0.0
0.0
0.0
0.0
0.0
0.0
0.0
0.0
0.0
0.0626510838
0.0
0.0
0.0
0.0
0.0
0.0
0.0
0.0
0.1006386188
0.0
0.0
0.0
0.0
0.0
0.0
0.0
0.0
0.0
0.0
0.0
0.0
0.0
0.0
0.0
0.0
0.0
0.0
0.0
0.0
0.0
0.0
0.0
0.0000000000
0.0
0.0
0.0
0.0
0.0
0.0
0.0
0.0
0.0
0.0
0.0486676909
0.0
0.0
0.0
0.0
0.0
0.0
0.0
0.0
0.0
0.0
0.0
0.0
0.0
0.0
0.0070921986
0.0
0.0
0.0
0.0
0.0
0.0
0.0
0.0
0.0930591412
0.0
0.0094562648
0.0
0.0000000000
0.0
0.0458580098
0.0
0.0829893088
0.0
0.0
0.0
0.0
0.0
0.0
0.0
0.0669913697
0.0
0.0127659574
0.0
0.0
0.0070921986
0.0
0.0
0.0
0.0
0.0434397163
0.0
0.0
0.0
0.0070921986
0.0919055155
0.0
0.0
0.0
0.0
0.0
0.0
0.0000000000
0.0753936771
0.0
0.0000000000
0.0
0.0
0.0
0.0
0.0
0.0
0.0434397163
0.0
0.0
0.0
0.0
0.0
0.0
0.0
0.0
0.0
0.0
0.0
0.0
0.0
0.0
0.0
0.0
0.0
0.0
0.0836132885
0.0000000000
0.0
0.0
0.0
0.0000000000
0.0
0.0
0.0
0.0
0.0000000000
0.0
0.0
0.0542466701
0.0715149027
0.0
0.0
0.0
0.0
0.0
0.0
0.0
0.0000000000
0.0
0.0
0.0
0.0938444504
0.0736461416
0.0
0.0141843972
0.0
0.0934501460
0.0000000000
0.0070921986
0.0127659574
0.0602740779
0.0726834469
0.0708316393
0.0858731071
0.0759083097
0.0070921986
0.0
0.0
0.0886100986
0.0539833368
0.0682243397
0.0
0.0
0.0141843972
0.0070921986
0.0
0.0688580023
0.0606025470
0.0
0.0000000000
0.0
0.0000000000
0.0
0.0094562648
0.0706067770
0.0070921986
0.0094562648
0.0070921986
0.0000000000
0.0934501460
0.0
0.0820706079
0.0141843972
0.0848898273
0.0070921986
0.0
0.0000000000
0.0070921986
0.0904111169
0.0547811201
0.0
0.0805838216
0.0
0.0
0.0
0.0
0.0
0.0
0.0
0.0826807983
0.0
0.0
0.0736461416
0.0070921986
0.0
0.0635460993
0.0
0.0
0.0094562648
0.0623000973
0.0000000000
0.0
0.0070921986
0.0665902238
0.0517235692
0.0743850661
0.0
0.0000000000
0.0
0.0
0.0
0.0623000973
0.0070921986
0.0070921986
0.0
0.0000000000
0.0000000000
0.0712856883
0.0
0.0800040818
0.0
0.0094562648
0.0000000000
0.0000000000
0.0836132885
0.0919055155
0.0589950524
0.0
0.0
0.0
0.0000000000
0.0
0.0
0.0070921986
0.0070921986
0.0667901944
0.0094562648
0.0000000000
0.0
0.0000000000
0.0
0.0000000000
0.0000000000
0.0000000000
0.0000000000
0.0000000000
0.0094562648
0.0000000000
0.0539833368
0.0094562648
0.0848898273
0.0601111750
0.0808768536
0.0141843972
0.0000000000
0.0802929052
0.0212765957
0.0094562648
0.0000000000
0.0000000000
0.0094562648
0.0
0.0000000000
0.0
0.0000000000
0.0
0.0141843972
0.0000000000
0.0708316393
0.0
0.0000000000
0.0848898273
0.0000000000
0.0070921986
0.0000000000
0.0127659574
0.0000000000
0.0958669601
0.0000000000
0.0000000000
0.0000000000
0.0628280643
0.0070921986
0.0000000000
0.0000000000
0.0000000000
0.0000000000
0.0000000000
0.0000000000
0.0000000000
