0.0
0.0
0.0
0.0
0.0
0.0
0.0
0.0
0.0
0.0
0.0
0.0
0.0
0.0
0.0
0.1190297956
0.0
0.0
0.0
0.0
0.0
0.0
0.0
0.0
0.0
0.0
0.0
0.0
0.0
0.1014908140
0.0
0.1273498039
0.0
0.0
0.0
0.0
0.0
0.1108530677
0.0
0.0
0.1365892092
0.0
0.0
0.0
0.1152645674
0.0
0.0
0.0
0.0
0.1177886090
0.0
0.0
0.1012179893
0.0
0.1426253485
0.0
0.0
0.0
0.0
0.0
0.0
0.0
0.0
0.0
0.0
0.0
0.0
0.0
0.0
0.0
0.1319617710
0.1205541900
0.1341559098
0.0
0.0796609845
0.0
0.1181582385
0.0
0.1279266999
0.0
0.1365892092
0.1333639622
0.0
0.1128464296
0.1072737664
0.1018568765
0.0
0.1118408673
0.1149127935
0.0999639611
0.0
0.0
0.0
0.0
0.0
0.0
0.0990870842
0.0973786862
0.0
0.0
0.0
0.1135269106
0.0000000000
0.0000000000
0.0
0.0
0.0
0.0
0.0
0.1419086382
0.1104196247
0.1215923316
0.1270633026
0.1081985402
0.0921364405
0.1235878293
0.1132991735
0.0
0.0
0.0
0.0
0.0
0.1164528619
0.1362596816
0.0
0.1052742554
0.0
0.0
0.0
0.0
0.0
0.1189045011
0.1076828179
0.0
0.0
0.0995235912
0.1301374148
0.0
0.0
0.1054708460
0.1210710354
0.0
0.1086146885
0.0
0.1042059742
0.0
0.1033479195
0.0
0.1356053734
0.1156185016
0.0000000000
0.0000000000
0.0903674208
0.0934319901
0.0
0.1204256674
0.1222502987
0.0
0.0936644080
0.0980549271
0.1189045011
0.0
0.1126214118
0.1132991735
0.1084062150
0.0996113545
0.0000000000
0.0
0.0
0.1109619607
0.0
0.1315009034
0.0
0.0
0.1024109483
0.0060331825
0.0
0.0
0.1093507028
0.0798298770
0.0900791675
0.0
0.1023181848
0.0000000000
0.0897927472
0.0
0.0
0.0883184332
0.1142156481
0.1351187512
0.0
0.1356053734
0.1070704038
0.0
0.0821522007
0.1191553544
0.1202974185
0.1032534516
0.0
0.1036323633
0.1319617710
0.1264941501
0.0
0.1160938089
0.1250933289
0.0
0.0
0.1286552119
0.0000000000
0.0
0.0832419131
0.0
0.0
0.0
0.1071719886
0.0
0.1339967687
0.0
0.1029710811
0.0
0.0
0.1069690114
0.0954854404
0.1067668015
0.1100967603
0.1130723484
0.0
0.0000000000
0.0
0.0000000000
0.1201694426
0.1223827476
0.0000000000
0.0045248869
0.0060331825
0.0090497738
0.1136411228
0.0000000000
0.0045248869
0.0789925007
0.0910227849
0.0
0.0
0.1255103067
0.1293920687
0.0895791245
0.0
0.0000000000
0.0
0.0967117089
0.0961355541
0.0
0.1208120599
0.0045248869
0.0000000000
0.0928178110
0.0
0.1162132469
0.0800561843
0.0000000000
0.0045248869
0.0927416059
0.0
0.0649938297
0.1054708460
0.1137555650
0.0
0.0000000000
0.0
0.1079916597
0.1062646058
0.0
0.0826934671
0.1333639622
0.1115096506
0.1115096506
0.1179115616
0.0905122404
0.0995235912
0.0000000000
0.1019488051
0.0596091166
0.1034425605
0.1241310725
0.0000000000
0.0
0.0932776846
0.1155002822
0.0000000000
0.0
0.0746098256
0.0
0.1301374148
0.0864263780
0.0
0.0
0.0000000000
0.0800561843
0.1137555650
0.0000000000
0.0045248869
0.1295404541
0.0893665158
0.0000000000
0.0
0.1034425605
0.0
0.0045248869
0.0
0.1141002788
0.1002300586
0.1201694426
0.0000000000
0.0000000000
0.0000000000
0.1021331610
0.0713577233
0.0
0.0000000000
0.0
0.0881117598
0.0879745140
0.0000000000
0.1141002788
0.0045248869
0.0816769892
0.0877694452
0.0045248869
0.1004082453
0.0960538061
0.1106359217
0.0847406422
0.0000000000
0.0999639611
0.1204256674
0.0000000000
0.0829972638
0.0000000000
0.0000000000
0.1058662381
0.0
0.0000000000
0.0045248869
0.0939761032
0.0000000000
0.1086146885
0.1102041717
0.0000000000
0.0
0.0000000000
0.0800561843
0.0744132253
0.0796609845
0.0000000000
0.0
0.0000000000
0.1002300586
0.0
0.0000000000
0.0000000000
0.0000000000
0.0000000000
0.0000000000
0.0000000000
0.0000000000
0.0000000000
0.0000000000
0.0771579754
0.0000000000
0.0000000000
0.0000000000
0.0045248869
0.0967945810
0.0000000000
0.0000000000
