0.0
0.0
0.0
0.0
0.0
0.0
0.0
0.0
0.0
0.0
0.0
0.0
0.0
0.0
0.0
0.0
0.0
0.0
0.0
0.0
0.0
0.0
0.0
0.0
0.0
0.0
0.0
0.0
0.0
0.0
0.0
0.0
0.0
0.0
0.0
0.0
0.0
0.0
0.0
0.0
0.0
0.0
0.0
0.0
0.0
0.0
0.0
0.0
0.0
0.0
0.0
0.0
0.0
0.0
0.0
0.0
0.0
0.0
0.0
0.0
0.0635792779
0.0
0.0
0.0
0.0
0.0
0.0
0.0
0.0
0.0
0.0
0.0
0.0
0.0
0.0
0.0947645510
0.0
0.0
0.0
0.0567723848
0.0
0.0
0.0
0.0
0.0
0.0
0.0085470085
0.0
0.0
0.0
0.0
0.0
0.0
0.0
0.0
0.0
0.0
0.0
0.0
0.0
0.0
0.0
0.0
0.0
0.0
0.0
0.0
0.0
0.0
0.0612360612
0.0
0.0
0.0
0.0
0.0
0.0
0.0
0.0
0.0
0.0609366184
0.0
0.0702058505
0.0
0.0
0.0
0.0
0.0
0.0
0.0
0.0
0.0
0.0
0.0
0.0546558704
0.0
0.0
0.0
0.0
0.0
0.0786216938
0.0
0.0
0.0
0.0
0.0
0.0
0.0
0.0
0.0
0.0
0.0
0.0
0.0
0.0
0.0
0.0
0.0506566604
0.0
0.0541806020
0.0
0.0
0.0000000000
0.0
0.0
0.0916289593
0.0
0.0
0.0755244755
0.0
0.0
0.0
0.0
0.0
0.0
0.0
0.0085470085
0.0
0.0
0.0
0.0307692308
0.0
0.0
0.0830769231
0.0
0.0489647877
0.0
0.0
0.0
0.0718244292
0.0
0.0
0.0000000000
0.0781287678
0.0
0.0
0.0
0.0
0.0
0.0652436569
0.0
0.0
0.0
0.0
0.0
0.0
0.0
0.0
0.0
0.0
0.0000000000
0.0
0.0
0.0
0.0
0.0
0.0609366184
0.0
0.0766863905
0.0194250194
0.0
0.0679102913
0.0
0.0539460539
0.0
0.0
0.0307692308
0.0
0.0597675706
0.0
0.0
0.0085470085
0.0
0.0
0.0874493927
0.0
0.0677257525
0.0000000000
0.0
0.0
0.0
0.0
0.0692307692
0.0000000000
0.0728744939
0.0796264438
0.0
0.0
0.0
0.0903010033
0.0085470085
0.0819838057
0.0
0.0458988525
0.0
0.0236686391
0.0
0.0
0.0508634223
0.0
0.0591997077
0.0
0.0541806020
0.0085470085
0.0
0.0
0.0170940171
0.0
0.0000000000
0.0558813384
0.0000000000
0.0256410256
0.0142450142
0.0489647877
0.0593406593
0.0817150063
0.0485829960
0.0
0.0
0.0237416904
0.0591997077
0.0000000000
0.0629370629
0.0
0.0085470085
0.0
0.0000000000
0.0000000000
0.0000000000
0.0
0.0692307692
0.0000000000
0.0000000000
0.0
0.0085470085
0.0000000000
0.0
0.0000000000
0.0194250194
0.0593406593
0.0650733079
0.0
0.0000000000
0.0000000000
0.0
0.0603464332
0.0603464332
0.0000000000
0.0525803311
0.0085470085
0.0847723705
0.0485829960
0.0000000000
0.0236686391
0.0733031674
0.0684699915
0.0000000000
0.0237416904
0.0600556070
0.0000000000
0.0000000000
0.0000000000
0.0000000000
0.0000000000
0.0603464332
0.0
0.0170940171
0.0142450142
0.0000000000
0.0000000000
0.0
0.0000000000
0.0541806020
0.0485829960
0.0000000000
0.0
0.0
0.0
0.0532544379
0.0000000000
0.0000000000
0.0000000000
0.0000000000
0.0000000000
0.0000000000
0.0000000000
0.0000000000
0.0000000000
0.0000000000
0.0000000000
0.0000000000
0.0000000000
