0.0
0.0
0.0
0.0
0.0
0.0
0.0
0.0
0.0
0.0
0.0
0.0
0.0
0.0
0.0
0.0
0.0
0.0
0.0
0.0
0.0
0.0
0.0
0.0
0.0
0.0
0.0
0.0
0.0
0.0772259724
0.0
0.1070369966
0.0
0.0
0.0
0.0
0.0
0.0860591772
0.0
0.0
0.1094034608
0.0
0.0
0.0
0.0856011111
0.0
0.0
0.0
0.0
0.1172821057
0.0
0.0
0.1094965702
0.0
0.1114891421
0.0
0.0
0.0
0.0
0.0
0.0
0.0
0.0
0.0
0.0
0.0
0.0
0.0
0.0
0.0
0.1228829703
0.1038405730
0.1119742993
0.0
0.0954439688
0.0
0.1032571990
0.0
0.0823677785
0.0
0.0
0.1018673555
0.0
0.0
0.0955857875
0.1209196146
0.0
0.0912471418
0.0
0.1016259636
0.0
0.0
0.0
0.0
0.0
0.0
0.0000000000
0.0816879174
0.0
0.0
0.0
0.0950210265
0.0684353564
0.0853739018
0.0
0.0
0.0
0.0
0.0
0.1153887623
0.0930958538
0.0
0.0915067354
0.1012261762
0.1101527996
0.1013857131
0.0
0.0
0.0
0.0
0.0
0.0
0.0924935082
0.1134554409
0.0
0.0947411413
0.0
0.0
0.0
0.0
0.0
0.0
0.0
0.0
0.0
0.0924935082
0.1058046628
0.0
0.0
0.1285299400
0.0
0.0
0.0934338925
0.0
0.1065053559
0.0
0.0027322404
0.0
0.1077541624
0.1038405730
0.0081967213
0.0
0.0
0.0
0.0
0.1194600464
0.1023535958
0.0
0.0980628582
0.1123654759
0.0
0.0
0.1178191117
0.0
0.0948808775
0.0760842519
0.0000000000
0.0
0.0
0.1009878100
0.0
0.0935017950
0.0
0.0
0.0926266882
0.0969543858
0.0
0.0
0.0886688284
0.0662504995
0.0801610405
0.0
0.0850915807
0.0000000000
0.0745414078
0.0
0.0
0.1062415111
0.1033401365
0.1176037202
0.0
0.1164330045
0.1161177527
0.0
0.0
0.0988919830
0.0879415379
0.0884250653
0.0
0.0
0.1334631431
0.1046003821
0.0
0.1110081708
0.0884858803
0.0
0.0
0.0
0.0000000000
0.0
0.0898453002
0.0
0.0
0.0
0.0049180328
0.0
0.0
0.0
0.0000000000
0.0
0.0
0.0881222397
0.0027322404
0.0000000000
0.0
0.1108169422
0.0
0.0720775742
0.0
0.0977647948
0.0
0.0969543858
0.0
0.1008295219
0.0800114863
0.0854305909
0.1034232074
0.0000000000
0.0
0.1194600464
0.1112962543
0.0
0.0
0.0049180328
0.1286584699
0.0835444610
0.0
0.0881222397
0.0
0.0871079688
0.1058917448
0.0
0.0
0.0
0.0
0.1130566520
0.0
0.1296960383
0.0868140823
0.0964456296
0.0900339188
0.0054644809
0.0
0.1180352935
0.0036429872
0.0834361024
0.0
0.0000000000
0.0
0.0
0.0087431694
0.0
0.0654417446
0.1057177239
0.1186886254
0.0995038437
0.1185792350
0.0802610542
0.0848670646
0.0749321316
0.0761743457
0.1002013006
0.1128583070
0.1138570530
0.0858868291
0.0
0.0
0.1312841530
0.0000000000
0.0
0.0
0.0
0.0897199930
0.0875227687
0.0
0.0
0.0899080852
0.0692829671
0.1087561031
0.0
0.0
0.0975424336
0.0927602523
0.0863479664
0.0
0.0
0.0
0.0
0.0
0.0
0.0653752388
0.1021910008
0.0
0.1040926132
0.1168560127
0.0929613222
0.1105313316
0.0
0.0000000000
0.0
0.1140589273
0.1079349580
0.0027322404
0.0000000000
0.1186886254
0.0994269474
0.1046003821
0.0930285394
0.1062415111
0.1112000605
0.0937060961
0.0
0.0027322404
0.1073048123
0.1058046628
0.0833820285
0.0948808775
0.0872260813
0.1003576209
0.0951615902
0.0
0.1122674258
0.0863479664
0.1003576209
0.1061538531
0.0
0.0887299793
0.0027322404
0.0
0.0048573163
0.1023535958
0.0
0.0
0.0000000000
0.0
0.0907963796
0.0
0.0
0.0940485891
0.0000000000
0.0946714275
0.0000000000
0.0
0.0819480700
0.0
0.0000000000
0.0
0.0763098873
0.0000000000
0.0
0.0027322404
0.0000000000
0.0843109239
0.0
0.0036429872
0.0967356917
0.0745846203
0.0027322404
0.0000000000
0.0027322404
0.0027322404
0.0662846316
0.0000000000
0.0872260813
0.0985133767
0.0000000000
0.0805625986
0.0794188086
0.0000000000
0.0884250653
0.0700754194
0.0000000000
0.0949509003
0.0
0.0734351997
0.0901601051
0.0589635518
0.1072153916
0.0948109580
0.0000000000
0.0904771237
0.0072859745
0.0
0.0975424336
0.0782118358
0.0
0.0
0.0976905618
0.0683989739
0.0000000000
0.0
0.1038405730
0.0
0.0000000000
0.0000000000
0.0000000000
0.0845325032
0.0731429619
0.0748449505
0.0000000000
0.0820002995
0.0705364419
0.0000000000
0.1085725485
0.0000000000
0.0950210265
0.0000000000
0.1005930179
0.0833820285
0.0924270617
0.0746711956
0.0939112919
0.0777862575
0.0027322404
0.0000000000
0.0802610542
0.0817398157
0.0000000000
0.0852607488
0.0854305909
0.0000000000
0.0000000000
0.0027322404
0.0966630127
0.0000000000
0.0
0.1090326016
0.0754152813
0.0953025703
0.0810191876
0.0899080852
0.0
0.0027322404
0.0027322404
0.0709644070
0.0744551331
0.1018673555
0.0000000000
0.0
0.0000000000
0.0000000000
0.0000000000
0.0784024802
0.0000000000
0.0900969677
0.0000000000
0.0000000000
0.0901601051
0.0688013208
0.0000000000
0.0054644809
0.0772723543
0.0000000000
0.0817917800
0.0054644809
0.0843662098
0.1002013006
0.1017063004
0.0942552893
0.0000000000
0.0000000000
0.0898453002
0.0791257503
0.0884250653
0.0000000000
0.0000000000
0.0000000000
0.0000000000
0.0000000000
0.0000000000
0.0873445146
0.0852607488
0.1043458799
0.0858868291
0.0900969677
0.0049180328
0.0738567566
0.0000000000
0.0027322404
0.0000000000
0.0000000000
0.0027322404
0.0000000000
0.0000000000
0.0000000000
0.0000000000
0.0000000000
0.0000000000
0.0000000000
0.0000000000
0.0000000000
0.0000000000
0.0000000000
0.0000000000
0.0000000000
0.0000000000
0.0000000000
0.0665589601
0.0000000000
0.0000000000
0.0000000000
0.0000000000
0.0027322404
0.0000000000
0.0000000000
0.0785460744
0.0000000000
0.0000000000
0.0000000000
0.0000000000
0.0000000000
0.0674664237
0.0000000000
0.0000000000
0.0985133767
0.0000000000
0.0000000000
0.0000000000
0.0000000000
0.0000000000
0.0000000000
0.0000000000
0.0000000000
0.0000000000
0.0000000000
0.0000000000
0.0000000000
0.0000000000
0.0000000000
0.0613828578
0.0000000000
0.0000000000
0.0000000000
0.0000000000
0.0000000000
0.0000000000
0.0000000000
0.0000000000
0.0000000000
0.0000000000
0.0000000000
0.0000000000
0.0000000000
0.0000000000
0.0000000000
0.0000000000
0.0000000000
0.0000000000
0.0000000000
0.0000000000
0.0000000000
0.0000000000
0.0000000000
