0.0
0.0
0.0
0.0
0.1302460793
0.0
0.1581657774
0.0
0.0
0.0868810854
0.0
0.1334964271
0.0
0.1407734880
0.0
0.1374155883
0.0
0.1383037777
0.0
0.0
0.1384316000
0.0860327348
0.0
0.0
0.0
0.1227729436
0.1224717835
0.1246114735
0.1471345690
0.1309291881
0.0
0.0
0.1437456729
0.1237875960
0.1369131547
0.1327863397
0.1403776862
0.1255515433
0.1141638652
0.0
0.0
0.1542564276
0.1525285043
0.1317352605
0.0
0.1430592084
0.1374155883
0.1291232683
0.1146006054
0.1131291474
0.1252366147
0.1182186197
0.1480069083
0.1336155140
0.1310437368
0.1409059183
0.1265059047
0.0
0.1156625415
0.1568408285
0.0
0.1016856695
0.0861316798
0.1426504678
0.0
0.1482999913
0.0
0.0936729151
0.1376681904
0.1326687256
0.1493349862
0.1445781768
0.0000000000
0.1430592084
0.1399841039
0.1282388623
0.1075254783
0.0058651026
0.1066071112
0.1258680598
0.1399841039
0.1536235807
0.1384316000
0.0
0.1522184870
0.1326687256
0.1342141498
0.0
0.0978973799
0.0976421064
0.1434702981
0.0
0.1213800577
0.1147762385
0.1094904906
0.0
0.1003907448
0.1241981685
0.1266128413
0.1434702981
0.1362902559
0.1252366147
0.1147762385
0.1156625415
0.1272582763
0.1355502183
0.0
0.1114456780
0.1497829912
0.0
0.1168354066
0.1173847893
0.0982828026
0.1234814437
0.1018239233
0.1289010251
0.1216758661
0.0
0.0975784959
0.1458451716
0.1198263930
0.1281291627
0.0883154429
0.1310437368
0.0000000000
0.1331404366
0.0974515232
0.1248191593
0.0000000000
0.1350613086
0.0
0.0
0.0760319752
0.0029325513
0.1565130525
0.0029325513
0.1325513196
0.1144255089
0.0973881607
0.1356729993
0.1200184224
0.1286795457
0.1247152300
0.0
0.1122811029
0.1480069083
0.1167443423
0.0978973799
0.1308148395
0.1246114735
0.1147762385
0.1355502183
0.1181253874
0.1317352605
0.1160209072
0.0954639842
0.0000000000
0.0000000000
0.1187811191
0.1109503639
0.1337348136
0.0000000000
0.1126187904
0.1033699042
0.1345759130
0.1192539739
0.1303594353
0.0039100684
0.0978973799
0.1469901778
0.0
0.0
0.0039100684
0.0
0.0999219421
0.0029325513
0.0
0.1346969345
0.1046701546
0.0
0.1090917634
0.0039100684
0.1106225932
0.1401150526
0.1139034154
0.0988014454
0.1176614228
0.0
0.0000000000
0.1147762385
0.1070643254
0.1302460793
0.1276922346
0.1152176855
0.1271502472
0.0000000000
0.1178465706
0.1364143818
0.1234814437
0.1278011870
0.0
0.1158414472
0.1273664891
0.0
0.1178465706
0.0065982405
0.0
0.1151291247
0.0
0.0922309059
0.0952212277
0.1360426805
0.0
0.1074483438
0.1051108710
0.1129585152
0.1090123662
0.1135579918
0.0
0.1139034154
0.0000000000
0.1278011870
0.1379217230
0.0000000000
0.0
0.1235833261
0.0000000000
0.0000000000
0.1269347383
0.1425147395
0.0984119522
0.1307006904
0.0
0.1449980554
0.1271502472
0.0762642521
0.1311584862
0.0
0.1197306085
0.0756862007
0.1295700616
0.0000000000
0.0000000000
0.0000000000
0.1155732957
0.0858355250
0.1154841875
0.0000000000
0.1133860645
0.0965718834
0.1231768020
0.0000000000
0.1074483438
0.1151291247
0.0937315339
0.0907775704
0.1244044777
0.1126187904
0.1316195002
0.1107043542
0.0
0.1011363884
0.1015477906
0.0951003119
0.0853950919
0.1177539239
0.1084598054
0.1067590814
0.0058651026
0.0000000000
0.0000000000
0.1540977276
0.0851039723
0.0000000000
0.0029325513
0.0
0.0000000000
0.0000000000
0.0000000000
0.1140769164
0.0039100684
0.1210856841
0.0000000000
0.0039100684
0.1200184224
0.0000000000
0.0976421064
0.0029325513
0.0029325513
0.1108682392
0.0
0.0029325513
0.1157519252
0.0936729151
0.0029325513
0.1109503639
0.0968842116
0.0000000000
0.0039100684
0.0000000000
0.0000000000
0.0000000000
0.0993255910
0.1120291632
0.0000000000
0.0000000000
0.0000000000
0.0029325513
0.0978334364
0.0000000000
0.0000000000
0.0856392174
0.0000000000
0.0029325513
0.0029325513
0.0988014454
0.0043988270
0.0000000000
0.1049635538
0.0950399690
0.0029325513
0.1222718296
0.0852978310
0.0982828026
0.0000000000
0.0000000000
0.0065982405
0.0043988270
0.0000000000
0.0000000000
0.0000000000
0.0000000000
0.1109503639
0.0856392174
0.0000000000
0.0000000000
0.0000000000
0.0000000000
0.0000000000
0.0000000000
0.1204043338
0.0029325513
0.0000000000
0.0000000000
0.1116949972
0.0000000000
0.0000000000
0.0058651026
0.1145129902
0.0849591555
0.0000000000
0.0000000000
0.0000000000
0.0000000000
0.1120291632
0.0029325513
0.0000000000
0.0000000000
0.0000000000
0.1127035299
0.0029325513
0.0978973799
0.1038716999
0.0029325513
0.0000000000
0.0000000000
0.0000000000
0.0984119522
0.0000000000
0.0000000000
0.0000000000
0.0000000000
0.0000000000
0.0000000000
0.0000000000
0.0833053344
0.1210856841
0.0000000000
0.0000000000
0.0000000000
0.0000000000
0.0000000000
0.0000000000
0.0000000000
0.0000000000
0.0000000000
0.1180323020
0.0000000000
0.0000000000
0.0000000000
0.0000000000
0.0000000000
0.0000000000
0.0000000000
0.0000000000
