0.0
0.0
0.0
0.0
0.0
0.0
0.0
0.0
0.0
0.2246750567
0.2246750567
0.0
0.0
0.0
0.0
0.2196450182
0.0
0.0
0.2246750567
0.0
0.0
0.1582388840
0.0
0.0
0.2803088803
0.0
0.2885532591
0.0
0.0
0.0
0.2452702703
0.2072706509
0.0
0.0
0.0
0.2229729730
0.2803088803
0.0
0.0
0.0
0.0
0.2750694620
0.0
0.2373583261
0.0
0.2432432432
0.3546076197
0.0
0.0
0.2537278658
0.3199177438
0.0
0.0000000000
0.2392880686
0.2972972973
0.0
0.3131109833
0.0
0.1911196911
0.1949167711
0.2148352732
0.2299408784
0.2581792319
0.0
0.2196450182
0.0
0.1617166617
0.0
0.1608329641
0.2581792319
0.2494273935
0.0000000000
0.2281583909
0.0000000000
0.2914102221
0.0
0.1962162162
0.0000000000
0.1805670701
