0.0
0.0
0.0
0.0
0.0
0.0
0.0
0.0
0.0
0.0
0.0
0.0
0.0
0.0
0.0
0.0
0.0
0.0
0.0
0.0
0.0
0.0
0.0
0.0
0.0
0.0
0.0
0.0
0.0
0.0922937922
0.0
0.1219696525
0.0
0.0
0.0
0.0
0.0
0.1004396223
0.0
0.0
0.1341801850
0.0
0.0
0.0
0.1011979751
0.0
0.0
0.0
0.0
0.1046209769
0.0
0.0
0.1099617013
0.0
0.1288760538
0.0
0.0
0.0
0.0
0.0
0.0
0.0
0.0
0.0
0.0
0.0
0.0
0.0
0.0
0.0
0.1165487791
0.1243587488
0.0845325763
0.0
0.0997750094
0.0
0.1135856745
0.0
0.0989565105
0.0
0.1380182910
0.0825653568
0.0
0.0
0.1220931036
0.1122120803
0.0
0.1092644804
0.0
0.1190799470
0.0
0.0
0.0
0.0
0.0
0.0
0.0000000000
0.1098615541
0.0
0.0
0.0
0.1183787894
0.0000000000
0.0000000000
0.0
0.0
0.0
0.0
0.0
0.1350817316
0.1090668954
0.0
0.0845325763
0.1104651890
0.1006071613
0.1067504304
0.0000000000
0.0
0.0
0.0
0.0
0.0
0.1314030352
0.0945360395
0.0
0.0708742575
0.0
0.0
0.0
0.0
0.0
0.0
0.1189625112
0.0
0.0
0.1043494692
0.0824524855
0.0
0.0
0.1189625112
0.0
0.0
0.0857951539
0.0
0.0979918654
0.0
0.0975954582
0.0
0.0972806342
0.1077035592
0.0000000000
0.0
0.1143393236
0.0740958147
0.0
0.1085760453
0.1207487351
0.0
0.1116925800
0.1237210116
0.0
0.0
0.1164362803
0.1109733085
0.1154334798
0.0919420628
0.0926482230
0.0
0.0
0.0975165613
0.0
0.1174566566
0.0
0.0
0.0973591496
0.0738237371
0.0
0.0
0.0922937922
0.0927907587
0.0847106646
0.0
0.1241028666
0.0000000000
0.1083809401
0.0
0.0
0.1028371580
0.1009439216
0.1136927298
0.0
0.1246156884
0.1102632416
0.0
0.0785338453
0.1093635416
0.1087718542
0.1048027683
0.0
0.1071296504
0.1213561231
0.1043494692
0.0
0.0794127626
0.0000000000
0.0
0.0
0.0
0.0000000000
0.0
0.0982312592
0.0
0.0
0.0
0.0664617005
0.0
0.0
0.0
0.0000000000
0.0
0.0
0.0873482884
0.0971239826
0.0000000000
0.1141229767
0.1021405473
0.0
0.0000000000
0.0
0.0980715336
0.0
0.1096618058
0.0
0.0957364971
0.0949826664
0.0833641924
0.0731965937
0.0000000000
0.0
0.0913848381
0.1054440440
0.0
0.0
0.0000000000
0.1238480353
0.1178007679
0.0
0.0873482884
0.0
0.1072248768
0.0938739193
0.0
0.0
0.0849492862
0.0
0.0850691018
0.0
0.1151030404
0.0748777072
0.1089683707
0.0034129693
0.0894203012
0.0
0.0791003189
0.0915930041
0.0971239826
0.0
0.0000000000
0.0
0.0
0.1036322907
0.0
0.0665350173
0.1208697258
0.1021405473
0.1045303175
0.1166614955
0.0121891760
0.0639258009
0.0000000000
0.0999403367
0.0704602724
0.1294291699
0.1229643082
0.0982312592
0.0
0.0
0.1257851787
0.0000000000
0.0
0.0
0.0
0.0848895048
0.0918720383
0.0
0.0
0.0819483603
0.0655586882
0.0000000000
0.0000000000
0.0909713321
0.1158770282
0.0077567484
0.0987944196
0.0
0.0000000000
0.0
0.0121891760
0.0
0.0
0.0000000000
0.0987135731
0.0
0.0981513314
0.0984718256
0.0000000000
0.0830199493
0.0
0.0000000000
0.0
0.1209909592
0.0854305852
0.0844142662
0.0845325763
0.0978329167
0.0870331792
0.1201473968
0.1057212851
0.1267100697
0.1093635416
0.1155440482
0.0000000000
0.0000000000
0.0833641924
0.1143393236
0.0907659792
0.1081865348
0.0922937922
0.1074158382
0.1028371580
0.0
0.0864097323
0.0833641924
0.1158770282
0.0000000000
0.1044398150
0.0751108259
0.0000000000
0.0
0.0034129693
0.0900208853
0.0000000000
0.1137999871
0.0000000000
0.0
0.0993640744
0.0
0.0
0.0982312592
0.0000000000
0.0000000000
0.0000000000
0.0
0.1235942483
0.0
0.0000000000
0.0
0.0804186576
0.0000000000
0.0707080811
0.0000000000
0.0077567484
0.0953580920
0.0
0.0000000000
0.0672771815
0.0866580362
0.0847701942
0.0000000000
0.0000000000
0.0000000000
0.0763951782
0.0077567484
0.0000000000
0.0000000000
0.0000000000
0.0845325763
0.0000000000
0.0000000000
0.1042592795
0.0922937922
0.0000000000
0.1074158382
0.0
0.0844142662
0.0821716528
0.0603139932
0.1065618254
0.0000000000
0.0000000000
0.0850691018
0.0034129693
0.0905615513
0.0851892559
0.0034129693
0.0
0.0
0.0000000000
0.0000000000
0.0000000000
0.0926482230
0.0000000000
0.0
0.0000000000
0.0967345520
0.0000000000
0.0581619992
0.0795699118
0.0000000000
0.0000000000
0.0000000000
0.0827920291
0.0000000000
0.0996102282
0.0000000000
0.0000000000
0.0830771256
0.0750174044
0.0000000000
0.1110754939
0.0077567484
0.0000000000
0.0804186576
0.0000000000
0.0000000000
0.0000000000
0.0000000000
0.0000000000
0.1019678667
0.0797276843
0.0000000000
0.0000000000
0.0000000000
0.0000000000
0.0000000000
0.0
0.0000000000
0.0000000000
0.0824524855
0.0000000000
0.0000000000
0.0000000000
0.0000000000
0.0000000000
0.0747385293
0.1040793670
0.0971239826
0.0000000000
0.0
0.0000000000
0.0000000000
0.0000000000
0.0729751884
0.0000000000
0.0000000000
0.0000000000
0.0000000000
0.0000000000
0.0000000000
0.0000000000
0.0000000000
0.0000000000
0.0000000000
0.0000000000
0.0000000000
0.0000000000
0.0982312592
0.0000000000
