0.0
0.0
0.0
0.0
0.0
0.0
0.0
0.2340823970
0.0
0.0
0.0
0.0
0.0
0.0
0.0
0.0
0.0
0.0
0.0
0.0
0.2022653722
0.0
0.0
0.2118644068
0.0
0.0
0.0
0.0
0.0
0.0
0.0
0.2049180328
0.1430205950
0.2062706271
0.0
0.0
0.0
0.1680107527
0.0
0.0
0.0
0.0
0.0
0.0
0.0
0.0
0.0
0.0
0.0
0.0
0.0
0.0
0.0
0.2248201439
0.0
0.0
0.0
0.2385496183
0.0
0.2314814815
0.0
0.0
0.0
0.2551020408
0.1717032967
0.1996805112
0.0111111111
0.0
0.1675603217
0.0
0.2147766323
0.2561475410
0.2118644068
0.0
0.0
0.2083333333
0.2626050420
0.1971608833
0.0
0.0
0.0
0.0000000000
0.1971608833
0.0
0.0
0.2200704225
0.1775568182
0.0
0.2530364372
0.2480158730
0.0
0.2200704225
0.2450980392
0.2240143369
0.0
0.0
0.1905487805
0.1745810056
0.2376425856
0.1721763085
0.2162629758
0.0
0.1940993789
0.1849112426
0.0
0.0
0.0
0.1760563380
0.0
0.0
0.1984126984
0.1745810056
0.0
0.2394636015
0.2248201439
0.0
0.2208480565
0.0000000000
0.0
0.2016129032
0.1940993789
0.0
0.0
0.2510040161
0.1775568182
0.2323420074
0.1971608833
0.2042483660
0.0
0.1990445860
0.2055921053
0.2125850340
0.2097315436
0.2450980392
0.2394636015
0.2055921053
0.1566416040
0.1740947075
0.1990445860
0.0
0.1770538244
0.2049180328
0.0
0.0111111111
0.1965408805
0.0
0.2358490566
0.1811594203
0.1832844575
0.0
0.2349624060
0.0
0.0
0.1649076517
0.0
0.1578282828
0.1822157434
0.0
0.0000000000
0.0
0.2133105802
0.0000000000
0.1990445860
0.2340823970
0.0111111111
0.2314814815
0.0000000000
0.0
0.1899696049
0.2069536424
0.0
0.0000000000
0.2224199288
0.0000000000
0.0111111111
0.1443418014
0.0000000000
0.0000000000
0.0000000000
0.0000000000
