0.0
0.0
0.0
0.0
0.0
0.0
0.0
0.0
0.0
0.0
0.0
0.0
0.0
0.0
0.0
0.0
0.0
0.0
0.0
0.0
0.0
0.0
0.0
0.0
0.0
0.0
0.0
0.0
0.0
0.0
0.0
0.0
0.0
0.0
0.0
0.0
0.0
0.0
0.0
0.0
0.0
0.0
0.0
0.0
0.0
0.0
0.0
0.0
0.0
0.0
0.0
0.0
0.0
0.0
0.0
0.0
0.0
0.0
0.0
0.0
0.1008979885
0.0
0.0
0.0
0.0
0.0
0.0
0.0
0.0
0.0
0.0
0.0
0.0
0.0
0.0
0.1283351608
0.0
0.0
0.0
0.1229429272
0.0
0.0
0.0
0.0
0.0
0.0
0.0104166667
0.0
0.0
0.0
0.0
0.1367309190
0.0
0.0
0.0
0.0
0.0
0.0
0.0
0.0
0.0
0.0
0.0
0.0
0.0
0.0
0.0
0.0
0.0
0.1386749605
0.0
0.0
0.0
0.0
0.0
0.0
0.0
0.0
0.1348406298
0.1125400641
0.0
0.0138888889
0.0
0.0
0.0
0.0
0.0
0.0
0.0
0.0
0.0
0.0
0.0
0.1272192029
0.0
0.0
0.0
0.1354648920
0.0
0.1367309190
0.0
0.1204132373
0.0
0.0
0.0
0.0
0.0
0.0
0.0
0.0
0.0104166667
0.0
0.1199197404
0.0
0.0
0.0
0.1194302721
0.0
0.0968887969
0.0
0.0
0.0156250000
0.1067898418
0.0826565443
0.1508268900
0.0
0.0
0.0208333333
0.0
0.0
0.0
0.1470372697
0.0
0.1373728482
0.0
0.1112563371
0.1318036787
0.1184632254
0.0
0.1420408576
0.0
0.0
0.1234616737
0.0937833868
0.0940849411
0.0
0.0
0.0
0.1406750801
0.1129745817
0.0
0.0803857601
0.1306268601
0.0
0.0
0.0
0.0
0.0
0.0937833868
0.0
0.0
0.0
0.0
0.0
0.0819619514
0.1121088761
0.1367309190
0.1393353175
0.0
0.0104166667
0.0
0.0
0.0
0.0000000000
0.1427337398
0.1045014881
0.1161127646
0.1342220948
0.0000000000
0.0
0.0000000000
0.0
0.0937833868
0.1590240036
0.0
0.0715413610
0.0
0.0988527590
0.1121088761
0.0138888889
0.1116809796
0.0
0.0000000000
0.0104166667
0.0000000000
0.1100015664
0.0104166667
0.0953108035
0.0
0.0
0.0234375000
0.0881337851
0.0104166667
0.0000000000
0.0104166667
0.0806072084
0.0000000000
0.0934837593
0.0937833868
0.0104166667
0.0000000000
0.0
0.0000000000
0.0234375000
0.0000000000
0.0
0.0
0.0000000000
0.0000000000
0.0000000000
0.0000000000
0.0156250000
0.0931860403
0.0000000000
0.0
0.0000000000
0.0000000000
0.0000000000
0.0000000000
0.0000000000
0.0000000000
0.0934837593
0.0000000000
0.0000000000
0.1091806592
0.0000000000
0.0000000000
0.0000000000
0.0000000000
0.0000000000
