0.0
0.0
0.0
0.0
0.0
0.0
0.0
0.0
0.0
0.0
0.0
0.0
0.0
0.0
0.0
0.0
0.0
0.0
0.0
0.0
0.0
0.0
0.0
0.0
0.0
0.0
0.0
0.0
0.0
0.0857943593
0.0
0.1184604468
0.0
0.0
0.0
0.0
0.0
0.0929979159
0.0
0.0
0.1127907513
0.0
0.0
0.0
0.0966496665
0.0
0.0
0.0
0.0
0.0937060218
0.0
0.0
0.1005086368
0.0
0.1005999253
0.0
0.0
0.0
0.0
0.0
0.0
0.0
0.0
0.0
0.0
0.0
0.0
0.0
0.0
0.0
0.1115413069
0.1132520632
0.0797986439
0.0
0.0832785848
0.0
0.1005999253
0.0
0.0932327591
0.0
0.0
0.0770776046
0.0
0.0
0.1152554816
0.1015220145
0.0
0.1044910545
0.0
0.1051856769
0.0
0.0
0.0
0.0
0.0
0.0
0.0000000000
0.0855293574
0.0
0.0
0.0
0.1053858400
0.0000000000
0.0072080024
0.0
0.0
0.0
0.0
0.0
0.1019894271
0.0975004558
0.0
0.0855954542
0.1047876233
0.0912360114
0.1013362468
0.0043149946
0.0
0.0
0.0
0.0
0.0
0.1104292301
0.0882553927
0.0
0.0669247842
0.0
0.0
0.0
0.0
0.0
0.0
0.1022719463
0.0
0.0
0.0861279299
0.0770776046
0.0
0.0
0.1073260831
0.0
0.0
0.0807292404
0.0
0.0841645272
0.0
0.0064724919
0.0
0.0997842503
0.1000546683
0.0669247842
0.0
0.0043149946
0.0856616534
0.0
0.0959796515
0.1023664675
0.0
0.1071184892
0.1132520632
0.0
0.0
0.0996944355
0.1033213785
0.1074301822
0.0814415572
0.0852003983
0.0
0.0
0.0917651349
0.0
0.0977586212
0.0
0.0
0.0883257718
0.1075344833
0.0
0.0
0.0857943593
0.0830288739
0.0771312798
0.0
0.1011511578
0.0000000000
0.0963134937
0.0
0.0
0.0918412254
0.1055867663
0.1163450817
0.0
0.1107605178
0.1055867663
0.0
0.0
0.0983663568
0.0925317609
0.0953188621
0.0
0.0
0.1157372182
0.1032250865
0.0
0.0750918765
0.0000000000
0.0
0.0
0.0
0.0000000000
0.0
0.0884668673
0.0
0.0
0.0
0.0751938342
0.0
0.0
0.0
0.0000000000
0.0
0.0
0.0899030177
0.0064724919
0.0000000000
0.0043149946
0.0970731970
0.0
0.0032362460
0.0
0.0919937855
0.0
0.1019894271
0.0
0.0870074767
0.0937853665
0.0989816960
0.0683285119
0.0000000000
0.0
0.0824724630
0.0944249939
0.0
0.0
0.0000000000
0.1215812490
0.0963134937
0.0
0.0899030177
0.0
0.0941841138
0.0883962632
0.0
0.0
0.0802031266
0.0
0.0738403452
0.0
0.1038055462
0.0683706900
0.1031289737
0.0032362460
0.0849390474
0.0
0.0747876555
0.0867349395
0.0983663568
0.0
0.0000000000
0.0
0.0
0.0988933195
0.0
0.0750918765
0.1112053392
0.1040004862
0.0997842503
0.1100999183
0.0132146710
0.0602942394
0.0000000000
0.0832785848
0.0665228335
0.1132520632
0.1180815755
0.0884668673
0.0
0.0
0.1110937992
0.0000000000
0.0
0.0
0.0
0.0859941908
0.0870074767
0.0
0.0
0.0770776046
0.0619812635
0.0000000000
0.0000000000
0.0
0.1080590418
0.0099110032
0.0930760654
0.0
0.0000000000
0.0
0.0132146710
0.0
0.0
0.0742362720
0.0941040933
0.0
0.0959796515
0.0879749943
0.0000000000
0.0752449170
0.0
0.0000000000
0.0
0.1159795998
0.0767571156
0.0043149946
0.0000000000
0.0925317609
0.0792278382
0.0949918678
0.0979314923
0.1222522272
0.1048868540
0.1119924346
0.0000000000
0.0000000000
0.0755528771
0.0969033402
0.0872817319
0.0992477758
0.0857943593
0.0861949555
0.1011511578
0.0
0.0732543107
0.0760195730
0.1037083500
0.0000000000
0.0932327591
0.0753472910
0.0000000000
0.0
0.0032362460
0.0810838344
0.0
0.0
0.0000000000
0.0
0.0841006210
0.0
0.0
0.0923774127
0.0000000000
0.0000000000
0.0000000000
0.0
0.1082703009
0.0
0.0000000000
0.0
0.0760195730
0.0000000000
0.0667634224
0.0043149946
0.0088097807
0.0910859521
0.0
0.0000000000
0.0669652466
0.0732543107
0.0043149946
0.0000000000
0.0064724919
0.0000000000
0.0653069091
0.0088097807
0.0000000000
0.0000000000
0.0000000000
0.0848089723
0.0000000000
0.0000000000
0.0953188621
0.0857943593
0.0000000000
0.0861949555
0.0
0.0846792950
0.0775091097
0.0667634224
0.1019894271
0.0000000000
0.0000000000
0.0738403452
0.0032362460
0.0
0.0827806561
0.0032362460
0.0
0.0
0.0000000000
0.0000000000
0.0000000000
0.0941841138
0.0653069091
0.0
0.0000000000
0.0000000000
0.0000000000
0.0548048084
0.0762288491
0.0000000000
0.0000000000
0.0032362460
0.0811432365
0.0000000000
0.0919937855
0.0000000000
0.0000000000
0.0791146556
0.0752449170
0.0000000000
0.0949918678
0.0099110032
0.0514447366
0.0760195730
0.0000000000
0.0000000000
0.0072080024
0.0000000000
0.0000000000
0.0960628949
0.0743359180
0.0000000000
0.0000000000
0.0000000000
0.0000000000
0.0000000000
0.0
0.0970731970
0.0000000000
0.0769704780
0.0000000000
0.0770776046
0.0562521675
0.0000000000
0.0000000000
0.0743359180
0.0865993102
0.0925317609
0.0000000000
0.0
0.0000000000
0.0000000000
0.0000000000
0.0689237821
0.0000000000
0.0000000000
0.0000000000
0.0000000000
0.0796838258
0.0000000000
0.0000000000
0.0000000000
0.0000000000
0.0000000000
0.0000000000
0.0000000000
0.0000000000
0.0916133315
0.0769704780
0.0000000000
0.0000000000
0.0000000000
0.0683285119
0.0000000000
0.0000000000
0.0000000000
0.0000000000
0.0000000000
0.0000000000
0.0000000000
0.0000000000
0.0000000000
0.0000000000
0.0000000000
0.0000000000
0.0000000000
0.0602286666
0.0000000000
0.0000000000
0.0000000000
0.0000000000
0.0000000000
