0.0
0.0
0.0
0.0
0.0
0.0
0.0
0.0
0.0
0.0
0.0
0.0
0.0
0.0
0.0
0.0
0.0
0.0
0.0
0.0
0.0
0.0
0.0
0.0
0.0
0.0
0.0
0.0
0.0
0.0
0.0
0.0070921986
0.0
0.0
0.0
0.0
0.0
0.0
0.0
0.0
0.0
0.0
0.0
0.0
0.0
0.0
0.0
0.0
0.0
0.0
0.0
0.0
0.0353387136
0.0
0.0
0.0
0.0
0.0
0.0
0.0
0.0
0.0354418248
0.0
0.0
0.0
0.0
0.0
0.0
0.0
0.0
0.0329484301
0.0
0.0
0.0
0.0
0.0
0.0
0.0
0.0
0.0
0.0
0.0
0.0
0.0
0.0
0.0217198582
0.0
0.0
0.0
0.0
0.0
0.0
0.0
0.0
0.0
0.0
0.0244005404
0.0
0.0
0.0
0.0
0.0
0.0157962605
0.0
0.0
0.0
0.0
0.0
0.0
0.0
0.0
0.0159574468
0.0
0.0
0.0
0.0
0.0
0.0
0.0
0.0
0.0000000000
0.0
0.0394162575
0.0
0.0412373433
0.0
0.0000000000
0.0
0.0000000000
0.0
0.0
0.0
0.0
0.0
0.0
0.0
0.0000000000
0.0
0.0070921986
0.0
0.0
0.0580242264
0.0712688868
0.0217198582
0.0
0.0
0.0292806484
0.0
0.0
0.0
0.0575152420
0.0520375999
0.0
0.0
0.0
0.0
0.0
0.0
0.0301418440
0.0354418248
0.0
0.0379002173
0.0
0.0
0.0
0.0
0.0
0.0
0.0204964539
0.0
0.0
0.0
0.0
0.0
0.0
0.0
0.0
0.0
0.0000000000
0.0
0.0
0.0000000000
0.0
0.0
0.0
0.0
0.0
0.0446036571
0.0000000000
0.0159574468
0.0
0.0
0.0070921986
0.0
0.0
0.0
0.0
0.0000000000
0.0580242264
0.0
0.0276979107
0.0520375999
0.0
0.0
0.0
0.0
0.0
0.0
0.0
0.0461742084
0.0
0.0516278550
0.0
0.0193065406
0.0690182904
0.0000000000
0.0394162575
0.0
0.0455328999
0.0106382979
0.0496722545
0.0070921986
0.0244005404
0.0580242264
0.0301418440
0.0070921986
0.0397378036
0.0366298189
0.0
0.0
0.0682993499
0.0209147489
0.0070921986
0.0
0.0
0.0482113058
0.0397378036
0.0
0.0596067054
0.0516278550
0.0
0.0070921986
0.0
0.0000000000
0.0
0.0106382979
0.0159574468
0.0350627679
0.0705025547
0.0124113475
0.0000000000
0.0124113475
0.0
0.0570151095
0.0489308775
0.0157962605
0.0000000000
0.0
0.0000000000
0.0000000000
0.0193065406
0.0366008105
0.0
0.0070921986
0.0
0.0
0.0
0.0
0.0000000000
0.0
0.0
0.0570151095
0.0
0.0070921986
0.0276979107
0.0000000000
0.0000000000
0.0399801072
0.0
0.0
0.0159574468
0.0000000000
0.0368356044
0.0
0.0000000000
0.0000000000
0.0301418440
0.0455328999
0.0
0.0000000000
0.0449091616
0.0618560150
0.0
0.0379563961
0.0394984192
0.0331148363
0.0601535559
0.0000000000
0.0000000000
0.0000000000
0.0106382979
0.0000000000
0.0244005404
0.0000000000
0.0000000000
0.0000000000
0.0624451199
0.0000000000
0.0249956755
0.0000000000
0.0
0.0000000000
0.0276979107
0.0
0.0
0.0431364315
0.0580242264
0.0000000000
0.0000000000
0.0070921986
0.0
0.0000000000
0.0
0.0070921986
0.0106382979
0.0000000000
0.0000000000
0.0000000000
0.0000000000
0.0000000000
0.0000000000
0.0000000000
0.0399801072
0.0000000000
0.0000000000
0.0070921986
0.0000000000
0.0000000000
0.0443022810
0.0000000000
0.0000000000
0.0000000000
0.0489308775
0.0000000000
0.0000000000
0.0000000000
0.0000000000
