0.0
0.0
0.0
0.0
0.0
0.0
0.0
0.0
0.0
0.0
0.0
0.0
0.0
0.0
0.0
0.0
0.0
0.0
0.0
0.0
0.0
0.0
0.0
0.0
0.0
0.0
0.0
0.0
0.0
0.0
0.0
0.0
0.0
0.0
0.0
0.0
0.0
0.0
0.0
0.0
0.0
0.0
0.0000000000
0.0677257525
0.0
0.0
0.0
0.0
0.0
0.0000000000
0.0
0.0
0.0
0.0
0.0
0.1235697941
0.0
0.0
0.0
0.0
0.1717921527
0.0
0.0809595202
0.0
0.0
0.0
0.0
0.0
0.0
0.0
0.0
0.1214392804
0.0
0.0
0.0
0.0000000000
0.0
0.0000000000
0.0
0.1600790514
0.0
0.0
0.0217391304
0.0
0.0
0.0000000000
0.1154668567
0.0
0.0
0.0
0.0
0.1467391304
0.0
0.0
0.0000000000
0.0
0.0
0.0
0.0
0.0
0.0
0.1154668567
0.0
0.0000000000
0.0000000000
0.0
0.0
0.0000000000
0.0
0.0791402052
0.0
0.0000000000
0.0217391304
0.1214392804
0.0
0.0000000000
0.1083612040
0.0
0.1257763975
0.0000000000
0.0000000000
0.1193809875
0.0000000000
0.0964860036
0.0
0.0000000000
0.0
0.0
0.1193809875
0.0217391304
0.0000000000
0.0000000000
0.0
0.0000000000
0.0000000000
0.0
0.0926773455
0.0217391304
0.0978260870
0.0000000000
0.0
0.0978260870
0.0
0.0000000000
0.0
0.0
0.0000000000
0.0000000000
0.0000000000
