0.0
0.0
0.0
0.0
0.0
0.0
0.1824838074
0.0
0.0
0.0
0.0
0.0
0.2163967273
0.0
0.0
0.1824838074
0.0
0.0
0.0
0.0
0.0
0.0
0.0
0.0
0.0
0.0
0.0
0.1771944217
0.1866628259
0.1988034975
0.0
0.1389365352
0.1709988125
0.0
0.0
0.0
0.1429990070
0.0000000000
0.1838558661
0.0
0.1181296144
0.1734243276
0.1698113208
0.1641129543
0.1798002220
0.1663457836
0.0
0.0
0.0
0.1972002435
0.0
0.1940700809
0.1266986020
0.0
0.1158901905
0.0
0.1972002435
0.1547647480
0.1798002220
0.0000000000
0.1722030295
0.1811320755
0.0
0.1473062060
0.1010447528
0.0
0.2183288410
0.0000000000
0.1010447528
0.0
0.1429990070
0.1491026231
0.2421072296
0.0
0.1652218256
0.0
0.1895568232
0.0000000000
0.0000000000
0.2144985104
0.0188679245
0.1895568232
0.0000000000
0.0000000000
0.1557505108
0.0000000000
0.0000000000
0.0000000000
0.0000000000
0.0000000000
0.0
0.0000000000
0.0188679245
0.0000000000
0.0000000000
