0.0
0.0
0.0
0.0
0.0
0.0
0.0778263686
0.0
0.0
0.0
0.0
0.0
0.0
0.0
0.0
0.0811381290
0.0
0.0
0.0
0.0
0.0
0.0
0.0
0.0
0.0
0.0
0.0
0.0
0.0
0.0000000000
0.0
0.0907974301
0.0
0.0
0.0
0.0
0.0756216556
0.0000000000
0.0069444444
0.0
0.0813855014
0.0
0.0
0.0723426679
0.0635582011
0.0
0.0
0.0
0.0
0.0842096039
0.0
0.0
0.0711851852
0.0
0.0727369058
0.0
0.0787446739
0.0967190016
0.0
0.0
0.0
0.0
0.0
0.0
0.0
0.0
0.0
0.0
0.0
0.0
0.0743577840
0.0684472934
0.0727369058
0.0
0.0156250000
0.0
0.0792120013
0.0
0.0000000000
0.0
0.0806478684
0.0861111111
0.0
0.0863897878
0.0953373016
0.0612257900
0.0
0.0985034850
0.0831602631
0.0651084011
0.0
0.0
0.0
0.0
0.0
0.0
0.0000000000
0.0557295291
0.0
0.0
0.0
0.0000000000
0.0092592593
0.0069444444
0.0
0.0000000000
0.0
0.0
0.0
0.0872367466
0.0000000000
0.0000000000
0.0953373016
0.0725392512
0.0138888889
0.1042751736
0.0933372183
0.0000000000
0.0104166667
0.0
0.0
0.0511387825
0.0156250000
0.0670714685
0.0
0.0657498632
0.0
0.0
0.0
0.0000000000
0.0
0.0782828283
0.0138888889
0.0
0.0092592593
0.0764883795
0.0138888889
0.0
0.0156250000
0.0092592593
0.0773752013
0.0
0.0092592593
0.0
0.0069444444
0.0
0.0569177920
0.0
0.0842096039
0.0069444444
0.0092592593
0.0000000000
0.0654275599
0.0138888889
0.0
0.0000000000
0.0670714685
0.0764883795
0.0000000000
0.0566761029
0.0069444444
0.0
0.0721471471
0.0861111111
0.0000000000
0.0000000000
0.0000000000
0.0000000000
0.0
0.0693362193
0.0
0.0185185185
0.0823902606
0.0
0.0000000000
0.0156250000
0.0
0.0
0.0782828283
0.0651084011
0.0000000000
0.0000000000
0.0000000000
0.0104166667
0.0000000000
0.0000000000
0.0664040907
0.0574074074
0.0123456790
0.0638623073
0.0
0.0988683128
0.0907974301
0.0000000000
0.0000000000
0.0222222222
0.0138888889
0.0591894555
0.0622248122
0.0000000000
0.0069444444
0.0638623073
0.0069444444
0.0092592593
0.0000000000
0.0
0.0104166667
0.0069444444
0.0000000000
0.0693362193
0.0000000000
0.0104166667
0.0000000000
0.0
0.0842096039
0.0
0.0557295291
0.0
0.0644793344
0.0459456875
0.0651084011
0.0000000000
0.0000000000
0.0000000000
0.0000000000
0.0000000000
0.0000000000
0.0000000000
0.0000000000
0.0000000000
0.0000000000
0.0000000000
0.0000000000
0.0000000000
0.0000000000
0.0415801315
0.0000000000
0.0000000000
0.0000000000
0.0000000000
0.0000000000
0.0000000000
0.0000000000
0.0000000000
