0.0
0.0
0.0
0.0
0.1238409094
0.0
0.1492417152
0.0
0.0
0.1150479093
0.0
0.1113924298
0.0
0.1340892183
0.0
0.1253708036
0.0
0.1305486093
0.0
0.0
0.1460759818
0.0998551507
0.0
0.0
0.0
0.1247220543
0.1208904677
0.1206635144
0.1304602814
0.1288044729
0.0
0.0
0.1425131530
0.1266887621
0.1380245497
0.1339960361
0.1431479554
0.1161568048
0.1326136836
0.0
0.0
0.1498215198
0.1374342808
0.1371410355
0.0
0.1427241273
0.1487810926
0.1294095946
0.1189514472
0.1161568048
0.1115858194
0.1103090938
0.1391199827
0.0
0.1349337271
0.0
0.1244001910
0.0
0.1054815624
0.1409505088
0.0
0.0
0.1290631165
0.1325225402
0.0
0.1410536181
0.0
0.0909958924
0.1196898175
0.1338100597
0.1371410355
0.1409505088
0.1140948497
0.1387196374
0.1248836114
0.1199131194
0.0
0.0880056120
0.0920822808
0.1265225039
0.1262739332
0.1331631878
0.1385203276
0.0
0.1344632469
0.1317078524
0.1309920489
0.0
0.0975811214
0.1062956428
0.1327049525
0.0
0.1271901689
0.1149793059
0.0938298277
0.0
0.0941045856
0.1293228008
0.1223479035
0.1304602814
0.1335320609
0.1313489755
0.1169316531
0.1075406001
0.1234444917
0.1357889408
0.0
0.0980276034
0.1379258197
0.0
0.1252079844
0.1355979578
0.1162969216
0.1188781110
0.1146375125
0.1148423442
0.1349337271
0.0
0.1265225039
0.1398261755
0.1202121546
0.1271901689
0.0972366596
0.1225812435
0.0028188865
0.1425131530
0.0
0.1103722358
0.0000000000
0.1347451404
0.0
0.0
0.1169316531
0.0021141649
0.1341825303
0.1052512533
0.1104354502
0.1256158280
0.1317078524
0.1321592159
0.1257797104
0.1325225402
0.1248836114
0.0
0.1039462512
0.1401310291
0.1156690438
0.0000000000
0.1430417626
0.1130910827
0.1231291801
0.1386199108
0.1223479035
0.1190983916
0.1323406287
0.1157384730
0.0000000000
0.0000000000
0.1155304350
0.1108162621
0.1405395743
0.0000000000
0.1140948497
0.0943809574
0.1210422448
0.1053087362
0.1223479035
0.1018058585
0.1110076546
0.1327963471
0.0
0.0
0.0773757207
0.0
0.1053087362
0.1108799862
0.0
0.1312595616
0.1136912123
0.0
0.0967487687
0.1204374116
0.1108162621
0.1364616391
0.1048506232
0.1182946601
0.1322498601
0.0
0.0965549805
0.1106890333
0.1162969216
0.1343695442
0.1191720000
0.1055392972
0.1341825303
0.1062956428
0.1139599858
0.1445429505
0.1142977451
0.0
0.0
0.1150479093
0.1274423635
0.0
0.1171447728
0.0830048627
0.0
0.1238409094
0.0
0.1010059172
0.1060034612
0.1340892183
0.0
0.1061201409
0.0962177126
0.1247220543
0.1060617690
0.1135573003
0.0
0.1319782998
0.0000000000
0.1339029833
0.1333473693
0.0000000000
0.0
0.1268554579
0.0042283298
0.0000000000
0.1180773399
0.1388195075
0.1058870379
0.1309920489
0.0
0.1455247517
0.1242398814
0.1093085578
0.1352175989
0.0
0.1265225039
0.0
0.1266055785
0.0000000000
0.0965066546
0.0000000000
0.1232078569
0.0908672460
0.1267720552
0.0021141649
0.1271063256
0.1240799845
0.0946125103
0.0000000000
0.1149107843
0.1266887621
0.0840541831
0.0836530568
0.1248836114
0.1120396839
0.1415714361
0.0000000000
0.0
0.0000000000
0.1013243804
0.1067664983
0.1240799845
0.1100572466
0.1154612551
0.1143655374
0.0866218760
0.0000000000
0.0821210801
0.1430417626
0.1057708700
0.1138926734
0.0
0.0
0.1210422448
0.0000000000
0.0000000000
0.1145013634
0.1000624266
0.1149793059
0.1049076692
0.0763040348
0.1324315220
0.1133570229
0.1205880525
0.0021141649
0.0042283298
0.1295835322
0.0
0.0945197529
0.1124972555
0.0994944768
0.1165077317
0.1143655374
0.1199877386
0.0000000000
0.0983275349
0.1254523721
0.0000000000
0.1037784155
0.0979777927
0.1090612534
0.1010588553
0.1060617690
0.1269389704
0.0028188865
0.1104987370
0.0000000000
0.1087536920
0.1201372561
0.0000000000
0.0
0.0000000000
0.1301081619
0.0951729003
0.1050791804
0.1108162621
0.1202121546
0.1121700384
0.1134904626
0.0942425689
0.0
0.0000000000
0.0021141649
0.0735393959
0.0659665741
0.0000000000
0.1088765082
0.0000000000
0.1128924450
0.1268554579
0.0000000000
0.1090612534
0.1058870379
0.1236820372
0.0000000000
0.1134904626
0.1011648982
0.1174301437
0.1046230580
0.0021141649
0.0
0.1088765082
0.0983275349
0.0000000000
0.0
0.0987303103
0.1271901689
0.0983275349
0.0000000000
0.1032781446
0.0021141649
0.1225812435
0.1018058585
0.0773757207
0.0000000000
0.0838713771
0.1095569864
0.0000000000
0.0
0.0929254438
0.1205880525
0.0912542811
0.0000000000
0.0975317633
0.1158775817
0.0000000000
0.1330712878
0.0906110413
0.0000000000
0.0000000000
0.0000000000
0.0000000000
0.0909529698
0.1151165946
0.0000000000
0.1169316531
0.0840541831
0.0000000000
0.0000000000
0.0903986385
0.0000000000
0.0846817286
0.1099317537
0.1239204987
0.0000000000
0.0931949231
0.0000000000
0.0000000000
0.0000000000
0.0931949231
0.0000000000
0.0000000000
0.0000000000
0.0000000000
0.1202871466
0.0021141649
0.0028188865
0.1256977158
0.0947519882
0.0941505351
0.1155304350
0.0000000000
0.0000000000
0.0975811214
0.0000000000
0.0
0.0000000000
0.0846817286
0.1140273779
0.0000000000
0.0000000000
0.0021141649
0.0930599884
0.1028374912
0.1230506037
0.0941965295
0.0000000000
0.0000000000
0.0944734424
0.0903986385
0.0021141649
0.0000000000
0.0000000000
0.0000000000
0.0000000000
0.0000000000
0.0042283298
0.0
0.0
0.0000000000
0.0000000000
0.0000000000
0.0000000000
0.0000000000
0.0000000000
0.1084478605
0.1065894395
0.0000000000
0.0028188865
0.0028188865
0.0000000000
0.0021141649
0.0000000000
0.0000000000
0.0021141649
0.1099944643
0.0000000000
0.0000000000
0.0935566696
0.0975811214
0.0000000000
0.0000000000
0.1163671068
0.1210422448
0.1139599858
0.0907816836
0.0000000000
0.0000000000
0.0000000000
0.0874865227
0.0000000000
0.0000000000
0.0000000000
0.0000000000
0.0000000000
0.0000000000
0.0000000000
0.0886122684
0.0000000000
0.0000000000
0.0000000000
0.0000000000
0.0000000000
0.0000000000
0.0000000000
0.0000000000
0.0000000000
0.0021141649
0.0000000000
0.1011648982
0.0000000000
0.0000000000
0.0000000000
0.0000000000
0.0000000000
0.0000000000
0.0000000000
0.0000000000
0.0000000000
0.0000000000
0.0000000000
0.1014843663
0.0000000000
0.0000000000
0.0000000000
0.0000000000
0.0000000000
0.0000000000
0.0000000000
0.0000000000
0.0000000000
0.0000000000
0.0028188865
0.0000000000
0.0000000000
0.0000000000
0.0000000000
0.0000000000
0.1058870379
0.0000000000
0.0000000000
0.0000000000
0.0000000000
0.0000000000
0.0000000000
0.0000000000
0.0000000000
0.0000000000
0.0000000000
0.0838713771
0.0000000000
0.0000000000
0.0968459548
0.0000000000
0.0000000000
0.0000000000
0.0000000000
0.0000000000
0.0000000000
0.0000000000
0.0000000000
0.0000000000
0.0000000000
0.0000000000
0.0000000000
0.0000000000
0.0000000000
0.0000000000
0.0000000000
0.0000000000
