0.0
0.0
0.0
0.0
0.0
0.0
0.0
0.0
0.0
0.0
0.0
0.0
0.0
0.0
0.0
0.0
0.0
0.0
0.0
0.0
0.0
0.0
0.0
0.0
0.0
0.0
0.0
0.0
0.0
0.0
0.0
0.0
0.0
0.0
0.0
0.0
0.0
0.0
0.0
0.0
0.0
0.0
0.0
0.0
0.0
0.0
0.0
0.0
0.0
0.0
0.0
0.0
0.0
0.0
0.0
0.0
0.0
0.0
0.0
0.0
0.1195081967
0.0
0.0
0.0
0.0
0.0
0.0
0.0
0.0
0.0
0.0
0.0
0.0
0.0
0.0
0.1551063830
0.0
0.0
0.0
0.1859693878
0.0
0.0
0.0
0.0
0.0
0.0
0.0000000000
0.0
0.0
0.0
0.0
0.1598684211
0.0
0.0
0.0
0.0
0.0
0.0
0.0
0.0
0.0
0.0
0.0
0.0
0.0
0.0
0.0
0.1125000000
0.0
0.1703271028
0.0
0.0
0.0
0.0
0.0
0.0
0.0
0.0
0.1062682216
0.1345018450
0.0
0.0125000000
0.0
0.0
0.0
0.0
0.0
0.0
0.0
0.0
0.0
0.0
0.0
0.0000000000
0.0
0.0
0.0
0.1239795918
0.1125000000
0.1949197861
0.0
0.1350000000
0.0
0.0
0.0
0.0
0.0
0.0
0.0
0.0
0.0250000000
0.0
0.1506198347
0.0
0.0
0.0
0.1620000000
0.1481707317
0.0000000000
0.1231418919
0.0
0.1531512605
0.1215000000
0.0000000000
0.1458000000
0.0
0.0
0.0166666667
0.0
0.0
0.0
0.1446428571
0.1525104603
0.1649321267
0.0
0.1664383562
0.1315884477
0.1869230769
0.0
0.0125000000
0.0
0.0
0.1859693878
0.1591703057
0.1056521739
0.0
0.1735714286
0.0000000000
0.1571120690
0.1330291971
0.1125000000
0.0000000000
0.1128482972
0.0
0.0
0.0
0.0920454545
0.1591703057
0.1131987578
0.0
0.0
0.0
0.0125000000
0.0
0.0972000000
0.1711267606
0.1375471698
0.1345018450
0.0
0.0000000000
0.1053468208
0.1370300752
0.1605726872
0.0915829146
0.1518750000
0.1429411765
0.0000000000
0.1202970297
0.1032577904
0.0
0.0000000000
0.0
0.1125000000
0.1423828125
0.0125000000
0.0166666667
0.0920454545
0.1244027304
0.1365168539
0.0000000000
0.0000000000
0.1301785714
0.0000000000
0.0000000000
0.0000000000
0.1032577904
0.0000000000
0.0000000000
0.0000000000
0.0000000000
0.0000000000
