0.0
0.0
0.0
0.0
0.1347784436
0.0
0.1532587030
0.0
0.0
0.1198307419
0.0
0.1320334651
0.0
0.1153530807
0.0
0.1155587012
0.0918249736
0.1066257095
0.0
0.1276150224
0.0890500431
0.0049019608
0.0
0.0
0.0
0.1165978982
0.0970485500
0.1266180300
0.1239549357
0.1089553468
0.0
0.0
0.1394159814
0.1286278400
0.1301775730
0.1301775730
0.1045619861
0.1113890573
0.0130718954
0.0
0.0
0.1480101173
0.1183000572
0.0777319321
0.0
0.1244307704
0.0683844213
0.1117731575
0.0769933864
0.1049003744
0.1071544320
0.1095074854
0.1043936093
0.1059288094
0.1271145713
0.1151481907
0.0960421206
0.1588932141
0.0895420323
0.1237183805
0.0
0.1008218217
0.0000000000
0.1261253529
0.0
0.1266180300
0.0
0.1347784436
0.1168079845
0.1049003744
0.1198307419
0.1147405865
0.1176559553
0.1234827264
0.0985234519
0.1314978324
0.1068013696
0.0000000000
0.0940906116
0.0684566329
0.1062761170
0.1424800690
0.1064506262
0.0
0.1253934843
0.1052409600
0.1291403015
0.0112044818
0.0798379697
0.0000000000
0.1350592320
0.0
0.0112044818
0.0928774088
0.0000000000
0.1089553468
0.0000000000
0.1170188292
0.0065359477
0.0989747044
0.0000000000
0.1052409600
0.0896658802
0.1127450980
0.0892953600
0.1434257331
0.0786752808
0.0977804395
0.1239549357
0.0
0.0967588528
0.0960421206
0.0000000000
0.0778252477
0.0000000000
0.1139339743
0.0778252477
0.0000000000
0.0000000000
0.0899146066
0.0776388400
0.0000000000
0.0000000000
0.0000000000
0.0691134663
0.0897900712
0.0000000000
0.1139339743
0.1174428105
0.0885634308
0.0
0.0
0.0000000000
0.0000000000
0.1323029212
0.0000000000
0.0065359477
0.0775459705
0.0000000000
0.1000438756
0.0910511677
0.0957583920
0.0884426076
0.0
0.1042257739
0.1249102724
0.0000000000
0.0000000000
0.1059288094
0.0971940500
0.0000000000
0.1139339743
0.0769933864
0.0098039216
0.0682404541
0.0000000000
0.0000000000
0.0000000000
0.0954763349
0.0000000000
0.0777319321
0.0000000000
0.0000000000
0.0049019608
0.0957583920
0.0830069544
0.0000000000
0.0078431373
0.0049019608
0.1139339743
0.0
0.0
0.0000000000
0.0000000000
0.0000000000
0.0000000000
0.0
0.1037254902
0.0000000000
0.0
0.0773608966
0.0000000000
0.0000000000
0.0000000000
0.0000000000
0.0049019608
0.0049019608
0.0000000000
0.0000000000
0.0000000000
0.0098039216
0.0895420323
0.0049019608
0.0000000000
0.1143358578
0.0000000000
0.0946400458
0.0683844213
0.0000000000
0.0829008074
0.0000000000
0.0000000000
0.0065359477
0.0
0.0000000000
0.0000000000
0.0000000000
0.0000000000
0.0969034849
0.0065359477
0.0000000000
0.0813405663
0.0000000000
0.0000000000
0.0000000000
0.0000000000
0.0049019608
0.0000000000
0.0049019608
0.0684566329
0.0000000000
0.0711618347
0.0000000000
0.0000000000
0.0000000000
0.0000000000
0.0000000000
0.0000000000
0.0078431373
0.0883221136
0.0000000000
0.0000000000
0.0000000000
0.0000000000
0.0000000000
0.0000000000
0.0000000000
0.0000000000
