0.0
0.0
0.0
0.0
0.0
0.0
0.0021929825
0.0
0.0
0.0
0.0
0.0
0.0
0.0
0.0
0.0
0.0
0.0
0.0
0.0
0.0
0.0
0.0
0.0032894737
0.0
0.0
0.0
0.0
0.0
0.0
0.0
0.0
0.0
0.0
0.0
0.0
0.0
0.0
0.0
0.0
0.0
0.0
0.0000000000
0.0
0.0
0.0
0.0
0.0
0.0
0.0
0.0
0.0
0.0140085597
0.0
0.0
0.0
0.0
0.0
0.0000000000
0.0
0.0
0.0000000000
0.0
0.0
0.0
0.0016447368
0.0
0.0193293183
0.0032894737
0.0
0.0037006579
0.0037006579
0.0
0.0
0.0
0.0
0.0
0.0
0.0
0.0
0.0
0.0
0.0
0.0021929825
0.0
0.0037006579
0.0
0.0
0.0
0.0
0.0
0.0
0.0119085562
0.0
0.0016447368
0.0
0.0
0.0
0.0016447368
0.0
0.0
0.0
0.0
0.0
0.0
0.0
0.0
0.0
0.0
0.0
0.0
0.0143164401
0.0
0.0
0.0
0.0
0.0
0.0029605263
0.0
0.0
0.0
0.0141608267
0.0
0.0000000000
0.0
0.0037380383
0.0
0.0
0.0156586064
0.0
0.0
0.0
0.0
0.0
0.0
0.0037006579
0.0
0.0
0.0
0.0024671053
0.0029605263
0.0
0.0
0.0
0.0
0.0
0.0016447368
0.0032894737
0.0032894737
0.0000000000
0.0043859649
0.0
0.0000000000
0.0
0.0
0.0
0.0
0.0
0.0
0.0
0.0
0.0
0.0
0.0
0.0
0.0
0.0
0.0
0.0145726628
0.0
0.0
0.0
0.0
0.0
0.0043859649
0.0
0.0
0.0037593985
0.0
0.0
0.0
0.0
0.0
0.0
0.0
0.0
0.0
0.0
0.0000000000
0.0
0.0000000000
0.0
0.0
0.0
0.0016447368
0.0
0.0
0.0
0.0130802817
0.0
0.0000000000
0.0132397973
0.0
0.0
0.0
0.0
0.0051398026
0.0037006579
0.0
0.0
0.0021929825
0.0
0.0
0.0000000000
0.0000000000
0.0
0.0
0.0
0.0021929825
0.0032894737
0.0
0.0
0.0
0.0
0.0
0.0000000000
0.0
0.0
0.0000000000
0.0
0.0
0.0
0.0155836848
0.0
0.0104057193
0.0
0.0
0.0000000000
0.0
0.0
0.0024671053
0.0
0.0
0.0
0.0
0.0000000000
0.0
0.0
0.0
0.0000000000
0.0
0.0151487913
0.0
0.0
0.0
0.0021929825
0.0000000000
0.0
0.0
0.0024671053
0.0
0.0021929825
0.0
0.0
0.0
0.0
0.0021929825
0.0
0.0000000000
0.0000000000
0.0
0.0141301090
0.0000000000
0.0
0.0
0.0
0.0
0.0
0.0
0.0
0.0
0.0
0.0
0.0045687135
0.0
0.0
0.0174637541
0.0
0.0
0.0029239766
0.0
0.0
0.0029239766
0.0
0.0016447368
0.0
0.0
0.0016447368
0.0
0.0
0.0110970703
0.0
0.0
0.0
0.0
0.0000000000
0.0
0.0172784622
0.0000000000
0.0
0.0
0.0
0.0
0.0
0.0029605263
0.0
0.0000000000
0.0021929825
0.0
0.0
0.0119085562
0.0112893939
0.0
0.0000000000
0.0
0.0
0.0143479741
0.0
0.0
0.0
0.0000000000
0.0
0.0
0.0016447368
0.0
0.0000000000
0.0
0.0
0.0000000000
0.0026315789
0.0
0.0129760563
0.0
0.0
0.0
0.0
0.0
0.0
0.0170523044
0.0032894737
0.0
0.0
0.0128734788
0.0
0.0
0.0032894737
0.0
0.0
0.0
0.0
0.0032894737
0.0
0.0051398026
0.0
0.0016447368
0.0
0.0
0.0
0.0
0.0
0.0
0.0000000000
0.0016447368
0.0
0.0
0.0024671053
0.0
0.0016447368
0.0151841032
0.0
0.0
0.0
0.0170970611
0.0000000000
0.0
0.0000000000
0.0016447368
0.0
0.0172784622
0.0119742284
0.0
0.0037593985
0.0016447368
0.0
0.0
0.0
0.0
0.0149403217
0.0027412281
0.0
0.0
0.0000000000
0.0
0.0122213513
0.0
0.0
0.0
0.0
0.0
0.0000000000
0.0
0.0127976037
0.0
0.0021929825
0.0000000000
0.0032894737
0.0000000000
0.0032894737
0.0118436005
0.0
0.0129502590
0.0
0.0163667846
0.0016447368
0.0
0.0
0.0
0.0021929825
0.0
0.0037006579
0.0
0.0
0.0000000000
0.0
0.0
0.0000000000
0.0000000000
0.0
0.0016447368
0.0
0.0103396512
0.0120406290
0.0
0.0
0.0
0.0000000000
0.0
0.0021929825
0.0000000000
0.0
0.0000000000
0.0
0.0
0.0037006579
0.0021929825
0.0
0.0184010742
0.0000000000
0.0
0.0021929825
0.0128989708
0.0016447368
0.0
0.0
0.0
0.0000000000
0.0
0.0
0.0
0.0
0.0
0.0110970703
0.0037006579
0.0037006579
0.0016447368
0.0029605263
0.0032894737
0.0
0.0016447368
0.0
0.0
0.0016447368
0.0
0.0016447368
0.0000000000
0.0
0.0147375119
0.0
0.0016447368
0.0
0.0016447368
0.0
0.0
0.0
0.0000000000
0.0000000000
0.0000000000
0.0111924060
0.0026315789
0.0
0.0000000000
0.0
0.0
0.0043859649
0.0052631579
0.0049342105
0.0
0.0
0.0
0.0
0.0000000000
0.0
0.0045546559
0.0
0.0
0.0000000000
0.0
0.0
0.0000000000
0.0000000000
0.0000000000
0.0
0.0000000000
0.0
0.0
0.0000000000
0.0021929825
0.0
0.0021929825
0.0
0.0021929825
0.0000000000
0.0000000000
0.0016447368
0.0
0.0021929825
0.0045687135
0.0111160073
0.0021929825
0.0
0.0000000000
0.0
0.0074013158
0.0
0.0
0.0158491004
0.0
0.0000000000
0.0000000000
0.0158877567
0.0103232651
0.0
0.0110970703
0.0
0.0032894737
0.0
0.0000000000
0.0032894737
0.0032894737
0.0140995244
0.0
0.0
0.0016447368
0.0121529483
0.0037006579
0.0000000000
0.0000000000
0.0000000000
0.0
0.0
0.0
0.0
0.0
0.0000000000
0.0021929825
0.0000000000
0.0000000000
0.0129760563
0.0
0.0168319903
0.0021929825
0.0
0.0
0.0000000000
0.0
0.0119742284
0.0
0.0029605263
0.0032894737
0.0021929825
0.0
0.0
0.0155836848
0.0191587655
0.0016447368
0.0000000000
0.0031629555
0.0
0.0166597961
0.0
0.0000000000
0.0024671053
0.0120406290
0.0
0.0
0.0000000000
0.0
0.0053827751
0.0
0.0021929825
0.0000000000
0.0
0.0000000000
0.0000000000
0.0016447368
0.0041118421
0.0
0.0000000000
0.0000000000
0.0121984649
0.0000000000
0.0188811022
0.0000000000
0.0
0.0000000000
0.0
0.0000000000
0.0000000000
0.0000000000
0.0
0.0141301090
0.0
0.0
0.0
0.0000000000
0.0016447368
0.0021929825
0.0
0.0
0.0
0.0000000000
0.0032894737
0.0052631579
0.0045687135
0.0016447368
0.0016447368
0.0
0.0032894737
0.0000000000
0.0000000000
0.0
0.0
0.0000000000
0.0032894737
0.0
0.0
0.0049342105
0.0000000000
0.0000000000
0.0016447368
0.0
0.0129502590
0.0016447368
0.0000000000
0.0024671053
0.0000000000
0.0
0.0000000000
0.0032894737
0.0016447368
0.0016447368
0.0
0.0000000000
0.0021929825
0.0024671053
0.0021929825
0.0170970611
0.0000000000
0.0000000000
0.0024671053
0.0016447368
0.0
0.0
0.0156210558
0.0016447368
0.0000000000
0.0016447368
0.0
0.0032894737
0.0000000000
0.0
0.0
0.0000000000
0.0177492650
0.0000000000
0.0032894737
0.0016447368
0.0149746673
0.0000000000
0.0
0.0
0.0000000000
0.0045687135
0.0000000000
0.0021929825
0.0098398493
0.0
0.0053827751
0.0000000000
0.0000000000
0.0016447368
0.0037006579
0.0000000000
0.0
0.0142850444
0.0021929825
0.0000000000
0.0
0.0000000000
0.0000000000
0.0
0.0000000000
0.0118651735
0.0110781977
0.0016447368
0.0000000000
0.0000000000
0.0000000000
0.0024671053
0.0032894737
0.0021929825
0.0000000000
0.0000000000
0.0021929825
0.0
0.0016447368
0.0000000000
0.0000000000
0.0
0.0000000000
0.0024671053
0.0052631579
0.0000000000
0.0016447368
0.0016447368
0.0000000000
0.0
0.0043859649
0.0
0.0
0.0000000000
0.0105404211
0.0125995750
0.0000000000
0.0000000000
0.0027412281
0.0000000000
0.0000000000
0.0032894737
0.0000000000
0.0
0.0000000000
0.0
0.0000000000
0.0000000000
0.0104895012
0.0016447368
0.0
0.0000000000
0.0000000000
0.0000000000
0.0021929825
0.0000000000
0.0
0.0000000000
0.0021929825
0.0163257651
0.0109847897
0.0148045006
0.0000000000
0.0016447368
0.0021929825
0.0016447368
0.0137716285
0.0103232651
0.0000000000
0.0000000000
0.0
0.0
0.0000000000
0.0000000000
0.0119085562
0.0000000000
0.0021929825
0.0000000000
0.0016447368
0.0000000000
0.0
0.0000000000
0.0021929825
0.0000000000
0.0111350090
0.0037006579
0.0000000000
0.0
0.0137425744
0.0032894737
0.0000000000
0.0000000000
0.0
0.0000000000
0.0
0.0016447368
0.0000000000
0.0016447368
0.0021929825
0.0000000000
0.0045546559
0.0016447368
0.0000000000
0.0016447368
0.0
0.0016447368
0.0119962804
0.0000000000
0.0104223684
0.0016447368
0.0000000000
0.0
0.0000000000
0.0
0.0000000000
0.0158877567
0.0000000000
0.0000000000
0.0016447368
0.0000000000
0.0000000000
0.0000000000
0.0
0.0032894737
0.0
0.0000000000
0.0016447368
0.0140085597
0.0000000000
0.0016447368
0.0000000000
0.0016447368
0.0000000000
0.0
0.0141301090
0.0000000000
0.0000000000
0.0
0.0000000000
0.0000000000
0.0000000000
0.0016447368
0.0
0.0034265351
0.0000000000
0.0016447368
0.0000000000
0.0021929825
0.0029239766
0.0
0.0016447368
0.0000000000
0.0000000000
0.0016447368
0.0029605263
0.0000000000
0.0
0.0000000000
0.0016447368
0.0000000000
0.0021929825
0.0
0.0000000000
0.0032894737
0.0000000000
0.0119303668
0.0000000000
0.0000000000
0.0
0.0000000000
0.0113286613
0.0016447368
0.0000000000
0.0000000000
0.0000000000
0.0000000000
0.0016447368
0.0000000000
0.0000000000
0.0058740602
0.0
0.0016447368
0.0
0.0000000000
0.0016447368
0.0000000000
0.0188265326
0.0000000000
0.0016447368
0.0000000000
0.0000000000
0.0000000000
0.0137716285
0.0111350090
0.0000000000
0.0000000000
0.0037380383
0.0016447368
0.0000000000
0.0000000000
0.0000000000
0.0029370301
0.0000000000
0.0000000000
0.0000000000
0.0000000000
0.0097368913
0.0000000000
0.0
0.0000000000
0.0000000000
0.0
0.0000000000
0.0169634903
0.0021929825
0.0
0.0000000000
0.0000000000
0.0
0.0000000000
0.0034265351
0.0016447368
0.0000000000
0.0000000000
0.0
0.0000000000
0.0000000000
0.0000000000
0.0130279605
0.0000000000
0.0000000000
0.0016447368
0.0000000000
0.0016447368
0.0016447368
0.0000000000
0.0000000000
0.0000000000
0.0000000000
0.0037380383
0.0000000000
0.0000000000
0.0021929825
0.0000000000
0.0016447368
0.0016447368
0.0
0.0000000000
0.0000000000
0.0000000000
0.0000000000
0.0000000000
0.0000000000
0.0000000000
0.0000000000
0.0031629555
0.0000000000
0.0000000000
0.0000000000
0.0016447368
0.0000000000
0.0000000000
0.0016447368
0.0000000000
0.0000000000
0.0000000000
0.0000000000
0.0000000000
0.0000000000
0.0016447368
0.0000000000
0.0000000000
0.0000000000
0.0000000000
0.0182976974
0.0000000000
0.0000000000
0.0000000000
0.0000000000
0.0000000000
0.0000000000
0.0000000000
0.0000000000
0.0000000000
0.0000000000
0.0000000000
0.0000000000
0.0000000000
0.0000000000
0.0000000000
0.0016447368
0.0000000000
0.0000000000
0.0000000000
0.0000000000
0.0000000000
0.0021929825
0.0000000000
0.0000000000
0.0000000000
0.0000000000
0.0000000000
0.0000000000
0.0000000000
0.0000000000
0.0000000000
0.0000000000
0.0000000000
0.0000000000
0.0000000000
0.0000000000
0.0016447368
0.0000000000
0.0000000000
0.0000000000
0.0000000000
0.0000000000
0.0000000000
0.0000000000
0.0000000000
0.0000000000
0.0000000000
0.0000000000
0.0000000000
0.0000000000
0.0000000000
0.0000000000
0.0000000000
0.0000000000
0.0000000000
0.0000000000
0.0000000000
0.0000000000
0.0000000000
0.0000000000
0.0000000000
0.0000000000
0.0000000000
0.0000000000
0.0000000000
0.0000000000
