0.0
0.0
0.0
0.0
0.0
0.0
0.0
0.2348582474
0.0
0.0
0.0
0.0
0.0
0.0
0.0
0.0
0.0
0.0
0.0
0.0
0.1858219100
0.0
0.0
0.2087628866
0.0
0.0
0.0
0.0
0.0
0.0
0.0
0.2154113862
0.2087628866
0.2062169977
0.0
0.0
0.0
0.1803711340
0.0
0.0
0.0
0.0
0.0
0.0
0.0
0.0
0.0
0.0
0.0
0.0
0.0
0.0
0.0
0.2300652220
0.0
0.0
0.0
0.2356765688
0.0
0.2224972870
0.0
0.0
0.0
0.2523849823
0.2037324556
0.2068476308
0.1649735982
0.0
0.1695217425
0.0
0.2133727926
0.2662959656
0.2468583039
0.0
0.0
0.2292853399
0.2477625467
0.2167922284
0.0
0.0
0.0
0.1496441930
0.2031206464
0.0
0.0
0.2373304395
0.1682566549
0.0
0.2441847482
0.2407088087
0.0
0.2196077119
0.2486734384
0.2285107272
0.0
0.0
0.1921567479
0.1403302391
0.2486734384
0.1889362437
0.2081205393
0.0
0.1995255907
0.1899976833
0.0
0.0
0.0
0.1843029299
0.0
0.0
0.2147275405
0.1743277713
0.0
0.2441847482
0.2277413308
0.0
0.2277413308
0.0000000000
0.0
0.2120350322
0.2055901984
0.0
0.0
0.2468583039
0.1818257399
0.2316410112
0.2031206464
0.2013070692
0.0
0.2019079858
0.2174893095
0.2107139416
0.1843029299
0.2433063858
0.2373304395
0.2094092113
0.1712384184
0.1833039980
0.2043479615
0.0
0.1721098607
0.2133727926
0.0
0.0103092784
0.1960555805
0.0
0.2441847482
0.1966255095
0.1818257399
0.0
0.2300652220
0.0
0.0
0.2019079858
0.0
0.1823158363
0.1743277713
0.0
0.0000000000
0.0
0.2100595505
0.1591510006
0.2316410112
0.2316410112
0.1380391332
0.2407088087
0.1406219860
0.0
0.1889362437
0.2013070692
0.0
0.0000000000
0.2477625467
0.0000000000
0.0103092784
0.1506440429
0.0000000000
0.0000000000
0.0000000000
0.1686762475
0.0000000000
0.0000000000
0.0000000000
0.0000000000
0.0000000000
0.0000000000
0.0000000000
