0.0034129693
0.0
0.0
0.0
0.0
0.0
0.0000000000
0.0
0.0
0.0000000000
0.0
0.0
0.0
0.0
0.0
0.0
0.0
0.0
0.0
0.0
0.0
0.0
0.0
0.0243783520
0.0
0.0
0.0000000000
0.0
0.0
0.0
0.0
0.0
0.0
0.0
0.0
0.0
0.0
0.0
0.0
0.0
0.0
0.0
0.0000000000
0.0
0.0
0.0
0.0
0.0
0.0
0.0
0.0
0.0
0.0000000000
0.0
0.0034129693
0.0
0.0
0.0
0.0034129693
0.0
0.0
0.0000000000
0.0
0.0
0.0
0.0000000000
0.0
0.0045506257
0.0000000000
0.0
0.0000000000
0.0193643647
0.0
0.0
0.0298401686
0.0
0.0
0.0
0.0
0.0
0.0
0.0
0.0
0.0192279960
0.0
0.0265084993
0.0
0.0
0.0
0.0
0.0
0.0
0.0000000000
0.0
0.0000000000
0.0
0.0
0.0
0.0000000000
0.0
0.0295175722
0.0000000000
0.0
0.0
0.0
0.0
0.0
0.0
0.0
0.0
0.0
0.0068259386
0.0
0.0
0.0
0.0
0.0
0.0000000000
0.0
0.0045506257
0.0
0.0325044694
0.0
0.0000000000
0.0
0.0034129693
0.0
0.0
0.0034129693
0.0
0.0
0.0
0.0
0.0
0.0054607509
0.0034129693
0.0
0.0
0.0
0.0356911820
0.0000000000
0.0
0.0
0.0
0.0224722257
0.0
0.0266378090
0.0174464883
0.0034129693
0.0034129693
0.0000000000
0.0
0.0078010726
0.0
0.0060675009
0.0
0.0
0.0
0.0121891760
0.0
0.0
0.0215839955
0.0
0.0
0.0
0.0
0.0034129693
0.0034129693
0.0328960895
0.0
0.0000000000
0.0
0.0
0.0
0.0068259386
0.0
0.0
0.0034129693
0.0
0.0195026816
0.0
0.0000000000
0.0
0.0045506257
0.0
0.0
0.0076791809
0.0000000000
0.0000000000
0.0000000000
0.0000000000
0.0034129693
0.0257582587
0.0
0.0045506257
0.0
0.0
0.0
0.0045506257
0.0
0.0077567484
0.0077567484
0.0
0.0
0.0
0.0252812540
0.0051194539
0.0000000000
0.0
0.0000000000
0.0257582587
0.0
0.0
0.0325044694
0.0034129693
0.0
0.0
0.0222887790
0.0068259386
0.0076791809
0.0
0.0
0.0
0.0
0.0
0.0000000000
0.0076791809
0.0034129693
0.0045506257
0.0
0.0
0.0
0.0263804389
0.0
0.0000000000
0.0
0.0045506257
0.0000000000
0.0
0.0
0.0000000000
0.0000000000
0.0
0.0
0.0
0.0263804389
0.0
0.0091012514
0.0
0.0000000000
0.0
0.0000000000
0.0224722257
0.0034129693
0.0
0.0000000000
0.0068259386
0.0
0.0
0.0000000000
0.0
0.0000000000
0.0
0.0
0.0
0.0
0.0000000000
0.0217559795
0.0000000000
0.0000000000
0.0
0.0000000000
0.0174464883
0.0034129693
0.0
0.0
0.0
0.0
0.0000000000
0.0
0.0068259386
0.0
0.0034129693
0.0000000000
0.0000000000
0.0
0.0034129693
0.0000000000
0.0091012514
0.0045506257
0.0045506257
0.0000000000
0.0034129693
0.0121891760
0.0170116849
0.0
0.0
0.0000000000
0.0045506257
0.0
0.0077567484
0.0214147092
0.0197853292
0.0
0.0
0.0000000000
0.0
0.0000000000
0.0034129693
0.0
0.0
0.0
0.0
0.0
0.0076791809
0.0
0.0217559795
0.0078010726
0.0000000000
0.0045506257
0.0000000000
0.0155134967
0.0000000000
0.0034129693
0.0000000000
0.0000000000
0.0000000000
0.0
0.0000000000
0.0000000000
0.0045506257
0.0
0.0226587172
0.0193643647
0.0
0.0000000000
0.0
0.0
0.0000000000
0.0109215017
0.0
0.0000000000
0.0068259386
0.0000000000
0.0
0.0000000000
0.0
0.0
0.0045506257
0.0054607509
0.0000000000
0.0
0.0000000000
0.0000000000
0.0197853292
0.0034129693
0.0000000000
0.0000000000
0.0
0.0
0.0045506257
0.0
0.0193643647
0.0045506257
0.0000000000
0.0
0.0
0.0217559795
0.0068259386
0.0
0.0
0.0000000000
0.0000000000
0.0000000000
0.0000000000
0.0000000000
0.0000000000
0.0034129693
0.0034129693
0.0045506257
0.0000000000
0.0034129693
0.0000000000
0.0000000000
0.0
0.0245979768
0.0000000000
0.0068259386
0.0000000000
0.0051194539
0.0068259386
0.0068259386
0.0000000000
0.0045506257
0.0
0.0
0.0
0.0000000000
0.0034129693
0.0
0.0077567484
0.0000000000
0.0
0.0068259386
0.0034129693
0.0000000000
0.0
0.0000000000
0.0
0.0000000000
0.0
0.0000000000
0.0000000000
0.0197853292
0.0000000000
0.0000000000
0.0034129693
0.0034129693
0.0034129693
0.0230411428
0.0000000000
0.0000000000
0.0045506257
0.0000000000
0.0000000000
0.0000000000
0.0
0.0068259386
0.0187012016
0.0000000000
0.0000000000
0.0
0.0000000000
0.0000000000
0.0000000000
0.0000000000
0.0000000000
0.0199297476
0.0034129693
0.0
0.0000000000
0.0051194539
0.0000000000
0.0000000000
0.0000000000
0.0000000000
0.0000000000
0.0045506257
0.0000000000
0.0051194539
0.0045506257
0.0034129693
0.0
0.0000000000
0.0000000000
0.0000000000
0.0034129693
0.0195026816
0.0000000000
0.0000000000
0.0000000000
0.0000000000
0.0000000000
0.0000000000
0.0068259386
0.0000000000
0.0000000000
0.0045506257
0.0000000000
0.0000000000
0.0034129693
0.0000000000
0.0000000000
0.0000000000
0.0000000000
0.0000000000
0.0000000000
0.0000000000
0.0000000000
0.0000000000
0.0
0.0288928617
0.0000000000
0.0000000000
0.0045506257
0.0000000000
0.0000000000
0.0000000000
0.0000000000
0.0000000000
0.0000000000
0.0000000000
0.0000000000
0.0000000000
0.0000000000
0.0000000000
0.0000000000
0.0000000000
0.0000000000
0.0000000000
0.0000000000
0.0000000000
0.0000000000
0.0000000000
0.0000000000
0.0000000000
0.0000000000
0.0000000000
0.0000000000
0.0000000000
0.0000000000
0.0000000000
0.0000000000
0.0000000000
0.0000000000
0.0000000000
0.0000000000
