0.0
0.0
0.0
0.0
0.0
0.0
0.0
0.0
0.0
0.0
0.0
0.0
0.0
0.0
0.0
0.0
0.0
0.0
0.0
0.0
0.0
0.0
0.0
0.0
0.0
0.0
0.0
0.0
0.0
0.1144066177
0.0
0.1207106558
0.0
0.0
0.0
0.0
0.0
0.1072497214
0.0
0.0
0.1399957902
0.0
0.0
0.0
0.1088283741
0.0
0.0
0.0
0.0
0.1228415812
0.0
0.0
0.1042259407
0.0
0.1381967788
0.0
0.0
0.0
0.0
0.0
0.0
0.0
0.0
0.0
0.0
0.0
0.0
0.0
0.0
0.0
0.1202199621
0.1315866993
0.1409969520
0.0
0.0985803689
0.0
0.1213296848
0.0
0.1207106558
0.0
0.1430428569
0.1064774462
0.0
0.1277499381
0.0965685246
0.0814153081
0.0
0.1038599146
0.1062861120
0.1241305799
0.0
0.0
0.0
0.0
0.0
0.0
0.0896185172
0.0959419649
0.0
0.0
0.0
0.1218294981
0.0000000000
0.0000000000
0.0
0.0
0.0
0.0
0.0
0.1469521027
0.1110764720
0.1121293296
0.1097369598
0.1026878843
0.0813033970
0.1197332416
0.0920594885
0.0
0.0
0.0
0.0
0.0
0.1278880461
0.1327681736
0.0
0.0981713217
0.0
0.0
0.0
0.0
0.0
0.0
0.0727083237
0.0
0.0
0.0912077430
0.1178251421
0.0
0.0
0.0920594885
0.0
0.0
0.1026878843
0.0
0.1076400752
0.0
0.0944105688
0.0
0.1163190194
0.1186523999
0.0000000000
0.0
0.0830150475
0.0763695563
0.0
0.1090289794
0.1262502056
0.0
0.1004214284
0.1327681736
0.0
0.0
0.1114952334
0.1138560565
0.0846789139
0.0997440495
0.0767162404
0.0
0.0
0.1091295597
0.0
0.1240004640
0.0
0.0
0.0123517787
0.0760748828
0.0
0.0
0.1089285844
0.0070581592
0.0123517787
0.0
0.1166631585
0.0000000000
0.0098814229
0.0
0.0
0.1082309631
0.1082309631
0.1234827168
0.0
0.1350416012
0.1246537858
0.0
0.0789695879
0.1096352574
0.1054335496
0.1106608444
0.0
0.0809695022
0.1228415812
0.1200979114
0.0
0.1081320317
0.1223334464
0.0
0.0
0.1250490938
0.0000000000
0.0
0.0601405403
0.0
0.0
0.0
0.0687370382
0.0
0.1247852771
0.0
0.0000000000
0.0
0.0
0.1009355313
0.0906486151
0.1051523935
0.1042259407
0.1290037543
0.0
0.0000000000
0.0
0.0991587952
0.1142960799
0.1258472795
0.0000000000
0.0728875186
0.0968848834
0.0855361118
0.0946371542
0.0000000000
0.0
0.1013679886
0.0930735190
0.0
0.0
0.1026878843
0.1200979114
0.1146283359
0.0
0.0935149745
0.0
0.1037688094
0.1038599146
0.0
0.1077381081
0.0845578575
0.0
0.0959419649
0.0
0.1119171643
0.0082345191
0.1112854588
0.0000000000
0.0892130035
0.0
0.1186523999
0.1019796920
0.1048727329
0.0
0.0000000000
0.0
0.0
0.1023325629
0.0
0.0688170115
0.1295689405
0.1042259407
0.0000000000
0.1280264531
0.0893477664
0.0960978413
0.0000000000
0.1022441164
0.1011945618
0.1341229509
0.1197332416
0.0601405403
0.0
0.0
0.1053396640
0.0000000000
0.0
0.0
0.0
0.0998282217
0.1203422611
0.0
0.0
0.0902337473
0.0082345191
0.1046871174
0.0000000000
0.0883468579
0.1228415812
0.0901649716
0.0000000000
0.0
0.0989928391
0.0
0.0866640606
0.0
0.0
0.0999969930
0.1023325629
0.0000000000
0.1098388511
0.1019796920
0.0000000000
0.1054335496
0.0
0.0000000000
0.0
0.1288632273
0.0977656551
0.0800923783
0.0994923824
0.0964111187
0.0727083237
0.1255800878
0.1013679886
0.1209575079
0.0981713217
0.1142960799
0.0859088182
0.0000000000
0.0934411080
0.1249170461
0.0000000000
0.1126632788
0.0000000000
0.0000000000
0.0000000000
0.0
0.0863477684
0.0659033107
0.0659033107
0.0000000000
0.1132023375
0.0873036477
0.0000000000
0.0
0.0000000000
0.1042259407
0.0968055996
0.0982528594
0.0000000000
0.0
0.0000000000
0.0
0.0
0.0000000000
0.0000000000
0.0000000000
0.0000000000
0.0792871600
0.1114952334
0.0000000000
0.0000000000
0.0
0.1024211625
0.0000000000
0.0000000000
0.0000000000
0.0905099026
0.0000000000
0.0000000000
0.0000000000
0.0774698380
0.0891457744
0.0000000000
0.0000000000
0.0000000000
0.0000000000
0.0789169064
0.0000000000
0.0000000000
0.0000000000
0.0000000000
0.0909972636
0.1031355211
0.0000000000
0.0000000000
0.1011945618
0.0830150475
0.1150743606
0.0953234832
0.0000000000
0.0902337473
0.0625576112
0.0000000000
0.0000000000
0.0000000000
0.0000000000
0.0000000000
0.0000000000
0.0000000000
0.0000000000
0.0000000000
0.0
0.0000000000
0.0000000000
0.0000000000
0.0968055996
0.0000000000
0.0
0.0000000000
0.0000000000
0.0000000000
0.0000000000
0.0000000000
0.0000000000
0.0000000000
0.0000000000
0.0000000000
