0.0
0.0
0.0
0.0
0.0
0.0
0.0101617440
0.0
0.0
0.0000000000
0.0
0.0
0.0
0.0
0.0
0.0
0.0
0.0
0.0
0.0
0.0
0.0
0.0
0.0000000000
0.0
0.0
0.0
0.0
0.0
0.0
0.0
0.0
0.0
0.0
0.0
0.0
0.0
0.0
0.0
0.0
0.0
0.0
0.0000000000
0.0
0.0
0.0
0.0
0.0
0.0
0.0
0.0
0.0
0.0000000000
0.0
0.0055555556
0.0
0.0
0.0
0.0063492063
0.0
0.0
0.0000000000
0.0
0.0
0.0
0.0027777778
0.0
0.0055555556
0.0170604915
0.0
0.0000000000
0.0000000000
0.0
0.0
0.0328181818
0.0
0.0
0.0
0.0
0.0
0.0
0.0
0.0
0.0000000000
0.0
0.0266224189
0.0
0.0
0.0
0.0
0.0
0.0
0.0000000000
0.0
0.0000000000
0.0
0.0
0.0
0.0101617440
0.0
0.0
0.0
0.0
0.0
0.0
0.0
0.0
0.0
0.0
0.0
0.0
0.0037037037
0.0
0.0
0.0
0.0
0.0
0.0000000000
0.0
0.0
0.0
0.0321174377
0.0
0.0000000000
0.0
0.0208429561
0.0
0.0
0.0000000000
0.0
0.0
0.0
0.0
0.0
0.0037037037
0.0190803383
0.0
0.0
0.0
0.0338014981
0.0167439703
0.0
0.0
0.0
0.0232005141
0.0
0.0303872054
0.0000000000
0.0041666667
0.0000000000
0.0000000000
0.0
0.0055555556
0.0
0.0
0.0
0.0
0.0
0.0234415584
0.0
0.0
0.0
0.0
0.0
0.0
0.0
0.0000000000
0.0202808989
0.0348455598
0.0
0.0116344605
0.0
0.0
0.0
0.0027777778
0.0
0.0
0.0062500000
0.0
0.0069444444
0.0
0.0000000000
0.0
0.0
0.0
0.0
0.0
0.0
0.0000000000
0.0
0.0000000000
0.0243261456
0.0151467505
0.0
0.0000000000
0.0
0.0
0.0
0.0232005141
0.0
0.0208429561
0.0303872054
0.0
0.0
0.0
0.0
0.0000000000
0.0062500000
0.0
0.0
0.0274316109
0.0
0.0
0.0027777778
0.0000000000
0.0
0.0
0.0037037037
0.0055555556
0.0000000000
0.0
0.0
0.0
0.0
0.0
0.0000000000
0.0
0.0
0.0027777778
0.0
0.0
0.0
0.0267804154
0.0
0.0173892100
0.0
0.0027777778
0.0037037037
0.0
0.0
0.0041666667
0.0131602914
0.0
0.0
0.0
0.0301839465
0.0
0.0094444444
0.0
0.0000000000
0.0
0.0000000000
0.0230818414
0.0
0.0
0.0000000000
0.0000000000
0.0
0.0
0.0000000000
0.0
0.0000000000
0.0
0.0
0.0
0.0
0.0000000000
0.0140838207
0.0000000000
0.0041666667
0.0
0.0037037037
0.0057870370
0.0037037037
0.0
0.0
0.0
0.0
0.0000000000
0.0
0.0
0.0
0.0055555556
0.0027777778
0.0239389920
0.0
0.0037037037
0.0
0.0
0.0027777778
0.0
0.0000000000
0.0027777778
0.0266224189
0.0037037037
0.0
0.0
0.0000000000
0.0
0.0
0.0228481013
0.0
0.0
0.0
0.0
0.0000000000
0.0
0.0037037037
0.0214370546
0.0
0.0
0.0
0.0
0.0
0.0203724605
0.0
0.0116344605
0.0109969559
0.0
0.0000000000
0.0000000000
0.0000000000
0.0
0.0279411765
0.0
0.0194086022
0.0000000000
0.0
0.0181589537
0.0
0.0220660147
0.0
0.0115740741
0.0202808989
0.0
0.0037037037
0.0
0.0
0.0079482948
0.0055555556
0.0
0.0000000000
0.0248622590
0.0
0.0
0.0
0.0
0.0
0.0254225352
0.0127425044
0.0
0.0
0.0037037037
0.0
0.0086805556
0.0000000000
0.0
0.0000000000
0.0
0.0
0.0037037037
0.0
0.0055555556
0.0
0.0079482948
0.0
0.0
0.0
0.0000000000
0.0
0.0
0.0000000000
0.0000000000
0.0000000000
0.0
0.0000000000
0.0000000000
0.0084502924
0.0115740741
0.0
0.0000000000
0.0
0.0037037037
0.0027777778
0.0
0.0194086022
0.0027777778
0.0037037037
0.0037037037
0.0063492063
0.0037037037
0.0037037037
0.0000000000
0.0216426859
0.0
0.0
0.0
0.0000000000
0.0044444444
0.0
0.0
0.0239389920
0.0
0.0266224189
0.0000000000
0.0000000000
0.0
0.0000000000
0.0
0.0000000000
0.0
0.0000000000
0.0069444444
0.0000000000
0.0000000000
0.0000000000
0.0180139721
0.0027777778
0.0037037037
0.0027777778
0.0000000000
0.0152192243
0.0181589537
0.0000000000
0.0
0.0
0.0
0.0027777778
0.0
0.0062500000
0.0000000000
0.0
0.0000000000
0.0
0.0000000000
0.0000000000
0.0190803383
0.0027777778
0.0069444444
0.0
0.0000000000
0.0000000000
0.0
0.0062500000
0.0
0.0000000000
0.0116344605
0.0230818414
0.0000000000
0.0
0.0000000000
0.0
0.0
0.0000000000
0.0000000000
0.0
0.0055555556
0.0069444444
0.0
0.0000000000
0.0000000000
0.0000000000
0.0000000000
0.0037037037
0.0
0.0000000000
0.0000000000
0.0000000000
0.0
0.0
0.0
0.0062500000
0.0000000000
0.0281152648
0.0000000000
0.0000000000
0.0000000000
0.0
0.0000000000
0.0194086022
0.0
0.0145959596
0.0
0.0000000000
0.0286507937
0.0
0.0204648526
0.0
0.0000000000
0.0069444444
0.0027777778
0.0
0.0
0.0
0.0000000000
0.0000000000
0.0000000000
0.0194924406
0.0041666667
0.0
0.0000000000
0.0168063315
0.0000000000
0.0000000000
0.0041666667
0.0180861723
0.0254225352
0.0000000000
0.0
0.0
0.0037037037
0.0
0.0027777778
0.0000000000
0.0000000000
0.0000000000
0.0255665722
0.0000000000
0.0000000000
0.0000000000
0.0000000000
0.0000000000
0.0180139721
0.0186853002
0.0
0.0000000000
0.0000000000
0.0027777778
0.0055555556
0.0000000000
0.0000000000
0.0069444444
0.0000000000
0.0000000000
0.0
0.0027777778
0.0027777778
0.0000000000
0.0073649337
0.0000000000
0.0000000000
0.0000000000
0.0027777778
0.0
0.0
0.0000000000
0.0044444444
0.0000000000
0.0000000000
0.0086805556
0.0041666667
0.0055555556
0.0000000000
0.0
0.0027777778
0.0000000000
0.0000000000
0.0000000000
0.0037037037
0.0027777778
0.0000000000
0.0000000000
0.0000000000
0.0255665722
0.0170604915
0.0000000000
0.0000000000
0.0000000000
0.0000000000
0.0
0.0
0.0000000000
0.0000000000
0.0000000000
0.0062500000
0.0037037037
0.0000000000
0.0000000000
0.0
0.0000000000
0.0000000000
0.0
0.0027777778
0.0000000000
0.0000000000
0.0037037037
0.0234415584
0.0000000000
0.0027777778
0.0027777778
0.0055555556
0.0000000000
0.0055555556
0.0055555556
0.0000000000
0.0000000000
0.0074074074
0.0000000000
0.0000000000
0.0000000000
0.0000000000
0.0000000000
0.0202808989
0.0
0.0000000000
0.0000000000
0.0000000000
0.0000000000
0.0000000000
0.0000000000
0.0000000000
0.0
0.0037037037
0.0000000000
0.0113067293
0.0000000000
0.0000000000
0.0086320191
0.0000000000
0.0057870370
0.0000000000
0.0037037037
0.0000000000
0.0000000000
0.0000000000
0.0000000000
0.0000000000
0.0000000000
0.0000000000
0.0000000000
0.0000000000
0.0000000000
0.0000000000
0.0000000000
0.0000000000
0.0027777778
0.0000000000
0.0000000000
0.0000000000
0.0000000000
0.0000000000
0.0037037037
0.0000000000
0.0000000000
0.0000000000
0.0000000000
0.0000000000
0.0000000000
0.0000000000
0.0000000000
0.0000000000
0.0000000000
0.0000000000
0.0000000000
0.0000000000
0.0000000000
0.0000000000
0.0000000000
