0.0
0.0
0.0
0.0
0.1426696342
0.0
0.1486767767
0.0
0.0
0.1292841536
0.0
0.1398444929
0.0
0.1160106266
0.0
0.1214993014
0.0854722771
0.0994668576
0.0
0.1539432565
0.0056497175
0.0056497175
0.0
0.0
0.0
0.1177024482
0.1017967120
0.1220241364
0.1269599441
0.1141357074
0.0
0.0
0.1105619866
0.1332480546
0.1358105172
0.1212385733
0.1298785635
0.1032855121
0.0127118644
0.0
0.0
0.1573737469
0.1120975697
0.0075329567
0.0
0.1320027457
0.0000000000
0.1212385733
0.0056497175
0.1118755943
0.1123204277
0.0743383883
0.0951130895
0.1107787748
0.1384734685
0.1105619866
0.1001722963
0.1749138549
0.0951130895
0.1220241364
0.0
0.1153003574
0.0000000000
0.1295806769
0.0
0.1275331267
0.0
0.1459875327
0.1169713771
0.1008878128
0.1286951598
0.1335630618
0.1189414213
0.1301778229
0.1150655298
0.1401915016
0.0000000000
0.1162493316
0.0985989095
0.0056497175
0.1141357074
0.1329345297
0.1209789618
0.0
0.1181949271
0.1141357074
0.1326224769
0.0127118644
0.0866521091
0.0000000000
0.1332480546
0.0
0.0084745763
0.1021648737
0.0000000000
0.1145987325
0.0852144421
0.1247178259
0.0075329567
0.1050133367
0.0954344175
0.1136764087
0.0998183306
0.1191923526
0.0927704025
0.1535249324
0.0833291669
0.1157728999
0.1286951598
0.1001722963
0.0833291669
0.0000000000
0.0000000000
0.0757334787
0.0000000000
0.1078190365
0.0056497175
0.0000000000
0.0815255053
0.0873217545
0.0757334787
0.0000000000
0.0000000000
0.0000000000
0.0727119371
0.0112994350
0.0000000000
0.1078190365
0.1233562776
0.0857316770
0.0
0.0
0.0000000000
0.0000000000
0.1184427152
0.0000000000
0.0075329567
0.0819988028
0.0000000000
0.0959205011
0.0972412653
0.0000000000
0.0933837606
0.0951130895
0.1212385733
0.1189414213
0.0000000000
0.0000000000
0.1097032527
0.0974089227
0.0000000000
0.1078190365
0.0000000000
0.0112994350
0.0716969228
0.0000000000
0.0000000000
0.0000000000
0.1082321363
0.0000000000
0.0075329567
0.0000000000
0.0000000000
0.0000000000
0.0926183199
0.0832064435
0.0000000000
0.0084745763
0.0000000000
0.0000000000
0.0
0.0000000000
0.0000000000
0.0000000000
0.0000000000
0.0000000000
0.0000000000
0.1080251915
0.0000000000
0.0000000000
0.0000000000
0.0000000000
0.0000000000
0.0000000000
0.0000000000
0.0056497175
0.0056497175
0.0000000000
0.1042383305
0.0000000000
0.0000000000
0.0954344175
0.0056497175
0.0000000000
0.0727119371
0.0000000000
0.0000000000
0.0000000000
0.0000000000
0.0000000000
0.0000000000
0.0000000000
0.0000000000
0.0000000000
0.0000000000
