0.0
0.0
0.0
0.0
0.0
0.0
0.0
0.0
0.0
0.0
0.0
0.0
0.0
0.0
0.0
0.0
0.0
0.0
0.0
0.0
0.0
0.0
0.0
0.0
0.0
0.0
0.0
0.0
0.0
0.0886438870
0.0
0.1026710516
0.0
0.0
0.0
0.0
0.0
0.0775143725
0.0
0.0
0.1070633960
0.0
0.0
0.0
0.0730688141
0.0
0.0
0.0
0.0
0.0931821711
0.0
0.0
0.1041203458
0.0
0.1022217253
0.0
0.0
0.0
0.0
0.0
0.0
0.0
0.0
0.0
0.0
0.0
0.0
0.0
0.0
0.0
0.1119376880
0.1098322770
0.0758365722
0.0
0.0000000000
0.0
0.1017763147
0.0
0.0794929015
0.0
0.0
0.0802209418
0.0
0.0
0.0765825057
0.0952725937
0.0
0.0936178927
0.0
0.1042752868
0.0
0.0
0.0
0.0
0.0
0.0
0.0000000000
0.0825359160
0.0
0.0
0.0
0.0830248729
0.0810092401
0.0
0.0
0.0
0.0
0.0
0.0
0.1088935396
0.0893218518
0.0
0.0938687109
0.0947572586
0.0
0.1044306896
0.0
0.0
0.0
0.0
0.0
0.0
0.0915986833
0.0
0.0
0.0781628474
0.0
0.0
0.0
0.0
0.0
0.0
0.0
0.0
0.0
0.0884201801
0.0747844106
0.0
0.0
0.1155366739
0.0
0.0
0.0961880476
0.0
0.0898947950
0.0
0.0032441200
0.0
0.1056111420
0.0838193693
0.0077858881
0.0
0.0
0.0
0.0
0.1073093303
0.0994648583
0.0
0.0935553975
0.1137548583
0.0
0.0
0.1024458958
0.0
0.0829757166
0.0703544103
0.0000000000
0.0
0.0
0.0868314656
0.0
0.0
0.0
0.0
0.0898371701
0.0962541109
0.0
0.0
0.0858211791
0.0000000000
0.0779021598
0.0
0.0882531394
0.0000000000
0.0863499602
0.0
0.0
0.1064939099
0.0912408759
0.1099184199
0.0
0.0983480599
0.0924445814
0.0
0.0
0.0819088167
0.0728409488
0.0925056009
0.0
0.0
0.1236946032
0.1092330362
0.0
0.0869931629
0.0867776999
0.0
0.0
0.0
0.0802668874
0.0
0.0649726404
0.0
0.0
0.0
0.0048661800
0.0
0.0
0.0
0.0000000000
0.0
0.0
0.0926891438
0.0621765685
0.0
0.0
0.1111387672
0.0
0.0680320317
0.0
0.0799463693
0.0
0.0978673082
0.0
0.0820526847
0.0896647379
0.0941841300
0.0929350036
0.0000000000
0.0
0.1151569313
0.0969868411
0.0
0.0
0.0048661800
0.1129298835
0.0562157984
0.0
0.0838695305
0.0
0.0866168019
0.0
0.0
0.0
0.0
0.0
0.0779454869
0.0
0.1094035795
0.0972560620
0.0990430992
0.0048661800
0.0055297501
0.0
0.0
0.0598403012
0.0950142274
0.0
0.0000000000
0.0
0.0
0.0086896072
0.0
0.0731450863
0.0990430992
0.1122964627
0.0821007530
0.0952078705
0.0769187626
0.0731450863
0.0650329399
0.0621765685
0.0024330900
0.0965857928
0.1026710516
0.0737998870
0.0
0.0
0.1242428949
0.0000000000
0.0
0.0
0.0
0.0838193693
0.0896647379
0.0
0.0
0.0000000000
0.0726521438
0.0816701547
0.0
0.0
0.0926278820
0.0885318922
0.0756319403
0.0
0.0
0.0
0.0
0.0
0.0
0.0760010767
0.0941208767
0.0
0.0944379956
0.1067372318
0.0048661800
0.1056111420
0.0
0.0000000000
0.0
0.1118483523
0.0903002483
0.0562157984
0.0000000000
0.0942474683
0.0647924112
0.1035816596
0.0733364654
0.1043529303
0.1070633960
0.0929966725
0.0
0.0678016378
0.1002474860
0.0927504867
0.0877008670
0.0829266186
0.0811030008
0.0918387847
0.0940577083
0.0
0.0
0.0
0.0844252924
0.0
0.0
0.0767082569
0.0520408412
0.0
0.0055297501
0.0839700332
0.0
0.0
0.0024330900
0.0
0.0024330900
0.0
0.0
0.0923836423
0.0000000000
0.0957935649
0.0703544103
0.0
0.0727275482
0.0
0.0827308060
0.0
0.0777724669
0.0024330900
0.0
0.0977308127
0.0000000000
0.0807757841
0.0
0.0751050297
0.0762491760
0.0694823924
0.0048661800
0.0000000000
0.0837692680
0.0786894921
0.0621214474
0.0000000000
0.0767082569
0.0000000000
0.0000000000
0.0965857928
0.0901260356
0.0024330900
0.0925056009
0.0781192784
0.0000000000
0.0884760009
0.0
0.0873183710
0.0726521438
0.0650933513
0.0952078705
0.1025208379
0.0000000000
0.0889251176
0.0086896072
0.0
0.0829757166
0.0032441200
0.0
0.0
0.0903002483
0.0664513918
0.0000000000
0.0
0.0757545867
0.0
0.0000000000
0.0000000000
0.0729927007
0.0779888622
0.0833706040
0.0649726404
0.0032441200
0.0769610024
0.0849369608
0.0876460196
0.0856114755
0.0724268658
0.1074739152
0.0800376844
0.0953374050
0.0
0.0907681253
0.0
0.0870471959
0.0783814236
0.0570626976
0.0000000000
0.0
0.0689694810
0.0024330900
0.0720174642
0.0836193230
0.0000000000
0.0000000000
0.0799007899
0.0918387847
0.0000000000
0.0
0.1021472197
0.0024330900
0.0024330900
0.0830740874
0.0000000000
0.0
0.0000000000
0.0
0.0829266186
0.0767082569
0.0963202649
0.0000000000
0.0
0.0000000000
0.0
0.0000000000
0.0829266186
0.0870471959
0.0716859260
0.0000000000
0.0804050404
0.0991131438
0.0691396080
0.0894929664
0.0055297501
0.0749443772
0.0000000000
0.0872640009
0.0666409821
0.0958590871
0.0799920008
0.0794028246
0.0671518857
0.0032441200
0.0
0.0663255965
0.0838193693
0.0925056009
0.0000000000
0.0000000000
0.0032441200
0.0000000000
0.0885878542
0.0000000000
0.0850400397
0.0720174642
0.0946292947
0.0737998870
0.0
0.0064882401
0.0709959399
0.0000000000
0.0703191096
0.0000000000
0.0819567166
0.0693792007
0.0872640009
0.0000000000
0.0032441200
0.0000000000
0.0911815129
0.0000000000
0.0000000000
0.0000000000
0.0024330900
0.0000000000
0.0000000000
0.0000000000
0.0024330900
0.0000000000
0.0000000000
0.0585405119
0.0024330900
0.0000000000
0.0024330900
0.0939946247
0.0607744950
0.0000000000
0.0000000000
0.0772154190
0.0823419421
0.0000000000
0.0000000000
0.0
0.0024330900
0.0630436282
0.0644645747
0.0000000000
0.0000000000
0.0000000000
0.0043254934
0.0000000000
0.0000000000
0.0716859260
0.0000000000
0.0024330900
0.0
0.0000000000
0.0894929664
0.0000000000
0.0665776653
0.0000000000
0.0000000000
0.0793578626
0.0000000000
0.0000000000
0.0000000000
0.0477987672
0.0000000000
0.0000000000
0.0048661800
0.0055297501
0.0000000000
0.0
0.0000000000
0.0
0.0000000000
0.0810092401
0.0520022209
0.0000000000
0.0000000000
0.0688339810
0.0000000000
0.0032441200
0.0000000000
0.0711762242
0.0024330900
0.0000000000
0.0757545867
0.0024330900
0.0000000000
0.0024330900
0.0000000000
0.0719804753
0.0000000000
0.0000000000
0.0000000000
0.0000000000
0.0000000000
0.0
0.0000000000
0.0000000000
0.0800834202
0.0779454869
0.0000000000
0.0000000000
0.0885318922
0.0000000000
0.0000000000
0.0000000000
0.0000000000
0.0024330900
0.0000000000
0.0000000000
0.0000000000
0.0838695305
0.0585894588
0.0000000000
0.0000000000
0.0000000000
0.0000000000
0.0000000000
0.0000000000
0.0000000000
0.0826819973
0.0000000000
0.0000000000
0.0000000000
0.0000000000
0.0000000000
0.0032441200
0.0000000000
0.0000000000
0.0000000000
0.0000000000
0.0000000000
0.0000000000
0.0688339810
0.0000000000
0.0000000000
0.0000000000
0.0000000000
0.0000000000
0.0000000000
0.0000000000
0.0000000000
0.0000000000
0.0000000000
0.0000000000
0.0000000000
0.0000000000
0.0000000000
0.0000000000
0.0000000000
