0.0
0.0
0.0
0.0
0.0
0.0
0.0
0.2225165563
0.0
0.0
0.0
0.0
0.0
0.0
0.0
0.0
0.0
0.0
0.0
0.0
0.1718670077
0.0
0.0
0.1959183673
0.0
0.0
0.0
0.0
0.0
0.0
0.0
0.2030211480
0.1982300885
0.2167741935
0.0
0.0
0.0
0.1976470588
0.0
0.0
0.0
0.0
0.0
0.0
0.0
0.0
0.0
0.0
0.0
0.0
0.0
0.0
0.0
0.2086956522
0.0
0.0
0.0
0.2119873817
0.0
0.2048780488
0.0
0.0
0.0
0.2408602151
0.2074074074
0.2011976048
0.1667493797
0.0
0.1763779528
0.0
0.2382978723
0.2443636364
0.2366197183
0.0
0.0
0.2357894737
0.2479704797
0.2119873817
0.0
0.0
0.0
0.0
0.1903682720
0.0
0.0
0.2048780488
0.1871866295
0.0
0.2452554745
0.2341463415
0.0
0.2357894737
0.2535849057
0.2210526316
0.0
0.0
0.2005970149
0.0
0.2188925081
0.2074074074
0.2247491639
0.0
0.1631067961
0.1856353591
0.0
0.0
0.0
0.1806451613
0.0
0.0
0.2080495356
0.1826086957
0.0
0.1763779528
0.1988165680
0.0
0.2133333333
0.0000000000
0.0
0.0
0.2061349693
0.0
0.0
0.2217821782
0.1877094972
0.1909090909
0.1947826087
0.1631067961
0.0
0.2277966102
0.2074074074
0.1947826087
0.1866666667
0.2594594595
0.2270270270
0.2093457944
0.1727506427
0.1792000000
0.2188925081
0.0
0.1496659243
0.2048780488
0.0
0.0000000000
0.2146964856
0.0
0.2555133080
0.1796791444
0.1994065282
0.0
0.2140127389
0.0
0.0
0.1982300885
0.0
0.1831062670
0.1643031785
0.0
0.0000000000
0.0
0.2247491639
0.0000000000
0.2309278351
0.2232558140
0.1382716049
0.1826086957
0.0095238095
0.0
0.1964912281
0.1740932642
0.0
0.1688442211
0.2255033557
0.0000000000
0.0
0.1701265823
0.0000000000
0.0000000000
0.2113207547
0.1663366337
0.0000000000
0.0000000000
0.1493333333
0.1382716049
0.1607655502
0.1675810474
0.0000000000
0.0000000000
0.0000000000
0.0000000000
0.0000000000
0.0000000000
0.0000000000
0.0095238095
0.0000000000
0.1448275862
0.1777777778
0.0000000000
0.0000000000
