0.0
0.0
0.0
0.0
0.1302259215
0.0
0.1403922574
0.0
0.0
0.1343968585
0.0
0.1320472631
0.0
0.1187594882
0.0
0.1015202076
0.0750805512
0.1302259215
0.0
0.1393561522
0.0068965517
0.0000000000
0.0
0.0
0.0
0.1250513816
0.0903481274
0.1320472631
0.1023455752
0.1040372376
0.0
0.0
0.1383352280
0.1368315842
0.1254668347
0.1435951226
0.1183872014
0.1242286751
0.0137931034
0.0
0.0
0.1560558564
0.1110750507
0.0068965517
0.0
0.0766034832
0.0000000000
0.1097834804
0.0068965517
0.1082106511
0.1051964269
0.0655651341
0.0068965517
0.1101035488
0.1339202739
0.0068965517
0.0848663309
0.1567033910
0.0000000000
0.1069844681
0.0
0.1258850575
0.0000000000
0.1288925503
0.0
0.1137515580
0.0
0.1144409613
0.1311302682
0.1057857626
0.1288925503
0.0951272475
0.0894917470
0.1165602384
0.1031844733
0.1234167230
0.0091954023
0.0937109609
0.0824574612
0.0091954023
0.1254668347
0.0903481274
0.1060829136
0.0
0.0000000000
0.1097834804
0.1222185024
0.0091954023
0.1271566237
0.0000000000
0.1094652674
0.0
0.0091954023
0.1117322995
0.0000000000
0.1040372376
0.0747832025
0.1088343436
0.0000000000
0.1031844733
0.0000000000
0.1063817387
0.0880315087
0.0980922526
0.1040372376
0.1378303549
0.0850574713
0.1034671705
0.1029033167
0.0874201788
0.0000000000
0.0000000000
0.0000000000
0.0000000000
0.0000000000
0.0000000000
0.0137931034
0.0000000000
0.0137931034
0.0000000000
0.0000000000
0.0000000000
0.1001737858
0.0000000000
0.0000000000
0.0068965517
0.0091954023
0.0000000000
0.0000000000
0.0878267843
0.0667235287
0.0000000000
0.0000000000
0.0000000000
0.0886514489
0.0000000000
0.0068965517
0.0068965517
0.0000000000
0.0000000000
0.1017938470
0.0000000000
0.0965870006
0.0091954023
0.1097834804
0.0858307210
0.0000000000
0.0000000000
0.0000000000
0.0000000000
0.0000000000
0.0000000000
0.0000000000
0.0068965517
0.0068965517
0.0000000000
0.0000000000
0.0000000000
0.0000000000
0.0000000000
0.0000000000
0.0000000000
0.0000000000
0.0000000000
0.0000000000
0.0000000000
0.0000000000
0.0000000000
0.0000000000
0.0000000000
