0.0
0.0
0.0
0.0
0.1237158094
0.0
0.1446759259
0.0
0.0
0.1142675394
0.0
0.1213152255
0.0
0.1322189353
0.0
0.1281536386
0.0
0.1276862658
0.0
0.0
0.1460032280
0.0989586605
0.0
0.0
0.0
0.1231068005
0.1228476283
0.1245963490
0.1321191474
0.1278728052
0.0
0.0
0.1415180844
0.1245077314
0.1384951506
0.1288137383
0.1293849744
0.1192492305
0.1242426333
0.0
0.0
0.1446759259
0.1381672221
0.1329216935
0.0
0.1349713727
0.1390451711
0.1232801904
0.1188444470
0.1169391252
0.1331238558
0.1079937510
0.1371926884
0.1351798227
0.1319200229
0.0
0.1316224589
0.0
0.1054565484
0.1427878225
0.0
0.1030965079
0.1278728052
0.1355986602
0.0
0.1409483658
0.0
0.0916533353
0.1233670686
0.1354937077
0.1374080615
0.1384951506
0.1103769674
0.1363379053
0.1218217609
0.1246850929
0.1154735293
0.0879687791
0.0928688967
0.1225037581
0.1263043798
0.1327201443
0.1363379053
0.0
0.1331238558
0.1285300076
0.1290035891
0.0
0.0959747096
0.0982367398
0.1297686215
0.0
0.1277794674
0.1127950196
0.0023148148
0.0
0.0923788234
0.1263043798
0.1237158094
0.1292894168
0.1325192054
0.1280598905
0.1160861209
0.1086641033
0.1274074748
0.1343498621
0.0
0.1127950196
0.1404958831
0.0
0.1261223850
0.1337340492
0.1153213902
0.1182024783
0.1148673690
0.1145666691
0.1376241119
0.0
0.1227614799
0.1391556998
0.1145666691
0.1206463614
0.0973625530
0.1179635245
0.0000000000
0.1371926884
0.0
0.1100300882
0.0000000000
0.1297686215
0.0
0.0
0.1133060650
0.1105163323
0.1338362923
0.0892241949
0.1102379536
0.1219915473
0.1286244455
0.1312277889
0.1227614799
0.1123606357
0.1235411929
0.0
0.0000000000
0.1355986602
0.1180430684
0.0000000000
0.1407217607
0.1166274953
0.1173310123
0.1306402018
0.1235411929
0.1202320538
0.1264869006
0.1159323645
0.0000000000
0.0000000000
0.1138217623
0.1111478542
0.1367639612
0.0000000000
0.1084621254
0.0984577449
0.1213152255
0.1136739418
0.1203974349
0.1017778316
0.1065476996
0.1293849744
0.0
0.0
0.0773223809
0.0
0.1095481041
0.1092745758
0.0
0.1293849744
0.1058390994
0.0
0.0909864191
0.1040153716
0.1117866350
0.1307377673
0.1067426039
0.1170955655
0.1127223892
0.0
0.0000000000
0.1152454709
0.1004924629
0.1334282549
0.0958171157
0.1094795937
0.1366571978
0.1003772192
0.1127950196
0.1412896452
0.1129405615
0.0
0.0
0.1173310123
0.1190869866
0.0
0.1128677436
0.0883684353
0.0
0.1307377673
0.0
0.0868342611
0.1079271704
0.1306402018
0.0
0.1014828234
0.0987354035
0.1265783589
0.1070035882
0.1138217623
0.0
0.1317214976
0.0000000000
0.1316224589
0.1319200229
0.0000000000
0.0
0.1239786617
0.0000000000
0.0000000000
0.1192492305
0.1334282549
0.1053296452
0.1245963490
0.0
0.1375160019
0.1249520845
0.1065476996
0.1297686215
0.0
0.1267616730
0.0
0.1246850929
0.0000000000
0.0046296296
0.0000000000
0.1256696844
0.0904224537
0.1253098571
0.0000000000
0.1257599643
0.1245963490
0.0965037874
0.0000000000
0.1117152970
0.1259409139
0.0796441630
0.0855192332
0.1255795340
0.1110068931
0.1399343488
0.0000000000
0.0
0.0000000000
0.0972543724
0.1002048485
0.1049507616
0.1127950196
0.1124328005
0.1178047580
0.0859390625
0.0000000000
0.0023148148
0.1377323921
0.1029752179
0.1123606357
0.0
0.0
0.0000000000
0.0000000000
0.0000000000
0.1132327751
0.0991829294
0.1118580641
0.1010143511
0.0757498357
0.1263955743
0.0030864198
0.1024329259
0.0942184448
0.0046296296
0.1309333361
0.0
0.0933144298
0.1085293679
0.0916533353
0.1208128850
0.1144169087
0.1167831023
0.0000000000
0.1018370392
0.1199848323
0.0000000000
0.0969312682
0.0996345307
0.1077279202
0.0000000000
0.1050767529
0.0000000000
0.0030864198
0.1020745600
0.0000000000
0.1073316189
0.1199848323
0.0000000000
0.1147920461
0.0887717395
0.1139699677
0.1023131913
0.1050767529
0.1127223892
0.1229338977
0.1112184691
0.1151696516
0.0880130067
0.0
0.0000000000
0.0000000000
0.0776998981
0.0692749784
0.0000000000
0.0956077938
0.0000000000
0.1136001755
0.1296724966
0.0000000000
0.0000000000
0.1077942552
0.1141185596
0.0000000000
0.0000000000
0.1010143511
0.1124328005
0.1034620983
0.0023148148
0.0000000000
0.1073316189
0.1004924629
0.0000000000
0.0977976929
0.0958695895
0.1254895128
0.0000000000
0.0000000000
0.0991267669
0.0000000000
0.1245963490
0.1019556613
0.0773223809
0.0000000000
0.0030864198
0.1088668348
0.0000000000
0.0
0.1024329259
0.1205632716
0.0000000000
0.0000000000
0.0969312682
0.1112184691
0.0000000000
0.1215679655
0.0000000000
0.0000000000
0.0000000000
0.0000000000
0.0000000000
0.0923301004
0.1118580641
0.0000000000
0.1001475231
0.0796441630
0.0000000000
0.0000000000
0.0782906397
0.0000000000
0.0834403577
0.0023148148
0.1212312122
0.0000000000
0.0000000000
0.0000000000
0.0000000000
0.0000000000
0.0921842393
0.0000000000
0.0000000000
0.0000000000
0.0000000000
0.1208128850
0.0000000000
0.0030864198
0.1257599643
0.0866194312
0.0938648099
0.0000000000
0.0000000000
0.0000000000
0.0023148148
0.0000000000
0.1101685780
0.0000000000
0.0023148148
0.0000000000
0.0000000000
0.0000000000
0.0023148148
0.0000000000
0.0000000000
0.1129405615
0.0023148148
0.0000000000
0.0000000000
0.0000000000
0.0782906397
0.0000000000
0.1030965079
0.0000000000
0.0000000000
0.0000000000
0.0000000000
0.0023148148
0.0000000000
0.0000000000
0.0000000000
0.0000000000
0.0000000000
0.0000000000
0.0000000000
0.0000000000
0.0000000000
0.0000000000
0.0000000000
0.0023148148
0.0000000000
0.0000000000
0.0000000000
0.0000000000
0.0000000000
0.0000000000
0.0000000000
0.0000000000
0.0000000000
0.0000000000
0.0000000000
0.0000000000
0.0000000000
0.1173310123
0.0000000000
0.1084621254
0.0000000000
0.0000000000
0.0000000000
0.0000000000
0.0844059163
0.0000000000
0.0000000000
0.0000000000
0.0000000000
0.0000000000
0.0000000000
0.0000000000
0.0000000000
0.0000000000
0.0000000000
0.0000000000
0.0000000000
0.0000000000
0.0000000000
0.0000000000
0.0000000000
0.0000000000
0.0000000000
0.0000000000
0.1010143511
0.0000000000
0.0000000000
0.0000000000
0.0000000000
0.0000000000
0.0000000000
0.0000000000
0.0000000000
0.0000000000
0.0000000000
