0.0
0.0
0.0
0.0
0.0
0.0
0.0
0.0
0.0
0.0724637681
0.0
0.0
0.0
0.0
0.0
0.0649350649
0.0
0.0
0.0000000000
0.0
0.0
0.0
0.0
0.0
0.1020408163
0.0
0.0943396226
0.0
0.0
0.0
0.0684931507
0.0819672131
0.0
0.0
0.0
0.1020408163
0.0
0.0
0.0
0.0
0.0
0.0
0.0
0.0943396226
0.0
0.0
0.0617283951
0.0
0.0
0.1063829787
0.0
0.0
0.0400000000
0.0222222222
0.0
0.0
0.0
0.0
0.0769230769
0.0
0.0
0.0222222222
0.0
0.0
0.0400000000
0.0
0.0
0.0
0.0
0.0000000000
0.0847457627
0.0500000000
0.0
0.0
0.0400000000
0.0
0.0
0.0500000000
0.0000000000
0.0
0.0793650794
0.0
0.0000000000
0.0
0.0
0.0500000000
0.0649350649
0.0
0.0
0.0000000000
0.0666666667
0.0000000000
0.0
0.0632911392
0.0333333333
0.0
0.0333333333
0.0500000000
0.0
0.0333333333
0.0000000000
0.0333333333
0.0000000000
0.0000000000
0.0000000000
0.0222222222
0.0222222222
0.0000000000
0.0000000000
0.0526315789
0.0000000000
0.0000000000
