0.0121868653
0.0
0.0
0.0
0.0
0.0
0.0047393365
0.0
0.0
0.0000000000
0.0
0.0
0.0
0.0
0.0
0.0
0.0
0.0094786730
0.0
0.0
0.0
0.0
0.0
0.0000000000
0.0
0.0
0.0000000000
0.0
0.0
0.0
0.0
0.0
0.0
0.0
0.0
0.0
0.0
0.0
0.0
0.0
0.0
0.0
0.0071090047
0.0000000000
0.0
0.0
0.0
0.0
0.0
0.0
0.0
0.0
0.0000000000
0.0000000000
0.0000000000
0.0
0.0093630794
0.0
0.0000000000
0.0
0.0
0.0000000000
0.0
0.0
0.0165112368
0.0047393365
0.0
0.0047393365
0.0210348633
0.0
0.0116329168
0.0063191153
0.0047393365
0.0
0.0113744076
0.0
0.0
0.0
0.0
0.0
0.0
0.0
0.0
0.0094786730
0.0
0.0301087260
0.0
0.0
0.0
0.0126382306
0.0
0.0
0.0121327014
0.0091914405
0.0000000000
0.0000000000
0.0
0.0
0.0274204469
0.0
0.0116660591
0.0132374571
0.0
0.0
0.0
0.0
0.0
0.0
0.0
0.0
0.0
0.0153554502
0.0
0.0
0.0
0.0
0.0
0.0094786730
0.0063191153
0.0047393365
0.0
0.0182802979
0.0
0.0063191153
0.0
0.0106635071
0.0
0.0
0.0139595002
0.0
0.0
0.0236237696
0.0
0.0
0.0176499428
0.0000000000
0.0
0.0
0.0000000000
0.0182802979
0.0116329168
0.0
0.0
0.0
0.0232658337
0.0047393365
0.0142180095
0.0047393365
0.0106635071
0.0047393365
0.0000000000
0.0
0.0176499428
0.0063191153
0.0000000000
0.0
0.0
0.0
0.0094786730
0.0
0.0
0.0000000000
0.0
0.0
0.0
0.0
0.0071090047
0.0000000000
0.0166907068
0.0
0.0000000000
0.0
0.0047393365
0.0000000000
0.0047393365
0.0
0.0000000000
0.0000000000
0.0
0.0000000000
0.0
0.0047393365
0.0
0.0000000000
0.0
0.0
0.0196864747
0.0000000000
0.0000000000
0.0000000000
0.0047393365
0.0000000000
0.0047393365
0.0
0.0219363575
0.0
0.0
0.0
0.0106635071
0.0108327691
0.0063191153
0.0047393365
0.0
0.0
0.0000000000
0.0106635071
0.0063191153
0.0180652356
0.0187261588
0.0094786730
0.0170616114
0.0047393365
0.0
0.0000000000
0.0063191153
0.0
0.0047393365
0.0131243164
0.0047393365
0.0000000000
0.0
0.0
0.0
0.0
0.0
0.0000000000
0.0219363575
0.0144436922
0.0047393365
0.0
0.0225815445
0.0094786730
0.0000000000
0.0
0.0000000000
0.0
0.0000000000
0.0000000000
0.0
0.0
0.0000000000
0.0000000000
0.0000000000
0.0
0.0
0.0063191153
0.0
0.0000000000
0.0000000000
0.0000000000
0.0000000000
0.0000000000
0.0295297120
0.0089797955
0.0
0.0063191153
0.0000000000
0.0
0.0178422080
0.0279190004
0.0
0.0116329168
0.0
0.0000000000
0.0
0.0
0.0000000000
0.0000000000
0.0000000000
0.0063191153
0.0000000000
0.0000000000
0.0047393365
0.0180652356
0.0
0.0
0.0063191153
0.0
0.0000000000
0.0
0.0094786730
0.0126382306
0.0047393365
0.0000000000
0.0000000000
0.0
0.0168509742
0.0000000000
0.0000000000
0.0047393365
0.0000000000
0.0151658768
0.0000000000
0.0075829384
0.0000000000
0.0
0.0063191153
0.0047393365
0.0000000000
0.0000000000
0.0000000000
0.0071090047
0.0000000000
0.0
0.0108327691
0.0000000000
0.0000000000
0.0000000000
0.0000000000
0.0000000000
0.0000000000
0.0000000000
0.0
0.0071090047
0.0000000000
0.0000000000
0.0000000000
0.0000000000
0.0000000000
0.0185005425
0.0000000000
0.0000000000
0.0000000000
0.0000000000
0.0000000000
0.0000000000
0.0000000000
0.0000000000
0.0000000000
0.0000000000
0.0000000000
0.0000000000
0.0000000000
0.0000000000
0.0
0.0000000000
0.0155105558
0.0094786730
0.0000000000
0.0000000000
0.0075829384
0.0000000000
0.0000000000
0.0000000000
0.0
0.0000000000
0.0000000000
0.0000000000
0.0000000000
0.0000000000
0.0000000000
0.0000000000
0.0000000000
0.0000000000
0.0000000000
0.0000000000
0.0000000000
0.0000000000
0.0000000000
0.0000000000
0.0000000000
0.0000000000
0.0000000000
0.0000000000
0.0000000000
