0.0
0.0
0.0
0.0
0.0
0.0
0.0
0.0
0.0
0.0
0.0
0.0
0.0
0.0
0.0
0.0
0.0
0.0
0.0
0.0
0.0
0.0
0.0
0.0
0.0
0.0
0.0
0.0
0.0
0.0
0.0
0.0684858213
0.0
0.0
0.0
0.0
0.0
0.0
0.0
0.0
0.0
0.0
0.0
0.0252808989
0.0
0.0
0.0
0.0
0.0
0.0
0.0
0.0
0.0252808989
0.0
0.0
0.0
0.0
0.0
0.0
0.0
0.0
0.1036542160
0.0
0.0
0.0
0.0
0.0
0.0
0.0
0.0
0.0788056026
0.0
0.0
0.0
0.0
0.0
0.0
0.0
0.0000000000
0.0
0.0
0.0
0.0
0.0
0.0
0.0553154710
0.0
0.0
0.0
0.0
0.0
0.0168539326
0.0
0.0
0.0
0.0
0.0112359551
0.0
0.0
0.0
0.0000000000
0.0
0.0112359551
0.0
0.0
0.0
0.0
0.0
0.0
0.0
0.0112359551
0.0168539326
0.0
0.0
0.0
0.0
0.0
0.0
0.0
0.0
0.0168539326
0.0
0.0913144284
0.0827742301
0.0646383032
0.0983386152
0.0000000000
0.0
0.0481406610
0.0
0.0
0.0
0.0
0.0804588670
0.0650034914
0.0
0.0788056026
0.0
0.0550508037
0.0
0.0
0.0668931278
0.0913144284
0.0628722294
0.0
0.0
0.0168539326
0.0252808989
0.0
0.0
0.0112359551
0.0000000000
0.0566779211
0.0
0.0
0.0
0.0
0.0
0.0112359551
0.0661242413
0.0
0.0504632367
0.0
0.0
0.0
0.0
0.0
0.0
0.0000000000
0.0
0.0
0.0
0.0
0.0
0.0
0.0
0.0
0.0
0.0485469113
0.0
0.0
0.0958801498
0.0
0.0112359551
0.0112359551
0.0584041522
0.0
0.0149812734
0.0000000000
0.0719101124
0.0
0.0
0.0000000000
0.0
0.0112359551
0.0
0.0112359551
0.0112359551
0.0000000000
0.0
0.0252808989
0.0639200999
0.0252808989
0.0
0.0
0.0
0.0
0.0000000000
0.0112359551
0.0000000000
0.0578171758
0.0112359551
0.0
0.0000000000
0.0000000000
0.0112359551
0.0149812734
0.0
0.0772189126
0.0112359551
0.0168539326
0.0252808989
0.0112359551
0.0846001322
0.0761961455
0.0000000000
0.1095773141
0.0000000000
0.0650034914
0.0
0.0112359551
0.0639200999
0.0224719101
0.0
0.0
0.0810254787
0.0000000000
0.0000000000
0.0168539326
0.0112359551
0.0
0.0000000000
0.0429314104
0.0000000000
0.0000000000
0.0000000000
0.0000000000
0.0000000000
0.0000000000
0.0000000000
0.0112359551
