0.0
0.0
0.0
0.0
0.0
0.0
0.0115510122
0.0
0.0
0.0000000000
0.0
0.0
0.0
0.0
0.0
0.0
0.0
0.0
0.0
0.0
0.0
0.0
0.0
0.0000000000
0.0
0.0
0.0
0.0
0.0
0.0
0.0
0.0
0.0
0.0
0.0
0.0
0.0
0.0
0.0
0.0
0.0
0.0
0.0000000000
0.0
0.0
0.0
0.0
0.0
0.0
0.0
0.0
0.0
0.0000000000
0.0
0.0056022409
0.0
0.0
0.0
0.0064025610
0.0
0.0
0.0000000000
0.0
0.0
0.0
0.0028011204
0.0
0.0056022409
0.0000000000
0.0
0.0000000000
0.0210804680
0.0
0.0
0.0338955726
0.0
0.0
0.0
0.0
0.0
0.0
0.0
0.0
0.0000000000
0.0
0.0276333407
0.0
0.0
0.0
0.0
0.0
0.0
0.0000000000
0.0
0.0000000000
0.0
0.0
0.0
0.0112044818
0.0
0.0
0.0
0.0
0.0
0.0
0.0
0.0
0.0
0.0
0.0
0.0
0.0037348273
0.0
0.0
0.0
0.0
0.0
0.0000000000
0.0
0.0
0.0
0.0323813374
0.0
0.0000000000
0.0
0.0208935015
0.0
0.0
0.0000000000
0.0
0.0
0.0
0.0
0.0
0.0124494242
0.0189216249
0.0
0.0
0.0
0.0343903985
0.0175148126
0.0
0.0
0.0
0.0241614595
0.0
0.0314098973
0.0037348273
0.0042016807
0.0000000000
0.0000000000
0.0
0.0104714783
0.0
0.0
0.0
0.0
0.0
0.0244752446
0.0
0.0
0.0
0.0
0.0
0.0
0.0
0.0000000000
0.0209399315
0.0358287802
0.0
0.0128787147
0.0
0.0
0.0
0.0028011204
0.0
0.0
0.0063025210
0.0
0.0070028011
0.0
0.0000000000
0.0
0.0
0.0
0.0
0.0
0.0
0.0000000000
0.0
0.0000000000
0.0241614595
0.0180717448
0.0
0.0000000000
0.0
0.0
0.0
0.0239770208
0.0
0.0218124287
0.0315149471
0.0
0.0
0.0
0.0
0.0000000000
0.0063025210
0.0
0.0
0.0282972048
0.0
0.0
0.0028011204
0.0000000000
0.0
0.0
0.0037348273
0.0056022409
0.0000000000
0.0
0.0
0.0
0.0
0.0
0.0000000000
0.0
0.0
0.0028011204
0.0
0.0
0.0
0.0270774977
0.0
0.0174823176
0.0
0.0028011204
0.0037348273
0.0
0.0
0.0042016807
0.0147427392
0.0
0.0
0.0
0.0302018243
0.0
0.0105702658
0.0
0.0000000000
0.0
0.0000000000
0.0239161655
0.0
0.0
0.0000000000
0.0000000000
0.0
0.0
0.0000000000
0.0
0.0000000000
0.0
0.0
0.0
0.0
0.0000000000
0.0162383794
0.0000000000
0.0028011204
0.0
0.0037348273
0.0058356676
0.0037348273
0.0
0.0
0.0
0.0
0.0000000000
0.0
0.0
0.0
0.0056022409
0.0028011204
0.0239161655
0.0
0.0037348273
0.0
0.0
0.0028011204
0.0
0.0000000000
0.0028011204
0.0277146153
0.0037348273
0.0
0.0
0.0000000000
0.0
0.0
0.0237354388
0.0
0.0
0.0
0.0
0.0000000000
0.0
0.0037348273
0.0212708108
0.0
0.0
0.0
0.0
0.0
0.0210334134
0.0
0.0138326936
0.0123126174
0.0
0.0000000000
0.0000000000
0.0000000000
0.0
0.0277963693
0.0
0.0194689446
0.0000000000
0.0
0.0188459384
0.0
0.0220678435
0.0
0.0116713352
0.0209865683
0.0
0.0037348273
0.0
0.0
0.0089635854
0.0056022409
0.0
0.0000000000
0.0247972873
0.0
0.0
0.0
0.0
0.0
0.0255365019
0.0143647202
0.0
0.0
0.0037348273
0.0
0.0087535014
0.0000000000
0.0
0.0000000000
0.0
0.0
0.0037348273
0.0
0.0056022409
0.0
0.0089635854
0.0
0.0
0.0
0.0000000000
0.0
0.0
0.0000000000
0.0000000000
0.0000000000
0.0
0.0000000000
0.0000000000
0.0094155309
0.0116713352
0.0
0.0000000000
0.0
0.0037348273
0.0028011204
0.0
0.0194689446
0.0028011204
0.0037348273
0.0037348273
0.0064025610
0.0037348273
0.0037348273
0.0000000000
0.0216619981
0.0
0.0
0.0
0.0000000000
0.0044817927
0.0
0.0
0.0244118373
0.0
0.0275525415
0.0000000000
0.0000000000
0.0
0.0000000000
0.0
0.0000000000
0.0
0.0000000000
0.0070028011
0.0000000000
0.0000000000
0.0000000000
0.0185857380
0.0028011204
0.0037348273
0.0028011204
0.0000000000
0.0159441103
0.0188459384
0.0000000000
0.0
0.0
0.0
0.0028011204
0.0
0.0063025210
0.0000000000
0.0
0.0000000000
0.0
0.0000000000
0.0000000000
0.0191523764
0.0028011204
0.0070028011
0.0
0.0000000000
0.0000000000
0.0
0.0028011204
0.0
0.0000000000
0.0149393091
0.0238556182
0.0000000000
0.0
0.0000000000
0.0
0.0
0.0000000000
0.0000000000
0.0
0.0056022409
0.0070028011
0.0
0.0000000000
0.0000000000
0.0000000000
0.0000000000
0.0088924459
0.0
0.0000000000
0.0000000000
0.0000000000
0.0
0.0
0.0
0.0028011204
0.0000000000
0.0286412437
0.0000000000
0.0000000000
0.0000000000
0.0
0.0000000000
0.0194689446
0.0
0.0167231072
0.0
0.0000000000
0.0294467787
0.0
0.0212708108
0.0
0.0000000000
0.0070028011
0.0028011204
0.0
0.0
0.0
0.0000000000
0.0000000000
0.0000000000
0.0195497286
0.0042016807
0.0
0.0000000000
0.0176460097
0.0000000000
0.0000000000
0.0042016807
0.0186593449
0.0255365019
0.0000000000
0.0
0.0
0.0037348273
0.0
0.0028011204
0.0000000000
0.0000000000
0.0000000000
0.0263948717
0.0000000000
0.0000000000
0.0000000000
0.0000000000
0.0000000000
0.0186224688
0.0195903725
0.0056022409
0.0000000000
0.0000000000
0.0028011204
0.0056022409
0.0000000000
0.0159441103
0.0070028011
0.0000000000
0.0000000000
0.0
0.0028011204
0.0028011204
0.0000000000
0.0082385896
0.0000000000
0.0000000000
0.0000000000
0.0028011204
0.0
0.0
0.0000000000
0.0044817927
0.0000000000
0.0000000000
0.0087535014
0.0028011204
0.0056022409
0.0000000000
0.0
0.0028011204
0.0000000000
0.0000000000
0.0000000000
0.0037348273
0.0028011204
0.0000000000
0.0000000000
0.0000000000
0.0264690146
0.0169783229
0.0000000000
0.0000000000
0.0000000000
0.0000000000
0.0
0.0
0.0000000000
0.0000000000
0.0000000000
0.0063025210
0.0037348273
0.0000000000
0.0000000000
0.0
0.0000000000
0.0000000000
0.0
0.0028011204
0.0000000000
0.0000000000
0.0037348273
0.0241614595
0.0000000000
0.0028011204
0.0028011204
0.0056022409
0.0000000000
0.0056022409
0.0056022409
0.0000000000
0.0037348273
0.0074696545
0.0000000000
0.0000000000
0.0000000000
0.0000000000
0.0000000000
0.0209399315
0.0
0.0000000000
0.0000000000
0.0000000000
0.0000000000
0.0000000000
0.0000000000
0.0000000000
0.0
0.0037348273
0.0000000000
0.0130284672
0.0000000000
0.0000000000
0.0095764802
0.0000000000
0.0058356676
0.0000000000
0.0037348273
0.0000000000
0.0000000000
0.0000000000
0.0000000000
0.0000000000
0.0000000000
0.0000000000
0.0000000000
0.0000000000
0.0000000000
0.0000000000
0.0000000000
0.0000000000
0.0028011204
0.0000000000
0.0000000000
0.0000000000
0.0000000000
0.0000000000
0.0037348273
0.0000000000
0.0000000000
0.0000000000
0.0000000000
0.0000000000
0.0000000000
0.0000000000
0.0000000000
0.0000000000
0.0000000000
0.0000000000
0.0000000000
