0.0
0.0
0.0
0.0
0.0
0.0
0.0
0.0
0.0
0.0
0.0
0.0
0.0
0.0
0.0
0.0
0.0
0.0
0.0
0.0
0.0
0.0
0.0
0.0
0.0
0.0
0.0
0.0
0.0
0.0
0.0
0.0
0.0
0.0
0.0
0.0
0.0
0.0
0.0
0.0
0.0
0.0
0.0000000000
0.0250000000
0.0
0.0
0.0
0.0
0.0
0.0
0.0
0.0
0.0
0.0
0.0
0.0
0.0
0.0
0.0
0.0
0.1022727273
0.0
0.0
0.0
0.0
0.0
0.0
0.0
0.0
0.0
0.0
0.0000000000
0.0
0.0
0.0
0.0416666667
0.0
0.0
0.0
0.1111111111
0.0
0.0
0.0
0.0
0.0
0.0
0.0156250000
0.0
0.0
0.0
0.0
0.0500000000
0.0
0.0
0.0
0.0
0.0
0.0
0.0
0.0
0.0
0.0250000000
0.0
0.0000000000
0.0
0.0
0.0
0.0756302521
0.0
0.0661764706
0.0
0.0000000000
0.0
0.0
0.0
0.0
0.0000000000
0.0
0.0000000000
0.0416666667
0.0927835052
0.0000000000
0.0
0.0
0.0
0.0
0.0
0.0
0.0312500000
0.0
0.0
0.0
0.0
0.1058823529
0.0
0.0
0.0
0.0927835052
0.0000000000
0.1304347826
0.0
0.1216216216
0.0
0.0
0.0
0.0
0.0
0.0
0.0
0.0
0.0156250000
0.0
0.0277777778
0.0937500000
0.0
0.0882352941
0.0697674419
0.0000000000
0.0731707317
0.0978260870
0.0
0.1000000000
0.0000000000
0.0156250000
0.0357142857
0.0
0.0000000000
0.0357142857
0.0000000000
0.0
0.0000000000
0.0782608696
0.0312500000
0.0720000000
0.0156250000
0.0882352941
0.0849056604
0.1097560976
0.0000000000
0.0000000000
0.0
0.0796460177
0.1200000000
0.0566037736
0.0000000000
0.0000000000
0.0000000000
0.0000000000
0.0000000000
0.0000000000
0.0720000000
0.0000000000
0.0000000000
0.0000000000
0.0000000000
0.0616438356
0.0000000000
