0.0
0.0
0.0
0.0
0.0
0.0
0.0
0.0
0.0
0.0
0.0
0.0
0.0
0.0
0.0
0.0
0.0
0.0
0.0
0.0
0.0
0.0
0.0
0.0
0.0
0.0
0.0
0.0
0.0
0.0
0.0
0.0
0.0
0.0
0.0
0.0
0.0
0.0
0.0
0.0
0.0
0.0
0.0000000000
0.0256410256
0.0
0.0
0.0
0.0
0.0
0.0192307692
0.0
0.0
0.0
0.0
0.0
0.0256410256
0.0
0.0
0.0
0.0
0.1693245779
0.0
0.0384615385
0.0
0.0
0.0
0.0
0.0
0.0
0.0
0.0
0.1176662321
0.0
0.0
0.0
0.0780034572
0.0
0.0000000000
0.0
0.1309869376
0.0
0.0
0.0661172161
0.0
0.0
0.0192307692
0.0977789816
0.0
0.0
0.0
0.0
0.1262237762
0.0
0.0
0.0192307692
0.0
0.0
0.0
0.0
0.0
0.0
0.0977789816
0.0
0.0000000000
0.0000000000
0.0
0.0
0.0977789816
0.0
0.0256410256
0.0
0.0797966401
0.0
0.1416797488
0.0
0.0192307692
0.0951001054
0.0
0.1006131550
0.0000000000
0.0192307692
0.0977789816
0.1176662321
0.0000000000
0.0
0.0977789816
0.0
0.0
0.0951001054
0.1309869376
0.0000000000
0.0000000000
0.0
0.0000000000
0.0000000000
0.0
0.0
0.0000000000
0.0384615385
0.0000000000
0.0
0.0256410256
0.0
0.1176662321
0.0
0.0
0.0000000000
0.0192307692
0.0797966401
0.0000000000
0.0000000000
0.0000000000
0.0000000000
0.0000000000
0.0000000000
0.0000000000
0.0000000000
