0.0
0.0
0.0
0.0
0.0
0.0
0.0911749070
0.0
0.0
0.0
0.0
0.0
0.0
0.0
0.0
0.0966119427
0.0
0.0
0.0
0.0
0.0
0.0
0.0
0.0
0.0
0.0
0.0
0.0
0.0
0.0000000000
0.0
0.0975064977
0.0
0.0
0.0
0.0
0.0953004684
0.0000000000
0.0000000000
0.0
0.0803870363
0.0000000000
0.0
0.0614035088
0.0286549708
0.0
0.0
0.0
0.0
0.1032421741
0.0
0.0
0.0993462430
0.0
0.0000000000
0.0
0.0709138165
0.0000000000
0.0
0.0
0.0
0.0
0.0
0.0
0.0
0.0
0.0
0.0000000000
0.0
0.0
0.0390749601
0.0650043318
0.0845839498
0.0
0.0087719298
0.0
0.0915713196
0.0
0.0000000000
0.1007722656
0.0688281160
0.0839099741
0.0749516139
0.0594954901
0.0832466542
0.0810053981
0.0
0.0763094330
0.0330634278
0.0286549708
0.0
0.0
0.0
0.0
0.0
0.0
0.0226223453
0.0087719298
0.0
0.0
0.0
0.0000000000
0.0640164240
0.0000000000
0.0
0.0000000000
0.0
0.0
0.0
0.0835769981
0.0763094330
0.0204678363
0.0896229937
0.0688281160
0.0940241228
0.0658168860
0.0900059979
0.0000000000
0.0131578947
0.0
0.0
0.0819509864
0.0087719298
0.0859649123
0.0
0.0704394766
0.0877558480
0.0
0.0
0.0000000000
0.0825937393
0.0873917158
0.0197368421
0.0
0.0131578947
0.1007722656
0.0731298733
0.0
0.0197368421
0.0919711944
0.0839099741
0.0741598715
0.0226223453
0.0000000000
0.0131578947
0.0
0.0087719298
0.0
0.0572320748
0.0810053981
0.0000000000
0.0000000000
0.0000000000
0.0000000000
0.0
0.0000000000
0.0000000000
0.0810053981
0.0000000000
0.0204678363
0.0683811802
0.0
0.0000000000
0.0000000000
0.0000000000
0.0087719298
0.0000000000
0.0000000000
0.0000000000
0.0892432352
0.0538654821
0.0087719298
0.0791782087
0.0
0.0000000000
0.0000000000
0.0000000000
0.0131578947
0.0744219205
0.0683811802
0.0000000000
0.0000000000
0.0000000000
0.0000000000
0.0197368421
0.0000000000
0.0728768288
0.0197368421
0.0000000000
0.0087719298
0.0000000000
0.0572320748
0.0000000000
0.0087719298
0.0000000000
0.0000000000
0.0000000000
