0.0
0.0
0.0
0.0
0.0
0.0
0.0
0.0
0.0
0.0
0.0
0.0
0.0
0.0
0.0
0.0
0.0
0.0
0.0
0.0
0.0
0.0
0.0
0.0
0.0
0.0
0.0
0.0
0.0
0.0795057022
0.0
0.1026537643
0.0
0.0
0.0
0.0
0.0
0.0841412889
0.0
0.0
0.1062571927
0.0
0.0
0.0
0.0840842826
0.0
0.0
0.0
0.0
0.1138609184
0.0
0.0
0.1048212847
0.0
0.1101228049
0.0
0.0
0.0
0.0
0.0
0.0
0.0
0.0
0.0
0.0
0.0
0.0
0.0
0.0
0.0
0.1166432341
0.0986553268
0.0985769667
0.0
0.0911891264
0.0
0.0997655957
0.0
0.0791507660
0.0
0.0
0.0926182098
0.0
0.0
0.0915929159
0.1155571705
0.0
0.0901950589
0.0
0.1008191723
0.0
0.0
0.0
0.0
0.0
0.0
0.0000000000
0.0804853444
0.0
0.0
0.0
0.0930347834
0.0750353090
0.0808523786
0.0
0.0
0.0
0.0
0.0
0.1134446079
0.0913233268
0.0
0.0895443009
0.0922739042
0.1061662969
0.0991281159
0.0
0.0
0.0
0.0
0.0
0.0
0.0900641517
0.0951751542
0.0
0.0896089539
0.0
0.0
0.0
0.0
0.0
0.0
0.0
0.0
0.0
0.0888392277
0.0940927984
0.0
0.0
0.1238606797
0.0
0.0
0.0909219056
0.0
0.1046445203
0.0
0.0036133695
0.0
0.1054446908
0.0894797412
0.0081300813
0.0
0.0
0.0
0.0
0.1159891599
0.0990490033
0.0
0.0948116127
0.1108110724
0.0
0.0
0.1129284814
0.0
0.0878954682
0.0744501506
0.0000000000
0.0
0.0
0.0901950589
0.0
0.0897385402
0.0
0.0
0.0889028661
0.0945948179
0.0
0.0
0.0777621561
0.0000000000
0.0771338726
0.0
0.0833501686
0.0000000000
0.0729191546
0.0
0.0
0.1041177861
0.0956888212
0.1122137442
0.0
0.1143856231
0.1124170300
0.0
0.0
0.0931744753
0.0852978702
0.0843700891
0.0
0.0
0.1295494792
0.0996054583
0.0
0.1039433845
0.0878954682
0.0
0.0
0.0
0.0000000000
0.0
0.0885223973
0.0
0.0
0.0
0.0048780488
0.0
0.0
0.0
0.0000000000
0.0
0.0
0.0822454613
0.0027100271
0.0000000000
0.0
0.1077329871
0.0
0.0711222929
0.0
0.0943790122
0.0
0.0911221741
0.0
0.0967329704
0.0780065375
0.0835184395
0.1007373385
0.0000000000
0.0
0.1156648659
0.1099277246
0.0
0.0
0.0048780488
0.1228796050
0.0801733857
0.0
0.0822454613
0.0
0.0852392865
0.0
0.0
0.0
0.0
0.0
0.1074531611
0.0
0.1251092753
0.0859476462
0.0939503415
0.0027100271
0.0054200542
0.0
0.1080142742
0.0040650407
0.0798124766
0.0
0.0000000000
0.0
0.0
0.0086720867
0.0
0.0629033964
0.1022309729
0.1160976624
0.0937374631
0.1109100993
0.0772779583
0.0814894295
0.0735675169
0.0736548374
0.0927566525
0.1105150499
0.1085812783
0.0843700891
0.0
0.0
0.1283437447
0.0000000000
0.0
0.0
0.0
0.0883962971
0.0855920007
0.0
0.0
0.0000000000
0.0036133695
0.0831268594
0.0
0.0
0.0899336240
0.0890943296
0.0781047206
0.0
0.0
0.0
0.0
0.0
0.0
0.0628396968
0.0974928524
0.0
0.0984206194
0.1147027736
0.0898034740
0.1044683511
0.0
0.0000000000
0.0
0.1112082447
0.1048212847
0.0027100271
0.0000000000
0.1143856231
0.0917283083
0.1018952390
0.0825737865
0.1034236676
0.1078265865
0.0909885638
0.0
0.0027100271
0.1024842288
0.1043804887
0.0807471705
0.0928955098
0.0835184395
0.0971114249
0.0901295578
0.0
0.1068058529
0.0830712189
0.0986553268
0.1018116498
0.0
0.0863062594
0.0027100271
0.0
0.0048178260
0.0989700168
0.0
0.0
0.0000000000
0.0
0.0857694548
0.0
0.0
0.0922053500
0.0000000000
0.0933848014
0.0812227756
0.0
0.0802252108
0.0
0.0000000000
0.0
0.0746292249
0.0000000000
0.0
0.0027100271
0.0000000000
0.0816502639
0.0
0.0060975610
0.0937374631
0.0726204804
0.0054200542
0.0000000000
0.0027100271
0.0615006943
0.0645725292
0.0000000000
0.0835184395
0.0911221741
0.0000000000
0.0776648317
0.0777134634
0.0027100271
0.0843700891
0.0685681774
0.0000000000
0.0939503415
0.0
0.0704360960
0.0036133695
0.0567741999
0.1036828748
0.0903263472
0.0000000000
0.0888392277
0.0072267389
0.0
0.0928260292
0.0027100271
0.0
0.0
0.0958366032
0.0614398025
0.0000000000
0.0
0.0975694977
0.0
0.0000000000
0.0000000000
0.0000000000
0.0836873912
0.0709190863
0.0734804032
0.0036133695
0.0810107057
0.0687962312
0.0000000000
0.1016448821
0.0027100271
0.0924801796
0.0000000000
0.0987338115
0.0813825581
0.0898685019
0.0710002295
0.0926182098
0.0760934403
0.0027100271
0.0000000000
0.0772779583
0.0776648317
0.0718219914
0.0807471705
0.0831268594
0.0000000000
0.0000000000
0.0027100271
0.0949566956
0.0000000000
0.0
0.1059849710
0.0727055660
0.0819197367
0.0799152615
0.0000000000
0.0
0.0027100271
0.0027100271
0.0686820150
0.0729191546
0.1001682010
0.0000000000
0.0
0.0000000000
0.0000000000
0.0000000000
0.0054200542
0.0000000000
0.0866678779
0.0000000000
0.0000000000
0.0883333816
0.0673039051
0.0000000000
0.0054200542
0.0686820150
0.0000000000
0.0782031513
0.0060975610
0.0826838115
0.0889665958
0.0913905752
0.0843127725
0.0000000000
0.0
0.0810107057
0.0796587940
0.0843700891
0.0000000000
0.0000000000
0.0000000000
0.0000000000
0.0000000000
0.0000000000
0.0846578452
0.0807471705
0.0969596883
0.0843700891
0.0866678779
0.0048780488
0.0716147727
0.0000000000
0.0027100271
0.0000000000
0.0000000000
0.0556290458
0.0000000000
0.0000000000
0.0000000000
0.0000000000
0.0000000000
0.0000000000
0.0000000000
0.0000000000
0.0000000000
0.0000000000
0.0000000000
0.0000000000
0.0000000000
0.0000000000
0.0000000000
0.0653202111
0.0000000000
0.0000000000
0.0027100271
0.0000000000
0.0027100271
0.0000000000
0.0000000000
0.0770859634
0.0804853444
0.0000000000
0.0000000000
0.0000000000
0.0000000000
0.0660151070
0.0027100271
0.0000000000
0.0911221741
0.0000000000
0.0000000000
0.0000000000
0.0000000000
0.0000000000
0.0000000000
0.0000000000
0.0000000000
0.0000000000
0.0000000000
0.0000000000
0.0040650407
0.0000000000
0.0000000000
0.0745843757
0.0000000000
0.0000000000
0.0000000000
0.0000000000
0.0000000000
0.0000000000
0.0000000000
0.0000000000
0.0000000000
0.0000000000
0.0000000000
0.0000000000
0.0000000000
0.0027100271
0.0000000000
0.0000000000
0.0000000000
0.0731771233
0.0000000000
0.0000000000
0.0000000000
0.0027100271
0.0000000000
0.0000000000
0.0000000000
0.0000000000
0.0000000000
0.0000000000
