0.0
0.0
0.0
0.0
0.0
0.0
0.0
0.0
0.0
0.0
0.0
0.0
0.0
0.0
0.0
0.0
0.0
0.0
0.0
0.0
0.0
0.0
0.0
0.0
0.0
0.0
0.0
0.0
0.0
0.0
0.0
0.0
0.0
0.0
0.0
0.0
0.0
0.0
0.0
0.0
0.0
0.0
0.0
0.0
0.0
0.0
0.0
0.0
0.0
0.0
0.0
0.0
0.0
0.0
0.0
0.0
0.0
0.0
0.0
0.0
0.1335661116
0.0
0.0
0.0
0.0
0.0
0.0
0.0
0.0
0.0
0.0
0.0
0.0
0.0
0.0
0.1576682671
0.0
0.0
0.0
0.1978290521
0.0
0.0
0.0
0.0
0.0
0.0
0.0000000000
0.0
0.0
0.0
0.0
0.1657697986
0.0
0.0
0.0
0.0
0.0
0.0
0.0
0.0
0.0
0.0
0.0
0.0
0.0
0.0
0.0
0.1263245754
0.0
0.1863989290
0.0
0.0
0.0
0.0
0.0
0.0
0.0
0.0
0.1124390323
0.1530648140
0.0
0.1267062207
0.0
0.0
0.0
0.0
0.0
0.0
0.0
0.0
0.0
0.0
0.0
0.0000000000
0.0
0.0
0.0
0.1323020790
0.1251933106
0.2006687035
0.0
0.1431391093
0.0
0.0
0.0
0.0
0.0
0.0
0.0
0.0
0.1267062207
0.0
0.1733047894
0.0
0.0
0.0
0.1704868254
0.0
0.0000000000
0.1352895453
0.0
0.1570777492
0.1582632416
0.0000000000
0.1547592584
0.0
0.0
0.1525082147
0.0
0.0
0.0
0.1638271837
0.1547592584
0.1799989658
0.0
0.1691119316
0.1644696433
0.1553324409
0.0
0.1251933106
0.0
0.0
0.1932707790
0.1492518115
0.1124390323
0.0
0.1784670597
0.0000000000
0.1704868254
0.1441228833
0.1530648140
0.0000000000
0.1194864930
0.0
0.0
0.0
0.0
0.1863989290
0.1270901789
0.0
0.0
0.0
0.1078142906
0.0
0.1080921625
0.2016334569
0.1631897239
0.1514070723
0.0
0.0000000000
0.1178083119
0.1664276152
0.1831430526
0.0973080256
0.1625572056
0.1600754162
0.0000000000
0.1487225498
0.1298444552
0.0
0.0000000000
0.0
0.1263245754
0.1519556487
0.0000000000
0.1078142906
0.0973080256
0.1407374464
0.1481970284
0.0000000000
0.0000000000
0.1461315646
0.1461315646
0.0000000000
0.0000000000
0.1298444552
0.0000000000
0.0000000000
0.0000000000
0.0
0.0000000000
0.0000000000
0.0000000000
0.0000000000
0.0000000000
0.0000000000
0.0000000000
