0.0000000000
0.0
0.0000000000
0.0
0.0208333333
0.0
0.0000000000
0.0
0.0
0.0000000000
0.0
0.0703125000
0.0
0.0
0.0
0.0
0.0527343750
0.0000000000
0.0
0.0000000000
0.0
0.0
0.0
0.0208333333
0.0000000000
0.0
0.0767045455
0.0000000000
0.0
0.0
0.0703125000
0.0527343750
0.0
0.0000000000
0.0
0.0000000000
0.0
0.0
0.0208333333
0.0000000000
0.0
0.0
0.0602678571
0.0208333333
0.0208333333
0.0
0.0
0.0
0.0000000000
0.0
0.0496323529
0.0000000000
0.0208333333
0.0000000000
0.0000000000
0.0767045455
0.0401785714
0.0000000000
0.0000000000
0.0000000000
0.0000000000
0.0000000000
0.0
0.0000000000
0.0527343750
0.0208333333
0.0000000000
0.0208333333
0.0000000000
0.0000000000
0.0000000000
0.0000000000
0.0000000000
0.0000000000
0.0000000000
0.0000000000
0.0000000000
