0.0
0.0
0.0
0.0
0.1436141948
0.0
0.1493741224
0.0
0.0
0.1287233221
0.0
0.1421524727
0.0
0.1181097712
0.0
0.1230526912
0.1044222837
0.1034554107
0.0
0.1539006110
0.0055865922
0.0055865922
0.0
0.0
0.0
0.1233243307
0.1034554107
0.1263934882
0.1281328481
0.1144793479
0.0
0.0
0.1183600038
0.1389699547
0.1403666377
0.1296193081
0.1308335405
0.1091131285
0.0125698324
0.0
0.0
0.1569267466
0.1147144185
0.0074487896
0.0
0.1308335405
0.0000000000
0.1209219086
0.0055865922
0.1156644343
0.1135486215
0.1163873371
0.0981826393
0.1099722870
0.1379405476
0.1149504564
0.1010233667
0.1767908917
0.0942089743
0.1222449054
0.0
0.1154254582
0.0000000000
0.1287233221
0.0
0.1284274064
0.0
0.1485795792
0.1163873371
0.1036473503
0.1275477666
0.1333315556
0.1181097712
0.1333315556
0.1161453675
0.1410755601
0.1128604481
0.1176124669
0.0997605746
0.0055865922
0.1130889105
0.1352685758
0.1217122479
0.0
0.1193716278
0.1166303169
0.1346166790
0.0125698324
0.0870185698
0.0000000000
0.1400148416
0.0
0.0083798883
0.1028838339
0.0000000000
0.1149504564
0.0898165945
0.1263934882
0.0074487896
0.1040333739
0.0954973022
0.1121805658
0.1001181394
0.1211842121
0.0920361150
0.1582604017
0.0856839291
0.1166303169
0.1287233221
0.1068182061
0.0948487636
0.0000000000
0.0000000000
0.0776994740
0.0000000000
0.1091131285
0.0055865922
0.0000000000
0.0000000000
0.0901063255
0.0776994740
0.0000000000
0.0000000000
0.0000000000
0.0743887108
0.0111731844
0.0000000000
0.1091131285
0.1227822457
0.0875641407
0.0
0.0
0.0000000000
0.0000000000
0.1198839523
0.0000000000
0.0074487896
0.0809651040
0.0000000000
0.0976676954
0.1006593185
0.0000000000
0.0946880030
0.0
0.1209219086
0.1191171040
0.0000000000
0.0000000000
0.1124062813
0.0968213549
0.0000000000
0.1091131285
0.0000000000
0.0111731844
0.0708059845
0.0000000000
0.0000000000
0.0000000000
0.1078492699
0.0000000000
0.0074487896
0.0000000000
0.0000000000
0.0000000000
0.0954973022
0.0826418961
0.0000000000
0.0083798883
0.0000000000
0.0000000000
0.0
0.0000000000
0.0000000000
0.0000000000
0.0000000000
0.0000000000
0.0
0.1099722870
0.0000000000
0.0000000000
0.0000000000
0.0000000000
0.0000000000
0.0000000000
0.0000000000
0.0055865922
0.0055865922
0.0000000000
0.1046178311
0.0000000000
0.0000000000
0.0942089743
0.0055865922
0.0000000000
0.1023185381
0.0000000000
0.0000000000
0.0000000000
0.0000000000
0.0874271076
0.0000000000
0.0000000000
0.0000000000
0.0
0.0000000000
0.0000000000
0.0000000000
0.0000000000
0.0000000000
0.0000000000
