0.0
0.0
0.0
0.0
0.0
0.0
0.0
0.0
0.0
0.0
0.0
0.0
0.0
0.0
0.0
0.0
0.0
0.0
0.0
0.0
0.0
0.0
0.0
0.0
0.0
0.0
0.0
0.0
0.0
0.0
0.0
0.0
0.0
0.0
0.0
0.0
0.0
0.0
0.0
0.0
0.0
0.0
0.0
0.0
0.0
0.0
0.0
0.0
0.0
0.0
0.0
0.0
0.0
0.0
0.0
0.0
0.0
0.0
0.0
0.0
0.0457516340
0.0
0.0
0.0
0.0
0.0
0.0
0.0
0.0
0.0
0.0
0.0
0.0
0.0
0.0
0.0686274510
0.0
0.0
0.0
0.0402298851
0.0
0.0
0.0
0.0
0.0
0.0
0.0089285714
0.0
0.0
0.0
0.0
0.0
0.0
0.0
0.0
0.0
0.0
0.0
0.0
0.0
0.0
0.0
0.0
0.0
0.0
0.0
0.0
0.0
0.0
0.0571428571
0.0
0.0
0.0
0.0
0.0
0.0
0.0
0.0
0.0
0.0443037975
0.0
0.0573770492
0.0
0.0
0.0
0.0
0.0
0.0
0.0
0.0
0.0
0.0
0.0
0.0471821756
0.0
0.0
0.0
0.0
0.0
0.0857142857
0.0
0.0
0.0
0.0
0.0
0.0
0.0
0.0
0.0
0.0
0.0
0.0
0.0
0.0
0.0
0.0
0.0348258706
0.0
0.0378378378
0.0
0.0
0.0000000000
0.0
0.0
0.0551181102
0.0
0.0
0.0619469027
0.0
0.0
0.0
0.0
0.0
0.0
0.0
0.0089285714
0.0
0.0
0.0
0.0321428571
0.0
0.0
0.0650994575
0.0
0.0389610390
0.0
0.0
0.0
0.0522388060
0.0
0.0
0.0514285714
0.0593220339
0.0
0.0
0.0
0.0
0.0
0.0503597122
0.0
0.0
0.0
0.0
0.0
0.0
0.0
0.0451127820
0.0
0.0
0.0000000000
0.0
0.0
0.0
0.0
0.0
0.0642857143
0.0
0.0454545455
0.0583333333
0.0
0.0357142857
0.0
0.0378378378
0.0
0.0
0.0321428571
0.0
0.0514285714
0.0
0.0
0.0380952381
0.0
0.0
0.0504201681
0.0
0.0634920635
0.0000000000
0.0
0.0
0.0
0.0
0.0767590618
0.0000000000
0.0560000000
0.0555555556
0.0
0.0
0.0
0.0707070707
0.0089285714
0.0598290598
0.0
0.0309734513
0.0
0.0247252747
0.0
0.0
0.0351758794
0.0
0.0247252747
0.0
0.0541353383
0.0325497288
0.0
0.0
0.0178571429
0.0
0.0000000000
0.0378378378
0.0000000000
0.0267857143
0.0089285714
0.0389610390
0.0229591837
0.0660377358
0.0435835351
0.0
0.0
0.0406976744
0.0494505495
0.0000000000
0.0321428571
0.0
0.0089285714
0.0
0.0504201681
0.0000000000
0.0000000000
0.0
0.0704500978
0.0000000000
0.0000000000
0.0
0.0089285714
0.0000000000
0.0
0.0000000000
0.0089285714
0.0229591837
0.0500000000
0.0
0.0000000000
0.0000000000
0.0
0.0535714286
0.0571428571
0.0000000000
0.0178571429
0.0089285714
0.0630630631
0.0000000000
0.0000000000
0.0247252747
0.0229591837
0.0667903525
0.0000000000
0.0482758621
0.0514285714
0.0000000000
0.0000000000
0.0000000000
0.0000000000
0.0000000000
0.0571428571
0.0
0.0178571429
0.0476190476
0.0000000000
0.0000000000
0.0
0.0000000000
0.0378378378
0.0000000000
0.0000000000
0.0
0.0
0.0
0.0000000000
0.0000000000
0.0000000000
0.0000000000
0.0000000000
0.0000000000
0.0000000000
0.0000000000
