0.0
0.0
0.0
0.0
0.0
0.0
0.1130748532
0.0
0.0
0.0
0.0
0.0
0.0
0.0
0.0
0.1644725138
0.0
0.0
0.0
0.0
0.0
0.0
0.0
0.0
0.0
0.0
0.0
0.0
0.0
0.1305606553
0.0
0.1963470320
0.1723045383
0.0
0.0
0.0
0.1655474975
0.0000000000
0.1106059700
0.0
0.1553912093
0.0136986301
0.1333093006
0.1498743617
0.1711403184
0.0
0.0
0.0
0.0
0.1796366463
0.0
0.0
0.1073252844
0.0
0.1835417907
0.0
0.1200415503
0.1525829345
0.0
0.0
0.1489927478
0.0
0.0
0.0
0.0
0.0
0.0
0.0000000000
0.1073252844
0.0
0.1415014923
0.1399379399
0.1391690501
0.0
0.1415014923
0.0
0.1455676271
0.1260137668
0.0000000000
0.1783715995
0.1235549616
0.1677401796
0.1130748532
0.1623638918
0.1340146409
0.1305606553
0.0
0.0273972603
0.0136986301
0.1156564709
0.0
0.0
0.0
0.1439134496
0.0
0.0
0.0136986301
0.1042336096
0.0934640853
0.0
0.1472602740
0.1305606553
0.1391690501
0.0000000000
0.1455676271
0.1326113462
0.0136986301
0.0
0.0182648402
0.0000000000
0.0000000000
0.1507664710
0.1666366258
0.1279230663
0.0000000000
0.0000000000
0.0182648402
0.0000000000
0.0000000000
0.0
0.0000000000
0.0000000000
0.0000000000
0.0000000000
0.0
0.0000000000
0.0000000000
0.0000000000
0.0000000000
0.0000000000
0.0000000000
0.0000000000
0.1042336096
0.0000000000
0.0000000000
