0.0
0.0
0.0
0.0
0.0
0.0
0.0
0.0
0.0
0.0
0.0
0.0
0.0
0.0
0.0
0.0
0.0
0.0
0.0
0.0
0.0
0.0
0.0
0.0
0.0
0.0
0.0
0.0
0.0
0.0
0.0
0.0
0.0
0.0
0.0
0.0
0.0
0.0
0.0
0.0
0.0
0.0
0.0000000000
0.0000000000
0.0
0.0
0.0
0.0
0.0
0.0413223140
0.0
0.0
0.0
0.0
0.0
0.0000000000
0.0
0.0
0.0
0.0
0.0181818182
0.0
0.0000000000
0.0505050505
0.0
0.0
0.0
0.0
0.0181818182
0.0
0.0
0.0000000000
0.0000000000
0.0
0.0
0.0000000000
0.0
0.0000000000
0.0
0.0409090909
0.0
0.0
0.0272727273
0.0000000000
0.0
0.0000000000
0.0000000000
0.0
0.0
0.0000000000
0.0
0.0181818182
0.0
0.0
0.0000000000
0.0
0.0
0.0
0.0
0.0
0.0
0.0272727273
0.0
0.0000000000
0.0000000000
0.0
0.0
0.0000000000
0.0
0.0000000000
0.0000000000
0.0000000000
0.0000000000
0.0303030303
0.0181818182
0.0413223140
0.0505050505
0.0
0.0181818182
0.0181818182
0.0000000000
0.0409090909
0.0000000000
0.0181818182
0.0000000000
0.0303030303
0.0000000000
0.0181818182
0.0181818182
0.0000000000
0.0000000000
0.0000000000
0.0000000000
0.0000000000
0.0000000000
0.0000000000
0.0000000000
0.0000000000
0.0000000000
0.0000000000
0.0000000000
0.0181818182
