0.0
0.0
0.0
0.0
0.0
0.0
0.0000000000
0.0
0.0
0.0000000000
0.0
0.0
0.0
0.0
0.0
0.0
0.0
0.0
0.0
0.0
0.0
0.0
0.0
0.0000000000
0.0
0.0
0.0
0.0
0.0
0.0
0.0
0.0
0.0
0.0
0.0
0.0
0.0
0.0
0.0
0.0
0.0
0.0
0.0000000000
0.0
0.0
0.0
0.0
0.0
0.0
0.0
0.0
0.0
0.0000000000
0.0
0.0060060060
0.0
0.0
0.0
0.0040040040
0.0
0.0
0.0000000000
0.0
0.0
0.0
0.0000000000
0.0
0.0068640069
0.0000000000
0.0
0.0000000000
0.0192995052
0.0
0.0
0.0300300300
0.0
0.0
0.0
0.0
0.0
0.0
0.0
0.0
0.0000000000
0.0
0.0252778031
0.0
0.0
0.0
0.0
0.0
0.0
0.0000000000
0.0
0.0000000000
0.0
0.0
0.0
0.0102375102
0.0
0.0
0.0
0.0
0.0
0.0
0.0
0.0
0.0
0.0
0.0
0.0
0.0040040040
0.0
0.0
0.0
0.0
0.0
0.0000000000
0.0
0.0
0.0
0.0319468405
0.0
0.0000000000
0.0
0.0215114828
0.0
0.0
0.0096525097
0.0
0.0
0.0
0.0
0.0
0.0112612613
0.0060060060
0.0
0.0
0.0
0.0329276645
0.0157720746
0.0
0.0
0.0
0.0220809044
0.0
0.0288750289
0.0040040040
0.0045045045
0.0000000000
0.0000000000
0.0
0.0091307524
0.0
0.0000000000
0.0
0.0
0.0
0.0215114828
0.0
0.0
0.0229587386
0.0
0.0
0.0
0.0
0.0189583523
0.0091520092
0.0330727203
0.0
0.0120656371
0.0
0.0
0.0
0.0030030030
0.0
0.0
0.0067567568
0.0
0.0068250068
0.0
0.0000000000
0.0
0.0
0.0
0.0
0.0
0.0
0.0000000000
0.0030030030
0.0000000000
0.0242177662
0.0177809388
0.0
0.0000000000
0.0
0.0
0.0
0.0080080080
0.0
0.0193492462
0.0269086291
0.0
0.0
0.0
0.0199667753
0.0000000000
0.0030030030
0.0
0.0
0.0252778031
0.0
0.0
0.0030030030
0.0000000000
0.0
0.0
0.0040040040
0.0060060060
0.0000000000
0.0
0.0
0.0
0.0
0.0
0.0000000000
0.0
0.0
0.0030030030
0.0
0.0
0.0
0.0264348856
0.0
0.0000000000
0.0
0.0030030030
0.0040040040
0.0
0.0
0.0000000000
0.0140765766
0.0
0.0
0.0
0.0305183232
0.0
0.0067567568
0.0
0.0000000000
0.0
0.0000000000
0.0218241497
0.0
0.0
0.0000000000
0.0030030030
0.0
0.0
0.0000000000
0.0
0.0068640069
0.0
0.0
0.0
0.0
0.0000000000
0.0129937630
0.0000000000
0.0030030030
0.0
0.0066273170
0.0068250068
0.0030030030
0.0
0.0
0.0
0.0
0.0000000000
0.0
0.0
0.0
0.0030030030
0.0060060060
0.0246957484
0.0
0.0096525097
0.0
0.0
0.0030030030
0.0
0.0000000000
0.0000000000
0.0240625241
0.0040040040
0.0
0.0
0.0000000000
0.0030030030
0.0
0.0207964197
0.0
0.0
0.0
0.0
0.0000000000
0.0
0.0080080080
0.0040040040
0.0
0.0
0.0
0.0
0.0
0.0066273170
0.0
0.0129937630
0.0067567568
0.0
0.0000000000
0.0000000000
0.0000000000
0.0
0.0287643966
0.0
0.0196531610
0.0000000000
0.0
0.0172190539
0.0
0.0225450676
0.0
0.0107250107
0.0191030725
0.0
0.0030030030
0.0
0.0
0.0045045045
0.0060060060
0.0
0.0000000000
0.0260677344
0.0
0.0
0.0
0.0
0.0
0.0000000000
0.0045045045
0.0
0.0
0.0040040040
0.0030030030
0.0107250107
0.0000000000
0.0
0.0168708034
0.0
0.0
0.0040040040
0.0
0.0060060060
0.0
0.0000000000
0.0
0.0
0.0
0.0000000000
0.0
0.0
0.0000000000
0.0045045045
0.0000000000
0.0
0.0000000000
0.0000000000
0.0086625087
0.0090090090
0.0
0.0000000000
0.0030030030
0.0146886016
0.0030030030
0.0
0.0000000000
0.0030030030
0.0040040040
0.0000000000
0.0030030030
0.0048048048
0.0040040040
0.0000000000
0.0224104702
0.0
0.0
0.0
0.0000000000
0.0060060060
0.0
0.0
0.0231713195
0.0
0.0091520092
0.0000000000
0.0000000000
0.0
0.0030030030
0.0
0.0048048048
0.0
0.0000000000
0.0000000000
0.0000000000
0.0000000000
0.0000000000
0.0080080080
0.0000000000
0.0040040040
0.0067567568
0.0000000000
0.0143000143
0.0068250068
0.0000000000
0.0067567568
0.0
0.0
0.0030030030
0.0200735495
0.0000000000
0.0000000000
0.0
0.0000000000
0.0
0.0000000000
0.0000000000
0.0195508008
0.0045045045
0.0054054054
0.0
0.0000000000
0.0000000000
0.0030030030
0.0030030030
0.0
0.0177482447
0.0140765766
0.0096096096
0.0000000000
0.0000000000
0.0030030030
0.0073443008
0.0
0.0000000000
0.0000000000
0.0000000000
0.0120656371
0.0068250068
0.0
0.0000000000
0.0000000000
0.0000000000
0.0000000000
0.0000000000
0.0
0.0000000000
0.0030030030
0.0000000000
0.0
0.0000000000
0.0
0.0030030030
0.0000000000
0.0273000273
0.0000000000
0.0000000000
0.0030030030
0.0
0.0040040040
0.0000000000
0.0
0.0160875161
0.0
0.0000000000
0.0272011142
0.0
0.0193992442
0.0
0.0000000000
0.0054054054
0.0000000000
0.0
0.0
0.0
0.0000000000
0.0000000000
0.0000000000
0.0196531610
0.0045045045
0.0000000000
0.0040040040
0.0157720746
0.0030030030
0.0000000000
0.0030030030
0.0053386720
0.0254491780
0.0272011142
0.0
0.0
0.0040040040
0.0
0.0030030030
0.0030030030
0.0030030030
0.0000000000
0.0242961408
0.0000000000
0.0000000000
0.0030030030
0.0000000000
0.0000000000
0.0000000000
0.0175000175
0.0060060060
0.0000000000
0.0000000000
0.0030030030
0.0060060060
0.0000000000
0.0143000143
0.0000000000
0.0000000000
0.0000000000
0.0000000000
0.0000000000
0.0040040040
0.0030030030
0.0000000000
0.0030030030
0.0000000000
0.0000000000
0.0030030030
0.0000000000
0.0
0.0000000000
0.0000000000
0.0000000000
0.0000000000
0.0054054054
0.0030030030
0.0030030030
0.0000000000
0.0
0.0030030030
0.0000000000
0.0000000000
0.0000000000
0.0030030030
0.0200735495
0.0000000000
0.0000000000
0.0000000000
0.0228887424
0.0000000000
0.0030030030
0.0000000000
0.0000000000
0.0000000000
0.0000000000
0.0
0.0000000000
0.0000000000
0.0000000000
0.0067567568
0.0000000000
0.0000000000
0.0000000000
0.0000000000
0.0000000000
0.0000000000
0.0
0.0177482447
0.0000000000
0.0000000000
0.0040040040
0.0216979986
0.0000000000
0.0000000000
0.0000000000
0.0000000000
0.0000000000
0.0053386720
0.0000000000
0.0000000000
0.0040040040
0.0000000000
0.0000000000
0.0000000000
0.0000000000
0.0000000000
0.0000000000
0.0000000000
0.0
0.0000000000
0.0000000000
0.0000000000
0.0030030030
0.0000000000
0.0000000000
