0.0
0.0
0.0
0.0
0.0
0.0
0.0097552743
0.0
0.0
0.0000000000
0.0
0.0
0.0
0.0
0.0
0.0
0.0
0.0
0.0
0.0
0.0
0.0
0.0
0.0000000000
0.0
0.0
0.0
0.0
0.0
0.0
0.0
0.0
0.0
0.0
0.0
0.0
0.0
0.0
0.0
0.0
0.0
0.0
0.0000000000
0.0
0.0
0.0
0.0
0.0
0.0
0.0
0.0
0.0
0.0000000000
0.0
0.0080000000
0.0
0.0
0.0
0.0060952381
0.0
0.0
0.0000000000
0.0
0.0
0.0
0.0074482759
0.0
0.0053333333
0.0048000000
0.0
0.0000000000
0.0190218579
0.0
0.0
0.0374301075
0.0
0.0
0.0
0.0
0.0
0.0
0.0
0.0
0.0026666667
0.0
0.0279598394
0.0
0.0
0.0
0.0
0.0
0.0
0.0026666667
0.0
0.0000000000
0.0
0.0
0.0
0.0097552743
0.0
0.0
0.0
0.0
0.0
0.0
0.0
0.0
0.0
0.0
0.0
0.0
0.0048000000
0.0
0.0
0.0
0.0
0.0
0.0000000000
0.0
0.0
0.0
0.0291907757
0.0
0.0000000000
0.0
0.0277924152
0.0
0.0
0.0000000000
0.0
0.0
0.0
0.0
0.0
0.0221015873
0.0080000000
0.0
0.0
0.0
0.0336328502
0.0170012210
0.0
0.0
0.0
0.0243001745
0.0
0.0326854460
0.0026666667
0.0040000000
0.0000000000
0.0194198047
0.0
0.0194198047
0.0
0.0
0.0
0.0
0.0
0.0245573192
0.0
0.0
0.0
0.0
0.0
0.0
0.0
0.0000000000
0.0053333333
0.0386777778
0.0
0.0111690821
0.0
0.0
0.0
0.0026666667
0.0
0.0
0.0060000000
0.0
0.0055555556
0.0
0.0000000000
0.0
0.0
0.0
0.0
0.0
0.0
0.0000000000
0.0
0.0000000000
0.0
0.0145408805
0.0
0.0000000000
0.0
0.0
0.0
0.0249534050
0.0
0.0214876543
0.0333908873
0.0
0.0
0.0
0.0
0.0000000000
0.0093913043
0.0
0.0
0.0322314815
0.0
0.0
0.0026666667
0.0000000000
0.0
0.0
0.0026666667
0.0053333333
0.0000000000
0.0
0.0
0.0
0.0
0.0
0.0000000000
0.0
0.0
0.0035555556
0.0
0.0
0.0
0.0246879433
0.0
0.0178512821
0.0
0.0026666667
0.0035555556
0.0
0.0
0.0058378378
0.0126338798
0.0
0.0
0.0
0.0255018315
0.0
0.0090666667
0.0
0.0000000000
0.0
0.0000000000
0.0048000000
0.0
0.0
0.0000000000
0.0188672087
0.0
0.0
0.0000000000
0.0
0.0000000000
0.0
0.0
0.0
0.0
0.0000000000
0.0135204678
0.0000000000
0.0040000000
0.0
0.0035555556
0.0026666667
0.0035555556
0.0
0.0
0.0
0.0
0.0000000000
0.0
0.0
0.0
0.0093913043
0.0026666667
0.0336328502
0.0
0.0248199643
0.0
0.0
0.0026666667
0.0
0.0000000000
0.0026666667
0.0284744376
0.0048000000
0.0
0.0
0.0000000000
0.0
0.0
0.0241736111
0.0
0.0
0.0
0.0
0.0000000000
0.0
0.0035555556
0.0048000000
0.0
0.0
0.0
0.0
0.0
0.0218930818
0.0
0.0111690821
0.0105570776
0.0
0.0000000000
0.0000000000
0.0000000000
0.0
0.0293755274
0.0
0.0200057471
0.0000000000
0.0
0.0188672087
0.0
0.0228637110
0.0
0.0083333333
0.0080000000
0.0
0.0069677419
0.0
0.0
0.0076303630
0.0053333333
0.0
0.0000000000
0.0259292365
0.0
0.0
0.0
0.0
0.0
0.0219968404
0.0122328042
0.0
0.0
0.0035555556
0.0
0.0026666667
0.0000000000
0.0
0.0
0.0
0.0
0.0035555556
0.0
0.0026666667
0.0
0.0076303630
0.0
0.0
0.0
0.0000000000
0.0
0.0
0.0000000000
0.0000000000
0.0000000000
0.0
0.0069677419
0.0000000000
0.0081122807
0.0111111111
0.0
0.0000000000
0.0
0.0192586445
0.0026666667
0.0
0.0200057471
0.0026666667
0.0035555556
0.0035555556
0.0060952381
0.0035555556
0.0035555556
0.0000000000
0.0224219002
0.0
0.0
0.0
0.0000000000
0.0042666667
0.0
0.0
0.0238017094
0.0
0.0286502058
0.0000000000
0.0
0.0
0.0000000000
0.0
0.0000000000
0.0
0.0048000000
0.0066666667
0.0000000000
0.0000000000
0.0000000000
0.0035555556
0.0026666667
0.0048000000
0.0
0.0000000000
0.0
0.0188672087
0.0000000000
0.0
0.0
0.0
0.0053333333
0.0
0.0074482759
0.0000000000
0.0
0.0000000000
0.0
0.0000000000
0.0000000000
0.0196666667
0.0000000000
0.0066666667
0.0
0.0000000000
0.0000000000
0.0
0.0060000000
0.0
0.0000000000
0.0111690821
0.0035555556
0.0000000000
0.0
0.0000000000
0.0
0.0
0.0000000000
0.0000000000
0.0
0.0218930818
0.0055555556
0.0
0.0000000000
0.0026666667
0.0000000000
0.0000000000
0.0000000000
0.0
0.0000000000
0.0026666667
0.0000000000
0.0
0.0
0.0
0.0060000000
0.0000000000
0.0279598394
0.0000000000
0.0173832709
0.0000000000
0.0
0.0000000000
0.0200057471
0.0
0.0140121212
0.0
0.0026666667
0.0311498881
0.0
0.0213886329
0.0
0.0026666667
0.0066666667
0.0026666667
0.0
0.0
0.0
0.0000000000
0.0000000000
0.0000000000
0.0200923521
0.0040000000
0.0
0.0000000000
0.0000000000
0.0026666667
0.0000000000
0.0102857143
0.0194198047
0.0221015873
0.0000000000
0.0
0.0
0.0156801802
0.0
0.0026666667
0.0000000000
0.0000000000
0.0000000000
0.0271423002
0.0156801802
0.0000000000
0.0000000000
0.0000000000
0.0
0.0048000000
0.0190218579
0.0
0.0000000000
0.0000000000
0.0026666667
0.0053333333
0.0000000000
0.0000000000
0.0083333333
0.0000000000
0.0000000000
0.0
0.0047619048
0.0026666667
0.0000000000
0.0070703364
0.0
0.0000000000
0.0000000000
0.0026666667
0.0
0.0
0.0000000000
0.0042666667
0.0000000000
0.0000000000
0.0083333333
0.0040000000
0.0053333333
0.0000000000
0.0
0.0026666667
0.0000000000
0.0000000000
0.0000000000
0.0102857143
0.0026666667
0.0000000000
0.0000000000
0.0000000000
0.0276269841
0.0048000000
0.0000000000
0.0000000000
0.0026666667
0.0000000000
0.0
0.0
0.0000000000
0.0000000000
0.0000000000
0.0060000000
0.0035555556
0.0026666667
0.0000000000
0.0
0.0000000000
0.0000000000
0.0
0.0026666667
0.0000000000
0.0000000000
0.0035555556
0.0281292929
0.0000000000
0.0066666667
0.0026666667
0.0053333333
0.0000000000
0.0053333333
0.0173832709
0.0000000000
0.0000000000
0.0071111111
0.0000000000
0.0000000000
0.0
0.0000000000
0.0000000000
0.0215875969
0.0
0.0000000000
0.0000000000
0.0000000000
0.0000000000
0.0000000000
0.0000000000
0.0000000000
0.0
0.0035555556
0.0000000000
0.0108544601
0.0000000000
0.0000000000
0.0082867384
0.0000000000
0.0055555556
0.0000000000
0.0194198047
0.0000000000
0.0000000000
0.0000000000
0.0000000000
0.0219968404
0.0000000000
0.0000000000
0.0000000000
0.0026666667
0.0000000000
0.0000000000
0.0026666667
0.0026666667
0.0058378378
0.0000000000
0.0000000000
0.0000000000
0.0000000000
0.0000000000
0.0035555556
0.0000000000
0.0026666667
0.0000000000
0.0000000000
0.0000000000
0.0000000000
0.0000000000
0.0000000000
0.0000000000
0.0000000000
0.0000000000
0.0035555556
0.0000000000
0.0000000000
0.0000000000
0.0000000000
0.0000000000
0.0000000000
0.0000000000
0.0000000000
0.0000000000
0.0000000000
0.0000000000
0.0000000000
0.0000000000
0.0000000000
0.0000000000
0.0000000000
0.0000000000
0.0
0.0000000000
0.0000000000
0.0215875969
0.0000000000
0.0000000000
0.0000000000
0.0000000000
0.0000000000
0.0000000000
0.0000000000
