0.0
0.0
0.0
0.0
0.0
0.0
0.0
0.0
0.0
0.0
0.0
0.0
0.0
0.0
0.0
0.0
0.0
0.0
0.0
0.0
0.0
0.0
0.0
0.0
0.0
0.0
0.0
0.0
0.0
0.0
0.0
0.2624223602
0.0
0.0
0.0
0.0
0.2099378882
0.0
0.2099378882
0.1836956522
0.0
0.0
0.2370266480
0.2161125320
0.0
0.0
0.0
0.0
0.2721417069
0.1749482402
0.0
0.0
0.0869565217
0.1884057971
0.0
0.2226613966
0.0
0.0579710145
0.1792152704
0.0
0.0000000000
0.0000000000
0.0434782609
0.0000000000
0.0579710145
0.2449275362
0.0
0.1749482402
0.1386382281
0.0434782609
0.0000000000
0.0000000000
