0.0
0.0
0.0
0.0
0.0
0.0
0.0
0.2344107744
0.0
0.0
0.0
0.0
0.0
0.0
0.0
0.0
0.0
0.0
0.0
0.0
0.1863989290
0.0
0.0
0.1492390139
0.0
0.0
0.0
0.0
0.0
0.0
0.0
0.1975035461
0.2044640235
0.1341425819
0.0
0.0
0.0
0.1611574074
0.0
0.1337560038
0.0
0.0
0.0
0.2017971014
0.0
0.2320666667
0.0
0.0
0.0
0.0
0.0
0.0
0.0
0.2158759690
0.2275163399
0.0
0.0
0.1573333333
0.0
0.1314825307
0.0
0.1886720867
0.0
0.1941980474
0.2264065041
0.1333716475
0.0000000000
0.0
0.1950140056
0.0
0.1600459770
0.1758080808
0.2417361111
0.0
0.0
0.0000000000
0.2035672515
0.0000000000
0.0
0.0
0.0
0.1758080808
0.1450416667
0.0
0.1611574074
0.2253074434
0.1605997693
0.0
0.1917906336
0.1634272300
0.0
0.1941980474
0.2179029734
0.2564272560
0.0
0.1871505376
0.1841798942
0.1337560038
0.2053687316
0.1341425819
0.1645862884
0.1365098039
0.2189308176
0.1771501272
0.0
0.0000000000
0.0
0.0000000000
0.2392439863
0.1148844884
0.1148844884
0.1871505376
0.1975035461
0.1645862884
0.0000000000
0.0
0.1365098039
0.1792020592
0.0
0.1738327091
0.0000000000
0.0
0.1863989290
0.2053687316
0.1450416667
0.1516775599
0.1731840796
0.0000000000
0.2138863287
0.0000000000
0.0000000000
0.1450416667
0.0000000000
0.0000000000
0.1341425819
0.1227865961
0.0000000000
0.0000000000
0.0000000000
0.0000000000
