0.0
0.0
0.0
0.0
0.0
0.0
0.0
0.0
0.0
0.0
0.0
0.0
0.0
0.0
0.0
0.0
0.0
0.0
0.0
0.0
0.0
0.0
0.0
0.0
0.0
0.0
0.0
0.0
0.0
0.0
0.0
0.0000000000
0.0
0.0
0.0
0.0
0.0
0.0
0.0
0.0
0.0
0.0
0.0
0.0
0.0
0.0
0.0
0.0
0.0
0.0
0.0
0.0
0.0515109890
0.0
0.0
0.0
0.0
0.0
0.0
0.0
0.0
0.0837053571
0.0
0.0
0.0
0.0
0.0
0.0
0.0
0.0
0.0173611111
0.0
0.0
0.0
0.0
0.0
0.0
0.0
0.0
0.0
0.0
0.0
0.0
0.0
0.0
0.0000000000
0.0
0.0
0.0
0.0
0.0
0.0
0.0
0.0
0.0
0.0
0.0138888889
0.0
0.0
0.0
0.0
0.0
0.0
0.0
0.0
0.0
0.0
0.0
0.0
0.0
0.0
0.0217013889
0.0
0.0
0.0
0.0
0.0
0.0
0.0
0.0
0.0756048387
0.0
0.0125000000
0.0
0.0000000000
0.0
0.0000000000
0.0
0.0588389121
0.0
0.0
0.0
0.0
0.0
0.0
0.0
0.0000000000
0.0
0.0000000000
0.0
0.0
0.0000000000
0.0
0.0000000000
0.0
0.0
0.0092592593
0.0
0.0
0.0
0.0069444444
0.0817587209
0.0
0.0
0.0
0.0
0.0
0.0
0.0598404255
0.0590861345
0.0
0.0092592593
0.0
0.0
0.0
0.0
0.0
0.0
0.0092592593
0.0
0.0
0.0
0.0
0.0
0.0
0.0
0.0
0.0
0.0
0.0
0.0
0.0000000000
0.0
0.0
0.0
0.0
0.0
0.0000000000
0.0069444444
0.0676081731
0.0
0.0
0.0000000000
0.0
0.0
0.0
0.0
0.0000000000
0.0366210938
0.0
0.0443611987
0.0532670455
0.0
0.0
0.0
0.0
0.0
0.0
0.0
0.0000000000
0.0
0.0
0.0
0.0513229927
0.0413602941
0.0
0.0208333333
0.0
0.0812861272
0.0000000000
0.0092592593
0.0069444444
0.0138888889
0.0603540773
0.0192307692
0.0657126168
0.0648041475
0.0069444444
0.0
0.0
0.0736256545
0.0166666667
0.0498670213
0.0
0.0
0.0423569277
0.0000000000
0.0
0.0468750000
0.0445015823
0.0
0.0000000000
0.0
0.0000000000
0.0
0.0488281250
0.0571646341
0.0092592593
0.0125000000
0.0069444444
0.0000000000
0.0144675926
0.0
0.0724871134
0.0069444444
0.0442216981
0.0069444444
0.0
0.0000000000
0.0069444444
0.0600961538
0.0227272727
0.0
0.0642123288
0.0
0.0
0.0
0.0
0.0000000000
0.0
0.0
0.0366210938
0.0
0.0
0.0608766234
0.0217013889
0.0000000000
0.0509510870
0.0
0.0
0.0144675926
0.0000000000
0.0124007937
0.0
0.0125000000
0.0484913793
0.0178571429
0.0611413043
0.0
0.0000000000
0.0
0.0
0.0
0.0250000000
0.0138888889
0.0069444444
0.0
0.0000000000
0.0000000000
0.0390625000
0.0390625000
0.0611413043
0.0
0.0069444444
0.0000000000
0.0000000000
0.0721153846
0.0696163366
0.0131578947
0.0000000000
0.0
0.0
0.0000000000
0.0
0.0
0.0138888889
0.0069444444
0.0000000000
0.0069444444
0.0000000000
0.0
0.0000000000
0.0
0.0000000000
0.0000000000
0.0000000000
0.0000000000
0.0545058140
0.0000000000
0.0092592593
0.0000000000
0.0125000000
0.0710227273
0.0000000000
0.0125000000
0.0208333333
0.0069444444
0.0590861345
0.0069444444
0.0125000000
0.0000000000
0.0408793605
0.0507671480
0.0
0.0000000000
0.0
0.0000000000
0.0000000000
0.0069444444
0.0000000000
0.0545058140
0.0
0.0000000000
0.0442216981
0.0000000000
0.0069444444
0.0000000000
0.0000000000
0.0000000000
0.0717474490
0.0000000000
0.0000000000
0.0000000000
0.0000000000
