0.0
0.0
0.0
0.0
0.0
0.0
0.0
0.0
0.0
0.0
0.0
0.0
0.0
0.0
0.0
0.0
0.0
0.0
0.0
0.0
0.0
0.0
0.0
0.0
0.0
0.0
0.1751243781
0.0
0.0
0.0
0.0
0.0268656716
0.0
0.0
0.0
0.0
0.0
0.0
0.0
0.0
0.0
0.0
0.0
0.1295763336
0.0
0.0
0.0
0.0
0.0
0.1054581109
0.0
0.0
0.1852277076
0.0
0.0
0.0
0.0
0.0
0.0
0.0
0.0
0.1651172708
0.0
0.0
0.0000000000
0.0
0.0
0.0
0.0
0.0
0.0000000000
0.0199004975
0.0
0.0
0.0
0.0
0.0
0.0
0.1416447176
0.0
0.0
0.0
0.0
0.0
0.0
0.1992794647
0.0
0.0
0.0
0.0
0.0
0.0149253731
0.0
0.0
0.0268656716
0.0
0.0149253731
0.0
0.0
0.0
0.1587666065
0.0
0.1965681795
0.1670261410
0.0
0.0
0.0
0.0
0.0
0.0911530675
0.1111366246
0.1587666065
0.0
0.0
0.0
0.1489459917
0.1325482678
0.0
0.1284245439
0.1284245439
0.0000000000
0.0447761194
0.1587666065
0.1102882534
0.1888596235
0.0953647604
0.1651172708
0.0
0.1587666065
0.1375977257
0.0
0.0
0.0
0.1772731435
0.1337755666
0.1086297834
0.1319430246
0.0
0.1689796631
0.0298507463
0.0
0.1709794224
0.1240151175
0.2189054726
0.0
0.1179409077
0.0000000000
0.1730270802
0.0
0.0
0.1651172708
0.1209017673
0.1864227251
0.1504975124
0.0
0.0000000000
0.0000000000
0.0
0.1362996339
0.1409537677
0.0149253731
0.1402695262
0.0268656716
0.1169859206
0.0
0.0
0.0
0.0149253731
0.0000000000
0.1003316750
0.1165142032
0.0149253731
0.0000000000
0.0199004975
0.0000000000
0.0149253731
0.0000000000
0.1474261346
