0.0
0.0
0.0
0.0
0.0
0.0
0.0794822564
0.0
0.0
0.0
0.0
0.0
0.0
0.0
0.0
0.0596699637
0.0
0.0
0.0
0.0
0.0
0.0
0.0
0.0
0.0
0.0
0.0
0.0
0.0
0.0000000000
0.0
0.0888535268
0.0
0.0
0.0
0.0
0.0762077065
0.0000000000
0.0000000000
0.0
0.0888535268
0.0000000000
0.0
0.0637851336
0.0192604006
0.0
0.0
0.0
0.0
0.0512530419
0.0
0.0
0.0671533255
0.0
0.0000000000
0.0
0.0750828695
0.0000000000
0.0
0.0
0.0
0.0
0.0
0.0
0.0
0.0
0.0
0.0
0.0
0.0
0.0302663438
0.0478763709
0.0862180408
0.0
0.0084745763
0.0
0.0614726817
0.0
0.0000000000
0.0
0.0942011927
0.0823783710
0.0641875635
0.0426571439
0.0904331450
0.0579699647
0.0
0.0750828695
0.0235404896
0.0235404896
0.0
0.0
0.0
0.0
0.0
0.0
0.0000000000
0.0084745763
0.0
0.0
0.0
0.0000000000
0.0593220339
0.0084745763
0.0
0.0000000000
0.0
0.0
0.0
0.0973562566
0.0539720361
0.0000000000
0.0756411064
0.0474299712
0.0785616125
0.0645951036
0.0671533255
0.0000000000
0.0112994350
0.0
0.0
0.0000000000
0.0084745763
0.0704064278
0.0
0.0512530419
0.0817166973
0.0
0.0
0.0641875635
0.0
0.0762077065
0.0084745763
0.0
0.0084745763
0.0583021709
0.0689744326
0.0
0.0169491525
0.0764942016
0.0583021709
0.0578052773
0.0162972621
0.0
0.0127118644
0.0
0.0084745763
0.0
0.0560536023
0.0531265212
0.0000000000
0.0000000000
0.0745328118
0.0000000000
0.0
0.0000000000
0.0536872233
0.0904331450
0.0000000000
0.0162972621
0.0472098785
0.0
0.0000000000
0.0641875635
0.0000000000
0.0000000000
0.0000000000
0.0000000000
0.0
0.0669324264
0.0
0.0084745763
0.0523070890
0.0
0.0000000000
0.0112994350
0.0
0.0127118644
0.0641875635
0.0745328118
0.0000000000
0.0000000000
0.0000000000
0.0000000000
0.0190677966
0.0000000000
0.0645951036
0.0190677966
0.0000000000
0.0084745763
0.0
0.0560536023
0.0000000000
0.0000000000
0.0000000000
0.0000000000
0.0000000000
0.0000000000
0.0000000000
0.0000000000
0.0084745763
0.0000000000
0.0000000000
0.0000000000
0.0000000000
0.0000000000
0.0000000000
0.0000000000
0.0000000000
