0.0163043478
0.0
0.0
0.0
0.0
0.0
0.0000000000
0.0
0.0
0.0163043478
0.0
0.0
0.0
0.0
0.0
0.0
0.0096618357
0.0239769821
0.0
0.0
0.0
0.0
0.0
0.0144927536
0.0
0.0
0.0072463768
0.0
0.0
0.0
0.0072463768
0.0
0.0
0.0
0.0
0.0000000000
0.0
0.0
0.0
0.0
0.0
0.0
0.0289855072
0.0144927536
0.0
0.0
0.0
0.0
0.0
0.0
0.0291149068
0.0000000000
0.0163043478
0.0144927536
0.0072463768
0.0
0.0388198758
0.0
0.0000000000
0.0
0.0072463768
0.0000000000
0.0
0.0000000000
0.0144927536
0.0163043478
0.0
0.0108695652
0.0301932367
0.0
0.0291149068
0.0301932367
0.0203804348
0.0
0.0000000000
0.0072463768
0.0
0.0
0.0
0.0
0.0244088482
0.0
0.0
0.0096618357
0.0239769821
0.0254755435
0.0096618357
0.0
0.0072463768
0.0072463768
0.0
0.0
0.0096618357
0.0000000000
0.0096618357
0.0178372352
0.0
0.0
0.0000000000
0.0
0.0247035573
0.0272804774
0.0
0.0
0.0072463768
0.0
0.0108695652
0.0108695652
0.0
0.0
0.0
0.0144927536
0.0000000000
0.0
0.0
0.0
0.0
0.0370553360
0.0000000000
0.0000000000
0.0
0.0096618357
0.0
0.0000000000
0.0
0.0000000000
0.0000000000
0.0214530892
0.0000000000
0.0
0.0354442344
0.0000000000
0.0
0.0
0.0000000000
0.0096618357
0.0144927536
0.0000000000
0.0000000000
0.0000000000
0.0096618357
0.0
0.0
0.0000000000
0.0096618357
0.0108695652
0.0339673913
0.0072463768
0.0201638311
0.0000000000
0.0000000000
0.0
0.0000000000
0.0181159420
0.0000000000
0.0
0.0
0.0000000000
0.0096618357
0.0
0.0000000000
0.0178372352
0.0000000000
0.0
0.0000000000
0.0
0.0000000000
0.0231884058
0.0144927536
0.0000000000
0.0000000000
0.0000000000
0.0096618357
0.0000000000
0.0000000000
0.0000000000
0.0000000000
0.0000000000
0.0000000000
0.0185507246
0.0000000000
0.0000000000
0.0000000000
0.0000000000
0.0000000000
0.0000000000
0.0000000000
0.0000000000
0.0000000000
0.0072463768
0.0000000000
0.0000000000
0.0000000000
0.0000000000
0.0072463768
0.0000000000
0.0
0.0000000000
0.0000000000
0.0072463768
0.0000000000
0.0000000000
0.0000000000
0.0096618357
0.0072463768
0.0000000000
0.0000000000
0.0000000000
0.0000000000
0.0000000000
0.0000000000
0.0000000000
0.0000000000
0.0271739130
0.0000000000
0.0000000000
0.0072463768
0.0000000000
0.0000000000
0.0000000000
0.0000000000
0.0000000000
