0.0
0.0
0.0
0.0
0.0
0.0
0.0027266530
0.0
0.0
0.0065967412
0.0
0.0
0.0
0.0
0.0
0.0
0.0
0.0
0.0
0.0
0.0
0.0
0.0
0.0092024540
0.0
0.0
0.0
0.0
0.0
0.0
0.0
0.0
0.0
0.0
0.0
0.0
0.0
0.0
0.0
0.0
0.0
0.0
0.0000000000
0.0
0.0
0.0
0.0
0.0
0.0
0.0
0.0
0.0
0.0078653453
0.0
0.0020449898
0.0
0.0
0.0
0.0000000000
0.0
0.0
0.0000000000
0.0
0.0
0.0
0.0020449898
0.0
0.0046012270
0.0020449898
0.0
0.0036809816
0.0020449898
0.0
0.0
0.0
0.0
0.0
0.0
0.0
0.0
0.0
0.0
0.0
0.0000000000
0.0
0.0061349693
0.0
0.0
0.0
0.0
0.0
0.0
0.0000000000
0.0
0.0000000000
0.0
0.0
0.0
0.0046477040
0.0
0.0
0.0
0.0
0.0
0.0
0.0
0.0
0.0
0.0
0.0
0.0
0.0000000000
0.0
0.0
0.0
0.0
0.0
0.0056805272
0.0
0.0
0.0
0.0075740362
0.0
0.0000000000
0.0
0.0046012270
0.0
0.0
0.0000000000
0.0
0.0
0.0
0.0
0.0
0.0
0.0040899796
0.0
0.0
0.0
0.0102249489
0.0000000000
0.0
0.0
0.0
0.0
0.0
0.0036809816
0.0000000000
0.0077326176
0.0000000000
0.0027266530
0.0
0.0000000000
0.0
0.0
0.0
0.0
0.0
0.0000000000
0.0
0.0
0.0
0.0
0.0
0.0
0.0
0.0
0.0095170678
0.0107631041
0.0
0.0056805272
0.0
0.0
0.0
0.0027266530
0.0
0.0
0.0053792122
0.0
0.0
0.0
0.0000000000
0.0
0.0
0.0
0.0
0.0
0.0
0.0000000000
0.0
0.0000000000
0.0
0.0
0.0
0.0000000000
0.0
0.0
0.0
0.0020449898
0.0
0.0000000000
0.0065439673
0.0
0.0
0.0
0.0
0.0000000000
0.0046012270
0.0
0.0
0.0000000000
0.0
0.0
0.0000000000
0.0054164594
0.0
0.0
0.0027266530
0.0060146758
0.0040899796
0.0
0.0
0.0
0.0
0.0
0.0000000000
0.0
0.0
0.0000000000
0.0
0.0
0.0
0.0056805272
0.0
0.0020449898
0.0
0.0
0.0000000000
0.0
0.0
0.0030674847
0.0056805272
0.0
0.0
0.0
0.0065116780
0.0
0.0
0.0
0.0027266530
0.0
0.0064648064
0.0027266530
0.0
0.0
0.0020449898
0.0000000000
0.0
0.0
0.0036809816
0.0
0.0000000000
0.0
0.0
0.0
0.0
0.0000000000
0.0
0.0000000000
0.0000000000
0.0
0.0043626449
0.0000000000
0.0089070666
0.0
0.0
0.0
0.0
0.0
0.0
0.0
0.0
0.0
0.0030674847
0.0
0.0
0.0083503749
0.0
0.0
0.0040899796
0.0
0.0
0.0000000000
0.0
0.0027266530
0.0
0.0
0.0020449898
0.0
0.0
0.0056805272
0.0
0.0
0.0
0.0
0.0000000000
0.0
0.0030674847
0.0027266530
0.0
0.0
0.0
0.0
0.0
0.0036809816
0.0
0.0000000000
0.0027266530
0.0
0.0040899796
0.0000000000
0.0036355374
0.0
0.0000000000
0.0
0.0020449898
0.0000000000
0.0
0.0
0.0
0.0020449898
0.0
0.0046742623
0.0040899796
0.0
0.0000000000
0.0
0.0
0.0000000000
0.0020449898
0.0
0.0000000000
0.0
0.0
0.0
0.0
0.0
0.0
0.0088372772
0.0040899796
0.0
0.0
0.0070516889
0.0
0.0000000000
0.0027266530
0.0
0.0
0.0
0.0
0.0049877799
0.0
0.0040899796
0.0
0.0020449898
0.0
0.0
0.0
0.0000000000
0.0
0.0
0.0000000000
0.0000000000
0.0
0.0
0.0030674847
0.0
0.0034083163
0.0092954081
0.0
0.0000000000
0.0
0.0100204499
0.0000000000
0.0
0.0000000000
0.0000000000
0.0
0.0043626449
0.0102249489
0.0046012270
0.0020449898
0.0000000000
0.0
0.0
0.0
0.0
0.0027266530
0.0000000000
0.0
0.0
0.0056805272
0.0
0.0040899796
0.0
0.0
0.0
0.0
0.0
0.0000000000
0.0
0.0020449898
0.0
0.0030674847
0.0000000000
0.0020449898
0.0068734379
0.0020449898
0.0000000000
0.0
0.0000000000
0.0
0.0068734379
0.0000000000
0.0
0.0
0.0
0.0020449898
0.0
0.0046012270
0.0
0.0
0.0000000000
0.0
0.0
0.0000000000
0.0000000000
0.0
0.0020449898
0.0
0.0020449898
0.0000000000
0.0
0.0
0.0
0.0000000000
0.0
0.0088372772
0.0000000000
0.0
0.0000000000
0.0
0.0
0.0020449898
0.0056630486
0.0
0.0108329188
0.0000000000
0.0
0.0040899796
0.0000000000
0.0000000000
0.0
0.0
0.0
0.0000000000
0.0
0.0037394099
0.0
0.0
0.0
0.0061969387
0.0030674847
0.0075740362
0.0020449898
0.0036809816
0.0020449898
0.0
0.0020449898
0.0
0.0
0.0046477040
0.0
0.0000000000
0.0073035349
0.0
0.0053792122
0.0
0.0000000000
0.0065967412
0.0000000000
0.0
0.0
0.0
0.0000000000
0.0000000000
0.0000000000
0.0020449898
0.0044186386
0.0
0.0000000000
0.0000000000
0.0
0.0000000000
0.0040899796
0.0061349693
0.0
0.0
0.0
0.0
0.0062627812
0.0
0.0030674847
0.0
0.0027266530
0.0000000000
0.0
0.0
0.0064648064
0.0020449898
0.0000000000
0.0
0.0000000000
0.0
0.0
0.0000000000
0.0000000000
0.0000000000
0.0058428279
0.0
0.0020449898
0.0054533061
0.0000000000
0.0000000000
0.0
0.0032719836
0.0046012270
0.0020449898
0.0020449898
0.0
0.0000000000
0.0
0.0046012270
0.0
0.0
0.0020449898
0.0056805272
0.0000000000
0.0000000000
0.0065967412
0.0048690233
0.0077080384
0.0020449898
0.0
0.0020449898
0.0
0.0000000000
0.0000000000
0.0027266530
0.0065439673
0.0000000000
0.0
0.0000000000
0.0040899796
0.0027266530
0.0000000000
0.0000000000
0.0046012270
0.0
0.0
0.0
0.0000000000
0.0000000000
0.0000000000
0.0065116780
0.0027266530
0.0040899796
0.0056805272
0.0
0.0081799591
0.0000000000
0.0
0.0068883866
0.0000000000
0.0
0.0078653453
0.0
0.0036809816
0.0046742623
0.0020449898
0.0040899796
0.0020449898
0.0056904063
0.0078591764
0.0000000000
0.0027266530
0.0056805272
0.0000000000
0.0065707868
0.0
0.0000000000
0.0000000000
0.0020449898
0.0
0.0
0.0000000000
0.0056904063
0.0046012270
0.0000000000
0.0054164594
0.0000000000
0.0
0.0027266530
0.0000000000
0.0034083163
0.0027266530
0.0
0.0027266530
0.0000000000
0.0054533061
0.0027266530
0.0100204499
0.0000000000
0.0
0.0000000000
0.0000000000
0.0040899796
0.0000000000
0.0000000000
0.0020449898
0.0027266530
0.0
0.0
0.0066926938
0.0020449898
0.0020449898
0.0000000000
0.0
0.0000000000
0.0
0.0046742623
0.0065707868
0.0040899796
0.0000000000
0.0000000000
0.0000000000
0.0
0.0020449898
0.0000000000
0.0000000000
0.0
0.0
0.0000000000
0.0020449898
0.0
0.0000000000
0.0000000000
0.0000000000
0.0000000000
0.0000000000
0.0000000000
0.0081799591
0.0000000000
0.0000000000
0.0020449898
0.0000000000
0.0000000000
0.0020449898
0.0000000000
0.0020449898
0.0020449898
0.0
0.0000000000
0.0020449898
0.0020449898
0.0000000000
0.0000000000
0.0000000000
0.0000000000
0.0000000000
0.0000000000
0.0
0.0040899796
0.0040899796
0.0032719836
0.0000000000
0.0000000000
0.0
0.0000000000
0.0000000000
0.0020449898
0.0
0.0000000000
0.0065116780
0.0000000000
0.0027266530
0.0020449898
0.0000000000
0.0000000000
0.0
0.0066926938
0.0000000000
0.0027266530
0.0000000000
0.0000000000
0.0000000000
0.0
0.0000000000
0.0000000000
0.0000000000
0.0000000000
0.0000000000
0.0000000000
0.0020449898
0.0000000000
0.0000000000
0.0000000000
0.0
0.0000000000
0.0000000000
0.0
0.0030674847
0.0020449898
0.0058428279
0.0000000000
0.0000000000
0.0065439673
0.0000000000
0.0000000000
0.0000000000
0.0020449898
0.0000000000
0.0000000000
0.0000000000
0.0000000000
0.0000000000
0.0000000000
0.0000000000
0.0
0.0000000000
0.0020449898
0.0027266530
0.0000000000
0.0000000000
0.0046012270
0.0000000000
0.0
0.0000000000
0.0027266530
0.0000000000
0.0000000000
0.0027266530
0.0000000000
0.0000000000
0.0000000000
0.0000000000
0.0000000000
0.0000000000
0.0000000000
0.0000000000
0.0
0.0000000000
0.0
0.0000000000
0.0000000000
0.0000000000
0.0000000000
0.0
0.0000000000
0.0020449898
0.0000000000
0.0056630486
0.0000000000
0.0000000000
0.0000000000
0.0000000000
0.0000000000
0.0020449898
0.0000000000
0.0000000000
0.0020449898
0.0000000000
0.0000000000
0.0000000000
0.0000000000
0.0000000000
0.0000000000
0.0
0.0020449898
0.0000000000
0.0000000000
0.0000000000
0.0000000000
0.0000000000
0.0000000000
0.0000000000
0.0000000000
0.0000000000
0.0000000000
0.0000000000
0.0000000000
0.0000000000
0.0020449898
0.0000000000
0.0
0.0000000000
0.0000000000
0.0020449898
0.0000000000
0.0000000000
0.0000000000
0.0
0.0000000000
0.0000000000
0.0000000000
0.0000000000
0.0000000000
0.0000000000
0.0000000000
0.0000000000
0.0000000000
0.0
0.0000000000
0.0020449898
0.0000000000
0.0000000000
0.0000000000
0.0027266530
0.0000000000
0.0000000000
0.0000000000
0.0000000000
0.0000000000
0.0000000000
0.0000000000
0.0000000000
0.0000000000
0.0000000000
0.0000000000
0.0000000000
0.0000000000
0.0
0.0000000000
0.0000000000
0.0000000000
0.0000000000
0.0000000000
0.0000000000
0.0000000000
0.0000000000
0.0000000000
0.0000000000
0.0000000000
0.0000000000
0.0000000000
0.0000000000
0.0027266530
0.0000000000
0.0000000000
0.0000000000
0.0000000000
0.0000000000
0.0000000000
0.0000000000
0.0000000000
0.0000000000
0.0000000000
0.0000000000
0.0000000000
0.0000000000
