0.0065359477
0.0
0.0
0.0
0.0
0.0
0.0000000000
0.0
0.0
0.0065359477
0.0
0.0
0.0
0.0
0.0
0.0
0.0130718954
0.0151260504
0.0
0.0
0.0
0.0
0.0
0.0065359477
0.0
0.0
0.0180995475
0.0
0.0
0.0
0.0087145969
0.0
0.0
0.0
0.0
0.0000000000
0.0
0.0
0.0
0.0
0.0
0.0
0.0266884532
0.0087145969
0.0
0.0
0.0
0.0
0.0
0.0
0.0000000000
0.0
0.0000000000
0.0213903743
0.0294117647
0.0
0.0130718954
0.0
0.0000000000
0.0
0.0
0.0000000000
0.0
0.0
0.0147058824
0.0209150327
0.0
0.0130718954
0.0065359477
0.0
0.0087145969
0.0196078431
0.0177923021
0.0
0.0087145969
0.0130718954
0.0
0.0
0.0
0.0
0.0200163399
0.0
0.0
0.0087145969
0.0000000000
0.0160427807
0.0065359477
0.0
0.0000000000
0.0065359477
0.0
0.0
0.0000000000
0.0116194626
0.0000000000
0.0000000000
0.0
0.0
0.0129124821
0.0
0.0174291939
0.0200163399
0.0
0.0
0.0
0.0
0.0
0.0
0.0
0.0
0.0
0.0130718954
0.0147058824
0.0
0.0
0.0
0.0
0.0087145969
0.0000000000
0.0000000000
0.0
0.0087145969
0.0
0.0065359477
0.0
0.0098039216
0.0000000000
0.0196078431
0.0098039216
0.0
0.0252100840
0.0087145969
0.0
0.0
0.0000000000
0.0000000000
0.0
0.0087145969
0.0000000000
0.0000000000
0.0087145969
0.0
0.0
0.0000000000
0.0180995475
0.0087145969
0.0065359477
0.0000000000
0.0228758170
0.0000000000
0.0000000000
0.0
0.0000000000
0.0230179028
0.0065359477
0.0
0.0
0.0
0.0000000000
0.0
0.0
0.0145573381
0.0
0.0
0.0
0.0
0.0087145969
0.0145573381
0.0151260504
0.0
0.0000000000
0.0
0.0000000000
0.0213903743
0.0000000000
0.0
0.0000000000
0.0000000000
0.0
0.0147058824
0.0
0.0065359477
0.0
0.0130718954
0.0000000000
0.0
0.0130718954
0.0000000000
0.0000000000
0.0000000000
0.0133442266
0.0000000000
0.0000000000
0.0130718954
0.0000000000
0.0
0.0
0.0
0.0147058824
0.0065359477
0.0000000000
0.0065359477
0.0
0.0196078431
0.0087145969
0.0000000000
0.0000000000
0.0065359477
0.0130718954
0.0000000000
0.0065359477
0.0000000000
0.0
0.0252100840
0.0000000000
0.0
0.0000000000
0.0065359477
0.0000000000
0.0000000000
0.0065359477
0.0087145969
0.0
0.0
0.0000000000
0.0000000000
0.0087145969
0.0000000000
0.0000000000
0.0087145969
0.0065359477
0.0000000000
0.0000000000
0.0000000000
0.0065359477
0.0000000000
0.0000000000
0.0000000000
0.0000000000
0.0000000000
0.0000000000
0.0000000000
0.0000000000
0.0000000000
0.0
0.0000000000
0.0000000000
0.0000000000
0.0130718954
0.0000000000
0.0000000000
0.0000000000
0.0000000000
0.0000000000
0.0000000000
0.0000000000
0.0000000000
0.0000000000
0.0000000000
0.0000000000
0.0000000000
0.0000000000
0.0000000000
