0.0037593985
0.0
0.0
0.0
0.0
0.0
0.0000000000
0.0
0.0
0.0000000000
0.0
0.0
0.0
0.0
0.0
0.0
0.0
0.0
0.0
0.0
0.0
0.0
0.0
0.0000000000
0.0
0.0
0.0000000000
0.0
0.0
0.0
0.0
0.0
0.0
0.0
0.0
0.0
0.0
0.0
0.0
0.0
0.0
0.0
0.0000000000
0.0
0.0
0.0
0.0
0.0
0.0
0.0
0.0
0.0
0.0000000000
0.0
0.0216165414
0.0
0.0
0.0
0.0198872180
0.0
0.0
0.0000000000
0.0
0.0
0.0
0.0000000000
0.0
0.0177564447
0.0000000000
0.0
0.0000000000
0.0125896136
0.0
0.0
0.0301321486
0.0
0.0
0.0
0.0
0.0
0.0
0.0
0.0
0.0000000000
0.0
0.0235371036
0.0
0.0
0.0
0.0
0.0
0.0
0.0000000000
0.0
0.0000000000
0.0
0.0
0.0
0.0159221583
0.0
0.0208212840
0.0000000000
0.0
0.0
0.0
0.0
0.0
0.0
0.0
0.0
0.0
0.0112781955
0.0
0.0
0.0
0.0
0.0
0.0000000000
0.0
0.0067669173
0.0
0.0216165414
0.0
0.0000000000
0.0
0.0037593985
0.0
0.0
0.0037593985
0.0
0.0
0.0
0.0
0.0
0.0191223250
0.0037593985
0.0
0.0
0.0
0.0276211362
0.0067669173
0.0
0.0
0.0
0.0169172932
0.0
0.0242527049
0.0037593985
0.0037593985
0.0037593985
0.0000000000
0.0
0.0231246721
0.0
0.0037593985
0.0
0.0
0.0
0.0075187970
0.0
0.0
0.0000000000
0.0
0.0
0.0
0.0
0.0037593985
0.0000000000
0.0331453634
0.0
0.0000000000
0.0
0.0
0.0
0.0037593985
0.0
0.0
0.0000000000
0.0
0.0101503759
0.0
0.0000000000
0.0
0.0050125313
0.0
0.0
0.0084586466
0.0000000000
0.0000000000
0.0000000000
0.0000000000
0.0000000000
0.0108754028
0.0
0.0284103115
0.0
0.0
0.0
0.0000000000
0.0
0.0050125313
0.0037593985
0.0
0.0
0.0
0.0231246721
0.0056390977
0.0000000000
0.0
0.0000000000
0.0254964334
0.0
0.0
0.0211566149
0.0037593985
0.0
0.0
0.0207158521
0.0075187970
0.0084586466
0.0
0.0
0.0
0.0
0.0
0.0000000000
0.0160380791
0.0174630124
0.0037593985
0.0
0.0
0.0037593985
0.0174449281
0.0
0.0000000000
0.0
0.0000000000
0.0037593985
0.0
0.0
0.0000000000
0.0000000000
0.0
0.0
0.0
0.0000000000
0.0
0.0037593985
0.0
0.0080134547
0.0
0.0000000000
0.0159221583
0.0037593985
0.0
0.0037593985
0.0037593985
0.0
0.0106147722
0.0000000000
0.0
0.0000000000
0.0
0.0
0.0
0.0
0.0000000000
0.0000000000
0.0000000000
0.0000000000
0.0
0.0000000000
0.0152255639
0.0037593985
0.0
0.0
0.0
0.0
0.0000000000
0.0
0.0075187970
0.0
0.0037593985
0.0000000000
0.0000000000
0.0
0.0135338346
0.0000000000
0.0037593985
0.0037593985
0.0000000000
0.0000000000
0.0037593985
0.0037593985
0.0144110276
0.0
0.0050125313
0.0000000000
0.0037593985
0.0
0.0000000000
0.0184140908
0.0132037411
0.0
0.0
0.0000000000
0.0060150376
0.0000000000
0.0037593985
0.0
0.0000000000
0.0
0.0
0.0
0.0136213822
0.0
0.0084586466
0.0037593985
0.0000000000
0.0050125313
0.0000000000
0.0126879699
0.0000000000
0.0000000000
0.0000000000
0.0000000000
0.0037593985
0.0060150376
0.0000000000
0.0000000000
0.0050125313
0.0
0.0138414217
0.0000000000
0.0
0.0000000000
0.0
0.0000000000
0.0000000000
0.0100250627
0.0
0.0000000000
0.0075187970
0.0000000000
0.0
0.0000000000
0.0
0.0
0.0000000000
0.0101503759
0.0000000000
0.0
0.0000000000
0.0000000000
0.0152255639
0.0000000000
0.0000000000
0.0000000000
0.0
0.0000000000
0.0050125313
0.0
0.0171441535
0.0000000000
0.0000000000
0.0
0.0
0.0198872180
0.0000000000
0.0
0.0
0.0000000000
0.0000000000
0.0000000000
0.0000000000
0.0000000000
0.0000000000
0.0037593985
0.0000000000
0.0067669173
0.0000000000
0.0037593985
0.0000000000
0.0000000000
0.0
0.0000000000
0.0000000000
0.0085929108
0.0000000000
0.0000000000
0.0220969089
0.0085929108
0.0000000000
0.0050125313
0.0
0.0000000000
0.0
0.0000000000
0.0000000000
0.0
0.0000000000
0.0000000000
0.0108754028
0.0000000000
0.0037593985
0.0000000000
0.0
0.0000000000
0.0
0.0000000000
0.0
0.0000000000
0.0000000000
0.0132037411
0.0000000000
0.0000000000
0.0000000000
0.0000000000
0.0174449281
0.0180451128
0.0000000000
0.0000000000
0.0037593985
0.0000000000
0.0000000000
0.0000000000
0.0
0.0037593985
0.0000000000
0.0000000000
0.0000000000
0.0000000000
0.0000000000
0.0000000000
0.0000000000
0.0000000000
0.0000000000
0.0037593985
0.0000000000
0.0
0.0000000000
0.0056390977
0.0000000000
0.0000000000
0.0000000000
0.0000000000
0.0128893663
0.0037593985
0.0000000000
0.0000000000
0.0050125313
0.0037593985
0.0
0.0000000000
0.0000000000
0.0000000000
0.0037593985
0.0000000000
0.0000000000
0.0000000000
0.0000000000
0.0000000000
0.0000000000
0.0000000000
0.0000000000
0.0000000000
0.0000000000
0.0000000000
0.0000000000
0.0000000000
0.0000000000
0.0000000000
0.0000000000
0.0000000000
0.0000000000
0.0000000000
0.0000000000
0.0000000000
