0.0
0.0
0.0
0.0
0.1274403016
0.0
0.1321603128
0.0
0.0
0.1250051366
0.0
0.1270278735
0.0
0.1161290323
0.0
0.0993711719
0.0720213081
0.1226612903
0.0
0.1344233319
0.0064516129
0.0000000000
0.0
0.0
0.0
0.1226612903
0.0847767017
0.1278554166
0.0996233830
0.1019522413
0.0
0.0
0.1344233319
0.1348852677
0.1226612903
0.1386982788
0.1154459203
0.1178727114
0.0145161290
0.0
0.0
0.1448399000
0.1111943708
0.0064516129
0.0
0.0765138653
0.0000000000
0.1063729347
0.0064516129
0.1105679237
0.1016881163
0.0631054870
0.0064516129
0.1078341014
0.1282732448
0.0064516129
0.0831601968
0.1515506290
0.0000000000
0.1075386655
0.0
0.1189442815
0.0000000000
0.1242139649
0.0
0.1111943708
0.0
0.1118279570
0.1278554166
0.1027529134
0.1207741935
0.0921399364
0.0896155546
0.1175197991
0.0983749697
0.1196695515
0.0086021505
0.0917093759
0.0805987945
0.0086021505
0.1189442815
0.1016881163
0.0981290323
0.0
0.0000000000
0.1081311650
0.1168202765
0.0145161290
0.0740596470
0.0000000000
0.1137727910
0.0
0.0096774194
0.0866481521
0.0000000000
0.1019522413
0.0717579761
0.1084298699
0.0000000000
0.0976408281
0.0000000000
0.1024846290
0.0822884967
0.0957356412
0.1019522413
0.1377249576
0.0814348815
0.0983749697
0.1001316656
0.0835140700
0.0000000000
0.0000000000
0.0000000000
0.0000000000
0.0000000000
0.0000000000
0.0129032258
0.0000000000
0.0129032258
0.0000000000
0.0000000000
0.0000000000
0.0957356412
0.0000000000
0.0000000000
0.0064516129
0.0086021505
0.0847767017
0.1127919911
0.0855154965
0.0665281575
0.0000000000
0.0000000000
0.0000000000
0.0971574577
0.0000000000
0.0064516129
0.0064516129
0.0000000000
0.0000000000
0.0969175627
0.0000000000
0.0804336330
0.0086021505
0.1063729347
0.0836921384
0.0000000000
0.0000000000
0.0988705615
0.0000000000
0.0000000000
0.0847767017
0.0000000000
0.0064516129
0.0064516129
0.0000000000
0.0000000000
0.0000000000
0.0000000000
0.0000000000
0.0000000000
0.0000000000
0.0000000000
0.0000000000
0.0000000000
0.0000000000
0.0000000000
0.0096774194
0.0000000000
0.0000000000
0.0000000000
0.0000000000
0.0000000000
0.0000000000
0.0000000000
0.0000000000
0.0000000000
0.0000000000
0.0000000000
0.0000000000
