0.0
0.0
0.0
0.0
0.1246313833
0.0
0.1443832320
0.0
0.0
0.1144844034
0.0
0.1120387205
0.0
0.1349451070
0.0
0.1260890603
0.0
0.1313818983
0.0
0.0
0.1470083817
0.1004925240
0.0
0.0
0.0
0.1253559844
0.1216621090
0.1214337070
0.1312930067
0.1296266291
0.0
0.0
0.1433168861
0.1273300944
0.1370417117
0.1346641664
0.1440616658
0.1168982312
0.1334601539
0.0
0.0
0.1465642476
0.1381146362
0.1380164039
0.0
0.1417465769
0.1496153152
0.1302356133
0.1197107118
0.1168982312
0.1121682450
0.1108863222
0.1399070395
0.0
0.1357950062
0.0
0.1250329020
0.0
0.1060388327
0.1416431123
0.0
0.0
0.1297132780
0.1297132780
0.0
0.1419539604
0.0
0.0914472497
0.1203044413
0.1346641664
0.1378203578
0.1418501929
0.1146196479
0.1395047188
0.1256807408
0.1206035201
0.0
0.0873317119
0.0926700400
0.1272465992
0.1269137108
0.1338283199
0.1363675782
0.0
0.1351330528
0.1325485409
0.1281711122
0.0
0.0966871270
0.1069151867
0.1333684287
0.0
0.1279176426
0.1136130350
0.0925816144
0.0
0.0946129029
0.1299739209
0.1231288476
0.1312042352
0.1341985227
0.1320973886
0.1155065856
0.1082270295
0.1227394458
0.1364634767
0.0
0.0986533116
0.1387069791
0.0
0.1260071843
0.1364634767
0.1169686943
0.1194895713
0.1153692413
0.1155065856
0.1357000446
0.0
0.1273300944
0.1405148905
0.1208288069
0.1265000416
0.0978573191
0.1233636769
0.0028368794
0.1434228114
0.0
0.1109497220
0.0000000000
0.1354159552
0.0
0.0
0.1163375682
0.0021276596
0.1350390145
0.1058652830
0.1110767395
0.1264176312
0.1325485409
0.1328207145
0.1265000416
0.1125586217
0.1256807408
0.0
0.1046097379
0.1409230674
0.1161982418
0.0000000000
0.1437415288
0.1136795922
0.1239151110
0.1395047188
0.1231288476
0.1197846073
0.1331853561
0.1164772292
0.0000000000
0.0000000000
0.1162678633
0.1115235999
0.1412307597
0.0000000000
0.1148231147
0.0949833891
0.1218148549
0.1059809196
0.1231288476
0.1008057474
0.1117162141
0.1336439834
0.0
0.0
0.0769128275
0.0
0.1058652830
0.1115877308
0.0
0.1320973886
0.1142821342
0.0
0.0972687037
0.1210549369
0.1115235999
0.1371385610
0.1054625347
0.1190497324
0.1330940081
0.0
0.0970740689
0.1105704067
0.1168982312
0.1339206790
0.1191959852
0.1061548489
0.1350390145
0.1069151867
0.1145519857
0.1453566021
0.1149591610
0.0
0.0
0.1157822577
0.1281711122
0.0
0.1177494319
0.0834987366
0.0
0.1245513889
0.0
0.1015442511
0.1066800791
0.1347576832
0.0
0.1057498985
0.0967353259
0.1255181525
0.1065629126
0.1130175095
0.0
0.1328207145
0.0000000000
0.1347576832
0.1341057801
0.0000000000
0.0
0.1274974138
0.0042553191
0.0000000000
0.1186856660
0.1394044999
0.1064460032
0.1317386720
0.0
0.1463431854
0.1250329020
0.1098816896
0.1360806899
0.0
0.1273300944
0.0
0.1272465992
0.0000000000
0.0971226546
0.0000000000
0.1239942900
0.0913611412
0.1275812385
0.0021276596
0.1278333754
0.1247916809
0.0949369197
0.0000000000
0.1155065856
0.1273300944
0.0845170139
0.0841140285
0.1254370161
0.1126239488
0.1424750836
0.0000000000
0.0
0.0000000000
0.1018640755
0.1074479866
0.1248719844
0.1107597396
0.1161287037
0.1150955301
0.0871747816
0.0000000000
0.0825749208
0.1419539604
0.1064460032
0.1125586217
0.0
0.0
0.1179641725
0.0000000000
0.0000000000
0.1150955301
0.1007011229
0.1156442573
0.1055198825
0.0767910818
0.1332768296
0.1140805784
0.1213577635
0.0021276596
0.0042553191
0.1303230785
0.0
0.0951230705
0.1130833705
0.1001295479
0.1161287037
0.1150273052
0.1206785223
0.0000000000
0.0989551575
0.1261710428
0.0000000000
0.1043285289
0.0984531019
0.1097573890
0.1016506358
0.1066800791
0.1276651736
0.0028368794
0.1112040480
0.0000000000
0.1069151867
0.1208288069
0.0000000000
0.0
0.0000000000
0.1309386396
0.0957331346
0.1053480260
0.1114595427
0.1209794662
0.1128203859
0.1141476846
0.0948441172
0.0
0.0000000000
0.0021276596
0.0739805809
0.0663649329
0.0000000000
0.1095096297
0.0000000000
0.1124933703
0.1276651736
0.0000000000
0.1097573890
0.1065629126
0.1243120204
0.0000000000
0.1141476846
0.1017572437
0.1180359269
0.1052908648
0.0021276596
0.0
0.1070331295
0.0989551575
0.0000000000
0.0
0.0978079959
0.1280020210
0.0989551575
0.0000000000
0.1039373668
0.0021276596
0.1233636769
0.1024556831
0.0769128275
0.0000000000
0.0844067263
0.1101311372
0.0000000000
0.0
0.0935185850
0.1190497324
0.0911037858
0.0000000000
0.0972199719
0.1166172259
0.0000000000
0.1339206790
0.0911465777
0.0000000000
0.0000000000
0.0000000000
0.0000000000
0.0915335207
0.1157822577
0.0000000000
0.1176780254
0.0845170139
0.0000000000
0.0000000000
0.0909330196
0.0000000000
0.0840775840
0.1081064422
0.1246313833
0.0000000000
0.0937897844
0.0000000000
0.0000000000
0.0000000000
0.0937897844
0.0000000000
0.0000000000
0.0000000000
0.0000000000
0.1209040896
0.0021276596
0.0028368794
0.1259254146
0.0953567881
0.0946590555
0.1162678633
0.0000000000
0.0000000000
0.0966871270
0.0000000000
0.0
0.0000000000
0.0840775840
0.1146873900
0.0000000000
0.0000000000
0.0021276596
0.0917933131
0.1034939007
0.1237570560
0.0947052532
0.0000000000
0.0000000000
0.0950764644
0.0909330196
0.0021276596
0.0000000000
0.0000000000
0.0000000000
0.0000000000
0.0000000000
0.0042553191
0.0
0.0
0.0000000000
0.0000000000
0.0000000000
0.0000000000
0.0000000000
0.0000000000
0.1090787318
0.1072105325
0.0000000000
0.0028368794
0.0028368794
0.0000000000
0.0021276596
0.0000000000
0.0000000000
0.0021276596
0.1106965567
0.0000000000
0.0000000000
0.0941538398
0.0981543064
0.0000000000
0.0000000000
0.1170392424
0.1179641725
0.1146873900
0.0913611412
0.0000000000
0.0000000000
0.0000000000
0.0879651241
0.0000000000
0.0000000000
0.0000000000
0.0000000000
0.0000000000
0.0000000000
0.0000000000
0.0891778786
0.0000000000
0.0000000000
0.0000000000
0.0000000000
0.0000000000
0.0000000000
0.0000000000
0.0000000000
0.0000000000
0.0021276596
0.0000000000
0.1017572437
0.0000000000
0.0000000000
0.0000000000
0.0000000000
0.0000000000
0.0000000000
0.0000000000
0.0000000000
0.0000000000
0.0000000000
0.0000000000
0.1021321389
0.0000000000
0.0000000000
0.0000000000
0.0000000000
0.0000000000
0.0000000000
0.0000000000
0.0000000000
0.0000000000
0.0000000000
0.0028368794
0.0000000000
0.0000000000
0.0000000000
0.0000000000
0.0000000000
0.1064460032
0.0000000000
0.0000000000
0.0000000000
0.0000000000
0.0000000000
0.0000000000
0.0000000000
0.0000000000
0.0000000000
0.0000000000
0.0844067263
0.0000000000
0.0000000000
0.0974641205
0.0000000000
0.0000000000
0.0000000000
0.0000000000
0.0000000000
0.0000000000
0.0000000000
0.0000000000
0.0000000000
0.0000000000
0.0000000000
0.0000000000
0.0000000000
0.0000000000
