0.0
0.0
0.0
0.0
0.0
0.0
0.0920980926
0.0
0.0
0.0
0.0
0.0
0.0
0.0
0.0
0.0849246231
0.0
0.0
0.0
0.0
0.0
0.0
0.0
0.0
0.0
0.0
0.0
0.0
0.0
0.0000000000
0.0
0.0960227273
0.0
0.0
0.0
0.0
0.0832512315
0.0000000000
0.0000000000
0.0
0.0985422741
0.0515243902
0.0
0.0795294118
0.0742857143
0.0
0.0
0.0
0.0
0.0578767123
0.0
0.0
0.0737991266
0.0
0.0952112676
0.0
0.0936288089
0.0000000000
0.0
0.0
0.0
0.0
0.0
0.0
0.0
0.0
0.0
0.0
0.0
0.0
0.0864450128
0.0637735849
0.1062893082
0.0
0.0080000000
0.0
0.0820388350
0.0
0.0000000000
0.0
0.1076433121
0.1049689441
0.0716101695
0.0080000000
0.1130434783
0.0647509579
0.0
0.1015015015
0.0985422741
0.0791569087
0.0
0.0
0.0
0.0
0.0
0.0
0.0000000000
0.0080000000
0.0
0.0
0.0
0.0000000000
0.0875647668
0.0080000000
0.0
0.0000000000
0.0
0.0
0.0
0.1161512027
0.0719148936
0.0000000000
0.0828431373
0.0080000000
0.1018072289
0.0988304094
0.0994117647
0.0000000000
0.0642585551
0.0
0.0
0.0000000000
0.0080000000
0.0944134078
0.0
0.0725321888
0.1104575163
0.0
0.0
0.0716101695
0.0
0.0832512315
0.0080000000
0.0
0.0080000000
0.0650000000
0.1049689441
0.0
0.0731601732
0.0952112676
0.0840796020
0.0646271511
0.1008955224
0.0
0.0866666667
0.0
0.0000000000
0.0
0.0832512315
0.0734782609
0.0000000000
0.0000000000
0.0838709677
0.0106666667
0.0
0.0000000000
0.0710084034
0.0997050147
0.0000000000
0.0688391039
0.0645038168
0.0
0.0830466830
0.0716101695
0.0000000000
0.0000000000
0.0000000000
0.0000000000
0.0
0.0736383442
0.0
0.0080000000
0.0731601732
0.0
0.0000000000
0.0845000000
0.0
0.0616788321
0.0716101695
0.0838709677
0.0000000000
0.0000000000
0.0000000000
0.0000000000
0.0698347107
0.0000000000
0.0719148936
0.0800947867
0.0080000000
0.0080000000
0.0
0.1027355623
0.0000000000
0.0000000000
0.0000000000
0.0160000000
0.0106666667
0.0570945946
0.0000000000
0.0000000000
0.0080000000
0.0000000000
0.0744493392
0.0000000000
0.0000000000
0.0
0.0000000000
0.0000000000
0.0000000000
0.0000000000
0.0000000000
0.0000000000
0.0000000000
0.0000000000
0.0000000000
0.0000000000
0.0000000000
