0.0
0.0
0.0
0.0
0.0
0.0
0.0
0.0
0.0
0.0
0.0
0.0
0.0
0.0
0.0
0.0
0.0
0.0
0.0
0.0
0.0
0.0
0.0
0.0
0.0
0.0
0.0
0.0
0.0
0.0
0.0
0.0
0.0
0.0
0.0
0.0
0.0
0.0
0.0
0.0
0.0
0.0
0.0
0.0
0.0
0.0
0.0
0.0
0.0
0.0
0.0
0.0
0.0
0.0
0.0
0.0
0.0
0.0
0.0
0.0
0.1639405204
0.0
0.0
0.0
0.0
0.0
0.0
0.0
0.0
0.0
0.0
0.0
0.0
0.0
0.0
0.1722656250
0.0
0.0
0.0
0.1657894737
0.0
0.0
0.0
0.0
0.0
0.0
0.0000000000
0.0
0.0
0.0
0.0
0.1917391304
0.0
0.0
0.0
0.0
0.0
0.0
0.0
0.0
0.0
0.0
0.0
0.0
0.0
0.0
0.0
0.0
0.0
0.2161764706
0.0
0.0
0.0
0.0
0.0
0.0
0.0
0.0
0.1664150943
0.1552816901
0.0
0.1395569620
0.0
0.0
0.0
0.0
0.0
0.0
0.0
0.0
0.0
0.0
0.0
0.1800000000
0.0
0.0
0.0
0.1651685393
0.1300884956
0.2080188679
0.0
0.1615384615
0.0
0.0
0.0
0.0
0.0
0.0
0.0
0.0
0.1386792453
0.0
0.1465116279
0.0
0.0
0.0
0.1603636364
0.0
0.1179144385
0.1505119454
0.0
0.0000000000
0.1211538462
0.1011467890
0.1942731278
0.0
0.0
0.1722656250
0.0
0.0
0.0
0.1852941176
0.0
0.1664150943
0.0
0.1736220472
0.1460264901
0.1547368421
0.0
0.1615384615
0.0
0.0
0.1743083004
0.1822314050
0.1270893372
0.0
0.1756972112
0.0
0.1552816901
0.1356923077
0.0111111111
0.1450657895
0.1627306273
0.0
0.0
0.0
0.0
0.1645522388
0.1281976744
0.0
0.0
0.0
0.1166666667
0.0
0.1086206897
0.1547368421
0.1743083004
0.1592057762
0.0
0.0000000000
0.1340425532
0.0
0.1876595745
0.0000000000
0.1702702703
0.1418006431
0.1404458599
0.1715953307
0.0000000000
0.0
0.0000000000
0.0
0.1274566474
0.1845188285
0.1166666667
0.0000000000
0.0
0.1214876033
0.1670454545
0.1395569620
0.1683206107
0.0
0.1484848485
0.0000000000
0.0000000000
0.1609489051
0.0111111111
0.1139534884
0.0
0.0
0.0000000000
0.1182305630
0.0000000000
0.0000000000
0.0000000000
0.0000000000
0.0000000000
0.1352760736
0.1274566474
0.0000000000
0.0000000000
0.1386792453
0.1340425532
0.0000000000
0.0000000000
0.0000000000
0.0000000000
0.0000000000
0.0000000000
0.0000000000
0.0000000000
