0.0
0.0
0.0
0.0
0.1217688359
0.0
0.1565402980
0.0
0.0
0.0902960313
0.0
0.1293793881
0.0
0.1409499025
0.0
0.1328493334
0.1014591837
0.1304747921
0.0
0.0
0.1328493334
0.0797554365
0.0
0.0
0.0
0.1302297691
0.1098137008
0.1197709016
0.1461482656
0.1267776088
0.0
0.0
0.1467668826
0.1328493334
0.1298639551
0.1428369764
0.1322161144
0.1195644000
0.1156753161
0.0
0.0
0.1446243004
0.1483365819
0.1229562979
0.0
0.1279471440
0.1305976498
0.1257431587
0.1106018374
0.1177374398
0.1179376735
0.1198744201
0.1399542927
0.1277115139
0.1318390723
0.1423970267
0.1203947084
0.0
0.1080176823
0.1501024936
0.0
0.0967862554
0.0798472677
0.1384178683
0.0
0.1351800234
0.0
0.0839048421
0.1314641745
0.1254020832
0.1425433752
0.1405214833
0.1223057355
0.1422509785
0.1323422749
0.1238345572
0.1042817324
0.0031152648
0.0877814583
0.1195644000
0.1291384581
0.1556618452
0.1235037436
0.0
0.1466117379
0.1223057355
0.1319645138
0.0
0.0900030526
0.0770098301
0.1458409086
0.0
0.1176375777
0.1042033840
0.1099007164
0.0
0.1014591837
0.1220904085
0.1082706511
0.1365105355
0.1267776088
0.1265462628
0.1042033840
0.1006492772
0.1164523124
0.1377305899
0.0
0.1071829243
0.1470781591
0.0
0.1117604384
0.1129435701
0.0000000000
0.1181385895
0.0672948588
0.1262008226
0.1148134967
0.0
0.0985747719
0.1389726493
0.1150039005
0.1149086198
0.0610720846
0.1153866090
0.0000000000
0.1214489528
0.0748487340
0.1259715750
0.0000000000
0.1268935993
0.0
0.0
0.0742079743
0.0031152648
0.1435762982
0.0031152648
0.1296212187
0.1005034087
0.0944143663
0.1314641745
0.1130356186
0.1242784086
0.1050717455
0.0
0.1064425971
0.1475475575
0.1124855670
0.0000000000
0.1209195327
0.1176375777
0.0777436682
0.1434278222
0.1156753161
0.1295001905
0.1025090200
0.0922172234
0.0000000000
0.0000000000
0.1158685915
0.1061980889
0.1267776088
0.0000000000
0.1178374716
0.0842105064
0.1346550525
0.1160625138
0.1283022239
0.0031152648
0.0695560201
0.1425433752
0.0
0.0
0.0000000000
0.0
0.0967187615
0.0845699415
0.0
0.1309676148
0.1030421278
0.0
0.0946075744
0.0000000000
0.1053911125
0.1241671478
0.0000000000
0.0907094206
0.1139644240
0.0
0.0000000000
0.1078496921
0.0996370000
0.1102501622
0.1204993085
0.1083552375
0.1252888022
0.0000000000
0.1035035105
0.1302297691
0.1173390051
0.1239452226
0.0
0.0965168435
0.1171407973
0.0
0.1113119615
0.0062305296
0.0
0.0629857875
0.1134981212
0.0865759701
0.0000000000
0.1174383608
0.0
0.0978791137
0.0999961817
0.1066882339
0.0961155260
0.1085248076
0.0
0.1101625926
0.0000000000
0.1163546175
0.1332321845
0.0000000000
0.0
0.1213426982
0.0000000000
0.0000000000
0.1130356186
0.1285400408
0.0955855989
0.1177374398
0.0
0.1351800234
0.1251757257
0.0712350817
0.1209195327
0.0000000000
0.1157718732
0.0000000000
0.1066062291
0.0000000000
0.0000000000
0.0000000000
0.0996370000
0.0836013888
0.1046752483
0.0000000000
0.1089510637
0.0000000000
0.1235037436
0.0000000000
0.0978791137
0.1114013687
0.0827534034
0.0868470282
0.1115806147
0.1139644240
0.1242784086
0.1174383608
0.0
0.0000000000
0.0979482373
0.0000000000
0.0690366869
0.1059547013
0.0917900093
0.1053110889
0.0031152648
0.0000000000
0.0000000000
0.1337460984
0.0857728535
0.0000000000
0.0031152648
0.0
0.0000000000
0.0000000000
0.0000000000
0.0870104793
0.0031152648
0.1206040905
0.0000000000
0.0000000000
0.0696258554
0.0000000000
0.0872293736
0.0031152648
0.0031152648
0.1075152745
0.0
0.0969893035
0.1045174861
0.0000000000
0.0000000000
0.0930836940
0.0935230641
0.0000000000
0.0878927149
0.0000000000
0.0000000000
0.0000000000
0.0961155260
0.1092944870
0.0000000000
0.0000000000
0.0000000000
0.0031152648
0.0770954442
0.0000000000
0.0000000000
0.0000000000
0.0000000000
0.0031152648
0.0031152648
0.0887362150
0.0041536864
0.0000000000
0.0998521987
0.0924631360
0.0000000000
0.1202902897
0.0690366869
0.0000000000
0.0000000000
0.0000000000
0.0041536864
0.0000000000
0.0000000000
0.0000000000
0.0000000000
0.0000000000
0.1053911125
0.0000000000
0.0000000000
0.0000000000
0.0000000000
0.0000000000
0.0000000000
0.0000000000
0.1080176823
0.0031152648
0.0000000000
0.0000000000
0.0000000000
0.0000000000
0.0000000000
0.1013850176
0.0000000000
0.0000000000
0.0000000000
0.0000000000
0.0000000000
0.0000000000
0.0000000000
0.0000000000
0.0000000000
0.0000000000
0.0000000000
0.0000000000
0.0031152648
0.0900030526
0.0000000000
0.0000000000
0.0000000000
0.0000000000
0.0000000000
0.0000000000
0.0000000000
0.0000000000
0.0000000000
0.0000000000
