0.0
0.0
0.0
0.0
0.1235804037
0.0
0.1421788296
0.0
0.0
0.1117119375
0.0
0.1113110574
0.0
0.1320880681
0.0
0.1247400053
0.0
0.1299665418
0.0
0.0
0.1450600841
0.0989431621
0.0
0.0
0.0
0.1230086503
0.1193026205
0.1202274470
0.1308805119
0.1266930483
0.0
0.0
0.1417456877
0.1245730173
0.1346686598
0.1292445055
0.1328423183
0.1215624350
0.1306966909
0.0
0.0
0.1440496036
0.1369478204
0.1333181146
0.0
0.1346686598
0.1383732996
0.1231714678
0.1183166484
0.1162474003
0.1109791818
0.1085834819
0.1369478204
0.0
0.1352558778
0.0
0.1234983994
0.0
0.1031091900
0.1408872732
0.0
0.0021978022
0.1272126370
0.1282647057
0.0
0.1418537255
0.0
0.0920435647
0.1201498308
0.1315279773
0.1355514114
0.1407807019
0.1113110574
0.1386826288
0.1235804037
0.1193026205
0.0
0.0870089238
0.0918165209
0.1222812667
0.1228462626
0.1323699061
0.1354527569
0.0
0.1319943886
0.1308805119
0.1260068300
0.0
0.0959340659
0.1004382558
0.1301483132
0.0
0.1267793514
0.1126586489
0.0021978022
0.0
0.0928703033
0.1292445055
0.1232530384
0.1276488943
0.1321818806
0.1299665418
0.1150260123
0.1071457040
0.1201498308
0.1345712855
0.0
0.0984720042
0.1369478204
0.0
0.1237447393
0.1357491524
0.1143194643
0.1182414790
0.1148131326
0.1139694353
0.1337973314
0.0
0.1260068300
0.1389933442
0.1203829805
0.1250753279
0.0973898943
0.1219607391
0.0021978022
0.1395143088
0.0
0.1098654592
0.0000000000
0.1270389679
0.0
0.0
0.1139694353
0.1114443640
0.1337012126
0.0877059792
0.1107151029
0.1237447393
0.1304219257
0.1312497094
0.1207735807
0.1118462067
0.1235804037
0.0
0.1029381017
0.1386826288
0.1153110830
0.0000000000
0.1390972256
0.1123865265
0.1207735807
0.1357491524
0.1225227702
0.1193791455
0.1271257431
0.1163200549
0.0000000000
0.0825330767
0.1154541488
0.1101906974
0.1376568698
0.0000000000
0.1120482167
0.1015895676
0.1198403657
0.1043814290
0.1209305315
0.1004382558
0.1103867663
0.1312497094
0.0
0.0
0.0766208678
0.0
0.1039151803
0.1102559763
0.0
0.1307885368
0.1141091894
0.0
0.0970850745
0.0996317387
0.1091566498
0.1302393897
0.1044400044
0.1169780565
0.1260922005
0.0
0.0968829193
0.1087738679
0.1176435448
0.1326529493
0.1150971478
0.1055057188
0.1339899841
0.1065934066
0.1120482167
0.1438269613
0.1128636070
0.0
0.0
0.1146010394
0.1278242362
0.0
0.1165385648
0.0830116360
0.0
0.1196862302
0.0
0.1053862332
0.1061677626
0.1307885368
0.0
0.1046749651
0.0957366707
0.1244896909
0.1074550161
0.1113110574
0.0
0.1313423344
0.0000000000
0.1329372057
0.1306966909
0.0000000000
0.0
0.1254124582
0.0021978022
0.0000000000
0.1170516276
0.1346686598
0.1046161259
0.1249913283
0.0
0.1454000687
0.1242403791
0.1061677626
0.1340865187
0.0
0.1266930483
0.0
0.1234983994
0.0000000000
0.0944731411
0.0000000000
0.1228462626
0.0899526766
0.1246564554
0.0021978022
0.1266068625
0.1230086503
0.0897791066
0.0000000000
0.1144600787
0.1248236673
0.0843280870
0.0833089024
0.1241574969
0.1112445236
0.1414225592
0.0000000000
0.0
0.0000000000
0.1014787829
0.0998455407
0.1226034835
0.1085201679
0.1143194643
0.1143897283
0.0859640129
0.0000000000
0.0812007364
0.1385793655
0.1054459422
0.1118462067
0.0
0.0
0.0000000000
0.0000000000
0.0000000000
0.1125224232
0.0991540159
0.1140392696
0.1043814290
0.0758094044
0.1252436662
0.1106492794
0.1195324906
0.0949551469
0.0043956044
0.1291548147
0.0
0.0940910455
0.1082676486
0.0920435647
0.1159576872
0.1138996866
0.1186182842
0.0000000000
0.1005467790
0.1246564554
0.0000000000
0.0951493292
0.0977479453
0.1087738679
0.0000000000
0.1057455045
0.0960826473
0.0029304029
0.1095421353
0.0000000000
0.1053265919
0.1177924607
0.0000000000
0.0
0.0021978022
0.1136909517
0.0951493292
0.1056254755
0.1096712362
0.1196093110
0.1106492794
0.1128636070
0.0935706827
0.0
0.0000000000
0.0021978022
0.0735620901
0.0659971943
0.1120482167
0.1087103317
0.0000000000
0.1123187012
0.1270389679
0.0000000000
0.0000000000
0.1060467737
0.1198403657
0.0000000000
0.1128636070
0.0995251807
0.1156694145
0.1012579368
0.0021978022
0.0000000000
0.1053265919
0.1022032333
0.0000000000
0.0943773265
0.0959340659
0.1258364354
0.0000000000
0.0000000000
0.1016450507
0.0000000000
0.1230086503
0.1009832273
0.0766208678
0.0000000000
0.0823504814
0.1089649227
0.0000000000
0.0
0.1075792416
0.1186182842
0.0834583354
0.0000000000
0.0951493292
0.1106492794
0.0000000000
0.1314350903
0.0906095852
0.0000000000
0.0000000000
0.0000000000
0.0000000000
0.0910974488
0.1140392696
0.0000000000
0.0994188504
0.0843280870
0.0000000000
0.0000000000
0.0771608988
0.0000000000
0.0834583354
0.0021978022
0.1215624350
0.0000000000
0.0000000000
0.0000000000
0.0000000000
0.0000000000
0.0930095392
0.0000000000
0.0000000000
0.0000000000
0.0000000000
0.1150260123
0.0000000000
0.0029304029
0.1264348423
0.0864030120
0.0938064959
0.1154541488
0.0000000000
0.0000000000
0.0959340659
0.0000000000
0.0947135307
0.0000000000
0.0834583354
0.0000000000
0.0000000000
0.0000000000
0.0021978022
0.0000000000
0.0000000000
0.1130006605
0.0929630809
0.0000000000
0.0000000000
0.0000000000
0.0771608988
0.0021978022
0.1008191159
0.0000000000
0.0000000000
0.0000000000
0.0000000000
0.0021978022
0.0
0.0
0.0000000000
0.0000000000
0.0000000000
0.0000000000
0.0000000000
0.0000000000
0.0868465179
0.1001140871
0.0000000000
0.0021978022
0.0000000000
0.0000000000
0.0021978022
0.0000000000
0.0000000000
0.0021978022
0.0000000000
0.0000000000
0.0000000000
0.0771608988
0.0000000000
0.0000000000
0.0000000000
0.1163928004
0.0000000000
0.1120482167
0.0905654929
0.0000000000
0.0000000000
0.0000000000
0.0876233936
0.0000000000
0.0000000000
0.0000000000
0.0000000000
0.0000000000
0.0000000000
0.0000000000
0.0000000000
0.0000000000
0.0000000000
0.0000000000
0.0000000000
0.0000000000
0.0000000000
0.0000000000
0.0000000000
0.0000000000
0.0021978022
0.0000000000
0.0995251807
0.0000000000
0.0000000000
0.0000000000
0.0000000000
0.0000000000
0.0000000000
0.0000000000
0.0000000000
0.0000000000
0.0000000000
0.0000000000
0.0000000000
0.0000000000
0.0000000000
0.0000000000
0.0000000000
0.0000000000
0.0000000000
0.0000000000
0.0000000000
0.0000000000
0.0000000000
0.0000000000
0.0000000000
0.0000000000
0.0000000000
0.0000000000
0.0000000000
0.1049109853
0.0000000000
0.0000000000
0.0000000000
0.0000000000
0.0000000000
0.0000000000
0.0000000000
0.0000000000
0.0000000000
