0.0
0.0
0.0
0.0
0.0
0.0
0.0
0.0
0.0
0.0
0.0
0.0
0.0
0.0
0.0
0.0
0.0
0.0
0.0
0.0
0.0
0.0
0.0
0.0
0.0
0.0
0.0
0.0
0.0
0.0963152095
0.0
0.1186672452
0.0
0.0
0.0
0.0
0.0
0.0968633449
0.0
0.0
0.1279719809
0.0
0.0
0.0
0.0973381652
0.0
0.0
0.0
0.0
0.1053420992
0.0
0.0
0.1057159842
0.0
0.1328226468
0.0
0.0
0.0
0.0
0.0
0.0
0.0
0.0
0.0
0.0
0.0
0.0
0.0
0.0
0.0
0.1118703420
0.1204670518
0.0879925511
0.0
0.0942578435
0.0
0.1092043210
0.0
0.0944072220
0.0
0.1334175971
0.0857136073
0.0
0.0
0.1204670518
0.1088054011
0.0
0.1079184005
0.0
0.1110362667
0.0
0.0
0.0
0.0
0.0
0.0
0.0000000000
0.0913664986
0.0
0.0
0.0
0.1076259387
0.0000000000
0.0000000000
0.0
0.0
0.0
0.0
0.0
0.1317941529
0.1050634164
0.0
0.0808838521
0.1105212562
0.0982208691
0.1030639396
0.0044004400
0.0
0.0
0.0
0.0
0.0
0.1242355727
0.0990373352
0.0
0.0722510092
0.0
0.0
0.0
0.0
0.0
0.0
0.1141206075
0.0
0.0
0.1003722950
0.0855904556
0.0
0.0
0.1161227234
0.0
0.0
0.0821102096
0.0
0.0991197289
0.0
0.0946321797
0.0
0.0927896528
0.1136850326
0.0616995931
0.0
0.1107266861
0.0766185943
0.0
0.1034218005
0.1157841732
0.0
0.1108296876
0.1198610807
0.0
0.0
0.1068537347
0.1083108311
0.1195004154
0.0835497294
0.0885813488
0.0
0.0
0.0973381652
0.0
0.1285241793
0.0
0.0
0.0903959895
0.0762264326
0.0
0.0
0.0963152095
0.0840803911
0.0791640626
0.0
0.1093045084
0.0000000000
0.0970211028
0.0
0.0
0.0967060992
0.1086070321
0.1074318433
0.0
0.1262096549
0.1069496537
0.0
0.0735898173
0.1064717732
0.1120808224
0.1016569234
0.0
0.1034218005
0.1168057982
0.1054353223
0.0
0.0813810889
0.0000000000
0.0
0.0
0.0
0.0000000000
0.0
0.0971001746
0.0
0.0
0.0
0.0683937510
0.0
0.0
0.0
0.0000000000
0.0
0.0
0.0927174430
0.0941833314
0.0000000000
0.1105212562
0.0985458347
0.0
0.0033003300
0.0
0.0951612733
0.0
0.1070457450
0.0
0.0929344104
0.0995337629
0.0867117279
0.0754540305
0.0000000000
0.0
0.0866486649
0.1061870893
0.0
0.0
0.0000000000
0.1161227234
0.1106238758
0.0
0.0927174430
0.0
0.0963152095
0.0987091253
0.0
0.0
0.0808289784
0.0
0.0856519872
0.0
0.1083108311
0.0703317085
0.1056222644
0.0033003300
0.0833160239
0.0
0.0810489212
0.0885813488
0.0922151039
0.0
0.0000000000
0.0
0.0
0.0958502930
0.0
0.0683937510
0.1153358317
0.0988729578
0.0998674888
0.1108296876
0.0132013201
0.0648921101
0.0000000000
0.0944072220
0.0718154998
0.1227002206
0.1126105049
0.0971001746
0.0
0.0
0.1230804899
0.0000000000
0.0
0.0
0.0
0.0812146654
0.0888455736
0.0
0.0
0.0853452107
0.0673879605
0.0000000000
0.0000000000
0.1196203958
0.1139024036
0.0099009901
0.0942578435
0.0
0.0000000000
0.0
0.0118811881
0.0
0.0
0.0000000000
0.0950095010
0.0
0.1001192556
0.0962374105
0.0000000000
0.0802843088
0.0
0.0000000000
0.0
0.1171503581
0.0834911802
0.0819407938
0.0000000000
0.0927174430
0.0849799673
0.1063767091
0.1202239296
0.1212023542
0.1066624120
0.1126105049
0.0000000000
0.0000000000
0.0806102261
0.1163495256
0.0915771823
0.1030639396
0.0963152095
0.1097071033
0.1083108311
0.0
0.0819971880
0.0809938234
0.1147802642
0.0000000000
0.1121863599
0.0720325962
0.0000000000
0.0
0.0033003300
0.0902590259
0.0000000000
0.1053420992
0.0000000000
0.0
0.1067579876
0.0
0.0
0.0903959895
0.0000000000
0.0000000000
0.0000000000
0.0
0.1058098705
0.0
0.0000000000
0.0
0.0778705322
0.0000000000
0.0720761731
0.0044004400
0.0079207921
0.0944072220
0.0
0.0000000000
0.0646456398
0.0822235433
0.0822803275
0.0000000000
0.0066006601
0.0000000000
0.0727362114
0.0084865629
0.0000000000
0.0000000000
0.0000000000
0.0805557229
0.0000000000
0.0000000000
0.1011391462
0.0963152095
0.0000000000
0.1097071033
0.0
0.0804469373
0.0855904556
0.0616995931
0.1033321025
0.0000000000
0.0000000000
0.0856519872
0.0033003300
0.0879276119
0.0863973272
0.0033003300
0.0
0.0
0.0000000000
0.0000000000
0.0000000000
0.0885813488
0.0000000000
0.0
0.0000000000
0.0902590259
0.0000000000
0.0588355132
0.0799610162
0.0000000000
0.0000000000
0.0033003300
0.0859609771
0.0000000000
0.0967846582
0.0000000000
0.0000000000
0.0821102096
0.0719456004
0.0000000000
0.1063767091
0.0079207921
0.0000000000
0.0778705322
0.0000000000
0.0000000000
0.0069889342
0.0000000000
0.0000000000
0.1016569234
0.1005416997
0.0000000000
0.0000000000
0.0000000000
0.0000000000
0.0000000000
0.0
0.0000000000
0.0000000000
0.0855904556
0.0000000000
0.0000000000
0.0000000000
0.0000000000
0.0000000000
0.0714280061
0.0931523958
0.0982208691
0.0000000000
0.0
0.0000000000
0.0000000000
0.0000000000
0.0754540305
0.0000000000
0.0000000000
0.0000000000
0.0000000000
0.0838437116
0.0000000000
0.0000000000
0.0000000000
0.0000000000
0.0000000000
0.0000000000
0.0000000000
0.0000000000
0.0964711856
0.0855904556
0.0000000000
0.0000000000
0.0000000000
0.0000000000
0.0000000000
0.0000000000
0.0000000000
0.0000000000
0.0000000000
0.0000000000
