0.0
0.0
0.0
0.0
0.0
0.0
0.0038626609
0.0
0.0
0.0078683834
0.0
0.0
0.0
0.0
0.0
0.0
0.0
0.0
0.0
0.0
0.0
0.0
0.0
0.0091559371
0.0
0.0
0.0
0.0
0.0
0.0
0.0
0.0
0.0
0.0
0.0
0.0
0.0
0.0
0.0
0.0
0.0
0.0
0.0000000000
0.0
0.0
0.0
0.0
0.0
0.0
0.0
0.0
0.0
0.0082535490
0.0
0.0021459227
0.0
0.0
0.0
0.0021459227
0.0
0.0
0.0000000000
0.0
0.0
0.0
0.0056070885
0.0
0.0048283262
0.0021459227
0.0
0.0038626609
0.0021459227
0.0
0.0
0.0
0.0
0.0
0.0
0.0
0.0
0.0
0.0
0.0
0.0021459227
0.0
0.0064377682
0.0
0.0
0.0
0.0
0.0
0.0
0.0044302921
0.0
0.0000000000
0.0
0.0
0.0
0.0066644502
0.0
0.0
0.0
0.0
0.0
0.0
0.0
0.0
0.0
0.0
0.0
0.0
0.0000000000
0.0
0.0
0.0
0.0
0.0
0.0059608965
0.0
0.0
0.0
0.0083760210
0.0
0.0000000000
0.0
0.0000000000
0.0
0.0
0.0000000000
0.0
0.0
0.0
0.0
0.0
0.0
0.0042918455
0.0
0.0
0.0
0.0112894197
0.0044706724
0.0
0.0
0.0
0.0
0.0
0.0038626609
0.0038626609
0.0076369604
0.0000000000
0.0021459227
0.0
0.0000000000
0.0
0.0
0.0
0.0
0.0
0.0000000000
0.0
0.0
0.0
0.0
0.0
0.0
0.0
0.0000000000
0.0092734519
0.0123646025
0.0
0.0076318704
0.0
0.0
0.0
0.0021459227
0.0
0.0
0.0054095136
0.0
0.0000000000
0.0
0.0000000000
0.0
0.0
0.0
0.0
0.0
0.0
0.0000000000
0.0
0.0000000000
0.0
0.0
0.0
0.0000000000
0.0
0.0
0.0
0.0112660944
0.0
0.0044706724
0.0143386656
0.0
0.0
0.0
0.0
0.0000000000
0.0082771306
0.0
0.0
0.0000000000
0.0
0.0
0.0021459227
0.0060368816
0.0
0.0
0.0028612303
0.0071530758
0.0081993466
0.0
0.0
0.0
0.0
0.0
0.0000000000
0.0
0.0
0.0000000000
0.0
0.0
0.0
0.0063330891
0.0
0.0021459227
0.0
0.0
0.0046650494
0.0
0.0
0.0049662784
0.0087625179
0.0
0.0
0.0
0.0064914163
0.0
0.0
0.0
0.0038626609
0.0
0.0077374116
0.0028612303
0.0
0.0
0.0021459227
0.0000000000
0.0
0.0
0.0038626609
0.0
0.0000000000
0.0
0.0
0.0
0.0
0.0021459227
0.0038626609
0.0021459227
0.0032188841
0.0
0.0042918455
0.0064377682
0.0098099326
0.0
0.0
0.0
0.0
0.0
0.0
0.0
0.0
0.0069527897
0.0021459227
0.0
0.0
0.0096378285
0.0
0.0
0.0021459227
0.0
0.0
0.0021459227
0.0
0.0028612303
0.0
0.0
0.0021459227
0.0
0.0
0.0059608965
0.0
0.0
0.0
0.0
0.0000000000
0.0
0.0032188841
0.0028612303
0.0
0.0
0.0
0.0
0.0
0.0096566524
0.0
0.0000000000
0.0038626609
0.0
0.0042918455
0.0000000000
0.0102864340
0.0
0.0096566524
0.0
0.0048283262
0.0000000000
0.0
0.0048084565
0.0
0.0032188841
0.0
0.0067060086
0.0042918455
0.0
0.0000000000
0.0
0.0
0.0000000000
0.0021459227
0.0
0.0000000000
0.0121327171
0.0
0.0
0.0
0.0
0.0
0.0086552217
0.0064377682
0.0
0.0
0.0079478620
0.0
0.0000000000
0.0000000000
0.0
0.0
0.0
0.0
0.0057997912
0.0
0.0042918455
0.0
0.0021459227
0.0
0.0
0.0
0.0000000000
0.0
0.0
0.0000000000
0.0000000000
0.0
0.0
0.0059937842
0.0
0.0058416786
0.0112894197
0.0
0.0000000000
0.0
0.0112113515
0.0000000000
0.0
0.0021459227
0.0000000000
0.0
0.0042918455
0.0107296137
0.0048283262
0.0021459227
0.0000000000
0.0
0.0
0.0
0.0
0.0032188841
0.0021459227
0.0
0.0
0.0063330891
0.0
0.0127885396
0.0
0.0
0.0
0.0
0.0
0.0000000000
0.0
0.0021459227
0.0078683834
0.0032188841
0.0000000000
0.0021459227
0.0068330698
0.0021459227
0.0000000000
0.0
0.0000000000
0.0
0.0072126848
0.0000000000
0.0
0.0
0.0
0.0021459227
0.0
0.0064377682
0.0
0.0
0.0000000000
0.0
0.0000000000
0.0000000000
0.0000000000
0.0
0.0021459227
0.0
0.0021459227
0.0000000000
0.0
0.0048283262
0.0
0.0000000000
0.0000000000
0.0086552217
0.0000000000
0.0
0.0000000000
0.0
0.0
0.0021459227
0.0062426844
0.0
0.0124853687
0.0044706724
0.0
0.0046650494
0.0000000000
0.0000000000
0.0000000000
0.0
0.0
0.0000000000
0.0057224607
0.0071693328
0.0
0.0
0.0
0.0048283262
0.0032188841
0.0083760210
0.0000000000
0.0070623278
0.0000000000
0.0
0.0021459227
0.0
0.0
0.0100675737
0.0
0.0021459227
0.0083760210
0.0
0.0059012876
0.0
0.0032188841
0.0078683834
0.0000000000
0.0
0.0
0.0
0.0000000000
0.0000000000
0.0000000000
0.0021459227
0.0044768388
0.0
0.0000000000
0.0000000000
0.0021459227
0.0000000000
0.0091484075
0.0083013327
0.0
0.0000000000
0.0
0.0
0.0079616844
0.0
0.0032188841
0.0000000000
0.0028612303
0.0000000000
0.0
0.0
0.0077374116
0.0000000000
0.0000000000
0.0
0.0000000000
0.0067060086
0.0
0.0000000000
0.0000000000
0.0000000000
0.0057997912
0.0
0.0021459227
0.0067060086
0.0000000000
0.0000000000
0.0
0.0038320049
0.0021459227
0.0021459227
0.0042918455
0.0
0.0000000000
0.0
0.0048283262
0.0
0.0
0.0000000000
0.0059608965
0.0000000000
0.0000000000
0.0078683834
0.0032188841
0.0084516342
0.0000000000
0.0
0.0021459227
0.0
0.0000000000
0.0000000000
0.0082771306
0.0057224607
0.0000000000
0.0
0.0000000000
0.0110040922
0.0028612303
0.0000000000
0.0000000000
0.0050866317
0.0
0.0
0.0
0.0000000000
0.0000000000
0.0021459227
0.0064914163
0.0028612303
0.0064377682
0.0059608965
0.0
0.0098099326
0.0000000000
0.0
0.0038149738
0.0000000000
0.0
0.0071530758
0.0
0.0070623278
0.0053648069
0.0021459227
0.0042918455
0.0000000000
0.0068669528
0.0101732634
0.0000000000
0.0028612303
0.0059608965
0.0000000000
0.0076299475
0.0
0.0000000000
0.0000000000
0.0090995378
0.0
0.0
0.0000000000
0.0100675737
0.0048283262
0.0000000000
0.0060368816
0.0000000000
0.0
0.0028612303
0.0000000000
0.0115408772
0.0028612303
0.0000000000
0.0028612303
0.0000000000
0.0131437768
0.0038626609
0.0122079161
0.0000000000
0.0
0.0000000000
0.0000000000
0.0042918455
0.0000000000
0.0000000000
0.0021459227
0.0048283262
0.0
0.0
0.0068669528
0.0021459227
0.0044569165
0.0000000000
0.0
0.0000000000
0.0
0.0084495708
0.0072283714
0.0053648069
0.0000000000
0.0000000000
0.0000000000
0.0
0.0028612303
0.0000000000
0.0000000000
0.0
0.0
0.0000000000
0.0021459227
0.0
0.0000000000
0.0000000000
0.0000000000
0.0000000000
0.0000000000
0.0000000000
0.0079478620
0.0000000000
0.0000000000
0.0021459227
0.0055023660
0.0000000000
0.0000000000
0.0000000000
0.0000000000
0.0021459227
0.0
0.0000000000
0.0021459227
0.0021459227
0.0000000000
0.0000000000
0.0000000000
0.0000000000
0.0000000000
0.0000000000
0.0000000000
0.0021459227
0.0048283262
0.0044706724
0.0000000000
0.0000000000
0.0
0.0000000000
0.0000000000
0.0021459227
0.0048283262
0.0000000000
0.0000000000
0.0000000000
0.0067060086
0.0000000000
0.0000000000
0.0000000000
0.0000000000
0.0085836910
0.0000000000
0.0038320049
0.0000000000
0.0000000000
0.0000000000
0.0
0.0000000000
0.0000000000
0.0000000000
0.0000000000
0.0000000000
0.0000000000
0.0000000000
0.0000000000
0.0000000000
0.0000000000
0.0
0.0000000000
0.0000000000
0.0
0.0000000000
0.0021459227
0.0055023660
0.0000000000
0.0000000000
0.0000000000
0.0000000000
0.0000000000
0.0000000000
0.0000000000
0.0000000000
0.0000000000
0.0000000000
0.0000000000
0.0000000000
0.0000000000
0.0000000000
0.0000000000
0.0000000000
0.0021459227
0.0066994661
0.0000000000
0.0000000000
0.0072283714
0.0032188841
0.0
0.0000000000
0.0028612303
0.0000000000
0.0000000000
0.0028612303
0.0000000000
0.0000000000
0.0000000000
0.0000000000
0.0000000000
0.0000000000
0.0000000000
0.0000000000
0.0000000000
0.0000000000
0.0000000000
0.0000000000
0.0000000000
0.0000000000
0.0000000000
0.0000000000
0.0000000000
0.0021459227
0.0000000000
0.0062426844
0.0000000000
0.0000000000
0.0000000000
0.0000000000
0.0000000000
0.0021459227
0.0000000000
0.0000000000
0.0021459227
0.0000000000
0.0000000000
0.0000000000
0.0000000000
0.0000000000
0.0000000000
0.0
0.0021459227
0.0000000000
0.0000000000
0.0000000000
0.0000000000
0.0000000000
0.0000000000
0.0000000000
0.0000000000
0.0000000000
0.0000000000
0.0000000000
0.0000000000
0.0000000000
0.0021459227
0.0000000000
0.0000000000
0.0000000000
0.0000000000
0.0000000000
0.0000000000
0.0000000000
0.0000000000
0.0
0.0000000000
0.0000000000
0.0000000000
0.0000000000
0.0000000000
0.0000000000
0.0000000000
0.0000000000
