0.0
0.0
0.0
0.0
0.0
0.0
0.0090104134
0.0
0.0
0.0000000000
0.0
0.0
0.0
0.0
0.0
0.0
0.0
0.0
0.0
0.0
0.0
0.0
0.0
0.0055418719
0.0
0.0
0.0
0.0
0.0
0.0
0.0
0.0
0.0
0.0
0.0
0.0
0.0
0.0
0.0
0.0
0.0
0.0
0.0000000000
0.0
0.0
0.0
0.0
0.0
0.0
0.0
0.0
0.0
0.0000000000
0.0
0.0055418719
0.0
0.0
0.0
0.0056298381
0.0
0.0
0.0000000000
0.0
0.0
0.0
0.0068795651
0.0
0.0049261084
0.0000000000
0.0
0.0000000000
0.0082916557
0.0
0.0
0.0134099617
0.0
0.0
0.0
0.0
0.0
0.0
0.0
0.0
0.0024630542
0.0
0.0165045682
0.0
0.0
0.0
0.0
0.0
0.0
0.0024630542
0.0
0.0000000000
0.0
0.0
0.0
0.0090104134
0.0
0.0
0.0
0.0
0.0
0.0
0.0
0.0
0.0
0.0
0.0
0.0
0.0036945813
0.0
0.0
0.0
0.0
0.0
0.0000000000
0.0
0.0
0.0
0.0138923344
0.0
0.0000000000
0.0
0.0152049959
0.0
0.0
0.0000000000
0.0
0.0
0.0
0.0
0.0
0.0080609046
0.0049261084
0.0
0.0
0.0
0.0169388990
0.0036945813
0.0
0.0
0.0
0.0146290491
0.0
0.0185676393
0.0032840722
0.0036945813
0.0000000000
0.0055418719
0.0
0.0055418719
0.0
0.0
0.0
0.0
0.0
0.0036945813
0.0
0.0
0.0
0.0
0.0
0.0
0.0
0.0000000000
0.0049261084
0.0203266788
0.0
0.0103162704
0.0
0.0
0.0
0.0122995827
0.0
0.0
0.0055418719
0.0
0.0000000000
0.0
0.0000000000
0.0
0.0
0.0
0.0
0.0
0.0
0.0000000000
0.0
0.0000000000
0.0
0.0134306162
0.0
0.0000000000
0.0
0.0
0.0
0.0109717868
0.0
0.0055418719
0.0134099617
0.0
0.0
0.0
0.0
0.0000000000
0.0086742343
0.0
0.0
0.0130868301
0.0
0.0
0.0024630542
0.0049261084
0.0
0.0
0.0024630542
0.0049261084
0.0000000000
0.0
0.0
0.0
0.0
0.0
0.0000000000
0.0
0.0
0.0032840722
0.0
0.0
0.0
0.0116327378
0.0
0.0102171137
0.0
0.0024630542
0.0055418719
0.0
0.0
0.0053920916
0.0116692239
0.0
0.0
0.0
0.0110837438
0.0
0.0083743842
0.0
0.0032840722
0.0
0.0032840722
0.0032840722
0.0
0.0
0.0000000000
0.0107279693
0.0
0.0
0.0000000000
0.0
0.0000000000
0.0
0.0
0.0
0.0
0.0024630542
0.0124881168
0.0000000000
0.0036945813
0.0
0.0049261084
0.0049261084
0.0043787630
0.0
0.0
0.0
0.0
0.0024630542
0.0
0.0
0.0
0.0086742343
0.0024630542
0.0193103448
0.0
0.0116796440
0.0
0.0
0.0104947526
0.0
0.0000000000
0.0024630542
0.0109717868
0.0032840722
0.0
0.0
0.0000000000
0.0
0.0
0.0091277890
0.0
0.0
0.0
0.0
0.0000000000
0.0
0.0032840722
0.0032840722
0.0
0.0
0.0
0.0
0.0
0.0096124504
0.0
0.0103162704
0.0097509953
0.0
0.0024630542
0.0000000000
0.0000000000
0.0
0.0177159127
0.0
0.0117746005
0.0000000000
0.0
0.0107279693
0.0
0.0140951422
0.0
0.0056298381
0.0049261084
0.0
0.0064357222
0.0
0.0
0.0070477491
0.0049261084
0.0
0.0000000000
0.0160919540
0.0
0.0
0.0
0.0
0.0
0.0068207654
0.0112987724
0.0
0.0
0.0032840722
0.0
0.0032840722
0.0000000000
0.0
0.0
0.0
0.0
0.0032840722
0.0
0.0024630542
0.0
0.0070477491
0.0
0.0
0.0
0.0000000000
0.0
0.0
0.0000000000
0.0000000000
0.0
0.0
0.0064357222
0.0000000000
0.0074928701
0.0102627258
0.0
0.0000000000
0.0
0.0086896552
0.0024630542
0.0
0.0117746005
0.0024630542
0.0032840722
0.0049261084
0.0056298381
0.0032840722
0.0032840722
0.0000000000
0.0133174792
0.0
0.0
0.0
0.0000000000
0.0039408867
0.0
0.0
0.0116327378
0.0
0.0122045719
0.0000000000
0.0
0.0
0.0000000000
0.0
0.0000000000
0.0
0.0055418719
0.0061576355
0.0000000000
0.0000000000
0.0000000000
0.0032840722
0.0024630542
0.0000000000
0.0
0.0000000000
0.0
0.0107279693
0.0000000000
0.0
0.0
0.0
0.0049261084
0.0
0.0068795651
0.0000000000
0.0
0.0000000000
0.0
0.0000000000
0.0000000000
0.0112269447
0.0000000000
0.0076970443
0.0
0.0000000000
0.0000000000
0.0
0.0055418719
0.0
0.0000000000
0.0103162704
0.0032840722
0.0000000000
0.0
0.0000000000
0.0
0.0
0.0000000000
0.0000000000
0.0
0.0103448276
0.0039408867
0.0
0.0024630542
0.0024630542
0.0000000000
0.0000000000
0.0
0.0
0.0000000000
0.0024630542
0.0000000000
0.0
0.0
0.0
0.0055418719
0.0000000000
0.0138923344
0.0000000000
0.0073891626
0.0000000000
0.0
0.0000000000
0.0117746005
0.0
0.0129422302
0.0
0.0024630542
0.0158281515
0.0
0.0126211404
0.0
0.0024630542
0.0061576355
0.0000000000
0.0
0.0
0.0
0.0000000000
0.0000000000
0.0000000000
0.0119199659
0.0036945813
0.0
0.0000000000
0.0000000000
0.0024630542
0.0000000000
0.0095003519
0.0084202085
0.0080609046
0.0000000000
0.0
0.0
0.0068314899
0.0
0.0024630542
0.0036945813
0.0000000000
0.0000000000
0.0147407212
0.0065042329
0.0032840722
0.0000000000
0.0000000000
0.0
0.0000000000
0.0055418719
0.0
0.0000000000
0.0000000000
0.0024630542
0.0055418719
0.0000000000
0.0000000000
0.0065681445
0.0000000000
0.0000000000
0.0
0.0039408867
0.0024630542
0.0000000000
0.0065304831
0.0
0.0024630542
0.0000000000
0.0024630542
0.0
0.0
0.0000000000
0.0039408867
0.0000000000
0.0000000000
0.0061576355
0.0036945813
0.0065681445
0.0000000000
0.0
0.0024630542
0.0000000000
0.0000000000
0.0000000000
0.0095003519
0.0065681445
0.0000000000
0.0000000000
0.0000000000
0.0107545237
0.0032840722
0.0000000000
0.0000000000
0.0036945813
0.0000000000
0.0
0.0
0.0000000000
0.0000000000
0.0000000000
0.0055418719
0.0032840722
0.0049261084
0.0000000000
0.0
0.0049261084
0.0000000000
0.0
0.0043787630
0.0000000000
0.0000000000
0.0036945813
0.0124851367
0.0000000000
0.0056298381
0.0024630542
0.0049261084
0.0000000000
0.0078817734
0.0078144381
0.0000000000
0.0036945813
0.0065681445
0.0000000000
0.0000000000
0.0
0.0000000000
0.0000000000
0.0091277890
0.0
0.0024630542
0.0000000000
0.0000000000
0.0000000000
0.0000000000
0.0000000000
0.0000000000
0.0
0.0032840722
0.0000000000
0.0100256713
0.0000000000
0.0000000000
0.0076540071
0.0000000000
0.0000000000
0.0000000000
0.0089769165
0.0000000000
0.0000000000
0.0000000000
0.0000000000
0.0068207654
0.0000000000
0.0000000000
0.0000000000
0.0024630542
0.0
0.0000000000
0.0055418719
0.0024630542
0.0053920916
0.0000000000
0.0000000000
0.0000000000
0.0000000000
0.0000000000
0.0078817734
0.0000000000
0.0024630542
0.0000000000
0.0000000000
0.0000000000
0.0000000000
0.0000000000
0.0000000000
0.0000000000
0.0
0.0000000000
0.0032840722
0.0000000000
0.0000000000
0.0000000000
0.0000000000
0.0000000000
0.0000000000
0.0000000000
0.0000000000
0.0000000000
0.0000000000
0.0000000000
0.0000000000
0.0000000000
0.0000000000
0.0000000000
0.0000000000
0.0051313629
0.0
0.0000000000
0.0000000000
0.0097856477
0.0049261084
0.0000000000
0.0000000000
0.0000000000
0.0024630542
0.0032840722
0.0000000000
0.0000000000
0.0000000000
0.0000000000
0.0000000000
0.0000000000
0.0000000000
0.0000000000
0.0000000000
0.0000000000
0.0000000000
0.0000000000
0.0000000000
0.0000000000
0.0000000000
0.0000000000
0.0000000000
0.0000000000
0.0000000000
0.0036945813
0.0000000000
0.0000000000
0.0000000000
0.0000000000
0.0000000000
0.0000000000
0.0000000000
0.0000000000
0.0000000000
0.0000000000
0.0000000000
0.0000000000
0.0000000000
0.0000000000
0.0000000000
0.0000000000
