0.0
0.0
0.0
0.0
0.0
0.0
0.0
0.0
0.0
0.0
0.0
0.0
0.0
0.0
0.0
0.1170577125
0.0
0.0
0.0
0.0
0.0
0.0
0.0
0.0
0.0
0.0
0.0
0.0
0.0
0.1094759568
0.0
0.1094759568
0.0
0.0
0.0
0.0
0.0
0.0992491103
0.0
0.0
0.1294153132
0.0
0.0
0.0
0.0985477032
0.0
0.0
0.0
0.0
0.1206010811
0.0
0.0
0.0984607237
0.0
0.1384069479
0.0
0.0
0.0
0.0
0.0
0.0
0.0
0.0
0.0
0.0
0.0
0.0
0.0
0.0
0.0
0.1069568552
0.1217860262
0.1421095541
0.0
0.0890311253
0.0
0.1118916750
0.0
0.1154824017
0.0
0.1373842365
0.1059411206
0.0
0.1190565635
0.1015068244
0.0878393701
0.0
0.1022511457
0.0983738977
0.0910661224
0.0
0.0
0.0
0.0
0.0
0.0
0.0869493375
0.0919670239
0.0
0.0
0.0
0.1129109312
0.0000000000
0.0000000000
0.0
0.0
0.0
0.0
0.0
0.1445025907
0.1041605976
0.1131399594
0.1023449541
0.0941400844
0.0836879220
0.1088351220
0.0858123077
0.0
0.0
0.0
0.0
0.0
0.1166903766
0.1306276347
0.0
0.0880473560
0.0
0.0
0.0
0.0
0.0
0.1090478983
0.0773619972
0.0
0.0
0.0904019449
0.1157219917
0.0
0.0
0.0954285714
0.0
0.0
0.0985477032
0.0
0.1069568552
0.0
0.0912896890
0.0
0.1113333333
0.1156020725
0.0000000000
0.0000000000
0.0803717579
0.0836879220
0.0
0.1054404537
0.1176751055
0.0
0.0976847636
0.1028165899
0.0
0.0
0.1065482330
0.1013224342
0.1052415094
0.0912150450
0.0000000000
0.0
0.0
0.1107805362
0.0
0.1250627803
0.0
0.0
0.0125000000
0.0672429174
0.0
0.0
0.1061427212
0.0071428571
0.0125000000
0.0
0.1008643761
0.0000000000
0.0100000000
0.0
0.0
0.0877012579
0.1107805362
0.1147695473
0.0
0.1313969376
0.1083067961
0.0
0.0740743692
0.1072653846
0.1058406072
0.1031016636
0.0
0.0870171607
0.1229944873
0.1032925926
0.0
0.0939814659
0.1212565217
0.0
0.0
0.1209934924
0.0000000000
0.0
0.0630259887
0.0
0.0
0.0
0.0947799490
0.0
0.1062438095
0.0
0.0830647803
0.0
0.0
0.1030064635
0.0895313002
0.1090478983
0.1031016636
0.1297162791
0.0
0.0000000000
0.0
0.0615651214
0.1112223330
0.1220525164
0.0000000000
0.0777935844
0.0673240797
0.0747193570
0.0931185309
0.0000000000
0.0
0.0921950413
0.0922712986
0.0
0.0
0.0985477032
0.1140654397
0.1024389348
0.0
0.0951031543
0.0
0.0920429043
0.1067521531
0.0
0.1011387126
0.0040000000
0.0
0.0949412766
0.0
0.1134852492
0.0083333333
0.0877702596
0.0000000000
0.0832507463
0.0
0.1191837607
0.0936658270
0.0980281195
0.0
0.0000000000
0.0
0.1056401515
0.0948605442
0.0
0.0744202802
0.1193112299
0.1039664492
0.0000000000
0.1250627803
0.0845121212
0.0864775194
0.0000000000
0.0921189100
0.1012304900
0.1193112299
0.1100157791
0.0630259887
0.0
0.0
0.1069568552
0.0000000000
0.0
0.0
0.0
0.0956740995
0.0893162530
0.0
0.0
0.0000000000
0.0083333333
0.0980281195
0.0000000000
0.0861436293
0.1099073892
0.0882563291
0.0000000000
0.0
0.1032925926
0.0
0.0752739541
0.0
0.1053408876
0.0996925827
0.0922712986
0.0000000000
0.1075756991
0.0989849157
0.0996925827
0.1029114391
0.0
0.0000000000
0.0
0.1009556561
0.0958384880
0.0790056657
0.0955102740
0.0040000000
0.0744202802
0.0801984184
0.0988095660
0.1020640439
0.0829412639
0.0944589331
0.0738292522
0.0000000000
0.0824508500
0.1242271715
0.0000000000
0.1053408876
0.0000000000
0.0000000000
0.0000000000
0.0
0.0786159267
0.0697225000
0.0695486284
0.0000000000
0.1144164103
0.0837507508
0.0000000000
0.0
0.0000000000
0.0000000000
0.0910661224
0.0888892430
0.0000000000
0.0
0.0000000000
0.0994260250
0.0
0.0000000000
0.0000000000
0.0000000000
0.0000000000
0.0769882678
0.0611936369
0.0000000000
0.0000000000
0.0000000000
0.0788381625
0.0000000000
0.0000000000
0.0000000000
0.0677739976
0.1093686275
0.0000000000
0.0000000000
0.0000000000
0.0810137981
0.0000000000
0.0000000000
0.0000000000
0.0000000000
0.0000000000
0.0000000000
0.0000000000
0.0000000000
0.0000000000
0.0000000000
0.0959208942
0.0000000000
0.0000000000
0.0986348364
0.0000000000
0.0000000000
0.0000000000
0.0000000000
0.0000000000
0.0000000000
0.0000000000
0.0000000000
0.0000000000
0.0000000000
0.0000000000
0.0000000000
0.0000000000
0.0000000000
0.0000000000
0.0000000000
0.0000000000
0.0000000000
0.0000000000
