0.0
0.0
0.0
0.0
0.0
0.0
0.0
0.0
0.0
0.0
0.0
0.0
0.0
0.0
0.0
0.0
0.0
0.0
0.0
0.0
0.0
0.0
0.0
0.0
0.0
0.0
0.0
0.0
0.0
0.0
0.0
0.0
0.0
0.0
0.0
0.0
0.0
0.0
0.0
0.0
0.0
0.0
0.0
0.0
0.0
0.0
0.0
0.0
0.0
0.0
0.0
0.0
0.0
0.0
0.0
0.0
0.0
0.0
0.0
0.0
0.0680272109
0.0
0.0
0.0
0.0
0.0
0.0
0.0
0.0
0.0
0.0
0.0
0.0
0.0
0.0
0.0657721652
0.0
0.0
0.0
0.0791014080
0.0
0.0
0.0
0.0
0.0
0.0
0.0715000715
0.0
0.0
0.0
0.0
0.0
0.0
0.0
0.0
0.0
0.0
0.0
0.0
0.0
0.0
0.0
0.0
0.0
0.0
0.0
0.0
0.0
0.0
0.0696184907
0.0
0.0
0.0
0.0
0.0
0.0
0.0
0.0
0.0875350140
0.0434480361
0.0
0.0686153424
0.0
0.0
0.0
0.0
0.0
0.0
0.0
0.0
0.0
0.0
0.0
0.0780640125
0.0
0.0
0.0
0.0
0.0
0.0624921885
0.0
0.0
0.0
0.0
0.0
0.0
0.0
0.0
0.0
0.0
0.0000000000
0.0
0.0095238095
0.0
0.0
0.0
0.0680272109
0.0
0.0000000000
0.0
0.0
0.0095238095
0.0
0.0
0.0587889477
0.0
0.0
0.0758265089
0.0
0.0
0.0
0.0
0.0
0.0
0.0
0.0000000000
0.0
0.0
0.0
0.0477144766
0.0
0.0
0.0556297285
0.0719320961
0.0000000000
0.0
0.0
0.0
0.0214285714
0.0
0.0
0.0626566416
0.0568246392
0.0
0.0
0.0
0.0
0.0
0.0400160064
0.0
0.0
0.0
0.0
0.0
0.0
0.0
0.0987947046
0.0
0.0
0.0000000000
0.0
0.0
0.0
0.0
0.0
0.0095238095
0.0
0.0832500833
0.0095238095
0.0
0.0796305144
0.0
0.0473350374
0.0517598344
0.0
0.0000000000
0.0
0.0000000000
0.0
0.0
0.0838363514
0.0
0.0000000000
0.0499151443
0.0
0.0692137320
0.0000000000
0.0
0.0
0.0
0.1013171226
0.0095238095
0.0214285714
0.0623285964
0.0832500833
0.0
0.0
0.0
0.0737136960
0.0623285964
0.0142857143
0.0
0.0780640125
0.0000000000
0.0529100529
0.0
0.0
0.0930059524
0.0
0.0785792865
0.0
0.0967866822
0.0715000715
0.0
0.0
0.0477144766
0.0
0.0553709856
0.0000000000
0.0000000000
0.0000000000
0.0095238095
0.0000000000
0.0684181719
0.0841325930
0.0369713103
0.0
0.0
0.0000000000
0.0000000000
0.0000000000
0.0937382827
0.0000000000
0.0000000000
0.0948586606
0.0000000000
0.0095238095
0.0142857143
0.0
0.0620039683
0.0000000000
0.0000000000
0.0095238095
0.0000000000
0.0095238095
0.0
0.0579307149
0.0095238095
0.0684181719
0.0000000000
0.0
0.0000000000
0.0000000000
0.0908760451
0.0549873529
0.0000000000
0.0000000000
0.0000000000
0.0000000000
0.0508750509
0.0000000000
0.0000000000
0.0000000000
0.0000000000
0.0000000000
0.0000000000
0.0000000000
0.0000000000
0.0000000000
0.0000000000
0.0000000000
