0.0
0.0
0.0
0.0
0.0
0.0
0.0
0.1932938856
0.0
0.0
0.0
0.0
0.0
0.0
0.0
0.0
0.0
0.0
0.0
0.0
0.1785063752
0.0
0.0
0.1985815603
0.0
0.0
0.0
0.0
0.0
0.0
0.0
0.2041666667
0.1910331384
0.1728395062
0.0
0.0
0.0
0.2094017094
0.0
0.0
0.0
0.0
0.0
0.0
0.0
0.0
0.0
0.0
0.0
0.0
0.0
0.0
0.0
0.2080679406
0.0
0.0
0.0
0.1938674580
0.0
0.1688199828
0.0
0.0
0.0
0.2028985507
0.1714785652
0.1967871486
0.0
0.0
0.0
0.0
0.2028985507
0.2325029656
0.2268518519
0.0
0.0
0.2010256410
0.1785063752
0.1728395062
0.0
0.0
0.0
0.0
0.2260668973
0.0
0.0
0.1840375587
0.0092592593
0.0
0.1973816717
0.2016460905
0.0
0.0
0.2185061315
0.0
0.0
0.0
0.1597392013
0.0
0.2156215622
0.1835205993
0.1633333333
0.0
0.0
0.1751563896
0.0
0.0
0.0
0.1804788214
0.0
0.0
0.1761006289
0.1794871795
0.0
0.2087326944
0.1654008439
0.0
0.1932938856
0.1390070922
0.0
0.0
0.1666666667
0.0
0.0
0.0
0.2080679406
0.1732979664
0.2094017094
0.1688199828
0.0
0.2199775533
0.2300469484
0.0
0.2333333333
0.2135076253
0.0
0.1824953445
0.1408045977
0.1765765766
0.1979797980
0.0
0.1585760518
0.1973816717
0.0
0.0000000000
0.1845574388
0.0
0.2358604091
0.1915933529
0.2135076253
0.0
0.1605241605
0.0
0.0
0.1850802644
0.0
0.1683848797
0.1814814815
0.0
0.0000000000
0.0
0.1973816717
0.2229806598
0.2022703818
0.1961961962
0.0000000000
0.1819870009
0.0000000000
0.0
0.1688199828
0.0
0.0
0.0
0.2192393736
0.1491628615
0.0
0.1746880570
0.1633333333
0.1835205993
0.2100750268
0.1481481481
0.0
0.0000000000
0.1679520137
0.0000000000
0.1327913279
0.1979797980
0.0092592593
0.1537254902
0.0000000000
0.0000000000
0.0
0.0092592593
0.0000000000
0.1927236971
0.1491628615
0.1705831158
0.1719298246
0.1390070922
0.1609195402
0.1327913279
0.0000000000
0.1402002861
0.0092592593
0.0
0.0000000000
0.0
0.0000000000
0.0000000000
0.0000000000
0.0000000000
0.0000000000
0.1737588652
0.0000000000
0.0000000000
0.0000000000
0.0000000000
