0.0
0.0
0.0
0.0
0.0
0.0
0.0
0.0
0.0
0.0
0.0
0.0
0.0
0.0
0.0
0.0
0.0
0.0
0.0
0.0
0.0
0.0
0.0
0.0
0.0
0.0
0.0
0.0
0.0
0.0892392355
0.0
0.1025246700
0.0
0.0
0.0
0.0
0.0
0.0779119595
0.0
0.0
0.1070329572
0.0
0.0
0.0
0.0736060848
0.0
0.0
0.0
0.0
0.0938673342
0.0
0.0
0.1048080702
0.0
0.1028983022
0.0
0.0
0.0
0.0
0.0
0.0
0.0
0.0
0.0
0.0
0.0
0.0
0.0
0.0
0.0
0.1127607593
0.1106398672
0.0759013283
0.0
0.0000000000
0.0
0.1022277122
0.0
0.0800320128
0.0
0.0
0.0808108017
0.0
0.0
0.0771456123
0.0959731275
0.0
0.0941804340
0.0
0.1050420168
0.0
0.0
0.0
0.0
0.0
0.0
0.0000000000
0.0831427978
0.0
0.0
0.0
0.0835858322
0.0815577531
0.0
0.0
0.0
0.0
0.0
0.0
0.1096942273
0.0897498224
0.0
0.0934324756
0.0921517432
0.0
0.1050420168
0.0
0.0
0.0
0.0
0.0
0.0
0.0915541314
0.0
0.0
0.0782141111
0.0
0.0
0.0
0.0
0.0
0.0
0.0
0.0
0.0
0.0890141681
0.0753342959
0.0
0.0
0.1163862082
0.0
0.0
0.0958428178
0.0
0.0905557861
0.0
0.0032679739
0.0
0.1062275926
0.0827529136
0.0078431373
0.0
0.0
0.0
0.0
0.1080983695
0.0994901132
0.0
0.0942433048
0.1145912911
0.0
0.0
0.1031991744
0.0
0.0835858322
0.0708361619
0.0000000000
0.0
0.0
0.0874699322
0.0
0.0
0.0
0.0
0.0888461111
0.0968953127
0.0
0.0
0.0852514919
0.0000000000
0.0772300167
0.0
0.0860307560
0.0000000000
0.0804424334
0.0
0.0
0.1072769533
0.0918519652
0.1107266436
0.0
0.0989323550
0.0931243210
0.0
0.0
0.0825110874
0.0733765440
0.0931857892
0.0
0.0
0.1246041223
0.1100362203
0.0
0.0869848864
0.0874157713
0.0
0.0
0.0
0.0807645713
0.0
0.0654503804
0.0
0.0
0.0
0.0049019608
0.0
0.0
0.0
0.0000000000
0.0
0.0
0.0931243210
0.0625782228
0.0
0.0
0.1118672509
0.0
0.0684990153
0.0
0.0805342103
0.0
0.0985869208
0.0
0.0826560132
0.0857173470
0.0936804715
0.0936183492
0.0000000000
0.0
0.1158133475
0.0976999796
0.0
0.0
0.0049019608
0.1137602503
0.0565837557
0.0
0.0843852185
0.0
0.0855096733
0.0
0.0
0.0
0.0
0.0
0.0785186155
0.0
0.1102080176
0.0979711801
0.0997713573
0.0049019608
0.0055704100
0.0
0.0
0.0596940679
0.0955832570
0.0
0.0000000000
0.0
0.0
0.0087535014
0.0
0.0711933790
0.0990712074
0.1131221719
0.0827044350
0.0959079284
0.0774418380
0.0734147013
0.0655111232
0.0625782228
0.0024509804
0.0972289742
0.1033502713
0.0742643191
0.0
0.0
0.1251564456
0.0000000000
0.0
0.0
0.0
0.0844356882
0.0902086074
0.0
0.0
0.0000000000
0.0731484304
0.0822706705
0.0
0.0
0.0933089693
0.0891265597
0.0761880575
0.0
0.0
0.0
0.0
0.0
0.0
0.0764769613
0.0948129420
0.0
0.0950683304
0.1075220644
0.0049019608
0.1063876945
0.0
0.0000000000
0.0
0.1126707666
0.0909642207
0.0565837557
0.0000000000
0.0949404644
0.0652688260
0.1040357189
0.0725843036
0.1050420168
0.1076860950
0.0935563092
0.0
0.0683001793
0.1001251564
0.0933089693
0.0847906730
0.0834869726
0.0816993464
0.0925140698
0.0947493091
0.0
0.0
0.0
0.0849437248
0.0
0.0
0.0772300167
0.0524040351
0.0
0.0055704100
0.0845874599
0.0
0.0
0.0024509804
0.0
0.0024509804
0.0
0.0
0.0919716421
0.0000000000
0.0964979293
0.0708717222
0.0
0.0732243105
0.0
0.0832899531
0.0
0.0782574671
0.0000000000
0.0
0.0984494216
0.0000000000
0.0813697237
0.0
0.0747360882
0.0766430351
0.0699239577
0.0049019608
0.0000000000
0.0843852185
0.0788255000
0.0625227948
0.0000000000
0.0750938673
0.0000000000
0.0000000000
0.0970285021
0.0889020596
0.0024509804
0.0931857892
0.0772722882
0.0000000000
0.0890703284
0.0
0.0878509462
0.0731484304
0.0635930048
0.0959079284
0.1032746676
0.0000000000
0.0895789788
0.0087535014
0.0
0.0835363731
0.0032679739
0.0
0.0
0.0909642207
0.0662178567
0.0000000000
0.0
0.0758198016
0.0
0.0000000000
0.0000000000
0.0710500607
0.0785186155
0.0807645713
0.0654503804
0.0032679739
0.0774843417
0.0748549685
0.0867177338
0.0862409716
0.0729594163
0.1082641646
0.0804424334
0.0960384154
0.0
0.0908471497
0.0
0.0876328185
0.0788695366
0.0574588810
0.0000000000
0.0
0.0690687234
0.0024509804
0.0725470044
0.0840336134
0.0000000000
0.0000000000
0.0796706945
0.0925140698
0.0000000000
0.0
0.1028983022
0.0024509804
0.0024509804
0.0836849263
0.0000000000
0.0
0.0000000000
0.0
0.0833391208
0.0750938673
0.0969618617
0.0000000000
0.0
0.0000000000
0.0
0.0000000000
0.0834869726
0.0876328185
0.0722130284
0.0000000000
0.0809962539
0.0998419170
0.0695793349
0.0900360144
0.0055704100
0.0745781672
0.0000000000
0.0879056479
0.0664047369
0.0965639334
0.0805801773
0.0799866689
0.0672589188
0.0032679739
0.0
0.0668132847
0.0843348092
0.0931857892
0.0000000000
0.0000000000
0.0032679739
0.0000000000
0.0891828620
0.0000000000
0.0851486554
0.0725470044
0.0953250983
0.0742643191
0.0
0.0065359477
0.0715179689
0.0000000000
0.0702021236
0.0000000000
0.0825593395
0.0695450594
0.0879056479
0.0000000000
0.0024509804
0.0000000000
0.0918519652
0.0000000000
0.0000000000
0.0000000000
0.0000000000
0.0000000000
0.0000000000
0.0000000000
0.0024509804
0.0000000000
0.0000000000
0.0589709568
0.0024509804
0.0000000000
0.0024509804
0.0946857616
0.0612213663
0.0000000000
0.0000000000
0.0777831794
0.0829473975
0.0000000000
0.0000000000
0.0
0.0024509804
0.0634786289
0.0649385789
0.0000000000
0.0000000000
0.0000000000
0.0043572985
0.0000000000
0.0000000000
0.0722130284
0.0000000000
0.0000000000
0.0
0.0000000000
0.0900360144
0.0000000000
0.0663423264
0.0000000000
0.0000000000
0.0798509449
0.0000000000
0.0000000000
0.0000000000
0.0481338120
0.0000000000
0.0000000000
0.0024509804
0.0055704100
0.0000000000
0.0
0.0000000000
0.0
0.0000000000
0.0807645713
0.0523651597
0.0000000000
0.0000000000
0.0693060729
0.0000000000
0.0032679739
0.0000000000
0.0710500607
0.0024509804
0.0000000000
0.0758198016
0.0024509804
0.0000000000
0.0000000000
0.0000000000
0.0725097435
0.0000000000
0.0000000000
0.0000000000
0.0000000000
0.0000000000
0.0
0.0000000000
0.0000000000
0.0805801773
0.0785186155
0.0000000000
0.0000000000
0.0891828620
0.0000000000
0.0000000000
0.0000000000
0.0000000000
0.0024509804
0.0000000000
0.0000000000
0.0000000000
0.0844862182
0.0574121475
0.0000000000
0.0000000000
0.0000000000
0.0000000000
0.0000000000
0.0000000000
0.0000000000
0.0832408435
0.0000000000
0.0000000000
0.0000000000
0.0000000000
0.0000000000
0.0000000000
0.0000000000
0.0000000000
0.0000000000
0.0000000000
0.0000000000
0.0000000000
0.0693060729
0.0000000000
0.0000000000
0.0000000000
0.0000000000
0.0000000000
0.0000000000
0.0000000000
0.0000000000
0.0000000000
0.0000000000
0.0000000000
0.0000000000
0.0000000000
