0.0
0.0
0.0
0.0
0.0
0.0
0.0097813579
0.0
0.0
0.0000000000
0.0
0.0
0.0
0.0
0.0
0.0
0.0
0.0
0.0
0.0
0.0
0.0
0.0
0.0000000000
0.0
0.0
0.0
0.0
0.0
0.0
0.0
0.0
0.0
0.0
0.0
0.0
0.0
0.0
0.0
0.0
0.0
0.0
0.0000000000
0.0
0.0
0.0
0.0
0.0
0.0
0.0
0.0
0.0
0.0000000000
0.0
0.0053475936
0.0
0.0
0.0
0.0061115355
0.0
0.0
0.0000000000
0.0
0.0
0.0
0.0074681910
0.0
0.0053475936
0.0048128342
0.0
0.0000000000
0.0183479797
0.0
0.0
0.0361423566
0.0
0.0
0.0
0.0
0.0
0.0
0.0
0.0
0.0026737968
0.0
0.0262853503
0.0
0.0
0.0
0.0
0.0
0.0
0.0026737968
0.0
0.0000000000
0.0
0.0
0.0
0.0097813579
0.0
0.0
0.0
0.0
0.0
0.0
0.0
0.0
0.0
0.0
0.0
0.0
0.0035650624
0.0
0.0
0.0
0.0
0.0
0.0000000000
0.0
0.0
0.0
0.0267892228
0.0
0.0000000000
0.0
0.0264511884
0.0
0.0
0.0000000000
0.0
0.0
0.0
0.0
0.0
0.0026737968
0.0080213904
0.0
0.0
0.0
0.0312874132
0.0167032405
0.0
0.0
0.0
0.0227853987
0.0
0.0308273042
0.0000000000
0.0040106952
0.0000000000
0.0178404824
0.0
0.0026737968
0.0
0.0
0.0
0.0
0.0
0.0241643422
0.0
0.0
0.0
0.0
0.0
0.0
0.0
0.0000000000
0.0053475936
0.0366158373
0.0
0.0111989460
0.0
0.0
0.0
0.0026737968
0.0
0.0
0.0060160428
0.0
0.0055704100
0.0
0.0000000000
0.0
0.0
0.0
0.0
0.0
0.0
0.0000000000
0.0
0.0000000000
0.0
0.0145797599
0.0
0.0000000000
0.0
0.0
0.0
0.0243044253
0.0
0.0211743099
0.0326265632
0.0
0.0
0.0
0.0
0.0000000000
0.0094164148
0.0
0.0
0.0311711031
0.0
0.0
0.0026737968
0.0000000000
0.0
0.0
0.0026737968
0.0053475936
0.0000000000
0.0
0.0
0.0
0.0
0.0
0.0000000000
0.0
0.0
0.0035650624
0.0
0.0
0.0
0.0227853987
0.0
0.0170774475
0.0
0.0026737968
0.0035650624
0.0
0.0
0.0058534470
0.0126676602
0.0
0.0
0.0
0.0231630573
0.0
0.0090909091
0.0
0.0000000000
0.0
0.0000000000
0.0048128342
0.0
0.0
0.0000000000
0.0000000000
0.0
0.0
0.0000000000
0.0
0.0000000000
0.0
0.0
0.0
0.0
0.0000000000
0.0135566188
0.0000000000
0.0040106952
0.0
0.0035650624
0.0026737968
0.0035650624
0.0
0.0
0.0
0.0
0.0000000000
0.0
0.0
0.0
0.0094164148
0.0026737968
0.0320039188
0.0
0.0240258646
0.0
0.0
0.0026737968
0.0
0.0000000000
0.0026737968
0.0279500891
0.0048128342
0.0
0.0
0.0000000000
0.0
0.0
0.0236197936
0.0
0.0
0.0
0.0
0.0000000000
0.0
0.0035650624
0.0048128342
0.0
0.0
0.0
0.0
0.0
0.0212817938
0.0
0.0111989460
0.0105853051
0.0
0.0000000000
0.0000000000
0.0000000000
0.0
0.0280435677
0.0
0.0191438967
0.0000000000
0.0
0.0176899298
0.0
0.0218930202
0.0
0.0083556150
0.0080213904
0.0
0.0069863723
0.0
0.0
0.0076507651
0.0053475936
0.0
0.0000000000
0.0248077714
0.0
0.0
0.0
0.0
0.0
0.0201079778
0.0122655123
0.0
0.0
0.0035650624
0.0
0.0026737968
0.0000000000
0.0
0.0000000000
0.0
0.0
0.0035650624
0.0
0.0026737968
0.0
0.0076507651
0.0
0.0
0.0
0.0000000000
0.0
0.0
0.0000000000
0.0000000000
0.0000000000
0.0
0.0069863723
0.0000000000
0.0081339713
0.0111408200
0.0
0.0000000000
0.0
0.0185920770
0.0026737968
0.0
0.0191438967
0.0026737968
0.0035650624
0.0035650624
0.0061115355
0.0035650624
0.0035650624
0.0000000000
0.0214450812
0.0
0.0
0.0
0.0000000000
0.0042780749
0.0
0.0
0.0223006030
0.0
0.0279500891
0.0000000000
0.0
0.0
0.0000000000
0.0
0.0000000000
0.0
0.0000000000
0.0066844920
0.0000000000
0.0000000000
0.0000000000
0.0035650624
0.0026737968
0.0035650624
0.0026737968
0.0000000000
0.0
0.0176899298
0.0000000000
0.0
0.0
0.0
0.0053475936
0.0
0.0074681910
0.0000000000
0.0
0.0000000000
0.0
0.0000000000
0.0000000000
0.0188005084
0.0026737968
0.0066844920
0.0
0.0000000000
0.0000000000
0.0
0.0060160428
0.0
0.0000000000
0.0111989460
0.0035650624
0.0000000000
0.0
0.0000000000
0.0
0.0
0.0000000000
0.0000000000
0.0
0.0211743099
0.0055704100
0.0
0.0000000000
0.0026737968
0.0000000000
0.0000000000
0.0000000000
0.0
0.0000000000
0.0026737968
0.0000000000
0.0
0.0
0.0
0.0060160428
0.0000000000
0.0261215786
0.0000000000
0.0168374031
0.0000000000
0.0
0.0000000000
0.0191438967
0.0
0.0140495868
0.0
0.0026737968
0.0295247420
0.0
0.0200119970
0.0
0.0026737968
0.0066844920
0.0026737968
0.0
0.0
0.0
0.0000000000
0.0000000000
0.0000000000
0.0192317127
0.0040106952
0.0
0.0000000000
0.0167032405
0.0026737968
0.0000000000
0.0103132162
0.0188427567
0.0202048837
0.0000000000
0.0
0.0
0.0151081563
0.0
0.0026737968
0.0000000000
0.0000000000
0.0000000000
0.0256422836
0.0151627970
0.0000000000
0.0000000000
0.0000000000
0.0000000000
0.0048128342
0.0187584491
0.0
0.0000000000
0.0000000000
0.0026737968
0.0053475936
0.0000000000
0.0000000000
0.0083556150
0.0000000000
0.0000000000
0.0
0.0047746371
0.0026737968
0.0000000000
0.0070892410
0.0
0.0000000000
0.0000000000
0.0026737968
0.0
0.0
0.0000000000
0.0042780749
0.0000000000
0.0000000000
0.0083556150
0.0040106952
0.0053475936
0.0000000000
0.0
0.0026737968
0.0000000000
0.0000000000
0.0000000000
0.0103132162
0.0026737968
0.0000000000
0.0000000000
0.0000000000
0.0268750857
0.0048128342
0.0000000000
0.0000000000
0.0026737968
0.0000000000
0.0
0.0
0.0000000000
0.0000000000
0.0000000000
0.0060160428
0.0035650624
0.0000000000
0.0000000000
0.0
0.0000000000
0.0000000000
0.0
0.0026737968
0.0000000000
0.0000000000
0.0035650624
0.0272241128
0.0000000000
0.0066844920
0.0026737968
0.0053475936
0.0000000000
0.0053475936
0.0167700535
0.0000000000
0.0000000000
0.0071301248
0.0000000000
0.0000000000
0.0
0.0000000000
0.0000000000
0.0209625668
0.0
0.0000000000
0.0000000000
0.0000000000
0.0000000000
0.0000000000
0.0000000000
0.0000000000
0.0
0.0035650624
0.0000000000
0.0108834827
0.0000000000
0.0000000000
0.0083088954
0.0000000000
0.0055704100
0.0000000000
0.0187584491
0.0000000000
0.0000000000
0.0000000000
0.0000000000
0.0000000000
0.0000000000
0.0000000000
0.0000000000
0.0026737968
0.0000000000
0.0000000000
0.0026737968
0.0026737968
0.0058534470
0.0000000000
0.0000000000
0.0000000000
0.0000000000
0.0000000000
0.0035650624
0.0000000000
0.0026737968
0.0000000000
0.0000000000
0.0000000000
0.0000000000
0.0000000000
0.0000000000
0.0000000000
0.0000000000
0.0000000000
0.0035650624
0.0000000000
0.0000000000
0.0000000000
0.0000000000
0.0000000000
0.0000000000
0.0000000000
0.0000000000
0.0000000000
0.0000000000
0.0000000000
0.0000000000
0.0000000000
0.0000000000
0.0000000000
0.0000000000
0.0000000000
0.0
0.0000000000
0.0000000000
0.0208582755
0.0000000000
0.0000000000
0.0000000000
