0.0
0.0
0.0
0.0
0.0
0.0
0.0
0.1927578906
0.0
0.0
0.0
0.0
0.0
0.0
0.0
0.0
0.0
0.0
0.0
0.0
0.1299995076
0.0
0.0
0.2112491999
0.0
0.0
0.0
0.0
0.0
0.0
0.0
0.1798755564
0.1897381848
0.1927578906
0.0
0.0
0.0
0.1932705446
0.0
0.0
0.0
0.0
0.0
0.0
0.0
0.0
0.0
0.0
0.0
0.0
0.0
0.0
0.0
0.1922479491
0.0
0.0
0.0
0.2001920793
0.0
0.1123179672
0.0
0.0
0.0
0.2374827607
0.1948249994
0.1477026926
0.1651584654
0.0
0.1839739868
0.0
0.2143649698
0.2229132662
0.2112491999
0.0
0.0
0.2367092012
0.2195459963
0.2076277851
0.0
0.0
0.0
0.0
0.2076277851
0.0
0.0
0.1781120705
0.1772432311
0.0
0.2222315742
0.2029880580
0.0
0.0
0.2249836680
0.1738510162
0.0
0.0
0.1593634315
0.0
0.1985511606
0.1887525319
0.2082227071
0.0
0.1405603961
0.1794314192
0.0
0.0
0.0
0.1659126136
0.0
0.0
0.2035566520
0.0000000000
0.0
0.1590147150
0.2175740263
0.0
0.1887525319
0.1436160569
0.0
0.0
0.2100281063
0.0
0.0
0.0
0.1734360973
0.1755307362
0.1932705446
0.1768119824
0.0
0.2208806224
0.1922479491
0.1552771897
0.1932705446
0.2188847132
0.0
0.1794314192
0.1697890766
0.1600654731
0.1964046615
0.0
0.1559436154
0.1746868384
0.0
0.0000000000
0.1974720782
0.0
0.2278047798
0.1686072500
0.1912361178
0.0
0.1629366026
0.0
0.0
0.2035566520
0.0
0.1844409258
0.1536357818
0.0
0.0000000000
0.0
0.2024226317
0.0000000000
0.2118650868
0.2001920793
0.1376320545
0.1738510162
0.1316480521
0.0
0.1738510162
0.1307009438
0.0
0.0
0.2088210482
0.1640400108
0.0
0.1662922764
0.1381553703
0.0000000000
0.1902348816
0.1474030928
0.0
0.0000000000
0.1625720912
0.1376320545
0.1335840529
0.1655346806
0.1611302101
0.0000000000
0.0000000000
0.0000000000
0.1674417621
0.0000000000
0.0000000000
0.1566157861
0.1368544723
0.1338300640
0.1742679251
0.1456307110
0.0000000000
0.0000000000
0.0000000000
0.1151659664
0.0000000000
0.0
0.0000000000
0.0000000000
0.0000000000
0.0000000000
0.0000000000
