0.0
0.0
0.0
0.0
0.0
0.0
0.0024600246
0.0
0.0
0.0000000000
0.0
0.0
0.0
0.0
0.0
0.0
0.0
0.0
0.0
0.0
0.0
0.0
0.0
0.0087858021
0.0
0.0
0.0
0.0
0.0
0.0
0.0
0.0
0.0
0.0
0.0
0.0
0.0
0.0
0.0
0.0
0.0
0.0
0.0000000000
0.0
0.0
0.0
0.0
0.0
0.0
0.0
0.0
0.0
0.0097736112
0.0
0.0032946758
0.0
0.0
0.0
0.0000000000
0.0
0.0
0.0000000000
0.0
0.0
0.0
0.0018450185
0.0
0.0097106234
0.0018450185
0.0
0.0089298893
0.0018450185
0.0
0.0
0.0
0.0
0.0
0.0
0.0
0.0
0.0
0.0
0.0
0.0000000000
0.0
0.0117498543
0.0
0.0
0.0
0.0
0.0
0.0
0.0073800738
0.0
0.0000000000
0.0
0.0
0.0
0.0047582055
0.0
0.0
0.0
0.0
0.0
0.0
0.0
0.0
0.0
0.0
0.0
0.0
0.0018450185
0.0
0.0
0.0
0.0
0.0
0.0069543003
0.0
0.0
0.0
0.0046125461
0.0
0.0018450185
0.0
0.0024600246
0.0
0.0
0.0018450185
0.0
0.0
0.0
0.0
0.0
0.0
0.0018450185
0.0
0.0
0.0
0.0036900369
0.0018450185
0.0
0.0
0.0
0.0
0.0
0.0082684160
0.0000000000
0.0057656827
0.0000000000
0.0000000000
0.0
0.0000000000
0.0
0.0
0.0
0.0
0.0
0.0
0.0
0.0
0.0
0.0
0.0
0.0
0.0
0.0
0.0
0.0024600246
0.0
0.0060270603
0.0
0.0
0.0
0.0018450185
0.0
0.0
0.0046125461
0.0
0.0
0.0
0.0000000000
0.0
0.0
0.0
0.0
0.0
0.0
0.0000000000
0.0
0.0000000000
0.0
0.0
0.0
0.0000000000
0.0
0.0
0.0
0.0018450185
0.0
0.0000000000
0.0106308206
0.0
0.0
0.0
0.0
0.0027675277
0.0041512915
0.0
0.0
0.0000000000
0.0
0.0
0.0024600246
0.0000000000
0.0
0.0
0.0041512915
0.0073800738
0.0018450185
0.0
0.0
0.0
0.0
0.0
0.0000000000
0.0
0.0
0.0000000000
0.0
0.0
0.0
0.0059516724
0.0
0.0024600246
0.0
0.0
0.0000000000
0.0
0.0
0.0027675277
0.0
0.0
0.0
0.0
0.0000000000
0.0
0.0
0.0
0.0000000000
0.0
0.0072665342
0.0024600246
0.0
0.0
0.0018450185
0.0000000000
0.0
0.0
0.0076981804
0.0
0.0000000000
0.0
0.0
0.0
0.0
0.0018450185
0.0
0.0000000000
0.0000000000
0.0
0.0051250513
0.0018450185
0.0081435297
0.0
0.0
0.0
0.0
0.0
0.0
0.0
0.0
0.0
0.0024600246
0.0
0.0
0.0085877222
0.0
0.0
0.0018450185
0.0
0.0
0.0000000000
0.0
0.0024600246
0.0
0.0
0.0018450185
0.0
0.0
0.0047582055
0.0
0.0
0.0
0.0
0.0000000000
0.0
0.0076875769
0.0000000000
0.0
0.0
0.0
0.0
0.0
0.0073800738
0.0
0.0000000000
0.0024600246
0.0
0.0036900369
0.0000000000
0.0057242880
0.0
0.0000000000
0.0
0.0
0.0000000000
0.0
0.0
0.0
0.0000000000
0.0
0.0042171850
0.0036900369
0.0
0.0000000000
0.0
0.0
0.0000000000
0.0024600246
0.0
0.0057656827
0.0
0.0
0.0
0.0
0.0
0.0
0.0049200492
0.0036900369
0.0
0.0
0.0090405904
0.0
0.0018450185
0.0024600246
0.0
0.0
0.0
0.0
0.0060270603
0.0
0.0041512915
0.0
0.0018450185
0.0
0.0
0.0
0.0000000000
0.0
0.0
0.0000000000
0.0000000000
0.0
0.0
0.0027675277
0.0
0.0036162362
0.0036900369
0.0
0.0000000000
0.0
0.0104961050
0.0000000000
0.0
0.0000000000
0.0000000000
0.0
0.0083864475
0.0069543003
0.0065893516
0.0036900369
0.0018450185
0.0
0.0
0.0
0.0
0.0059040590
0.0000000000
0.0
0.0
0.0036900369
0.0
0.0072015236
0.0
0.0
0.0
0.0
0.0
0.0000000000
0.0
0.0046125461
0.0
0.0075338253
0.0000000000
0.0018450185
0.0000000000
0.0018450185
0.0000000000
0.0
0.0018450185
0.0
0.0042171850
0.0018450185
0.0
0.0
0.0
0.0024600246
0.0
0.0041512915
0.0
0.0
0.0000000000
0.0
0.0
0.0000000000
0.0000000000
0.0
0.0018450185
0.0
0.0018450185
0.0038437884
0.0
0.0
0.0
0.0000000000
0.0
0.0038437884
0.0000000000
0.0
0.0000000000
0.0
0.0
0.0049200492
0.0083864475
0.0
0.0112458267
0.0000000000
0.0
0.0049537482
0.0000000000
0.0060337090
0.0
0.0
0.0
0.0000000000
0.0
0.0
0.0
0.0
0.0
0.0075338253
0.0056503690
0.0059040590
0.0018450185
0.0047308165
0.0018450185
0.0
0.0018450185
0.0
0.0
0.0018450185
0.0
0.0000000000
0.0000000000
0.0
0.0029520295
0.0
0.0000000000
0.0
0.0000000000
0.0
0.0
0.0
0.0000000000
0.0000000000
0.0000000000
0.0036900369
0.0032946758
0.0
0.0000000000
0.0000000000
0.0
0.0024600246
0.0036900369
0.0061500615
0.0
0.0
0.0
0.0
0.0064702017
0.0
0.0045202952
0.0
0.0024600246
0.0000000000
0.0
0.0
0.0000000000
0.0024600246
0.0018450185
0.0
0.0000000000
0.0
0.0
0.0000000000
0.0018450185
0.0
0.0069543003
0.0
0.0018450185
0.0049200492
0.0000000000
0.0000000000
0.0
0.0029520295
0.0036900369
0.0018450185
0.0018450185
0.0
0.0000000000
0.0
0.0064575646
0.0
0.0
0.0000000000
0.0047582055
0.0000000000
0.0000000000
0.0024600246
0.0059282560
0.0
0.0018450185
0.0
0.0018450185
0.0
0.0000000000
0.0000000000
0.0024600246
0.0051250513
0.0
0.0
0.0000000000
0.0072015236
0.0018450185
0.0000000000
0.0000000000
0.0049865364
0.0
0.0
0.0
0.0018450185
0.0000000000
0.0018450185
0.0057656827
0.0024600246
0.0000000000
0.0047582055
0.0
0.0087467541
0.0000000000
0.0
0.0
0.0018450185
0.0
0.0092724004
0.0
0.0047308165
0.0042171850
0.0018450185
0.0036900369
0.0
0.0068334017
0.0081435297
0.0018450185
0.0024600246
0.0032800328
0.0
0.0067474960
0.0
0.0000000000
0.0000000000
0.0018450185
0.0
0.0
0.0000000000
0.0036900369
0.0090405904
0.0059282560
0.0024600246
0.0000000000
0.0
0.0024600246
0.0000000000
0.0018450185
0.0027675277
0.0
0.0000000000
0.0000000000
0.0076981804
0.0000000000
0.0104961050
0.0000000000
0.0
0.0000000000
0.0000000000
0.0055350554
0.0000000000
0.0000000000
0.0018450185
0.0059040590
0.0
0.0
0.0065893516
0.0000000000
0.0018450185
0.0000000000
0.0
0.0
0.0
0.0024600246
0.0036900369
0.0059040590
0.0036900369
0.0000000000
0.0018450185
0.0
0.0018450185
0.0000000000
0.0000000000
0.0
0.0
0.0000000000
0.0036900369
0.0
0.0000000000
0.0018450185
0.0000000000
0.0000000000
0.0000000000
0.0000000000
0.0100451005
0.0018450185
0.0000000000
0.0032800328
0.0000000000
0.0000000000
0.0000000000
0.0018450185
0.0000000000
0.0018450185
0.0
0.0000000000
0.0018450185
0.0018450185
0.0000000000
0.0070962248
0.0000000000
0.0000000000
0.0000000000
0.0000000000
0.0
0.0
0.0072665342
0.0029520295
0.0000000000
0.0000000000
0.0
0.0000000000
0.0000000000
0.0
0.0
0.0000000000
0.0042171850
0.0000000000
0.0036900369
0.0018450185
0.0000000000
0.0000000000
0.0
0.0065893516
0.0000000000
0.0049200492
0.0000000000
0.0024600246
0.0000000000
0.0
0.0018450185
0.0000000000
0.0000000000
0.0018450185
0.0052714813
0.0000000000
0.0036900369
0.0018450185
0.0000000000
0.0000000000
0.0
0.0000000000
0.0000000000
0.0
0.0000000000
0.0070906591
0.0069543003
0.0018450185
0.0000000000
0.0024600246
0.0000000000
0.0063784924
0.0018450185
0.0018450185
0.0000000000
0.0050225502
0.0018450185
0.0000000000
0.0000000000
0.0000000000
0.0000000000
0.0
0.0000000000
0.0018450185
0.0018450185
0.0000000000
0.0018450185
0.0049865364
0.0000000000
0.0
0.0036900369
0.0033210332
0.0
0.0000000000
0.0033210332
0.0000000000
0.0000000000
0.0000000000
0.0000000000
0.0000000000
0.0000000000
0.0018450185
0.0000000000
0.0
0.0000000000
0.0
0.0000000000
0.0000000000
0.0000000000
0.0018450185
0.0
0.0000000000
0.0018450185
0.0000000000
0.0061500615
0.0024600246
0.0033210332
0.0000000000
0.0000000000
0.0087467541
0.0056503690
0.0018450185
0.0000000000
0.0018450185
0.0038437884
0.0018450185
0.0018450185
0.0000000000
0.0000000000
0.0000000000
0.0
0.0000000000
0.0018450185
0.0000000000
0.0018450185
0.0000000000
0.0000000000
0.0000000000
0.0000000000
0.0000000000
0.0000000000
0.0000000000
0.0000000000
0.0000000000
0.0000000000
0.0018450185
0.0000000000
0.0
0.0060554452
0.0050225502
0.0000000000
0.0000000000
0.0
0.0000000000
0.0
0.0000000000
0.0000000000
0.0000000000
0.0000000000
0.0000000000
0.0000000000
0.0000000000
0.0000000000
0.0000000000
0.0
0.0018450185
0.0018450185
0.0000000000
0.0024600246
0.0018450185
0.0000000000
0.0000000000
0.0000000000
0.0000000000
0.0000000000
0.0029520295
0.0000000000
0.0000000000
0.0000000000
0.0000000000
0.0000000000
0.0000000000
0.0
0.0056503690
0.0
0.0000000000
0.0018450185
0.0057656827
0.0000000000
0.0000000000
0.0000000000
0.0000000000
0.0000000000
0.0000000000
0.0000000000
0.0000000000
0.0000000000
0.0
0.0000000000
0.0000000000
0.0000000000
0.0018450185
0.0000000000
0.0000000000
0.0063784924
0.0000000000
0.0000000000
0.0024600246
0.0000000000
0.0000000000
0.0000000000
0.0000000000
0.0000000000
0.0000000000
0.0000000000
0.0000000000
0.0000000000
0.0000000000
0.0000000000
0.0000000000
0.0000000000
0.0000000000
0.0000000000
0.0000000000
0.0000000000
0.0038437884
0.0000000000
0.0000000000
0.0000000000
0.0000000000
0.0000000000
0.0000000000
0.0000000000
0.0000000000
0.0000000000
0.0000000000
0.0000000000
0.0000000000
0.0000000000
0.0024600246
0.0050787605
0.0000000000
0.0000000000
0.0000000000
0.0000000000
0.0000000000
0.0000000000
0.0000000000
0.0000000000
0.0000000000
0.0000000000
0.0000000000
0.0000000000
0.0000000000
0.0000000000
0.0000000000
0.0000000000
0.0000000000
0.0000000000
0.0000000000
0.0000000000
0.0000000000
0.0000000000
0.0064702017
0.0000000000
0.0000000000
0.0000000000
0.0000000000
0.0000000000
0.0000000000
0.0000000000
0.0000000000
0.0000000000
0.0000000000
0.0000000000
0.0000000000
0.0000000000
0.0000000000
0.0000000000
0.0000000000
0.0000000000
0.0000000000
0.0000000000
0.0000000000
0.0000000000
