0.0
0.0
0.0
0.0
0.0
0.0
0.0
0.0
0.0
0.0
0.0
0.0
0.0
0.0
0.0
0.0
0.0
0.0
0.0
0.0
0.0
0.0
0.0
0.0
0.0
0.0
0.0
0.0
0.0
0.0
0.0
0.0000000000
0.0
0.0
0.0
0.0
0.0
0.0
0.0
0.0
0.0
0.0
0.0
0.0
0.0
0.0
0.0
0.0
0.0
0.0
0.0
0.0
0.0776546630
0.0
0.0
0.0
0.0
0.0
0.0
0.0
0.0
0.0765938069
0.0
0.0
0.0
0.0
0.0
0.0
0.0
0.0
0.0000000000
0.0
0.0
0.0
0.0
0.0
0.0
0.0
0.0
0.0
0.0
0.0
0.0
0.0
0.0
0.1208333333
0.0
0.0
0.0
0.0
0.0
0.0953514739
0.0
0.0
0.0
0.0
0.1042131351
0.0
0.0
0.0
0.0000000000
0.0
0.0083333333
0.0
0.0
0.0
0.0
0.0
0.0
0.0
0.0
0.0000000000
0.0
0.0
0.0
0.0
0.0
0.0
0.0
0.0
0.0901393355
0.0
0.0953514739
0.0673878205
0.1153635117
0.0
0.0083333333
0.0
0.0000000000
0.0
0.0
0.0
0.0
0.0
0.0
0.0
0.0000000000
0.0
0.0000000000
0.0
0.0
0.0000000000
0.0000000000
0.0970011534
0.0
0.0
0.0910173160
0.0
0.0
0.0
0.0662726556
0.0884332282
0.0
0.0
0.0
0.0
0.0
0.0
0.0745567376
0.1061868687
0.0
0.0000000000
0.0
0.0
0.0
0.0
0.0
0.0
0.0000000000
0.0
0.0
0.0
0.0
0.0
0.0
0.0
0.0
0.0
0.0970011534
0.0
0.0
0.1125836680
0.0
0.0604166667
0.0
0.0
0.0
0.0669053302
0.0688779689
0.0776546630
0.0
0.0
0.0000000000
0.0
0.0000000000
0.0
0.0
0.0125000000
0.0231481481
0.0
0.0776546630
0.0000000000
0.0745567376
0.0
0.0
0.0
0.0
0.0
0.0
0.0673878205
0.0
0.0189393939
0.0
0.1251488095
0.0907227616
0.0000000000
0.0895633653
0.0
0.1061868687
0.0000000000
0.0000000000
0.0670653907
0.0000000000
0.0895633653
0.0138888889
0.0138888889
0.0907227616
0.0934444444
0.0
0.0
0.0662726556
0.0901393355
0.0770146520
0.0
0.0
0.0761775362
0.0931339978
0.0796401515
0.0765938069
0.0000000000
0.0
0.1103674541
0.0
0.0000000000
0.0
0.0588935574
0.0000000000
0.0000000000
0.0765938069
0.0937569677
0.0000000000
0.0685411573
0.0
0.0753584229
0.0000000000
0.1158402204
0.0231481481
0.0
0.0187500000
0.0083333333
0.0083333333
0.1019393939
0.0
0.0189393939
0.0907227616
0.0889947090
0.0
0.0000000000
0.0592670895
0.0083333333
0.1103674541
0.0000000000
0.0
0.0783054004
0.0584027778
0.0000000000
0.0765938069
0.0878787879
0.0
0.0000000000
0.0000000000
0.0083333333
0.0187500000
0.0000000000
0.0000000000
0.0000000000
0.0653457653
0.0592670895
0.0000000000
0.0000000000
0.0878787879
0.0000000000
0.0000000000
0.0670653907
0.0000000000
0.0125000000
0.0000000000
0.0000000000
0.0000000000
0.0000000000
0.0000000000
0.0000000000
0.0000000000
0.0000000000
0.0000000000
