0.0
0.0
0.0
0.0
0.0
0.0
0.0
0.1963599933
0.0
0.0
0.0
0.0
0.0
0.0
0.0
0.0
0.0
0.0
0.0
0.0
0.1526743985
0.0
0.0
0.2113207547
0.0
0.0
0.0
0.0
0.0
0.0
0.0
0.2099875007
0.1923873923
0.2086709647
0.0
0.0
0.0
0.1946375372
0.0
0.0
0.0
0.0
0.0
0.0
0.0
0.0
0.0
0.0
0.0
0.0
0.0
0.0
0.0
0.2067268253
0.0
0.0
0.0
0.2048185776
0.0
0.1639557580
0.0
0.0
0.0
0.2327483837
0.1929450369
0.1923873923
0.0
0.0
0.1813788494
0.0
0.2226288887
0.2335650447
0.2368898140
0.0
0.0
0.2133526851
0.2319374137
0.2073708341
0.0
0.0
0.0
0.0
0.2303323105
0.0
0.0
0.1799082101
0.0000000000
0.0
0.2256475855
0.2126710471
0.0
0.0
0.2360497792
0.0
0.0
0.0
0.1615680528
0.0
0.2161234991
0.1864594895
0.1891080617
0.0
0.0
0.1808859721
0.0
0.0
0.0
0.1720052655
0.0
0.0
0.1784612272
0.1751737835
0.0
0.1854207179
0.1940700809
0.0
0.1987045903
0.1453406937
0.0
0.0
0.1784612272
0.0
0.0
0.0
0.1784612272
0.1733490566
0.2106520182
0.1765677394
0.0
0.2233759656
0.2327483837
0.0
0.2182493041
0.2264150943
0.0
0.1869832521
0.1643605870
0.1803957662
0.1998980112
0.0
0.1627531485
0.1992995142
0.0
0.0000000000
0.2017152659
0.0
0.2420583190
0.1946375372
0.2041902998
0.0
0.1680960549
0.0
0.0
0.1799082101
0.0
0.1770373344
0.1627531485
0.0
0.0000000000
0.0
0.1963599933
0.1992995142
0.2303323105
0.2067268253
0.0000000000
0.1627531485
0.0000000000
0.0
0.1775094340
0.0000000000
0.0
0.0
0.2218867925
0.1509433962
0.0
0.1765677394
0.1643605870
0.1742566433
0.2147291540
0.1516310655
0.0
0.0000000000
0.1711209196
0.0000000000
0.1344768439
0.1963599933
0.0094339623
0.0000000000
0.0000000000
0.0000000000
0.0
0.0000000000
0.0000000000
0.1969409400
0.1434612882
0.1566259711
0.1747140098
0.1880396546
0.1789409617
0.1344768439
0.0000000000
0.1310355074
0.0094339623
0.0
0.0000000000
0.0
0.0000000000
0.0000000000
0.0000000000
0.0000000000
0.0000000000
0.1596307859
