0.0
0.0
0.0
0.0
0.0
0.0
0.1581920904
0.0
0.0
0.0
0.0
0.0
0.2166543847
0.0
0.0
0.1916558018
0.0
0.0
0.0
0.0
0.0
0.0
0.0
0.0
0.0
0.0
0.0
0.0
0.0
0.1769130478
0.0
0.2182358035
0.1954137587
0.0
0.0
0.0
0.2020155749
0.0000000000
0.1689169779
0.0
0.1941448382
0.1371481885
0.1801102716
0.1966993756
0.2247992864
0.1812018490
0.0
0.0
0.0
0.2135593220
0.0
0.0
0.1494915254
0.0
0.1954137587
0.0
0.2135593220
0.1790317670
0.2047829115
0.0
0.1801102716
0.0
0.0
0.0
0.1533246415
0.0
0.1916558018
0.0000000000
0.1195932203
0.0
0.1718293396
0.1430540913
0.2166543847
0.0
0.1728225727
0.0
0.1758723829
0.1549134978
0.1801102716
0.2247992864
0.1966993756
0.1661016949
0.0169491525
0.1444362564
0.1581920904
0.1240593572
0.0
0.0000000000
0.1245762712
0.0000000000
0.0
0.1718293396
0.0
0.1581920904
0.0000000000
0.0
0.1245762712
0.1277705346
0.0000000000
0.0000000000
0.0000000000
0.0000000000
0.0169491525
0.0000000000
0.1397117060
0.0000000000
0.0000000000
0.0000000000
0.0000000000
0.0000000000
