0.0
0.0
0.0
0.0
0.0
0.1341269841
0.0
0.1188466948
0.0
0.0
0.0
0.1896745230
0.1060891400
0.0
0.0
0.0
0.0
0.0
0.0277777778
0.0
0.0842052815
0.0
0.0277777778
0.1877777778
0.0
0.0
0.0000000000
0.0
0.0
0.0
0.0
0.1632850242
0.0000000000
0.0948372615
0.0
0.0853535354
0.0
0.1341269841
0.0
0.1091731266
0.1243561442
0.1268768769
0.0
0.0000000000
0.0
0.1268768769
0.0
0.1514336918
0.0277777778
0.1661750246
0.0
0.0277777778
0.1632850242
0.1331757289
0.0842052815
0.1360708535
0.0962962963
0.1526648600
0.0
0.1152010907
0.0
0.1422558923
0.1490299824
0.1840958606
0.1341269841
0.0000000000
0.0000000000
0.0
0.0000000000
