0.0
0.0
0.0
0.0
0.0
0.0
0.0
0.0
0.0
0.0
0.0
0.0
0.0
0.0
0.0
0.0
0.0
0.0
0.0
0.0
0.0
0.0
0.0
0.0
0.0
0.0
0.0
0.0
0.0
0.0
0.0
0.0
0.0
0.0
0.0
0.0
0.0
0.0
0.0
0.0
0.0
0.0
0.0
0.0
0.0
0.0
0.0
0.0
0.0
0.0
0.0
0.0
0.0
0.0
0.0
0.0
0.0
0.0
0.0
0.0
0.0350877193
0.0
0.0
0.0
0.0
0.0
0.0
0.0
0.0
0.0
0.0
0.0
0.0
0.0
0.0
0.0150000000
0.0
0.0
0.0
0.0383693046
0.0
0.0
0.0
0.0
0.0
0.0
0.0599250936
0.0
0.0
0.0
0.0
0.0
0.0
0.0
0.0
0.0
0.0
0.0
0.0
0.0
0.0
0.0
0.0
0.0
0.0
0.0
0.0
0.0
0.0
0.0441988950
0.0
0.0
0.0
0.0
0.0
0.0
0.0
0.0
0.0519480519
0.0544217687
0.0
0.0549828179
0.0
0.0
0.0
0.0
0.0
0.0
0.0
0.0
0.0
0.0
0.0
0.0483383686
0.0
0.0
0.0
0.0
0.0
0.0409207161
0.0
0.0
0.0
0.0
0.0
0.0
0.0
0.0
0.0
0.0
0.0346320346
0.0
0.0100000000
0.0
0.0
0.0
0.0350877193
0.0
0.0225000000
0.0
0.0
0.0000000000
0.0
0.0150000000
0.0225000000
0.0
0.0
0.0526315789
0.0
0.0
0.0
0.0000000000
0.0
0.0
0.0
0.0000000000
0.0
0.0
0.0
0.0000000000
0.0
0.0
0.0410256410
0.0448179272
0.0000000000
0.0
0.0
0.0
0.0225000000
0.0
0.0
0.0404040404
0.0590405904
0.0
0.0
0.0
0.0
0.0
0.0483383686
0.0
0.0
0.0
0.0
0.0
0.0225000000
0.0
0.0557491289
0.0
0.0
0.0000000000
0.0
0.0
0.0
0.0
0.0
0.0100000000
0.0
0.0579710145
0.0000000000
0.0
0.0200000000
0.0
0.0617760618
0.0606060606
0.0
0.0150000000
0.0
0.0000000000
0.0
0.0610687023
0.0500000000
0.0
0.0000000000
0.0376470588
0.0
0.0444444444
0.0000000000
0.0
0.0
0.0
0.0448179272
0.0100000000
0.0225000000
0.0571428571
0.0352422907
0.0
0.0
0.0
0.0324543611
0.0522875817
0.0150000000
0.0
0.0380047506
0.0000000000
0.0225000000
0.0
0.0
0.0418848168
0.0000000000
0.0426666667
0.0
0.0404040404
0.0445682451
0.0
0.0
0.0150000000
0.0
0.0000000000
0.0000000000
0.0100000000
0.0000000000
0.0000000000
0.0000000000
0.0133333333
0.0501567398
0.0432432432
0.0
0.0000000000
0.0000000000
0.0000000000
0.0000000000
0.0476190476
0.0000000000
0.0000000000
0.0383693046
0.0000000000
0.0000000000
0.0150000000
0.0
0.0399002494
0.0000000000
0.0000000000
0.0000000000
0.0000000000
0.0000000000
0.0000000000
0.0000000000
0.0000000000
0.0133333333
0.0000000000
0.0000000000
0.0319361277
0.0000000000
0.0000000000
0.0000000000
0.0000000000
0.0000000000
0.0000000000
