0.0
0.0
0.0
0.0
0.0
0.0
0.0
0.0
0.0
0.0
0.0
0.0
0.0
0.0
0.0
0.1243409404
0.0
0.0
0.0
0.0
0.0
0.0
0.0
0.0
0.0
0.0
0.0
0.0
0.0
0.1161917456
0.0
0.1154594446
0.0
0.0
0.0
0.0
0.0
0.1098075837
0.0
0.0
0.1355331582
0.0
0.0
0.0
0.1140221901
0.0
0.0
0.0
0.0
0.1197357204
0.0
0.0
0.1050835481
0.0
0.1438709310
0.0
0.0
0.0
0.0
0.0
0.0
0.0
0.0
0.0
0.0
0.0
0.0
0.0
0.0
0.0
0.1300797530
0.1239203961
0.1533018010
0.0
0.0937861701
0.0
0.1176845731
0.0
0.1160690510
0.0
0.1407392974
0.1362049459
0.0
0.1161917456
0.1163146998
0.1046832298
0.0
0.1209212226
0.1178107088
0.1083997942
0.0
0.0
0.0
0.0
0.0
0.0
0.1005648594
0.1057915219
0.0
0.0
0.0
0.1175587073
0.0000000000
0.0000000000
0.0
0.0
0.0
0.0
0.0
0.1511931105
0.1117046660
0.1225388978
0.1038916742
0.0990246769
0.0946747556
0.1150967448
0.1087214553
0.0
0.0
0.0
0.0
0.0
0.1188296122
0.1453933747
0.0
0.0932293395
0.0
0.0
0.0
0.0
0.0
0.1144972826
0.1100274187
0.0
0.0
0.1037935706
0.1253333994
0.0
0.0
0.1093705386
0.1062003781
0.0
0.0994727523
0.0
0.1102481357
0.0
0.1058934406
0.0
0.1173077815
0.1254764741
0.0000000000
0.0000000000
0.0919041733
0.0877934435
0.0
0.1246228926
0.1224024402
0.0
0.1041871008
0.1047830232
0.1246228926
0.0
0.1247643488
0.0982282317
0.1165613906
0.0990246769
0.0000000000
0.0
0.0
0.1159466153
0.0
0.1306984439
0.0
0.0
0.0135869565
0.0065217391
0.0
0.0
0.1157025172
0.0077639752
0.0135869565
0.0
0.1035003685
0.0000000000
0.0108695652
0.0
0.0
0.0998341429
0.1141405933
0.1321122492
0.0
0.1389600396
0.1030153620
0.0
0.0807622273
0.1086140230
0.1152173913
0.1051841065
0.0
0.1067159139
0.1461667438
0.1187012865
0.0
0.1012130675
0.1247643488
0.0
0.0
0.1350336503
0.0000000000
0.0
0.0838424037
0.0
0.0
0.0
0.1002895906
0.0
0.1150967448
0.0
0.0984922861
0.0
0.0
0.1081864088
0.0922900011
0.1100274187
0.1062003781
0.1434952889
0.0
0.0000000000
0.0
0.0000000000
0.1235026869
0.1240602611
0.0000000000
0.0911421155
0.0097826087
0.0097826087
0.1155808531
0.0000000000
0.0043478261
0.1001069138
0.0951665726
0.0
0.0
0.1206557534
0.1330719023
0.1081864088
0.0
0.0980529806
0.0
0.0968435166
0.1081864088
0.0
0.1275143751
0.0043478261
0.0000000000
0.0963342606
0.0
0.1319536510
0.0090579710
0.0000000000
0.0043478261
0.0913694026
0.0
0.1278109201
0.0987577640
0.1110276680
0.0
0.0000000000
0.0
0.1181907433
0.1049831818
0.0
0.0779555967
0.1305432201
0.1207883421
0.1095886254
0.1038916742
0.0908408193
0.0912935144
0.0000000000
0.0976175766
0.1079738618
0.1091533181
0.1230877842
0.0838424037
0.0
0.0
0.1246228926
0.0000000000
0.0
0.0
0.0
0.1005648594
0.0912177521
0.0
0.0
0.0000000000
0.0090579710
0.1110276680
0.0000000000
0.0043478261
0.1303883645
0.0913694026
0.0000000000
0.0
0.1091533181
0.0
0.0804666115
0.0
0.1173077815
0.1132001970
0.1228127277
0.0000000000
0.0000000000
0.1105808766
0.1054869398
0.1103588266
0.0
0.0000000000
0.0
0.0887146015
0.1051841065
0.0814806459
0.1003811793
0.0043478261
0.0833338827
0.0937861701
0.0043478261
0.1016812130
0.0902441636
0.1035003685
0.0798818251
0.0000000000
0.0883580316
0.1285583524
0.0000000000
0.1017753623
0.0000000000
0.0000000000
0.1045836264
0.0
0.0826446551
0.0805845977
0.0953316490
0.0000000000
0.1077621483
0.0878636221
0.0000000000
0.0
0.0000000000
0.0000000000
0.0887862612
0.0936263980
0.0000000000
0.0
0.0000000000
0.1014934361
0.0
0.0000000000
0.0000000000
0.0000000000
0.0000000000
0.0878636221
0.0065217391
0.0000000000
0.0000000000
0.0000000000
0.0806437207
0.0000000000
0.0000000000
0.0000000000
0.0721242725
0.1272192029
0.0000000000
0.0000000000
0.0000000000
0.0000000000
0.0000000000
0.0000000000
0.0000000000
0.0000000000
0.0000000000
0.0000000000
0.0000000000
0.0000000000
0.0000000000
