0.0
0.0
0.0
0.0
0.1498226950
0.0
0.1256155347
0.0
0.0
0.1213753479
0.0
0.1490464116
0.0
0.1452826134
0.0
0.1031037901
0.1261664800
0.1490464116
0.0
0.1278486998
0.0106382979
0.0995361849
0.0
0.0
0.0
0.1498226950
0.0882391333
0.1498226950
0.0000000000
0.1193608193
0.0
0.0
0.1403217436
0.1538286494
0.1250693802
0.1522008331
0.1065405831
0.1452826134
0.0159574468
0.0
0.0
0.1513997760
0.1278486998
0.0000000000
0.0
0.0106382979
0.0106382979
0.0000000000
0.0106382979
0.1218896502
0.1178932682
0.1208653674
0.0106382979
0.0000000000
0.1234590448
0.0106382979
0.0871695680
0.1546556852
0.0000000000
0.0000000000
0.0985135529
0.0998817967
0.0000000000
0.0943146146
0.0995361849
0.1234590448
0.0
0.0907443453
0.1132518010
0.1002298169
0.1193608193
0.0159574468
0.0106382979
0.1229314421
0.0239361702
0.1213753479
0.1042244835
0.0781683626
0.0000000000
0.0106382979
0.0000000000
0.0898936170
0.0763022744
0.0000000000
0.1208653674
0.1198581560
0.1038482218
0.0239361702
0.1203596546
0.0106382979
0.1069366448
0.0
0.0000000000
0.0991929567
0.0000000000
0.1183784257
0.0000000000
0.1061474445
0.0106382979
0.0000000000
0.0000000000
0.0000000000
0.0000000000
0.0781683626
0.0000000000
0.1307543520
0.0000000000
0.0000000000
0.0000000000
0.0000000000
0.0000000000
0.0000000000
0.0000000000
0.0000000000
0.0000000000
0.0000000000
