0.0
0.0
0.0
0.0
0.0
0.0
0.0
0.0
0.0
0.0
0.0
0.0
0.0
0.0
0.0
0.0
0.0
0.0
0.0
0.0
0.0
0.0
0.0
0.0
0.0
0.0
0.0
0.0
0.0
0.0
0.0
0.0000000000
0.0
0.0
0.0
0.0
0.0
0.0
0.0
0.0
0.0
0.0
0.0
0.0
0.0
0.0
0.0
0.0
0.0
0.0
0.0
0.0
0.0206896552
0.0
0.0
0.0
0.0
0.0
0.0
0.0
0.0
0.0421490148
0.0
0.0
0.0
0.0
0.0
0.0
0.0
0.0
0.0157635468
0.0
0.0
0.0
0.0
0.0
0.0
0.0
0.0
0.0
0.0
0.0
0.0
0.0
0.0
0.0124137931
0.0
0.0
0.0
0.0
0.0
0.0
0.0
0.0
0.0
0.0
0.0137931034
0.0
0.0
0.0
0.0
0.0
0.0
0.0
0.0
0.0
0.0
0.0
0.0
0.0
0.0
0.0137931034
0.0
0.0
0.0
0.0
0.0
0.0
0.0
0.0
0.0000000000
0.0
0.0415919793
0.0
0.0157635468
0.0
0.0000000000
0.0
0.0000000000
0.0
0.0
0.0
0.0
0.0
0.0
0.0
0.0000000000
0.0
0.0000000000
0.0
0.0
0.0000000000
0.0
0.0000000000
0.0
0.0
0.0091954023
0.0
0.0
0.0
0.0068965517
0.0484173298
0.0
0.0
0.0
0.0
0.0
0.0
0.0504886594
0.0137931034
0.0
0.0403477748
0.0
0.0
0.0
0.0
0.0
0.0
0.0091954023
0.0
0.0
0.0
0.0
0.0
0.0
0.0
0.0
0.0
0.0
0.0
0.0
0.0000000000
0.0
0.0
0.0
0.0
0.0
0.0000000000
0.0068965517
0.0419616858
0.0
0.0
0.0000000000
0.0
0.0
0.0
0.0
0.0000000000
0.0364532020
0.0
0.0124137931
0.0345838070
0.0
0.0
0.0
0.0
0.0
0.0
0.0
0.0110344828
0.0
0.0
0.0
0.0206896552
0.0354939072
0.0000000000
0.0460555088
0.0
0.0451740637
0.0000000000
0.0469720364
0.0183908046
0.0294123966
0.0513118441
0.0331276467
0.0206896552
0.0385362421
0.0068965517
0.0
0.0
0.0552127445
0.0328967920
0.0000000000
0.0
0.0
0.0288727196
0.0000000000
0.0
0.0343322884
0.0137931034
0.0
0.0068965517
0.0
0.0000000000
0.0
0.0324446024
0.0367368845
0.0091954023
0.0000000000
0.0000000000
0.0000000000
0.0091954023
0.0
0.0502201027
0.0380700779
0.0124137931
0.0068965517
0.0
0.0000000000
0.0000000000
0.0124137931
0.0333617643
0.0
0.0124137931
0.0
0.0
0.0
0.0
0.0000000000
0.0
0.0
0.0312628454
0.0
0.0
0.0124137931
0.0110344828
0.0000000000
0.0220689655
0.0
0.0
0.0091954023
0.0000000000
0.0183908046
0.0
0.0091954023
0.0000000000
0.0297835309
0.0365944935
0.0
0.0000000000
0.0
0.0
0.0
0.0376150570
0.0137931034
0.0068965517
0.0
0.0000000000
0.0000000000
0.0000000000
0.0000000000
0.0000000000
0.0000000000
0.0068965517
0.0000000000
0.0000000000
0.0524521073
0.0363129973
0.0267461170
0.0000000000
0.0
0.0
0.0124137931
0.0
0.0
0.0433090794
0.0068965517
0.0000000000
0.0332442933
0.0000000000
0.0
0.0000000000
0.0
0.0068965517
0.0000000000
0.0000000000
0.0000000000
0.0124137931
0.0000000000
0.0091954023
0.0000000000
0.0391758478
0.0391758478
0.0000000000
0.0000000000
0.0137931034
0.0068965517
0.0000000000
0.0122605364
0.0091954023
0.0000000000
0.0000000000
0.0433090794
0.0000000000
0.0000000000
0.0371707847
0.0000000000
0.0000000000
0.0068965517
0.0000000000
0.0124137931
0.0
0.0000000000
0.0000000000
0.0000000000
0.0068965517
0.0000000000
0.0000000000
0.0000000000
0.0000000000
0.0000000000
