0.0058139535
0.0
0.0
0.0
0.0
0.0
0.0000000000
0.0
0.0
0.0077519380
0.0
0.0
0.0
0.0
0.0
0.0
0.0132890365
0.0132135307
0.0
0.0
0.0
0.0
0.0
0.0000000000
0.0
0.0
0.0130813953
0.0
0.0
0.0
0.0
0.0
0.0
0.0
0.0
0.0000000000
0.0
0.0
0.0
0.0
0.0
0.0
0.0235465116
0.0093023256
0.0
0.0
0.0
0.0
0.0
0.0
0.0000000000
0.0
0.0000000000
0.0000000000
0.0130813953
0.0
0.0077519380
0.0
0.0000000000
0.0
0.0
0.0000000000
0.0
0.0
0.0237403101
0.0130813953
0.0
0.0000000000
0.0058139535
0.0
0.0116279070
0.0207641196
0.0214059197
0.0
0.0155038760
0.0277935337
0.0
0.0
0.0
0.0
0.0181127013
0.0
0.0
0.0000000000
0.0
0.0058139535
0.0180878553
0.0
0.0058139535
0.0219141324
0.0
0.0
0.0077519380
0.0077519380
0.0000000000
0.0000000000
0.0
0.0
0.0058139535
0.0
0.0116279070
0.0168189369
0.0
0.0
0.0
0.0
0.0
0.0
0.0
0.0
0.0
0.0116279070
0.0
0.0
0.0
0.0
0.0
0.0000000000
0.0000000000
0.0167578659
0.0
0.0077519380
0.0
0.0000000000
0.0
0.0316537468
0.0
0.0058139535
0.0199918401
0.0
0.0207641196
0.0077519380
0.0
0.0
0.0158268734
0.0000000000
0.0
0.0077519380
0.0000000000
0.0000000000
0.0077519380
0.0
0.0
0.0000000000
0.0087209302
0.0129492600
0.0058139535
0.0000000000
0.0235465116
0.0000000000
0.0000000000
0.0
0.0149938800
0.0058139535
0.0000000000
0.0
0.0
0.0
0.0058139535
0.0
0.0
0.0138508892
0.0
0.0
0.0
0.0
0.0265008112
0.0000000000
0.0000000000
0.0
0.0000000000
0.0
0.0000000000
0.0000000000
0.0000000000
0.0
0.0117732558
0.0000000000
0.0
0.0000000000
0.0
0.0058139535
0.0
0.0087209302
0.0058139535
0.0
0.0178052326
0.0000000000
0.0000000000
0.0000000000
0.0181127013
0.0000000000
0.0140683319
0.0116279070
0.0168189369
0.0
0.0
0.0
0.0277935337
0.0175313059
0.0058139535
0.0058139535
0.0
0.0132135307
0.0077519380
0.0000000000
0.0077519380
0.0129492600
0.0116279070
0.0116279070
0.0132890365
0.0077519380
0.0
0.0132135307
0.0077519380
0.0
0.0000000000
0.0093023256
0.0116279070
0.0000000000
0.0058139535
0.0077519380
0.0
0.0
0.0000000000
0.0132135307
0.0237403101
0.0077519380
0.0130813953
0.0219141324
0.0178052326
0.0000000000
0.0058139535
0.0000000000
0.0058139535
0.0000000000
0.0000000000
0.0000000000
0.0
0.0000000000
0.0087209302
0.0000000000
0.0058139535
0.0
0.0
0.0000000000
0.0000000000
0.0000000000
0.0219141324
0.0000000000
0.0000000000
0.0000000000
0.0158268734
0.0058139535
0.0147165698
0.0000000000
0.0000000000
0.0087209302
0.0000000000
0.0237403101
0.0000000000
0.0000000000
0.0
0.0000000000
0.0058139535
0.0
0.0000000000
0.0000000000
0.0000000000
0.0000000000
0.0000000000
0.0000000000
0.0000000000
0.0000000000
0.0000000000
0.0175313059
0.0000000000
0.0058139535
0.0000000000
0.0000000000
0.0000000000
0.0000000000
0.0000000000
0.0000000000
0.0000000000
0.0000000000
0.0000000000
0.0000000000
0.0000000000
0.0000000000
