0.0158450704
0.0
0.0
0.0
0.0
0.0
0.0000000000
0.0
0.0
0.0158450704
0.0
0.0
0.0
0.0
0.0
0.0
0.0093896714
0.0296323395
0.0
0.0
0.0
0.0
0.0
0.0070422535
0.0
0.0
0.0070422535
0.0
0.0
0.0
0.0093896714
0.0
0.0
0.0
0.0
0.0000000000
0.0
0.0
0.0
0.0
0.0
0.0
0.0292524377
0.0140845070
0.0
0.0
0.0
0.0
0.0
0.0
0.0262263235
0.0
0.0187793427
0.0070422535
0.0070422535
0.0
0.0325955734
0.0
0.0000000000
0.0
0.0093896714
0.0000000000
0.0
0.0000000000
0.0140845070
0.0225352113
0.0
0.0140845070
0.0198407838
0.0
0.0262263235
0.0380281690
0.0356514085
0.0
0.0000000000
0.0140845070
0.0
0.0
0.0
0.0
0.0250735180
0.0
0.0
0.0000000000
0.0000000000
0.0093896714
0.0070422535
0.0
0.0140845070
0.0070422535
0.0
0.0
0.0000000000
0.0000000000
0.0093896714
0.0211267606
0.0
0.0
0.0000000000
0.0
0.0374047564
0.0245343026
0.0
0.0
0.0
0.0
0.0125195618
0.0105633803
0.0
0.0
0.0
0.0140845070
0.0000000000
0.0
0.0
0.0
0.0
0.0274902427
0.0000000000
0.0000000000
0.0
0.0093896714
0.0
0.0000000000
0.0
0.0000000000
0.0000000000
0.0140845070
0.0000000000
0.0
0.0362173038
0.0070422535
0.0
0.0
0.0000000000
0.0093896714
0.0140845070
0.0000000000
0.0000000000
0.0000000000
0.0093896714
0.0
0.0
0.0000000000
0.0093896714
0.0105633803
0.0232825525
0.0070422535
0.0330679731
0.0000000000
0.0000000000
0.0
0.0000000000
0.0093896714
0.0000000000
0.0
0.0
0.0000000000
0.0093896714
0.0
0.0000000000
0.0278254895
0.0000000000
0.0
0.0
0.0
0.0000000000
0.0207426376
0.0140845070
0.0000000000
0.0000000000
0.0
0.0093896714
0.0000000000
0.0000000000
0.0000000000
0.0000000000
0.0000000000
0.0
0.0070422535
0.0
0.0000000000
0.0000000000
0.0140845070
0.0000000000
0.0
0.0000000000
0.0000000000
0.0000000000
0.0070422535
0.0000000000
0.0000000000
0.0000000000
0.0000000000
0.0070422535
0.0000000000
0.0
0.0
0.0000000000
0.0070422535
0.0000000000
0.0000000000
0.0000000000
0.0093896714
0.0070422535
0.0000000000
0.0000000000
0.0000000000
0.0070422535
0.0000000000
0.0000000000
0.0000000000
0.0000000000
0.0285211268
0.0000000000
0.0000000000
0.0000000000
0.0000000000
0.0000000000
0.0000000000
0.0000000000
0.0000000000
0.0000000000
0.0
0.0000000000
0.0093896714
0.0000000000
0.0000000000
0.0000000000
0.0093896714
0.0000000000
0.0000000000
0.0093896714
0.0000000000
0.0000000000
