0.0
0.0
0.0
0.0
0.0
0.0
0.0
0.0
0.0
0.0
0.0
0.0
0.0
0.0
0.0
0.0
0.0
0.0
0.0
0.0
0.0
0.0
0.0
0.0
0.0
0.0
0.0
0.0
0.0
0.0
0.0
0.0000000000
0.0
0.0
0.0
0.0
0.0
0.0
0.0
0.0
0.0
0.0
0.0
0.0
0.0
0.0
0.0
0.0
0.0
0.0
0.0
0.0
0.0532836422
0.0
0.0
0.0
0.0
0.0
0.0
0.0
0.0
0.0852538276
0.0
0.0
0.0
0.0
0.0
0.0
0.0
0.0
0.0156555773
0.0
0.0
0.0
0.0
0.0
0.0
0.0
0.0
0.0
0.0
0.0
0.0
0.0
0.0
0.0000000000
0.0
0.0
0.0
0.0
0.0
0.0
0.0
0.0
0.0
0.0
0.0136986301
0.0
0.0
0.0
0.0
0.0
0.0
0.0
0.0
0.0
0.0
0.0
0.0
0.0
0.0
0.0219178082
0.0
0.0
0.0
0.0
0.0
0.0
0.0
0.0
0.0809673223
0.0
0.0146118721
0.0
0.0000000000
0.0
0.0000000000
0.0
0.0608955911
0.0
0.0
0.0
0.0
0.0
0.0
0.0
0.0000000000
0.0
0.0123287671
0.0
0.0
0.0068493151
0.0
0.0000000000
0.0
0.0
0.0091324201
0.0
0.0
0.0
0.0068493151
0.0818822073
0.0
0.0
0.0
0.0
0.0
0.0
0.0622023635
0.0598890524
0.0
0.0091324201
0.0
0.0
0.0
0.0
0.0
0.0
0.0091324201
0.0
0.0
0.0
0.0
0.0
0.0
0.0
0.0
0.0
0.0
0.0
0.0
0.0000000000
0.0
0.0
0.0
0.0
0.0
0.0000000000
0.0068493151
0.0
0.0
0.0
0.0000000000
0.0
0.0
0.0
0.0
0.0000000000
0.0491293244
0.0
0.0457197182
0.0593981585
0.0
0.0
0.0
0.0
0.0
0.0
0.0
0.0000000000
0.0
0.0
0.0
0.0540789205
0.0579726027
0.0
0.0190589637
0.0
0.0814221949
0.0000000000
0.0091324201
0.0123287671
0.0136986301
0.0622023635
0.0189673340
0.0713948310
0.0649917071
0.0068493151
0.0
0.0
0.0770912270
0.0164383562
0.0525114155
0.0
0.0
0.0435229750
0.0000000000
0.0
0.0577416362
0.0450097847
0.0
0.0000000000
0.0
0.0000000000
0.0
0.0499763817
0.0582054244
0.0091324201
0.0123287671
0.0068493151
0.0000000000
0.0230713771
0.0
0.0739446464
0.0136986301
0.0463039958
0.0068493151
0.0
0.0000000000
0.0068493151
0.0638464788
0.0224159402
0.0
0.0706982960
0.0
0.0
0.0
0.0
0.0000000000
0.0
0.0
0.0661787703
0.0
0.0
0.0632888676
0.0190589637
0.0000000000
0.0515770487
0.0
0.0
0.0000000000
0.0491293244
0.0125244618
0.0
0.0123287671
0.0492964309
0.0176125245
0.0624704771
0.0
0.0000000000
0.0
0.0
0.0
0.0246575342
0.0136986301
0.0068493151
0.0
0.0000000000
0.0000000000
0.0394908738
0.0394908738
0.0683639183
0.0
0.0068493151
0.0000000000
0.0000000000
0.0750940450
0.0706982960
0.0129776496
0.0000000000
0.0
0.0
0.0000000000
0.0
0.0
0.0136986301
0.0068493151
0.0563935824
0.0091324201
0.0000000000
0.0
0.0000000000
0.0
0.0000000000
0.0000000000
0.0000000000
0.0000000000
0.0584401237
0.0383416685
0.0091324201
0.0000000000
0.0146118721
0.0721052273
0.0000000000
0.0219178082
0.0205479452
0.0068493151
0.0627409121
0.0205479452
0.0123287671
0.0000000000
0.0489633469
0.0091324201
0.0
0.0000000000
0.0
0.0000000000
0.0000000000
0.0068493151
0.0000000000
0.0584401237
0.0
0.0000000000
0.0463039958
0.0000000000
0.0068493151
0.0000000000
0.0123287671
0.0000000000
0.0770912270
0.0000000000
0.0000000000
0.0000000000
0.0000000000
0.0068493151
0.0000000000
0.0000000000
