0.0
0.0
0.0
0.0
0.0
0.0
0.0
0.0
0.0
0.0
0.0
0.0
0.0
0.0
0.0
0.0
0.0
0.0
0.0
0.0
0.0
0.0
0.0
0.0
0.0
0.0
0.0
0.0
0.0
0.0
0.0
0.0
0.0
0.0
0.0
0.0
0.0
0.0
0.0
0.0
0.0
0.0
0.0000000000
0.0202020202
0.0
0.0
0.0
0.0
0.0
0.0
0.0
0.0
0.0
0.0
0.0
0.0
0.0
0.0
0.0
0.0
0.1108553893
0.0
0.0
0.0
0.0
0.0
0.0
0.0
0.0
0.0
0.0
0.0709115446
0.0
0.0
0.0
0.0202020202
0.0
0.0
0.0
0.1401212121
0.0
0.0
0.0
0.0
0.0
0.0
0.0202020202
0.0
0.0
0.0
0.0
0.1390091390
0.0
0.0
0.0
0.0
0.0
0.0
0.0
0.0
0.0
0.0000000000
0.0
0.0
0.0
0.0
0.0
0.0978500085
0.0
0.0867086709
0.0
0.0
0.0
0.0
0.0
0.0
0.0000000000
0.0
0.0000000000
0.1130009775
0.1297418631
0.0957112105
0.0
0.0
0.0
0.0
0.0
0.0
0.1101581856
0.0
0.0
0.0
0.0
0.1357763683
0.0
0.0
0.0
0.1207941484
0.1207941484
0.1700500147
0.0
0.1563852814
0.0
0.0
0.0
0.0
0.0
0.0
0.0
0.0
0.0000000000
0.0
0.0931656995
0.1199667912
0.0
0.1108553893
0.0936639118
0.0000000000
0.0917023640
0.1287878788
0.0
0.1287878788
0.0000000000
0.0000000000
0.0303030303
0.0
0.0
0.0000000000
0.0000000000
0.0
0.1287878788
0.1024277866
0.0867086709
0.0917023640
0.0303030303
0.1122766123
0.1137347501
0.1536416800
0.0202020202
0.0000000000
0.0
0.0000000000
0.1536416800
0.0745325596
0.0000000000
0.0000000000
0.0745325596
0.0000000000
0.0818465024
0.0000000000
0.0926727593
0.0000000000
0.0000000000
0.0
0.0000000000
0.0
0.0000000000
0.0000000000
0.0000000000
0.0000000000
0.0
0.0000000000
0.0931656995
0.0000000000
0.0000000000
