0.0
0.0
0.0
0.0
0.1369268304
0.0
0.1565396921
0.0
0.0
0.1258325457
0.0
0.1350468282
0.0
0.1145931338
0.0
0.1145931338
0.1021028788
0.1033545778
0.0
0.1359803316
0.0891472265
0.0051546392
0.0
0.0
0.0
0.1194645019
0.0998569609
0.1288547247
0.1141498335
0.1098984430
0.0
0.0
0.1395164632
0.1323216680
0.1341260544
0.1332177515
0.1277390994
0.1126249311
0.0115979381
0.0
0.0
0.1532869193
0.1092878961
0.0068728522
0.0
0.1274632050
0.0000000000
0.1159439370
0.0768430520
0.1069120723
0.1086840956
0.1141498335
0.1003664352
0.1111402334
0.1299900086
0.1143710541
0.0950329532
0.1639318442
0.0919243986
0.1229488832
0.0
0.1126249311
0.0000000000
0.1311454754
0.0
0.1311454754
0.0
0.1432414173
0.1192231594
0.1057624801
0.1245051981
0.1219327767
0.1161721731
0.1271884998
0.1067187413
0.1347385021
0.1084843087
0.1139294670
0.0970649078
0.0051546392
0.1101034775
0.1428945858
0.1090858852
0.0
0.1132734432
0.1148160777
0.1317309462
0.0115979381
0.0807325088
0.0000000000
0.1375651840
0.0
0.0077319588
0.0944247423
0.0000000000
0.1103092784
0.0851593996
0.1197068234
0.0068728522
0.1017507999
0.0920678064
0.1069120723
0.0912140091
0.1175606851
0.0926459402
0.1479084309
0.0843078056
0.1073008435
0.1216813689
0.1005374172
0.0985233120
0.0965883207
0.0000000000
0.0747031189
0.0000000000
0.1137099497
0.0051546392
0.0000000000
0.0000000000
0.0862799180
0.0748927207
0.0660128232
0.0000000000
0.0000000000
0.0732201786
0.0103092784
0.0000000000
0.1137099497
0.1201944275
0.0888787107
0.0
0.0
0.0000000000
0.0000000000
0.1347385021
0.0000000000
0.0068728522
0.0780627830
0.0000000000
0.0927916099
0.0990192348
0.0000000000
0.0910732468
0.0
0.1092878961
0.1086840956
0.0000000000
0.0000000000
0.1080869303
0.0985233120
0.0000000000
0.1137099497
0.0000000000
0.0103092784
0.0684634152
0.0000000000
0.0000000000
0.0000000000
0.1000262100
0.0000000000
0.0068728522
0.0000000000
0.0000000000
0.0000000000
0.0948801671
0.0837098779
0.0000000000
0.0077319588
0.0000000000
0.0000000000
0.0
0.0
0.0000000000
0.0000000000
0.0000000000
0.0000000000
0.0
0.1053847570
0.0000000000
0.0
0.0778568126
0.0000000000
0.0000000000
0.0000000000
0.0000000000
0.0051546392
0.0051546392
0.0000000000
0.1061429207
0.0000000000
0.0051546392
0.0905145152
0.0051546392
0.0000000000
0.1141498335
0.0000000000
0.0970649078
0.0000000000
0.0000000000
0.0846706799
0.0000000000
0.0000000000
0.0000000000
0.0
0.0000000000
0.0000000000
0.0000000000
0.0000000000
0.0981954475
0.0051546392
0.0000000000
0.0000000000
0.0000000000
0.0000000000
0.0000000000
0.0000000000
0.0000000000
0.0000000000
0.0000000000
0.0000000000
0.0000000000
0.0000000000
0.0000000000
0.0000000000
0.0000000000
0.0000000000
0.0000000000
