0.0
0.0
0.0
0.0
0.0
0.0
0.0116279070
0.0
0.0
0.0
0.0
0.0
0.0
0.0
0.0
0.1438868489
0.0
0.0
0.0
0.0
0.0
0.0
0.0
0.0
0.0
0.0
0.0
0.0
0.0
0.0848436247
0.0
0.1720604976
0.1567175233
0.0
0.0
0.0
0.1770118789
0.0000000000
0.0968687054
0.0
0.1414060412
0.0116279070
0.0
0.1322830708
0.1482207901
0.0
0.0
0.0
0.0
0.1255339345
0.0
0.0
0.1608147135
0.0
0.0000000000
0.0
0.1065136414
0.1359372992
0.0
0.0
0.1405980066
0.0
0.0
0.0
0.0
0.0
0.0
0.0000000000
0.1004271476
0.0
0.1236414631
0.1294981640
0.1051480819
0.0
0.1351903910
0.0
0.1230232558
0.1149750054
0.0000000000
0.1301833395
0.1123500053
0.1528239203
0.0924986886
0.1491190980
0.1218052038
0.1242659150
0.0
0.0232558140
0.0116279070
0.1274852392
0.0
0.0
0.0
0.1518805627
0.0
0.0
0.0116279070
0.0949986531
0.1177256036
0.0
0.1281492248
0.1261776983
0.0791146340
0.0000000000
0.0
0.1528239203
0.0
0.0
0.0155038760
0.0000000000
0.0000000000
0.1337209302
0.1537790698
0.1171650055
0.0000000000
0.0000000000
0.0155038760
0.1337209302
0.0116279070
0.0
0.0000000000
0.1051480819
0.1103347586
0.0116279070
0.0
0.0949986531
0.0116279070
0.0000000000
0.0
0.0000000000
0.0000000000
0.1308758041
0.0964888281
0.0
0.0964888281
0.0000000000
0.0000000000
0.0000000000
0.0116279070
0.0116279070
0.1149750054
0.0000000000
0.0000000000
0.0000000000
0.0116279070
0.0000000000
0.0000000000
0.0000000000
0.0000000000
0.0000000000
0.0000000000
0.0000000000
0.0000000000
