0.0
0.0
0.0
0.0
0.0
0.0
0.0
0.0
0.0
0.0
0.0
0.0
0.0
0.0
0.0
0.0
0.0
0.0
0.0
0.0
0.0
0.0
0.0
0.0
0.0
0.0
0.0
0.0
0.0
0.0
0.0
0.0
0.0
0.0
0.0
0.0
0.0
0.0
0.0
0.0
0.0
0.0
0.0000000000
0.0000000000
0.0
0.0
0.0
0.0
0.0
0.0441176471
0.0
0.0
0.0
0.0
0.0
0.0
0.0
0.0
0.0
0.0
0.0784313725
0.0
0.0
0.0
0.0
0.0
0.0
0.0
0.0
0.0
0.0
0.0627450980
0.0
0.0
0.0
0.0000000000
0.0
0.0000000000
0.0
0.0941176471
0.0
0.0
0.0000000000
0.0
0.0
0.0
0.0743034056
0.0
0.0
0.0
0.0
0.0941176471
0.0
0.0
0.0294117647
0.0
0.0
0.0
0.0
0.0
0.0
0.0000000000
0.0
0.0000000000
0.0000000000
0.0
0.0
0.0196078431
0.0
0.0613810742
0.0
0.0196078431
0.0
0.0
0.0
0.0
0.0763116057
0.0
0.0784313725
0.0196078431
0.0504201681
0.1045751634
0.0000000000
0.0
0.0
0.0000000000
0.0
0.0
0.0688665710
0.0
0.0000000000
0.0441176471
0.0
0.0000000000
0.0000000000
0.0
0.0
0.0196078431
0.0495356037
0.0294117647
0.0
0.0000000000
0.0
0.0196078431
0.0
0.0
0.0
0.0000000000
0.0600750939
0.0
0.0000000000
0.0196078431
0.0000000000
0.0196078431
0.0000000000
0.0196078431
0.0196078431
0.0000000000
0.0000000000
0.0000000000
0.0
0.0196078431
0.0000000000
0.0000000000
0.0000000000
0.0000000000
