0.0
0.0
0.0
0.0
0.0
0.0
0.0096269154
0.0
0.0
0.0000000000
0.0
0.0
0.0
0.0
0.0
0.0
0.0
0.0
0.0
0.0
0.0
0.0
0.0
0.0000000000
0.0
0.0
0.0
0.0
0.0
0.0
0.0
0.0
0.0
0.0
0.0
0.0
0.0
0.0
0.0
0.0
0.0
0.0
0.0000000000
0.0
0.0
0.0
0.0
0.0
0.0
0.0
0.0
0.0
0.0000000000
0.0
0.0084210526
0.0
0.0
0.0
0.0060150376
0.0
0.0
0.0000000000
0.0
0.0
0.0
0.0073502722
0.0
0.0052631579
0.0047368421
0.0
0.0000000000
0.0199327039
0.0
0.0
0.0395633971
0.0
0.0
0.0
0.0
0.0
0.0
0.0
0.0
0.0026315789
0.0
0.0303626071
0.0
0.0
0.0
0.0
0.0
0.0
0.0026315789
0.0
0.0000000000
0.0
0.0
0.0
0.0096269154
0.0
0.0
0.0
0.0
0.0
0.0
0.0
0.0
0.0
0.0
0.0
0.0
0.0052631579
0.0
0.0
0.0
0.0
0.0
0.0000000000
0.0
0.0
0.0
0.0309015883
0.0
0.0000000000
0.0
0.0295049063
0.0
0.0
0.0000000000
0.0
0.0
0.0
0.0
0.0
0.0233141447
0.0078947368
0.0
0.0
0.0
0.0357696467
0.0178237830
0.0
0.0
0.0
0.0265094844
0.0
0.0352862731
0.0026315789
0.0039473684
0.0000000000
0.0204798762
0.0
0.0204798762
0.0
0.0
0.0
0.0
0.0
0.0257259528
0.0
0.0
0.0
0.0
0.0
0.0
0.0
0.0000000000
0.0052631579
0.0414473684
0.0
0.0110221205
0.0
0.0
0.0
0.0230060283
0.0
0.0
0.0059210526
0.0
0.0054824561
0.0
0.0000000000
0.0
0.0
0.0
0.0
0.0
0.0
0.0000000000
0.0
0.0000000000
0.0
0.0143495531
0.0
0.0000000000
0.0
0.0
0.0
0.0261118421
0.0
0.0225102087
0.0350494525
0.0
0.0
0.0
0.0
0.0000000000
0.0092677346
0.0
0.0
0.0339114833
0.0
0.0
0.0026315789
0.0000000000
0.0
0.0
0.0026315789
0.0052631579
0.0000000000
0.0
0.0
0.0
0.0
0.0
0.0000000000
0.0
0.0
0.0035087719
0.0
0.0
0.0
0.0261118421
0.0
0.0187854979
0.0
0.0026315789
0.0035087719
0.0
0.0
0.0057610242
0.0124676445
0.0
0.0
0.0
0.0269194249
0.0
0.0089473684
0.0
0.0000000000
0.0
0.0000000000
0.0035087719
0.0
0.0
0.0000000000
0.0203998766
0.0
0.0
0.0000000000
0.0
0.0000000000
0.0
0.0
0.0
0.0
0.0000000000
0.0133425669
0.0000000000
0.0039473684
0.0
0.0052631579
0.0026315789
0.0035087719
0.0
0.0
0.0
0.0
0.0026315789
0.0
0.0
0.0
0.0092677346
0.0026315789
0.0357696467
0.0
0.0259819324
0.0
0.0
0.0202417381
0.0
0.0000000000
0.0026315789
0.0298421053
0.0035087719
0.0
0.0
0.0000000000
0.0
0.0
0.0253513030
0.0
0.0
0.0
0.0
0.0000000000
0.0
0.0035087719
0.0047368421
0.0
0.0
0.0
0.0
0.0
0.0229051247
0.0
0.0110221205
0.0104181687
0.0
0.0000000000
0.0000000000
0.0000000000
0.0
0.0310855263
0.0
0.0210579372
0.0000000000
0.0
0.0203998766
0.0
0.0240662139
0.0
0.0082236842
0.0052631579
0.0
0.0068760611
0.0
0.0
0.0075299635
0.0052631579
0.0
0.0000000000
0.0273422430
0.0
0.0
0.0
0.0
0.0
0.0232105263
0.0120718463
0.0
0.0
0.0035087719
0.0
0.0026315789
0.0000000000
0.0
0.0
0.0
0.0
0.0035087719
0.0
0.0026315789
0.0
0.0075299635
0.0
0.0
0.0
0.0000000000
0.0
0.0
0.0000000000
0.0000000000
0.0000000000
0.0
0.0068760611
0.0000000000
0.0080055402
0.0109649123
0.0
0.0000000000
0.0
0.0201635846
0.0026315789
0.0
0.0210579372
0.0026315789
0.0035087719
0.0052631579
0.0060150376
0.0035087719
0.0035087719
0.0000000000
0.0236306263
0.0
0.0
0.0
0.0000000000
0.0042105263
0.0
0.0
0.0252288330
0.0
0.0300136116
0.0000000000
0.0
0.0
0.0000000000
0.0
0.0000000000
0.0
0.0070175439
0.0065789474
0.0000000000
0.0000000000
0.0000000000
0.0035087719
0.0026315789
0.0052631579
0.0
0.0000000000
0.0
0.0203998766
0.0000000000
0.0
0.0
0.0
0.0052631579
0.0
0.0073502722
0.0000000000
0.0
0.0000000000
0.0
0.0000000000
0.0000000000
0.0207236842
0.0000000000
0.0065789474
0.0
0.0000000000
0.0000000000
0.0
0.0059210526
0.0
0.0000000000
0.0110221205
0.0035087719
0.0000000000
0.0
0.0000000000
0.0
0.0
0.0000000000
0.0000000000
0.0
0.0229051247
0.0054824561
0.0
0.0000000000
0.0026315789
0.0000000000
0.0000000000
0.0000000000
0.0
0.0000000000
0.0026315789
0.0000000000
0.0
0.0
0.0
0.0059210526
0.0000000000
0.0296725478
0.0000000000
0.0181964056
0.0000000000
0.0
0.0000000000
0.0210579372
0.0
0.0138277512
0.0
0.0026315789
0.0332634931
0.0
0.0232105263
0.0
0.0026315789
0.0065789474
0.0026315789
0.0
0.0
0.0
0.0000000000
0.0000000000
0.0000000000
0.0211431920
0.0039473684
0.0
0.0000000000
0.0000000000
0.0026315789
0.0000000000
0.0101503759
0.0203204997
0.0233141447
0.0000000000
0.0
0.0
0.0164225422
0.0
0.0334767206
0.0000000000
0.0000000000
0.0000000000
0.0291752426
0.0164225422
0.0000000000
0.0000000000
0.0000000000
0.0
0.0000000000
0.0199327039
0.0
0.0000000000
0.0000000000
0.0026315789
0.0052631579
0.0000000000
0.0000000000
0.0082236842
0.0000000000
0.0000000000
0.0
0.0046992481
0.0026315789
0.0000000000
0.0069773056
0.0
0.0026315789
0.0000000000
0.0279271039
0.0
0.0
0.0000000000
0.0042105263
0.0000000000
0.0000000000
0.0082236842
0.0039473684
0.0052631579
0.0000000000
0.0
0.0026315789
0.0000000000
0.0000000000
0.0000000000
0.0101503759
0.0070175439
0.0000000000
0.0000000000
0.0000000000
0.0290131579
0.0047368421
0.0000000000
0.0000000000
0.0026315789
0.0000000000
0.0
0.0
0.0000000000
0.0000000000
0.0000000000
0.0059210526
0.0035087719
0.0026315789
0.0000000000
0.0
0.0000000000
0.0000000000
0.0
0.0046783626
0.0000000000
0.0000000000
0.0035087719
0.0295049063
0.0000000000
0.0065789474
0.0026315789
0.0052631579
0.0000000000
0.0084210526
0.0181964056
0.0000000000
0.0046783626
0.0070175439
0.0000000000
0.0000000000
0.0
0.0000000000
0.0000000000
0.0226076555
0.0
0.0000000000
0.0000000000
0.0000000000
0.0000000000
0.0000000000
0.0000000000
0.0000000000
0.0
0.0035087719
0.0000000000
0.0107116383
0.0000000000
0.0000000000
0.0081777023
0.0000000000
0.0054824561
0.0000000000
0.0203204997
0.0000000000
0.0000000000
0.0000000000
0.0000000000
0.0232105263
0.0000000000
0.0000000000
0.0000000000
0.0026315789
0.0
0.0000000000
0.0026315789
0.0026315789
0.0057610242
0.0000000000
0.0000000000
0.0000000000
0.0000000000
0.0000000000
0.0035087719
0.0000000000
0.0026315789
0.0000000000
0.0000000000
0.0000000000
0.0000000000
0.0000000000
0.0000000000
0.0000000000
0.0
0.0000000000
0.0035087719
0.0000000000
0.0000000000
0.0000000000
0.0000000000
0.0000000000
0.0000000000
0.0000000000
0.0000000000
0.0000000000
0.0000000000
0.0000000000
0.0000000000
0.0000000000
0.0000000000
0.0000000000
0.0000000000
0.0000000000
0.0
0.0000000000
0.0000000000
0.0226076555
0.0000000000
0.0000000000
0.0000000000
0.0000000000
0.0000000000
0.0000000000
0.0000000000
0.0000000000
0.0000000000
0.0000000000
0.0000000000
0.0000000000
0.0000000000
0.0000000000
