0.0
0.0
0.0
0.0
0.1420147420
0.0
0.1583561644
0.0
0.0
0.1298876404
0.0
0.1423645320
0.0
0.1090566038
0.0
0.1177189409
0.1056672761
0.1054744526
0.0
0.1570652174
0.0055555556
0.0055555556
0.0
0.0
0.0
0.1201663202
0.1028469751
0.1310657596
0.1140039448
0.1137795276
0.0
0.0
0.1406326034
0.1386091127
0.1382775120
0.1366430260
0.1316628702
0.1151394422
0.0125000000
0.0
0.0
0.1592286501
0.1135559921
0.0074074074
0.0
0.1325688073
0.0000000000
0.1232409382
0.0055555556
0.1115830116
0.1140039448
0.1179591837
0.1000000000
0.1131115460
0.1389423077
0.1170040486
0.0976351351
0.1767584098
0.0953795380
0.1162977867
0.0
0.1144554455
0.0000000000
0.1328735632
0.0
0.1221987315
0.0
0.1485861183
0.1153692615
0.1070370370
0.1293064877
0.1344186047
0.1172413793
0.1334872979
0.1170040486
0.1413202934
0.1133333333
0.1179591837
0.1001733102
0.0055555556
0.1144554455
0.1396135266
0.1032142857
0.0
0.1078358209
0.1133333333
0.1344186047
0.0125000000
0.0782138024
0.0000000000
0.1420147420
0.0
0.0083333333
0.0905956113
0.0000000000
0.1142292490
0.0903125000
0.1275938190
0.0074074074
0.1054744526
0.0952224053
0.1135559921
0.0874432678
0.1214285714
0.0944444444
0.1587912088
0.0853766617
0.1172413793
0.1270329670
0.1072356215
0.0993127148
0.0000000000
0.0000000000
0.0778975741
0.0000000000
0.1122330097
0.0055555556
0.0000000000
0.0000000000
0.0901716069
0.0781081081
0.0687277051
0.0000000000
0.0000000000
0.0742930591
0.0111111111
0.0000000000
0.1122330097
0.1245689655
0.0901716069
0.0
0.0
0.0000000000
0.0000000000
0.1194214876
0.0000000000
0.0074074074
0.0822190612
0.0000000000
0.0973063973
0.1000000000
0.0000000000
0.0907378336
0.0
0.1232409382
0.1126705653
0.0000000000
0.0000000000
0.1113680154
0.0963333333
0.0000000000
0.1122330097
0.0000000000
0.0111111111
0.0718905473
0.0000000000
0.0000000000
0.0000000000
0.1088512241
0.0000000000
0.0074074074
0.0000000000
0.0000000000
0.0000000000
0.0971428571
0.0824536377
0.0000000000
0.0083333333
0.0000000000
0.0000000000
0.0
0.0000000000
0.0000000000
0.0000000000
0.0000000000
0.0000000000
0.0
0.1107279693
0.0000000000
0.0000000000
0.0819858156
0.0000000000
0.0000000000
0.0000000000
0.0000000000
0.0055555556
0.0055555556
0.0000000000
0.1006968641
0.0000000000
0.0000000000
0.0956953642
0.0055555556
0.0000000000
0.1151394422
0.0000000000
0.0000000000
0.0000000000
0.0000000000
0.0871794872
0.0000000000
0.0000000000
0.0000000000
0.0
0.0000000000
0.0000000000
0.0000000000
0.0000000000
0.0000000000
0.0000000000
0.0000000000
