0.0
0.0
0.0
0.0
0.0
0.0
0.0
0.0
0.0
0.0
0.0
0.0
0.0
0.0
0.0
0.0
0.0
0.0
0.0
0.0
0.0
0.0
0.0
0.0
0.0
0.0
0.0
0.0
0.0
0.0
0.0
0.0
0.0
0.0
0.0
0.0
0.0
0.0
0.0
0.0
0.0
0.0
0.0
0.0
0.0
0.0
0.0
0.0
0.0
0.0
0.0
0.0
0.0
0.0
0.0
0.0
0.0
0.0
0.0
0.0
0.0906557181
0.0
0.0
0.0
0.0
0.0
0.0
0.0
0.0
0.0
0.0
0.0
0.0
0.0
0.0
0.0805828605
0.0
0.0
0.0
0.0965497431
0.0
0.0
0.0
0.0
0.0
0.0
0.0903929479
0.0
0.0
0.0
0.0
0.0
0.0
0.0
0.0
0.0
0.0
0.0
0.0
0.0
0.0
0.0
0.0
0.0
0.0
0.0
0.0
0.0
0.0
0.0914532757
0.0
0.0
0.0
0.0
0.0
0.0
0.0
0.0
0.0880948221
0.0866265750
0.0
0.0956612485
0.0
0.0
0.0
0.0
0.0
0.0
0.0
0.0
0.0
0.0
0.0
0.0936503514
0.0
0.0
0.0
0.0
0.0
0.0962517500
0.0
0.1138159380
0.0
0.0
0.0
0.0
0.0
0.0
0.0
0.0
0.0793525878
0.0
0.0206185567
0.0
0.0
0.0
0.1109806655
0.0
0.0231958763
0.0
0.0
0.0000000000
0.0
0.0154639175
0.0936503514
0.0
0.0
0.0871105224
0.0
0.0
0.0
0.0758772920
0.0
0.0
0.0
0.0000000000
0.0
0.0
0.0
0.0000000000
0.0
0.0
0.1057137865
0.0682397528
0.0000000000
0.0
0.0
0.0
0.0825015000
0.0
0.0
0.0610285069
0.1163640560
0.0
0.0
0.0
0.0
0.0
0.0756931238
0.0
0.0
0.0
0.0
0.0
0.0231958763
0.0
0.0873545294
0.0
0.0
0.0000000000
0.0
0.0
0.0
0.0
0.0
0.0764352133
0.0
0.0883443825
0.0000000000
0.0
0.0206185567
0.0
0.1005986033
0.1094230421
0.0
0.0154639175
0.0
0.0137457045
0.0875999073
0.0936503514
0.0770014000
0.0
0.0000000000
0.0909200204
0.0
0.0977603982
0.0000000000
0.0
0.0
0.0
0.0666358269
0.0675012273
0.0962517500
0.1053566453
0.0506259205
0.0
0.0
0.0
0.0465456224
0.0781593158
0.0000000000
0.0
0.0549041673
0.0000000000
0.0810014728
0.0
0.0
0.0606723094
0.0000000000
0.0647003465
0.0
0.0597424655
0.0679424118
0.0
0.0
0.0710377381
0.0
0.0000000000
0.0597424655
0.0137457045
0.0000000000
0.0000000000
0.0000000000
0.0137457045
0.0795550179
0.0669218176
0.0
0.0000000000
0.0000000000
0.0000000000
0.0000000000
0.0728634743
0.0000000000
0.0000000000
0.0552935585
0.0000000000
0.0760623586
0.0825015000
0.0000000000
0.0789508026
0.0000000000
0.0000000000
0.0000000000
0.0000000000
0.0000000000
0.0000000000
0.0697663692
0.0000000000
0.0137457045
0.0000000000
0.0000000000
0.0697663692
