0.0
0.0
0.0
0.0
0.0
0.0
0.0
0.0
0.0
0.2128078818
0.1763265306
0.0
0.0
0.0
0.0
0.0000000000
0.0
0.0
0.1928571429
0.0
0.0
0.2488479263
0.0
0.0
0.2468571429
0.0
0.1978021978
0.0
0.0
0.0
0.2805194805
0.2128078818
0.0
0.0
0.0
0.2084942085
0.2779922780
0.0
0.0
0.0
0.0
0.2448979592
0.0
0.2706766917
0.0
0.0
0.2320085929
0.0
0.0
0.2173038229
0.2508710801
0.0
0.1615557218
0.1804511278
0.0
0.0
0.2883845127
0.0
0.2157842158
0.2113502935
0.2204081633
0.2204081633
0.2779922780
0.0
0.1291093843
0.0
0.1978021978
0.0
0.2268907563
0.1686182670
0.2410714286
0.1512605042
0.2320085929
0.0
0.2683229814
0.0
0.0
0.2084942085
0.2142857143
0.1686182670
0.1952983725
0.0000000000
0.2057142857
0.0000000000
0.1940700809
0.0000000000
0.0000000000
0.0000000000
