0.0
0.0
0.0
0.0
0.0
0.0
0.0025740026
0.0
0.0
0.0000000000
0.0
0.0
0.0
0.0
0.0
0.0
0.0
0.0
0.0
0.0
0.0
0.0
0.0
0.0091928663
0.0
0.0
0.0
0.0
0.0
0.0
0.0
0.0
0.0
0.0
0.0
0.0
0.0
0.0
0.0
0.0
0.0
0.0
0.0000000000
0.0
0.0
0.0
0.0
0.0
0.0
0.0
0.0
0.0
0.0086872587
0.0
0.0019305019
0.0
0.0
0.0
0.0000000000
0.0
0.0
0.0000000000
0.0
0.0
0.0
0.0019305019
0.0
0.0072765073
0.0019305019
0.0
0.0087750088
0.0019305019
0.0
0.0
0.0
0.0
0.0
0.0
0.0
0.0
0.0
0.0
0.0
0.0000000000
0.0
0.0113558937
0.0
0.0
0.0
0.0
0.0
0.0
0.0069498069
0.0
0.0000000000
0.0
0.0
0.0
0.0038610039
0.0
0.0
0.0
0.0
0.0
0.0
0.0
0.0
0.0
0.0
0.0
0.0
0.0000000000
0.0
0.0
0.0
0.0
0.0
0.0048262548
0.0
0.0
0.0
0.0087994972
0.0
0.0000000000
0.0
0.0025740026
0.0
0.0
0.0019305019
0.0
0.0
0.0
0.0
0.0
0.0
0.0038610039
0.0
0.0
0.0
0.0085995086
0.0019305019
0.0
0.0
0.0
0.0
0.0
0.0074250074
0.0000000000
0.0080548529
0.0000000000
0.0025740026
0.0
0.0000000000
0.0
0.0
0.0
0.0
0.0
0.0
0.0
0.0
0.0
0.0
0.0
0.0
0.0
0.0
0.0086515087
0.0074191839
0.0
0.0025740026
0.0
0.0
0.0
0.0019305019
0.0
0.0
0.0054323426
0.0
0.0
0.0
0.0000000000
0.0
0.0
0.0
0.0
0.0
0.0
0.0000000000
0.0
0.0000000000
0.0
0.0
0.0
0.0000000000
0.0
0.0
0.0
0.0019305019
0.0
0.0000000000
0.0107250107
0.0
0.0
0.0
0.0
0.0028957529
0.0043436293
0.0
0.0
0.0000000000
0.0
0.0
0.0025740026
0.0000000000
0.0
0.0
0.0043436293
0.0063180063
0.0019305019
0.0
0.0
0.0
0.0
0.0
0.0000000000
0.0
0.0
0.0000000000
0.0
0.0
0.0
0.0085995086
0.0
0.0025740026
0.0
0.0
0.0000000000
0.0
0.0
0.0028957529
0.0025740026
0.0
0.0
0.0
0.0000000000
0.0
0.0
0.0
0.0025740026
0.0
0.0066382172
0.0025740026
0.0
0.0
0.0019305019
0.0000000000
0.0
0.0
0.0074250074
0.0
0.0000000000
0.0
0.0
0.0
0.0
0.0000000000
0.0
0.0000000000
0.0000000000
0.0
0.0034749035
0.0000000000
0.0075675676
0.0
0.0
0.0
0.0
0.0
0.0
0.0
0.0
0.0
0.0025740026
0.0
0.0
0.0084084084
0.0
0.0
0.0019305019
0.0
0.0
0.0000000000
0.0
0.0025740026
0.0
0.0
0.0019305019
0.0
0.0
0.0060328185
0.0
0.0
0.0
0.0
0.0000000000
0.0
0.0080506038
0.0025740026
0.0
0.0
0.0
0.0
0.0
0.0077220077
0.0
0.0000000000
0.0025740026
0.0
0.0038610039
0.0000000000
0.0056779469
0.0
0.0000000000
0.0
0.0019305019
0.0000000000
0.0
0.0
0.0
0.0019305019
0.0
0.0044125758
0.0038610039
0.0
0.0000000000
0.0
0.0
0.0000000000
0.0025740026
0.0
0.0038610039
0.0
0.0
0.0
0.0
0.0
0.0
0.0075351850
0.0038610039
0.0
0.0
0.0075133048
0.0
0.0000000000
0.0025740026
0.0
0.0
0.0
0.0
0.0052451373
0.0
0.0043436293
0.0
0.0019305019
0.0
0.0
0.0
0.0000000000
0.0
0.0
0.0000000000
0.0000000000
0.0
0.0
0.0028957529
0.0
0.0025740026
0.0063063063
0.0
0.0000000000
0.0
0.0102264427
0.0000000000
0.0
0.0000000000
0.0000000000
0.0
0.0034749035
0.0080437580
0.0060060060
0.0038610039
0.0000000000
0.0
0.0
0.0
0.0
0.0057330057
0.0000000000
0.0
0.0
0.0055643879
0.0
0.0071500072
0.0
0.0
0.0
0.0
0.0
0.0000000000
0.0
0.0019305019
0.0
0.0053625054
0.0000000000
0.0019305019
0.0063132631
0.0019305019
0.0000000000
0.0
0.0019305019
0.0
0.0059895060
0.0000000000
0.0
0.0
0.0
0.0019305019
0.0
0.0043436293
0.0
0.0
0.0000000000
0.0
0.0
0.0000000000
0.0000000000
0.0
0.0019305019
0.0
0.0019305019
0.0025740026
0.0
0.0
0.0
0.0000000000
0.0
0.0086515087
0.0000000000
0.0
0.0000000000
0.0
0.0
0.0019305019
0.0087750088
0.0
0.0111287758
0.0040218790
0.0
0.0043436293
0.0000000000
0.0000000000
0.0
0.0
0.0
0.0000000000
0.0
0.0
0.0
0.0
0.0
0.0075133048
0.0049786629
0.0068796069
0.0019305019
0.0049500050
0.0019305019
0.0
0.0019305019
0.0
0.0
0.0038610039
0.0
0.0000000000
0.0000000000
0.0
0.0047671578
0.0
0.0000000000
0.0051832655
0.0000000000
0.0
0.0
0.0
0.0000000000
0.0000000000
0.0000000000
0.0038610039
0.0044073723
0.0
0.0000000000
0.0000000000
0.0
0.0025740026
0.0038610039
0.0064350064
0.0
0.0
0.0
0.0
0.0062029242
0.0
0.0037125037
0.0
0.0025740026
0.0000000000
0.0
0.0
0.0000000000
0.0025740026
0.0000000000
0.0
0.0000000000
0.0
0.0
0.0000000000
0.0000000000
0.0
0.0067802995
0.0
0.0019305019
0.0051480051
0.0019305019
0.0000000000
0.0
0.0030888031
0.0038610039
0.0019305019
0.0019305019
0.0
0.0000000000
0.0
0.0053625054
0.0
0.0
0.0000000000
0.0048262548
0.0000000000
0.0000000000
0.0051832655
0.0057915058
0.0
0.0019305019
0.0
0.0019305019
0.0
0.0000000000
0.0000000000
0.0025740026
0.0034749035
0.0000000000
0.0
0.0000000000
0.0071500072
0.0025740026
0.0000000000
0.0000000000
0.0052175728
0.0
0.0
0.0
0.0019305019
0.0000000000
0.0000000000
0.0066740210
0.0025740026
0.0038610039
0.0048262548
0.0
0.0082256169
0.0000000000
0.0
0.0
0.0000000000
0.0
0.0092664093
0.0
0.0049500050
0.0044125758
0.0019305019
0.0038610039
0.0
0.0057915058
0.0078828829
0.0000000000
0.0025740026
0.0034320034
0.0000000000
0.0065237651
0.0
0.0000000000
0.0000000000
0.0019305019
0.0
0.0
0.0000000000
0.0038610039
0.0068946498
0.0057915058
0.0019305019
0.0000000000
0.0
0.0025740026
0.0000000000
0.0025740026
0.0028957529
0.0
0.0000000000
0.0000000000
0.0077220077
0.0025740026
0.0102264427
0.0000000000
0.0
0.0000000000
0.0000000000
0.0057915058
0.0000000000
0.0000000000
0.0019305019
0.0057330057
0.0
0.0
0.0068946498
0.0000000000
0.0019305019
0.0000000000
0.0
0.0
0.0
0.0025740026
0.0019305019
0.0061776062
0.0019305019
0.0000000000
0.0000000000
0.0
0.0019305019
0.0000000000
0.0000000000
0.0
0.0
0.0000000000
0.0019305019
0.0
0.0000000000
0.0019305019
0.0000000000
0.0000000000
0.0000000000
0.0000000000
0.0095859406
0.0019305019
0.0019305019
0.0019305019
0.0000000000
0.0000000000
0.0000000000
0.0000000000
0.0000000000
0.0019305019
0.0
0.0000000000
0.0019305019
0.0019305019
0.0000000000
0.0060060060
0.0000000000
0.0000000000
0.0000000000
0.0000000000
0.0
0.0038610039
0.0071392147
0.0030888031
0.0000000000
0.0000000000
0.0
0.0000000000
0.0000000000
0.0
0.0
0.0000000000
0.0056973350
0.0000000000
0.0038610039
0.0019305019
0.0000000000
0.0000000000
0.0
0.0068946498
0.0000000000
0.0051480051
0.0000000000
0.0000000000
0.0000000000
0.0
0.0019305019
0.0000000000
0.0000000000
0.0000000000
0.0049786629
0.0000000000
0.0038610039
0.0019305019
0.0000000000
0.0000000000
0.0
0.0000000000
0.0000000000
0.0
0.0000000000
0.0019305019
0.0067802995
0.0000000000
0.0000000000
0.0025740026
0.0000000000
0.0062274256
0.0000000000
0.0019305019
0.0000000000
0.0000000000
0.0000000000
0.0000000000
0.0000000000
0.0000000000
0.0000000000
0.0
0.0000000000
0.0019305019
0.0019305019
0.0000000000
0.0000000000
0.0052175728
0.0000000000
0.0
0.0038610039
0.0034749035
0.0000000000
0.0000000000
0.0034749035
0.0000000000
0.0000000000
0.0000000000
0.0000000000
0.0000000000
0.0000000000
0.0000000000
0.0019305019
0.0
0.0000000000
0.0
0.0019305019
0.0000000000
0.0000000000
0.0000000000
0.0
0.0000000000
0.0019305019
0.0000000000
0.0064350064
0.0019305019
0.0034749035
0.0000000000
0.0000000000
0.0085995086
0.0019305019
0.0019305019
0.0000000000
0.0019305019
0.0059895060
0.0000000000
0.0000000000
0.0000000000
0.0000000000
0.0000000000
0.0
0.0000000000
0.0019305019
0.0000000000
0.0019305019
0.0019305019
0.0000000000
0.0000000000
0.0000000000
0.0000000000
0.0000000000
0.0000000000
0.0000000000
0.0000000000
0.0000000000
0.0019305019
0.0000000000
0.0
0.0054054054
0.0037125037
0.0000000000
0.0000000000
0.0000000000
0.0000000000
0.0
0.0000000000
0.0000000000
0.0000000000
0.0000000000
0.0000000000
0.0000000000
0.0000000000
0.0000000000
0.0000000000
0.0
0.0019305019
0.0019305019
0.0000000000
0.0025740026
0.0000000000
0.0000000000
0.0000000000
0.0000000000
0.0000000000
0.0000000000
0.0000000000
0.0000000000
0.0000000000
0.0000000000
0.0000000000
0.0000000000
0.0000000000
0.0019305019
0.0043875044
0.0
0.0000000000
0.0000000000
0.0000000000
0.0000000000
0.0000000000
0.0000000000
0.0000000000
0.0000000000
0.0000000000
0.0000000000
0.0000000000
0.0000000000
0.0
0.0000000000
0.0025740026
0.0000000000
0.0000000000
0.0000000000
0.0000000000
0.0062274256
0.0000000000
0.0000000000
0.0000000000
0.0000000000
0.0000000000
0.0000000000
0.0000000000
0.0000000000
0.0000000000
0.0000000000
0.0000000000
0.0000000000
0.0000000000
0.0000000000
0.0000000000
0.0000000000
0.0000000000
0.0000000000
0.0000000000
0.0000000000
0.0025740026
0.0000000000
0.0000000000
0.0000000000
0.0000000000
0.0000000000
0.0000000000
0.0000000000
0.0000000000
0.0000000000
0.0000000000
0.0000000000
0.0000000000
0.0000000000
0.0000000000
0.0000000000
0.0000000000
0.0000000000
0.0000000000
0.0000000000
0.0000000000
0.0000000000
0.0000000000
0.0000000000
0.0000000000
0.0000000000
