0.0
0.0
0.0
0.0
0.0
0.1755571794
0.0
0.1365444729
0.0
0.0
0.0
0.1582674572
0.1289586688
0.0
0.0
0.0
0.0
0.0
0.1502971536
0.0
0.1243530021
0.0
0.0
0.1339186176
0.0
0.0
0.0543478261
0.0
0.0
0.0
0.0
0.1221713705
0.1273860021
0.1471218616
0.0
0.0
0.0
0.1019088017
0.0
0.0679347826
0.0
0.0
0.0
0.1899209486
0.0
0.2008779264
0.0
0.1970877769
0.1088088768
0.0
0.0
0.1339186176
0.1193788820
0.1698480028
0.1266139657
0.0
0.0452898551
0.1547504026
0.0
0.1644984594
0.0
0.1559052563
0.0
0.1865295031
0.1193788820
0.0679347826
0.0388198758
0.0
0.0452898551
0.1019088017
0.1289586688
0.0217391304
0.1848787995
0.1055116381
0.0000000000
0.0217391304
0.1570774763
0.1055116381
0.0
0.0
0.0217391304
0.0000000000
0.1421177167
0.0000000000
0.1180299681
0.0217391304
0.0000000000
0.0000000000
