0.0
0.0
0.0
0.0
0.0
0.0
0.0
0.0
0.0
0.0
0.0
0.0
0.0
0.0
0.0
0.0
0.0
0.0
0.0
0.0
0.0
0.0
0.0
0.0
0.0
0.0
0.0
0.0
0.0
0.0897366728
0.0
0.1224342459
0.0
0.0
0.0
0.0
0.0
0.1040112081
0.0
0.0
0.1324918236
0.0
0.0
0.0
0.1021664147
0.0
0.0
0.0
0.0
0.1053702395
0.0
0.0
0.0919886197
0.0
0.1220636074
0.0
0.0
0.0
0.0
0.0
0.0
0.0
0.0
0.0
0.0
0.0
0.0
0.0
0.0
0.0
0.1109770963
0.1247062216
0.0942829579
0.0
0.0923397213
0.0
0.1059238485
0.0
0.1071435208
0.0
0.1350056194
0.1127353541
0.0
0.1119010499
0.1167616168
0.1027740314
0.0
0.1075244755
0.0
0.1173278710
0.0
0.0
0.0
0.0
0.0
0.0
0.0839452012
0.1052785335
0.0
0.0
0.0
0.0984255777
0.0000000000
0.0000000000
0.0
0.0
0.0
0.0
0.0
0.1295128854
0.1100682757
0.0
0.0822331985
0.1097686343
0.0927645974
0.1026867869
0.0000000000
0.0
0.0
0.0
0.0
0.0
0.1248349174
0.1060166827
0.0
0.0829095510
0.0
0.0
0.0
0.0
0.0
0.0
0.0655281880
0.0
0.0
0.0811845872
0.0956245336
0.0
0.0
0.1079081489
0.0
0.0
0.0920586263
0.0
0.0960802502
0.0
0.0104895105
0.0
0.0940630132
0.1040112081
0.0000000000
0.0
0.0062937063
0.0581562668
0.0
0.0672027972
0.1174417815
0.0
0.1103695574
0.1185931715
0.0
0.0
0.1100682757
0.0934814799
0.1086837691
0.0966946722
0.0857908049
0.0
0.0
0.0981859050
0.0
0.1098683333
0.0
0.0
0.0871506016
0.0579889909
0.0
0.0
0.0897366728
0.0856692882
0.0769987492
0.0
0.1130514345
0.0000000000
0.0985860106
0.0
0.0
0.1053702395
0.0982656661
0.1163125336
0.0
0.1155348949
0.1090757754
0.0
0.0754616562
0.1167616168
0.1080044955
0.1047316320
0.0
0.0725645081
0.1243217214
0.0950235938
0.0
0.0946518270
0.1013956705
0.0
0.0
0.0
0.0000000000
0.0
0.0546858205
0.0
0.0
0.0
0.0534061965
0.0
0.1055541317
0.0
0.0000000000
0.0
0.0
0.0917792375
0.0960039960
0.0000000000
0.1123166527
0.1044603065
0.0
0.0000000000
0.0
0.0937713449
0.0
0.1133692924
0.0723475090
0.0889448787
0.0700840295
0.0636323172
0.0963097412
0.0000000000
0.0
0.0951731196
0.0842374895
0.0
0.0
0.0000000000
0.1214508383
0.1073336601
0.0
0.0857300035
0.0
0.1003859211
0.0918489256
0.0
0.0
0.0848877438
0.0
0.0844727898
0.0
0.1144418495
0.0688866942
0.1094706199
0.0000000000
0.0853067948
0.0
0.0879745709
0.0887491086
0.0990704627
0.0
0.0000000000
0.0
0.0
0.0979473967
0.0
0.0534533959
0.1212074499
0.1044603065
0.0985860106
0.1160892850
0.0678055129
0.0736693270
0.0000000000
0.0926225383
0.0775416891
0.1158668917
0.1147675854
0.0546858205
0.0
0.0
0.1234337091
0.0000000000
0.0
0.0
0.0
0.0824574199
0.0888795261
0.0
0.0
0.0805359753
0.0000000000
0.0000000000
0.0000000000
0.0874024819
0.1131571889
0.0752738239
0.0985860106
0.0
0.0000000000
0.0
0.0615598142
0.0
0.0
0.0610010262
0.0948745372
0.0
0.0993960846
0.0749009504
0.0000000000
0.0884894184
0.0
0.0000000000
0.0
0.1194126703
0.0672775500
0.0837128270
0.0822331985
0.0975524476
0.0812391101
0.1181299170
0.1007202623
0.1221869040
0.0962331225
0.1128405177
0.0000000000
0.0000000000
0.0946518270
0.1101685200
0.0777910193
0.0987469673
0.0000000000
0.1028614243
0.0931934014
0.0
0.0809130669
0.0782945210
0.0596768796
0.0000000000
0.0961566256
0.0733121424
0.0000000000
0.0
0.0034965035
0.0907464628
0.0000000000
0.1050955994
0.0000000000
0.0
0.0000000000
0.0
0.0
0.0822331985
0.0000000000
0.0000000000
0.0000000000
0.0
0.1070487035
0.0
0.0000000000
0.0
0.0782438777
0.0000000000
0.0826828674
0.0000000000
0.0562628070
0.0945778225
0.0940630132
0.0000000000
0.0659210000
0.0813483759
0.0062937063
0.0000000000
0.0000000000
0.0000000000
0.0723475090
0.0614347562
0.0000000000
0.0000000000
0.0000000000
0.0861574323
0.0000000000
0.0000000000
0.1047316320
0.0897366728
0.0000000000
0.1028614243
0.0
0.0000000000
0.0805359753
0.0494138215
0.1060166827
0.0000000000
0.0000000000
0.0000000000
0.0034965035
0.0062937063
0.0000000000
0.0000000000
0.0
0.0
0.0000000000
0.0000000000
0.0000000000
0.0857908049
0.0000000000
0.0
0.0000000000
0.0905426908
0.0000000000
0.0662096524
0.0695201350
0.0000000000
0.0000000000
0.0000000000
0.0632993380
0.0000000000
0.0889448787
0.0000000000
0.0000000000
0.0826263900
0.0000000000
0.0000000000
0.1101685200
0.0562628070
0.0000000000
0.0000000000
0.0000000000
0.0000000000
0.0000000000
0.0000000000
0.0000000000
0.0897366728
0.0770968993
0.0000000000
0.0000000000
0.0000000000
0.0000000000
0.0000000000
0.0
0.0000000000
0.0000000000
0.0000000000
0.0000000000
0.0000000000
0.0000000000
0.0000000000
0.0000000000
0.0761265167
0.0963864820
0.0942829579
0.0000000000
0.0000000000
0.0000000000
0.0000000000
0.0000000000
0.0000000000
0.0000000000
0.0000000000
0.0000000000
