0.0
0.0
0.0
0.0
0.0
0.0
0.0
0.0
0.0
0.0188679245
0.0
0.0
0.0
0.0
0.0
0.0000000000
0.0
0.0
0.0
0.0
0.0
0.0
0.0
0.0
0.0314465409
0.0
0.0000000000
0.0
0.0
0.0
0.0801886792
0.1048621190
0.0
0.0
0.0
0.0
0.0
0.0
0.0
0.0
0.0
0.0
0.0
0.0000000000
0.0
0.0
0.0000000000
0.0
0.0
0.0717477656
0.0
0.0
0.0188679245
0.0
0.0
0.0
0.0
0.0
0.0
0.0
0.0
0.0000000000
0.0
0.0
0.0826186392
0.0
0.0
0.0
0.0
0.0801886792
0.0000000000
0.0000000000
0.0
0.0
0.0
0.0
0.0
0.0
0.0251572327
0.0
0.0
0.0
0.0
0.0
0.0
0.0524109015
0.0
0.0
0.0
0.0
0.0
0.0649146451
0.0
0.0
0.0879488740
0.0
0.0592698934
0.0
0.0
0.0
0.0000000000
0.0
0.0188679245
0.0534591195
0.0428816467
0.0
0.0
0.0377358491
0.0556411244
0.0619639794
0.0314465409
0.0000000000
0.0664979291
0.0
0.0
0.0826186392
0.0462104253
0.0000000000
0.0000000000
0.0000000000
0.0940143136
0.1090566038
0.0000000000
0.0000000000
0.0524109015
0.0717477656
0.0940143136
0.0188679245
0.0000000000
0.0188679245
0.0000000000
0.0
0.0
0.0428816467
0.0188679245
0.0000000000
0.0000000000
0.0000000000
0.0000000000
0.0251572327
0.0000000000
