0.0
0.0
0.0
0.0
0.0
0.0
0.0
0.0
0.0
0.0
0.0
0.0
0.0
0.0
0.0
0.0
0.0
0.0
0.0
0.0
0.0
0.0
0.0
0.0
0.0
0.0
0.0
0.0
0.0
0.0889985060
0.0
0.1152455231
0.0
0.0
0.0
0.0
0.0
0.0808500102
0.0
0.0
0.1142770733
0.0
0.0
0.0
0.0712734367
0.0
0.0
0.0
0.0
0.1055820786
0.0
0.0
0.1095807552
0.0
0.1023248437
0.0
0.0
0.0
0.0
0.0
0.0
0.0
0.0
0.0
0.0
0.0
0.0
0.0
0.0
0.0
0.1204514767
0.1018649567
0.0832250411
0.0
0.0531833075
0.0
0.1078427575
0.0
0.0844656629
0.0
0.0
0.0976236305
0.0
0.0
0.0977639951
0.1140853332
0.0
0.0965150584
0.0
0.1052551991
0.0
0.0
0.0
0.0
0.0
0.0
0.0000000000
0.0845707197
0.0
0.0
0.0
0.0847287958
0.0814309684
0.0778418530
0.0
0.0
0.0
0.0
0.0
0.1079283470
0.0935923725
0.0
0.0994804076
0.1042066799
0.0
0.1099350988
0.0
0.0
0.0
0.0
0.0
0.0
0.0984006637
0.1045270693
0.0
0.0844132323
0.0
0.0
0.0
0.0
0.0
0.0
0.0
0.0
0.0
0.0925100117
0.0967209938
0.0
0.0
0.1183548453
0.0
0.0
0.0954313805
0.0
0.0989735933
0.0
0.0034275921
0.0
0.1102917415
0.0996261665
0.0082262211
0.0
0.0
0.0
0.0
0.1107408121
0.1049303374
0.0
0.0955655075
0.1170307377
0.0
0.0
0.1102917415
0.0
0.0957674065
0.0742707358
0.0000000000
0.0
0.0
0.0897621896
0.0
0.0
0.0
0.0
0.0877353014
0.0977639951
0.0
0.0
0.0859606304
0.0000000000
0.0764416623
0.0
0.0938507365
0.0000000000
0.0810427397
0.0
0.0
0.1066586017
0.0950312489
0.1130421590
0.0
0.1046074748
0.0965150584
0.0
0.0
0.0892320979
0.0025706941
0.0869499471
0.0
0.0
0.1252207341
0.1144694589
0.0
0.0966522510
0.0918229016
0.0
0.0
0.0
0.0804672883
0.0
0.0636358059
0.0
0.0
0.0
0.0068551842
0.0
0.0
0.0
0.0000000000
0.0
0.0
0.0957674065
0.0646646302
0.0000000000
0.0
0.1122027370
0.0
0.0682679303
0.0
0.0831232990
0.0
0.0921339548
0.0
0.0957000121
0.0832760056
0.0933354271
0.1020177924
0.0000000000
0.0
0.1146624934
0.1062419666
0.0
0.0
0.0051413882
0.1177400149
0.0584148270
0.0
0.0870055772
0.0
0.0901190969
0.0
0.0
0.0
0.0
0.0
0.0969969452
0.0
0.1148561801
0.0894080981
0.0984006637
0.0025706941
0.0051413882
0.0
0.1031006196
0.0601458281
0.1011828253
0.0
0.0000000000
0.0
0.0
0.0082262211
0.0
0.0758025180
0.1055820786
0.1153432716
0.0895847940
0.1050113647
0.0802299217
0.0773547880
0.0636954179
0.0647261862
0.0879623009
0.0986862970
0.1080999342
0.0775311957
0.0
0.0
0.1219638719
0.0000000000
0.0
0.0
0.0
0.0850999482
0.0940454476
0.0
0.0
0.0000000000
0.0034275921
0.0835831083
0.0
0.0
0.0992625673
0.0927624265
0.0779757553
0.0
0.0
0.0
0.0
0.0
0.0
0.0757181054
0.1015606551
0.0
0.0970661793
0.1136087863
0.0025706941
0.1093164929
0.0
0.0000000000
0.0
0.1153432716
0.0997723531
0.0583146300
0.0000000000
0.0965836060
0.0025706941
0.1072474111
0.0921339548
0.1129482701
0.1085312987
0.0930798886
0.0
0.0840480329
0.1002874021
0.0963099980
0.0811394494
0.0846233461
0.0867281360
0.0948324388
0.1008077963
0.0
0.0
0.0
0.0891735851
0.0
0.0
0.0787889439
0.0542656493
0.0
0.0045701228
0.0938507365
0.0
0.0
0.0000000000
0.0
0.0766139252
0.0
0.0
0.0961058072
0.0000000000
0.0983295135
0.0729167385
0.0
0.0741492460
0.0
0.0811394494
0.0
0.0811878909
0.0000000000
0.0
0.0025706941
0.0000000000
0.0824180104
0.0
0.0753405636
0.0801353667
0.0724891883
0.0051413882
0.0000000000
0.0025706941
0.0768737802
0.0646031911
0.0000000000
0.0921964185
0.0878486545
0.0000000000
0.1032571885
0.0970661793
0.0051413882
0.0869499471
0.0834292744
0.0000000000
0.0885349722
0.0
0.0867834826
0.0034275921
0.0672218078
0.1000660171
0.1072474111
0.0000000000
0.0849404855
0.0068551842
0.0
0.0897029797
0.0025706941
0.0
0.0
0.0953644581
0.0667270448
0.0000000000
0.0
0.0831232990
0.0
0.0000000000
0.0000000000
0.0000000000
0.0784706966
0.0713856783
0.0636358059
0.0034275921
0.0771354040
0.0730342198
0.0000000000
0.1008825795
0.0741088377
0.1087048099
0.0824679910
0.0974138376
0.0045701228
0.0958348959
0.0
0.0872847992
0.0819708965
0.0596707842
0.0000000000
0.0802299217
0.0739074550
0.0773988146
0.0778418530
0.0887661340
0.0000000000
0.0000000000
0.0025706941
0.0913295616
0.0000000000
0.0
0.1034142336
0.0000000000
0.0889985060
0.0806103837
0.0000000000
0.0
0.0025706941
0.0025706941
0.0881904781
0.0810427397
0.0939804542
0.0000000000
0.0
0.0000000000
0.0
0.0000000000
0.0051413882
0.0872847992
0.0732703218
0.0000000000
0.0000000000
0.1031006196
0.0720284519
0.0000000000
0.0051413882
0.0751739730
0.0000000000
0.0908414945
0.0669240734
0.0926360472
0.1076719851
0.0959024804
0.0729950173
0.0025706941
0.0
0.0831741390
0.0845181586
0.0869499471
0.0000000000
0.0000000000
0.0000000000
0.0000000000
0.0000000000
0.0000000000
0.0891735851
0.0778418530
0.0969969452
0.0775311957
0.0
0.0051413882
0.0723734525
0.0000000000
0.0025706941
0.0000000000
0.0000000000
0.0680629215
0.0908414945
0.0000000000
0.0000000000
0.0000000000
0.0844132323
0.0000000000
0.0000000000
0.0000000000
0.0000000000
0.0000000000
0.0000000000
0.0000000000
0.0000000000
0.0000000000
0.0908414945
0.0575252611
0.0000000000
0.0000000000
0.0034275921
0.1001397034
0.0736273510
0.0000000000
0.0000000000
0.0743113209
0.0843608668
0.0000000000
0.0000000000
0.0
0.0000000000
0.0662072625
0.0658864909
0.0000000000
0.0878486545
0.0000000000
0.0000000000
0.0000000000
0.0000000000
0.0732703218
0.0000000000
0.0000000000
0.0000000000
0.0000000000
0.0930162225
0.0000000000
0.0668582681
0.0000000000
0.0000000000
0.0792480870
0.0000000000
0.0000000000
0.0000000000
0.0497220173
0.0000000000
0.0000000000
0.0000000000
0.0000000000
0.0000000000
0.0000000000
0.0000000000
0.0
0.0000000000
0.0853134989
0.0000000000
0.0000000000
0.0000000000
0.0693117825
0.0000000000
0.0000000000
0.0034275921
0.0745966633
0.0025706941
0.0000000000
0.0000000000
0.0025706941
0.0000000000
0.0000000000
0.0000000000
0.0000000000
0.0000000000
0.0000000000
0.0000000000
0.0000000000
0.0000000000
0.0
0.0000000000
0.0000000000
0.0828700288
0.0000000000
0.0000000000
0.0000000000
0.0894080981
0.0000000000
0.0000000000
0.0000000000
0.0000000000
0.0000000000
0.0000000000
0.0000000000
0.0000000000
0.0797593649
0.0000000000
0.0000000000
0.0000000000
0.0000000000
0.0000000000
0.0000000000
0.0000000000
