0.0
0.0
0.0
0.0
0.1808035714
0.0
0.1972402597
0.0
0.0
0.1298076923
0.0
0.1765988372
0.0
0.1725852273
0.0
0.1380681818
0.1309267241
0.1598684211
0.1650815217
0.1972402597
0.1518750000
0.0000000000
0.0
0.1460336538
0.0
0.1687500000
0.0000000000
0.1534090909
0.0000000000
0.1380681818
0.0
0.1633064516
0.1460336538
0.1829819277
0.1393348624
0.1582031250
0.1875000000
0.1582031250
0.0277777778
0.0
0.0416666667
0.1668956044
0.1255165289
0.0000000000
0.0
0.0000000000
0.0277777778
0.0000000000
0.0000000000
0.1393348624
0.0000000000
0.1069542254
0.0000000000
0.0000000000
0.0000000000
0.0000000000
0.1116727941
0.1460336538
0.0000000000
0.0000000000
0.0000000000
0.0000000000
0.0000000000
0.0000000000
