0.0
0.0
0.0
0.0
0.0
0.0
0.0
0.0
0.0
0.0
0.0
0.0
0.0
0.0
0.0
0.0
0.0
0.0
0.0
0.0
0.0
0.0
0.0
0.0
0.0
0.0
0.0
0.0
0.0
0.0
0.0
0.0
0.0
0.0
0.0
0.0
0.0
0.0
0.0
0.0
0.0
0.0
0.0
0.0
0.0
0.0
0.0
0.0
0.0
0.0
0.0
0.0
0.0
0.0
0.0
0.0
0.0
0.0
0.0
0.0
0.0288924559
0.0
0.0
0.0
0.0
0.0
0.0
0.0
0.0
0.0
0.0
0.0
0.0
0.0
0.0
0.0460459184
0.0
0.0
0.0
0.0331797235
0.0
0.0
0.0
0.0
0.0
0.0
0.0089285714
0.0
0.0
0.0
0.0
0.0
0.0
0.0
0.0
0.0
0.0
0.0
0.0
0.0
0.0
0.0
0.0
0.0
0.0
0.0
0.0
0.0
0.0
0.0565149137
0.0
0.0
0.0
0.0
0.0
0.0
0.0
0.0
0.0
0.0335751488
0.0
0.0435569498
0.0
0.0
0.0
0.0
0.0
0.0
0.0
0.0
0.0
0.0
0.0
0.0494505495
0.0
0.0
0.0
0.0
0.0
0.0704500978
0.0
0.0
0.0
0.0
0.0
0.0
0.0
0.0
0.0
0.0
0.0
0.0
0.0000000000
0.0
0.0
0.0
0.0288924559
0.0
0.0000000000
0.0
0.0
0.0298445767
0.0
0.0
0.0366274351
0.0
0.0
0.0358134921
0.0
0.0
0.0
0.0
0.0
0.0
0.0
0.0089285714
0.0
0.0
0.0
0.0119047619
0.0
0.0
0.0547112462
0.0
0.0000000000
0.0
0.0
0.0
0.0200892857
0.0
0.0
0.0455120101
0.0474002101
0.0
0.0
0.0
0.0
0.0
0.0383715986
0.0
0.0
0.0
0.0
0.0
0.0
0.0
0.0386680988
0.0
0.0
0.0000000000
0.0
0.0
0.0
0.0
0.0
0.0530191458
0.0
0.0000000000
0.0358134921
0.0
0.0357142857
0.0
0.0282738095
0.0
0.0
0.0119047619
0.0
0.0455120101
0.0
0.0
0.0333951763
0.0
0.0
0.0439560440
0.0
0.0535714286
0.0000000000
0.0
0.0
0.0
0.0
0.0627177700
0.0200892857
0.0460459184
0.0335751488
0.0
0.0
0.0
0.0413232601
0.0089285714
0.0133928571
0.0
0.0432172869
0.0
0.0178571429
0.0
0.0
0.0378151261
0.0
0.0247252747
0.0
0.0451127820
0.0290556901
0.0
0.0
0.0119047619
0.0
0.0000000000
0.0282738095
0.0000000000
0.0000000000
0.0178571429
0.0000000000
0.0229591837
0.0298445767
0.0000000000
0.0
0.0
0.0259936636
0.0000000000
0.0000000000
0.0321428571
0.0
0.0089285714
0.0
0.0000000000
0.0000000000
0.0133928571
0.0
0.0642857143
0.0000000000
0.0000000000
0.0
0.0089285714
0.0119047619
0.0
0.0366274351
0.0119047619
0.0229591837
0.0000000000
0.0
0.0000000000
0.0000000000
0.0
0.0499306519
0.0489795918
0.0000000000
0.0178571429
0.0089285714
0.0474002101
0.0000000000
0.0000000000
0.0178571429
0.0229591837
0.0571428571
0.0000000000
0.0304076819
0.0455120101
0.0000000000
0.0000000000
0.0000000000
0.0000000000
0.0000000000
0.0489795918
0.0
0.0119047619
0.0000000000
0.0000000000
0.0000000000
0.0000000000
0.0000000000
0.0282738095
0.0000000000
0.0000000000
0.0000000000
0.0000000000
0.0000000000
0.0000000000
0.0000000000
0.0000000000
