0.0
0.0
0.0
0.0
0.0
0.0
0.0884672071
0.0
0.0
0.0
0.0
0.0
0.0
0.0
0.0
0.0753727829
0.0
0.0
0.0
0.0
0.0
0.0
0.0
0.0
0.0
0.0
0.0
0.0
0.0
0.0000000000
0.0
0.1087409420
0.0
0.0
0.0
0.0
0.0907750473
0.0000000000
0.0000000000
0.0
0.0971081901
0.0000000000
0.0
0.0707737657
0.0197628458
0.0
0.0
0.0
0.0
0.0579951691
0.0
0.0
0.0784897025
0.0
0.0000000000
0.0
0.0845273719
0.0000000000
0.0
0.0
0.0
0.0
0.0
0.0
0.0
0.0
0.0
0.0
0.0
0.0
0.0310559006
0.0463961353
0.0869927536
0.0
0.0086956522
0.0
0.0586468002
0.0
0.0000000000
0.0
0.0962131837
0.1140888572
0.0884672071
0.0505526898
0.1038719446
0.0664912767
0.0
0.1008611636
0.0241545894
0.0241545894
0.0
0.0
0.0
0.0
0.0
0.0
0.0000000000
0.0086956522
0.0
0.0
0.0
0.0000000000
0.0567344045
0.0086956522
0.0
0.0000000000
0.0
0.0
0.0
0.1003762542
0.0519359723
0.0000000000
0.1110545791
0.0572007147
0.0632674572
0.0831803222
0.0873567400
0.0000000000
0.0115942029
0.0
0.0
0.0000000000
0.0086956522
0.0664912767
0.0
0.0626974801
0.0761980324
0.0
0.0
0.0884672071
0.0
0.0907750473
0.0086956522
0.0
0.0086956522
0.0669175028
0.0652445652
0.0
0.0173913043
0.0740363861
0.0732570557
0.0662801932
0.0167224080
0.0
0.0130434783
0.0
0.0086956522
0.0
0.0698269594
0.0654490936
0.0000000000
0.0000000000
0.0806110458
0.0000000000
0.0
0.0000000000
0.0516788635
0.0989491036
0.0000000000
0.0167224080
0.0568889942
0.0
0.0000000000
0.0884672071
0.0000000000
0.0000000000
0.0000000000
0.0000000000
0.0
0.0781957336
0.0
0.0086956522
0.0642408027
0.0
0.0000000000
0.0115942029
0.0
0.0130434783
0.0884672071
0.0806110458
0.0000000000
0.0000000000
0.0000000000
0.0000000000
0.0195652174
0.0000000000
0.0751016578
0.0195652174
0.0000000000
0.0086956522
0.0
0.0698269594
0.0000000000
0.0000000000
0.0000000000
0.0000000000
0.0000000000
0.0000000000
0.0000000000
0.0000000000
0.0086956522
0.0000000000
0.0000000000
0.0000000000
0.0000000000
0.0000000000
