0.0
0.0
0.0
0.0
0.0
0.1322751323
0.0
0.0277777778
0.0
0.0
0.0
0.1543209877
0.0370370370
0.0
0.0
0.0
0.0
0.0
0.0000000000
0.0
0.0370370370
0.0
0.0370370370
0.1461988304
0.0
0.0
0.0000000000
0.0
0.0
0.0
0.0
0.1262626263
0.0000000000
0.0555555556
0.0
0.0
0.0
0.0896057348
0.0
0.0625000000
0.0625000000
0.0
0.0
0.0000000000
0.0
0.0000000000
0.0
0.1028806584
0.0000000000
0.0868055556
0.0
0.0555555556
0.0992063492
0.0277777778
0.0370370370
0.0
0.0416666667
0.0868055556
0.0
0.0000000000
0.0
0.0416666667
0.0
0.1207729469
0.0896057348
0.0000000000
0.0000000000
0.0
0.0000000000
0.0000000000
0.0000000000
0.0000000000
0.0000000000
