0.0
0.0
0.0
0.0
0.0
0.0
0.0
0.2352497719
0.0
0.0
0.0
0.0
0.0
0.0
0.0
0.0
0.0
0.0
0.0
0.0
0.2049925665
0.0
0.0
0.2030340388
0.0
0.0
0.0
0.0
0.0
0.0
0.0
0.2030340388
0.1416726404
0.2076634794
0.0
0.0
0.0
0.1785789585
0.0
0.0
0.0
0.0
0.0
0.0
0.0
0.0
0.0
0.0
0.0
0.0
0.0
0.0
0.0
0.2244812964
0.0
0.0
0.0
0.2301541089
0.0
0.2268778939
0.0
0.0
0.0
0.2396717600
0.1949623491
0.2023894863
0.0107526882
0.0
0.1677702320
0.0
0.2125089606
0.2581080493
0.2461493752
0.0
0.0
0.2097127900
0.2550107527
0.2153807033
0.0
0.0
0.0
0.1468955949
0.1979897148
0.0
0.0
0.2387741130
0.1704617331
0.0
0.2480649345
0.2405761818
0.0
0.2221348020
0.2509948353
0.2309880006
0.0
0.0
0.1891771162
0.1686579052
0.2387741130
0.1704617331
0.2139351952
0.0
0.1931899642
0.1897401434
0.0
0.0
0.0
0.1766002442
0.0
0.0
0.2118029507
0.1756272401
0.0
0.2326740444
0.2213635006
0.0
0.2213635006
0.0000000000
0.0
0.2043355390
0.2036827098
0.0
0.0
0.2452026468
0.1780801346
0.2276881720
0.1979897148
0.1979897148
0.0
0.2004801515
0.2004801515
0.2125089606
0.1821505376
0.2433308709
0.2396717600
0.2043355390
0.1655913978
0.1780801346
0.1992271505
0.0
0.1737130468
0.2056538328
0.0
0.0107526882
0.1949623491
0.0
0.2424056584
0.1903065319
0.1842563242
0.0
0.2309880006
0.0
0.0
0.2004801515
0.0
0.1790805848
0.1826724589
0.0
0.0000000000
0.0
0.2104049115
0.1581952560
0.2076634794
0.2361210673
0.0107526882
0.2343848830
0.0000000000
0.0
0.1886174206
0.2017490132
0.0
0.0000000000
0.2252745165
0.0000000000
0.0107526882
0.1468955949
0.0000000000
0.0000000000
0.0000000000
0.0000000000
0.0000000000
0.0000000000
0.0000000000
