0.0
0.0
0.0
0.0
0.1239789267
0.0
0.1446760666
0.0
0.0
0.1132814533
0.0
0.1195150115
0.0
0.1324744706
0.0
0.1268392913
0.0
0.1299306477
0.0
0.0
0.1464830117
0.0991132941
0.0
0.0
0.0
0.1234569102
0.1216639675
0.1243293972
0.1317798479
0.1277604190
0.0
0.0
0.1414196921
0.1245935531
0.1370140942
0.1281326271
0.1348092697
0.1203324877
0.1327744128
0.0
0.0
0.1451535454
0.1385244858
0.1320766494
0.0
0.1352237487
0.1386336462
0.1245935531
0.1191911226
0.1168167975
0.1240663590
0.1076659100
0.1381980338
0.1355362843
0.1338859186
0.0
0.1276677046
0.0
0.1071413502
0.1436131404
0.0
0.0023094688
0.1280393719
0.1355362843
0.0
0.1410794683
0.0
0.0923012051
0.1238044314
0.1359552527
0.1394026125
0.1391820388
0.1121262569
0.1373349703
0.1230252427
0.1258412711
0.1159697409
0.0884050739
0.0924953191
0.1230252427
0.1286950234
0.1326742813
0.1364826199
0.0
0.1338859186
0.1282260182
0.1286950234
0.0
0.0961870405
0.0980089677
0.1292623784
0.0
0.1295479359
0.1130630443
0.0023094688
0.0
0.0921561535
0.1292623784
0.1239789267
0.1313861815
0.1334795880
0.1312881321
0.1162763364
0.1081291315
0.1276677046
0.1350161911
0.0
0.1130630443
0.1409664239
0.0
0.1239789267
0.1293574243
0.1149092730
0.1183890289
0.1117700743
0.1146845482
0.1346029816
0.0
0.1267479085
0.1409664239
0.1200041589
0.1202502372
0.0951466182
0.1195962590
0.0000000000
0.1359552527
0.0
0.1100225747
0.0000000000
0.1301228528
0.0
0.0
0.1130630443
0.1122693663
0.1345000742
0.0896210377
0.1107846958
0.1223408185
0.1268392913
0.1324744706
0.1214959233
0.1124847168
0.1245053765
0.0
0.0000000000
0.1357454452
0.1187085675
0.0000000000
0.1397347871
0.1168167975
0.1167392814
0.1321758805
0.1236304266
0.1204973267
0.1266566573
0.1160462381
0.0000000000
0.0000000000
0.1143119539
0.1115574490
0.1363768194
0.0000000000
0.1095430243
0.0990017428
0.1212447257
0.1135739813
0.1212447257
0.1023421158
0.1072066405
0.1308973936
0.0
0.0
0.0776715660
0.0
0.1068160880
0.1090676361
0.0
0.1309948600
0.1139417727
0.0
0.0969289791
0.1045933989
0.1121262569
0.1306058627
0.1058520439
0.1172840647
0.1114161476
0.0
0.0967158312
0.1159697409
0.1143119539
0.1338859186
0.0948900200
0.1100225747
0.1347060467
0.1034251011
0.1123410581
0.1422199652
0.1136473495
0.0
0.0
0.1164302429
0.1233703345
0.0
0.1127008949
0.0874384180
0.0
0.1193528474
0.0
0.0969824129
0.1070761394
0.1299306477
0.0
0.1012233009
0.0988904424
0.1262929627
0.1078639467
0.1128454759
0.0
0.1316812103
0.0000000000
0.1312881321
0.1316812103
0.0000000000
0.0
0.1243293972
0.0000000000
0.0000000000
0.1198406655
0.1359552527
0.1052819252
0.1248588339
0.0
0.1385244858
0.1251252468
0.1066865355
0.1302191688
0.0
0.1271142319
0.0
0.1246818547
0.0000000000
0.0046189376
0.0000000000
0.1246818547
0.0904039553
0.1255718037
0.0000000000
0.1268392913
0.1239789267
0.0964507111
0.0000000000
0.1115574490
0.1258412711
0.0841751660
0.0856504854
0.1262929627
0.1114867535
0.1404039082
0.0000000000
0.0
0.0000000000
0.1011650932
0.1006442203
0.1054080869
0.1129904284
0.1125566839
0.1169721390
0.0860695191
0.0000000000
0.0023094688
0.1373349703
0.1057883927
0.1124847168
0.0
0.0
0.0000000000
0.0000000000
0.0000000000
0.1129904284
0.0993371525
0.1119835118
0.1014568033
0.0758629138
0.1225965833
0.0030792918
0.1027005820
0.0955081960
0.0046189376
0.1313861815
0.0
0.0931811954
0.1084624519
0.0923012051
0.1217481640
0.1160462381
0.1190298356
0.0000000000
0.1017502007
0.1205799157
0.0000000000
0.0962396592
0.1001286836
0.1088651590
0.0938773196
0.1058520439
0.0000000000
0.0030792918
0.1020452999
0.0000000000
0.1071413502
0.1182299039
0.0000000000
0.0
0.0023094688
0.1140156170
0.1010488782
0.1037912077
0.1121262569
0.1236304266
0.1113456310
0.1155128674
0.0880070520
0.0
0.0000000000
0.0000000000
0.0769917274
0.0687211316
0.0000000000
0.0957160484
0.0000000000
0.1138680239
0.1284132095
0.0000000000
0.0000000000
0.1069459556
0.1133544439
0.0000000000
0.0000000000
0.0997879166
0.1167392814
0.1039752346
0.0023094688
0.0000000000
0.1071413502
0.1012815757
0.0000000000
0.0976282447
0.0961870405
0.1254822375
0.0000000000
0.0000000000
0.0987239602
0.0000000000
0.1243293972
0.1019270550
0.0776715660
0.0000000000
0.0030792918
0.1097480331
0.0000000000
0.0
0.1021638194
0.1213283428
0.0836150651
0.0000000000
0.0962396592
0.1114161476
0.0000000000
0.1221709007
0.0000000000
0.0000000000
0.0000000000
0.0000000000
0.0000000000
0.0917237211
0.1119835118
0.0000000000
0.1004144389
0.0841751660
0.0000000000
0.0000000000
0.0786086224
0.0000000000
0.0836150651
0.0023094688
0.1215798874
0.0000000000
0.0000000000
0.0000000000
0.0000000000
0.0000000000
0.0930333670
0.0000000000
0.0000000000
0.0000000000
0.0000000000
0.1220861187
0.0000000000
0.0030792918
0.1238916176
0.0869629743
0.0938773196
0.1143119539
0.0000000000
0.0000000000
0.0023094688
0.0000000000
0.1039138198
0.0000000000
0.0023094688
0.0000000000
0.0000000000
0.0000000000
0.0023094688
0.0000000000
0.0000000000
0.1136473495
0.0023094688
0.0000000000
0.0000000000
0.0000000000
0.0786086224
0.0000000000
0.1036078310
0.0000000000
0.0000000000
0.0000000000
0.0000000000
0.0023094688
0.0000000000
0.0000000000
0.0000000000
0.0000000000
0.0000000000
0.0000000000
0.0000000000
0.0000000000
0.0000000000
0.0000000000
0.0000000000
0.0023094688
0.0000000000
0.0000000000
0.0000000000
0.0000000000
0.0000000000
0.0000000000
0.0000000000
0.0000000000
0.0000000000
0.0000000000
0.0000000000
0.0000000000
0.0000000000
0.1176763191
0.0000000000
0.1095430243
0.0000000000
0.0000000000
0.0000000000
0.0000000000
0.0873515874
0.0000000000
0.0000000000
0.0000000000
0.0000000000
0.0000000000
0.0000000000
0.0000000000
0.0000000000
0.0000000000
0.0000000000
0.0000000000
0.0000000000
0.0000000000
0.0000000000
0.0000000000
0.0000000000
0.0000000000
0.0000000000
0.0000000000
0.0997879166
0.0000000000
0.0000000000
0.0000000000
0.0000000000
0.0000000000
0.0000000000
0.0000000000
0.0000000000
0.0000000000
0.0000000000
0.0000000000
0.0000000000
