0.0
0.0
0.0
0.0
0.0
0.0
0.0
0.0
0.0
0.0
0.0
0.0
0.0
0.0
0.0
0.0
0.0
0.0
0.0
0.0
0.0
0.0
0.0
0.0
0.0
0.0
0.0
0.0
0.0
0.0
0.0
0.0
0.0
0.0
0.0
0.0
0.0
0.0
0.0
0.0
0.0
0.0
0.0
0.0
0.0
0.0
0.0
0.0
0.0
0.0
0.0
0.0
0.0
0.0
0.0
0.0
0.0
0.0
0.0
0.0
0.0976034275
0.0
0.0
0.0
0.0
0.0
0.0
0.0
0.0
0.0
0.0
0.0
0.0
0.0
0.0
0.1247379903
0.0
0.0
0.0
0.1178896301
0.0
0.0
0.0
0.0
0.0
0.0
0.0960442673
0.0
0.0
0.0
0.0
0.1342047128
0.0
0.0
0.0
0.0
0.0
0.0
0.0
0.0
0.0
0.0
0.0
0.0
0.0
0.0
0.0
0.0
0.0
0.1424732496
0.0
0.0
0.0
0.0
0.0
0.0
0.0
0.0
0.1424732496
0.1117541103
0.0
0.0103092784
0.0
0.0
0.0
0.0
0.0
0.0
0.0
0.0
0.0
0.0
0.0
0.1385338971
0.0
0.0
0.0
0.1411354726
0.0
0.1391752577
0.0
0.1174291237
0.0
0.0
0.0
0.0
0.0
0.0
0.0
0.0
0.1138706654
0.0
0.1134409648
0.0
0.0
0.0
0.1156225218
0.0
0.0960442673
0.0
0.0
0.0103092784
0.1047451417
0.0821362177
0.1438366300
0.0
0.0
0.0103092784
0.0
0.0
0.0
0.1503092784
0.0
0.1295769641
0.0
0.0000000000
0.1284694687
0.1143036337
0.0
0.1212171600
0.0
0.0
0.1268432729
0.1081361715
0.0933598002
0.0
0.0
0.0
0.1354137643
0.0
0.0
0.0908213162
0.1279227901
0.0
0.0
0.0
0.0
0.0
0.0933598002
0.0
0.0
0.0
0.0
0.0
0.0103092784
0.1109293567
0.1411354726
0.1212171600
0.0
0.0103092784
0.0
0.0
0.0
0.0000000000
0.1366447985
0.1138706654
0.1147399071
0.1147399071
0.0000000000
0.0
0.0103092784
0.0
0.0933598002
0.1541633624
0.0
0.0103092784
0.0
0.0945341373
0.1165188204
0.0000000000
0.1324310822
0.0
0.0103092784
0.0948323523
0.0000000000
0.1330170605
0.0000000000
0.0
0.0
0.0
0.0103092784
0.0948323523
0.0103092784
0.0000000000
0.0805947873
0.0801649485
0.0000000000
0.0966619153
0.0939432990
0.0821362177
0.0000000000
0.0
0.0103092784
0.0103092784
0.0000000000
0.0
0.0
0.0103092784
0.0000000000
0.0948323523
0.0000000000
0.0103092784
0.1073637703
0.0103092784
0.0
0.0000000000
0.0
0.0103092784
0.0103092784
0.0103092784
0.0000000000
0.0927835052
0.0000000000
0.0103092784
0.1138706654
0.0103092784
0.0000000000
0.0000000000
0.0000000000
0.0000000000
0.0000000000
0.0000000000
0.0000000000
0.0000000000
