0.0
0.0
0.0
0.0
0.0
0.0
0.0
0.0
0.0
0.0
0.0
0.0
0.0
0.0
0.0
0.0
0.0
0.0
0.0
0.0
0.0
0.0
0.0
0.0
0.0
0.0
0.0
0.0
0.0
0.0878646950
0.0
0.1019543566
0.0
0.0
0.0
0.0
0.0
0.0768508776
0.0
0.0
0.1067904497
0.0
0.0
0.0
0.0733222201
0.0
0.0
0.0
0.0
0.0942570476
0.0
0.0
0.1045944542
0.0
0.1002427141
0.0
0.0
0.0
0.0
0.0
0.0
0.0
0.0
0.0
0.0
0.0
0.0
0.0
0.0
0.0
0.1147305918
0.1115617533
0.0
0.0
0.0000000000
0.0
0.1010540974
0.0
0.0793829586
0.0
0.0
0.0
0.0
0.0
0.0775451826
0.0971921574
0.0
0.0922313756
0.0
0.1071236492
0.0
0.0
0.0
0.0
0.0
0.0
0.0000000000
0.0874172618
0.0
0.0
0.0
0.0830807733
0.0797054662
0.0
0.0
0.0
0.0
0.0
0.0
0.1084775026
0.0885444993
0.0
0.0928549820
0.0940633687
0.0
0.1024869540
0.0
0.0
0.0
0.0
0.0
0.0
0.0914331014
0.0
0.0
0.0771964690
0.0
0.0
0.0
0.0
0.0
0.0
0.0
0.0
0.0
0.0886588240
0.0758743195
0.0
0.0
0.1162849436
0.0
0.0
0.0963736971
0.0
0.0924175763
0.0
0.0
0.0
0.1038823891
0.0863726530
0.0078239609
0.0
0.0
0.0
0.0
0.1080507619
0.0991570530
0.0
0.0948428994
0.1172779832
0.0
0.0
0.1049942801
0.0
0.0846164623
0.0702108989
0.0000000000
0.0
0.0
0.0876963719
0.0
0.0
0.0
0.0
0.0891190904
0.0979547206
0.0
0.0
0.0927922421
0.0000000000
0.0772833530
0.0
0.0872506470
0.0000000000
0.0852467525
0.0
0.0
0.1072072743
0.0921694754
0.1115617533
0.0
0.0943866105
0.0933599717
0.0
0.0
0.0822843130
0.0730103766
0.0936145319
0.0
0.0
0.1237229895
0.1122915113
0.0
0.0862641447
0.0864814347
0.0
0.0
0.0
0.0799839944
0.0
0.0651173629
0.0
0.0
0.0
0.0048899756
0.0
0.0
0.0
0.0000000000
0.0
0.0
0.0929178067
0.0650556695
0.0
0.0
0.1118342983
0.0
0.0669261785
0.0
0.0805469316
0.0
0.0990140723
0.0
0.0833834355
0.0892929248
0.0945165302
0.0947120816
0.0000000000
0.0
0.1141583694
0.0988003729
0.0
0.0
0.0048899756
0.1139688949
0.0585639737
0.0
0.0844084317
0.0
0.0855121534
0.0
0.0
0.0
0.0
0.0
0.0797517528
0.0
0.1108414192
0.0988715035
0.1009055976
0.0048899756
0.0055567904
0.0
0.0
0.0629965680
0.0947120816
0.0
0.0000000000
0.0
0.0
0.0087320992
0.0
0.0721284235
0.0994442566
0.1109309518
0.0824819930
0.0958356723
0.0770232857
0.0719018421
0.0651791734
0.0651173629
0.0024449878
0.0967811969
0.1035690184
0.0713415680
0.0
0.0
0.1248477439
0.0000000000
0.0
0.0
0.0
0.0831814163
0.0872506470
0.0
0.0
0.0000000000
0.0727782291
0.0807838343
0.0
0.0
0.0937423333
0.0887734443
0.0762111644
0.0
0.0
0.0
0.0
0.0
0.0
0.0756236334
0.0959696145
0.0
0.0952375301
0.1095155649
0.0048899756
0.1035690184
0.0
0.0000000000
0.0
0.1143484749
0.0921694754
0.0
0.0000000000
0.0931699582
0.0
0.1032575326
0.0752094843
0.1046741756
0.1069567900
0.0927295870
0.0
0.0684950216
0.0995163176
0.0940633687
0.0863183648
0.0829803736
0.0823830344
0.0914940162
0.0962386253
0.0
0.0
0.0
0.0813099576
0.0
0.0
0.0767220773
0.0518627335
0.0
0.0055567904
0.0846164623
0.0
0.0
0.0024449878
0.0
0.0024449878
0.0
0.0
0.0910693092
0.0000000000
0.1025634939
0.0707534870
0.0
0.0727011743
0.0
0.0829803736
0.0
0.0758743195
0.0024449878
0.0
0.1000236841
0.0000000000
0.0816483462
0.0
0.0803114142
0.0769369851
0.0732440098
0.0024449878
0.0000000000
0.0853527149
0.0783861406
0.0650556695
0.0000000000
0.0758743195
0.0000000000
0.0000000000
0.0975373000
0.0892929248
0.0024449878
0.0936145319
0.0774140464
0.0000000000
0.0868094300
0.0
0.0869193154
0.0727782291
0.0642341059
0.0966449812
0.1009797929
0.0000000000
0.0895257616
0.0087320992
0.0
0.0836373437
0.0032599837
0.0
0.0
0.0921694754
0.0813581270
0.0000000000
0.0
0.0752094843
0.0
0.0746372382
0.0000000000
0.0719772109
0.0767220773
0.0821366736
0.0651173629
0.0024449878
0.0756236334
0.0839440821
0.0849829940
0.0871399228
0.0760844977
0.1086491443
0.0801239897
0.0942570476
0.0
0.0904693797
0.0
0.0855121534
0.0833834355
0.0568900242
0.0000000000
0.0
0.0681550959
0.0024449878
0.0722422506
0.0842530787
0.0666016093
0.0000000000
0.0788361184
0.0914331014
0.0000000000
0.0
0.1020301028
0.0024449878
0.0024449878
0.0834848136
0.0000000000
0.0
0.0000000000
0.0
0.0835355951
0.0758743195
0.0967811969
0.0000000000
0.0
0.0000000000
0.0
0.0000000000
0.0831814163
0.0856187770
0.0709362181
0.0000000000
0.0811178490
0.1009797929
0.0
0.0881466742
0.0055567904
0.0945816242
0.0000000000
0.0860479438
0.0706442996
0.0966449812
0.0807363424
0.0790630503
0.0000000000
0.0032599837
0.0
0.0671224430
0.0826806251
0.0936145319
0.0000000000
0.0000000000
0.0032599837
0.0000000000
0.0887160971
0.0000000000
0.0847208626
0.0722422506
0.0935507618
0.0000000000
0.0
0.0065199674
0.0716019387
0.0000000000
0.0694299890
0.0000000000
0.0832823034
0.0690807436
0.0860479438
0.0000000000
0.0032599837
0.0000000000
0.0921076582
0.0000000000
0.0000000000
0.0000000000
0.0024449878
0.0000000000
0.0000000000
0.0000000000
0.0024449878
0.0000000000
0.0000000000
0.0586139643
0.0024449878
0.0000000000
0.0024449878
0.0966449812
0.0612818020
0.0000000000
0.0000000000
0.0775889934
0.0871952497
0.0000000000
0.0000000000
0.0
0.0024449878
0.0628811897
0.0672868782
0.0000000000
0.0000000000
0.0000000000
0.0043466449
0.0000000000
0.0000000000
0.0709362181
0.0000000000
0.0024449878
0.0
0.0000000000
0.0882599732
0.0000000000
0.0705716949
0.0000000000
0.0000000000
0.0780298400
0.0000000000
0.0000000000
0.0000000000
0.0476187650
0.0000000000
0.0000000000
0.0048899756
0.0055567904
0.0000000000
0.0
0.0000000000
0.0
0.0000000000
0.0801707638
0.0518235918
0.0000000000
0.0000000000
0.0677850535
0.0000000000
0.0032599837
0.0000000000
0.0704630674
0.0024449878
0.0000000000
0.0751271982
0.0024449878
0.0000000000
0.0024449878
0.0000000000
0.0729328297
0.0000000000
0.0000000000
0.0000000000
0.0000000000
0.0000000000
0.0
0.0000000000
0.0000000000
0.0809743622
0.0797517528
0.0766364500
0.0000000000
0.0904693797
0.0000000000
0.0000000000
0.0000000000
0.0000000000
0.0024449878
0.0000000000
0.0000000000
0.0000000000
0.0846164623
0.0578485755
0.0000000000
0.0000000000
0.0000000000
0.0000000000
0.0000000000
0.0000000000
0.0811178490
0.0838415863
0.0000000000
0.0000000000
0.0000000000
0.0000000000
0.0000000000
0.0032599837
0.0000000000
0.0000000000
0.0000000000
0.0000000000
0.0000000000
0.0000000000
0.0677850535
0.0000000000
0.0000000000
0.0000000000
0.0000000000
0.0000000000
0.0000000000
0.0000000000
0.0000000000
0.0000000000
0.0000000000
0.0000000000
0.0000000000
0.0000000000
0.0000000000
0.0000000000
0.0000000000
0.0000000000
0.0000000000
0.0000000000
0.0000000000
