0.0
0.0
0.0
0.0
0.1304275829
0.0
0.1588646240
0.0
0.0
0.0874030284
0.0
0.1347172012
0.0
0.1416419171
0.0
0.1402006025
0.0
0.1413776598
0.0
0.0
0.1404604739
0.0862098130
0.0
0.0
0.0
0.1232169523
0.1236189652
0.1250469070
0.1487309630
0.1319032648
0.0
0.0
0.1442025227
0.1281123003
0.1405907712
0.1375289032
0.1415096651
0.1274658127
0.1150773358
0.0
0.0
0.1554429244
0.1564054193
0.1343589107
0.0
0.1453085823
0.1421734065
0.1296465794
0.1160465937
0.1163137769
0.1270384336
0.1213425551
0.1496118967
0.1345975589
0.1319032648
0.1437920790
0.1294251506
0.0
0.1168518514
0.1570537319
0.0
0.1040198019
0.0863080019
0.1431131740
0.0
0.1485851483
0.0
0.0956798304
0.1377789557
0.1328280905
0.1499078648
0.1480047376
0.0000000000
0.1460085273
0.1429781616
0.1295357704
0.1084873667
0.0058309038
0.1107062464
0.1261922159
0.1416419171
0.1557624371
0.1386613461
0.0
0.1535530408
0.1331782525
0.1351979048
0.0
0.0980950494
0.0977155714
0.1480047376
0.0
0.1229171543
0.1149900238
0.1101430605
0.0
0.1026807936
0.1267197753
0.1290944219
0.1437920790
0.1374042170
0.1261922159
0.1149900238
0.1170323176
0.1274658127
0.1399416910
0.0
0.1121812371
0.1512543426
0.0
0.1180349309
0.1182190728
0.0984135398
0.1265082231
0.1023341332
0.1304275829
0.1219282794
0.0
0.0982858958
0.1461493262
0.1200925922
0.1294251506
0.0887335195
0.1324797651
0.0000000000
0.1344781289
0.0985415158
0.1262973761
0.0000000000
0.1355606899
0.0
0.0
0.0761592218
0.0029154519
0.1572166507
0.0029154519
0.1351979048
0.1149028441
0.1115208619
0.1371555215
0.1232169523
0.1298687672
0.1257733206
0.0
0.1126816738
0.1490234526
0.1173949274
0.0979682297
0.1377789557
0.1251501662
0.1213425551
0.1364148077
0.1204744446
0.1344781289
0.1163137769
0.0960436320
0.0000000000
0.0000000000
0.1211485622
0.1114388613
0.1345975589
0.0000000000
0.1132711893
0.1058357900
0.1351979048
0.1223219139
0.1320181632
0.0038872692
0.1026807936
0.1485851483
0.0
0.0
0.0038872692
0.0
0.1005685808
0.0029154519
0.0
0.1361696777
0.1065051661
0.0
0.1096648707
0.0038872692
0.1107871720
0.1440654480
0.1158691524
0.0989920649
0.1182190728
0.0
0.0000000000
0.1148157964
0.1077929241
0.1309912284
0.1282206864
0.1157806351
0.1275731072
0.0000000000
0.1183113593
0.1372797566
0.1242269273
0.1286560707
0.0
0.1164925836
0.1283292560
0.0
0.1186819509
0.0065597668
0.0
0.1172133421
0.0
0.0928088495
0.0953787611
0.1366608217
0.0
0.1084097649
0.1055409828
0.1230169248
0.1116852257
0.1161355182
0.0
0.1336480170
0.0000000000
0.1284380096
0.1380299192
0.0000000000
0.0
0.1242269273
0.0000000000
0.0000000000
0.1286560707
0.1437920790
0.0985415158
0.1314456646
0.0
0.1465733572
0.1282206864
0.0764280642
0.1327117787
0.0
0.1271450095
0.0757784257
0.1300917179
0.0000000000
0.0000000000
0.0000000000
0.1156922529
0.0859653155
0.1156922529
0.0000000000
0.1140382628
0.1229171543
0.1253571971
0.0000000000
0.1084097649
0.1152523584
0.0941931953
0.0911346069
0.1281123003
0.1156922529
0.1323640623
0.1140382628
0.0
0.1033812083
0.1017843192
0.0954989611
0.0854804576
0.1184963654
0.1088770484
0.1071073154
0.0058309038
0.0000000000
0.0000000000
0.1559226865
0.0856737430
0.0000000000
0.0029154519
0.0
0.0000000000
0.0000000000
0.0000000000
0.1141241350
0.0038872692
0.1218302663
0.0000000000
0.0038872692
0.1220264503
0.0000000000
0.0980315985
0.0029154519
0.0029154519
0.1111120611
0.0
0.0029154519
0.1184963654
0.0956798304
0.0029154519
0.1112752212
0.0974015754
0.0000000000
0.0038872692
0.0000000000
0.0000000000
0.0000000000
0.0998398230
0.1132711893
0.0000000000
0.0000000000
0.0000000000
0.0029154519
0.0979049427
0.0000000000
0.0000000000
0.0857707138
0.0000000000
0.0029154519
0.0029154519
0.0990567656
0.0043731778
0.0000000000
0.1053941942
0.0952588632
0.0029154519
0.1233172102
0.0853841416
0.0998398230
0.0000000000
0.0000000000
0.0065597668
0.0043731778
0.0000000000
0.0000000000
0.0000000000
0.0000000000
0.1111120611
0.0868520638
0.0000000000
0.0000000000
0.1203787540
0.0000000000
0.0000000000
0.0000000000
0.1227180982
0.0029154519
0.0000000000
0.0000000000
0.1124308986
0.0000000000
0.0000000000
0.0058309038
0.1166719410
0.0955591748
0.0000000000
0.0000000000
0.0000000000
0.0000000000
0.1131021278
0.0029154519
0.0000000000
0.0000000000
0.0000000000
0.1137814199
0.0029154519
0.0980950494
0.1083322740
0.0029154519
0.0000000000
0.0000000000
0.0000000000
0.0986056287
0.0000000000
0.0000000000
0.0000000000
0.0000000000
0.0000000000
0.0000000000
0.0000000000
0.0834564159
0.1218302663
0.0000000000
0.0000000000
0.0000000000
0.0000000000
0.0000000000
0.0000000000
0.0000000000
0.0000000000
0.0000000000
0.1183113593
0.0000000000
0.0000000000
0.0000000000
0.0000000000
0.0000000000
0.0968414385
0.0000000000
0.0000000000
0.0000000000
0.0000000000
