0.0
0.0
0.0
0.0
0.0
0.0
0.0
0.0
0.0
0.0
0.0
0.0
0.0
0.0
0.0
0.0
0.0
0.0
0.0
0.0
0.0
0.0
0.0
0.0
0.0
0.0
0.0
0.0
0.0
0.0
0.0
0.0
0.0
0.0
0.0
0.0
0.0000000000
0.0
0.1011487812
0.0
0.0
0.0
0.1253037140
0.0883720930
0.0
0.0
0.0
0.0
0.0
0.1376286695
0.0
0.0
0.0
0.0
0.0
0.1062702384
0.0
0.0
0.0
0.0
0.0883720930
0.0
0.0742951225
0.1332595054
0.0744186047
0.1291592129
0.0
0.1150047786
0.0000000000
0.0
0.0000000000
0.0531561462
0.0922565806
0.0742951225
0.0742951225
0.0620155039
0.0
0.0000000000
0.0
0.0883720930
0.0
0.0
0.1011487812
0.0000000000
0.0
0.0465116279
0.1090305044
0.0620155039
0.0
0.0000000000
0.0
0.1062702384
0.0742951225
0.0
0.0000000000
0.0000000000
0.0232558140
0.0000000000
0.0
0.0000000000
0.0232558140
0.0742951225
0.0000000000
0.0000000000
0.0000000000
0.0883720930
0.0000000000
0.0000000000
0.0000000000
0.0000000000
