0.0
0.0
0.0
0.0
0.0
0.0
0.0
0.0
0.0
0.1950081169
0.2003753128
0.0
0.0
0.0
0.0
0.0000000000
0.0
0.0
0.1538092190
0.0
0.0
0.0000000000
0.0
0.0
0.1950081169
0.0
0.1538092190
0.0
0.0
0.0
0.2060463122
0.1605949198
0.0
0.0
0.0
0.2228664193
0.2275094697
0.0
0.0
0.0
0.0
0.1985537190
0.0
0.2374011858
0.0
0.0
0.2080086580
0.0
0.0
0.2539640592
0.0
0.0
0.1617845118
0.2228664193
0.0
0.0
0.2041206457
0.0
0.2600108225
0.2206152433
0.2080086580
0.2100087413
0.0
0.0
0.1475737101
0.0
0.0
0.0
0.2022306397
0.1605949198
0.2299043062
0.1790238450
0.0
0.0
0.0454545455
0.0
0.0
0.0303030303
0.1693093728
0.1706321023
0.0000000000
0.0
0.0303030303
0.0000000000
0.1950081169
0.0000000000
0.0000000000
0.1538092190
0.0000000000
0.0000000000
0.1227017365
0.1227017365
0.0000000000
0.0000000000
0.1582674572
