0.0
0.0
0.0
0.0
0.1227478129
0.0
0.1561121514
0.0
0.0
0.0908621506
0.0
0.1329183460
0.0
0.1437325060
0.0
0.1314164438
0.1020952914
0.1286306574
0.0
0.0
0.1335543190
0.0802554706
0.0
0.0
0.0
0.1392856919
0.1098066588
0.1322884013
0.1447762068
0.1278061019
0.0
0.0
0.1464472858
0.1369619856
0.1297065644
0.1452281616
0.1324139121
0.1187780964
0.1164005532
0.0
0.0
0.1443270562
0.1458351759
0.1236175937
0.0
0.1278061019
0.1326656495
0.1279232478
0.1112065843
0.1192856951
0.1195923422
0.1206259839
0.1387318721
0.1287493204
0.1316643994
0.1432897981
0.1207303316
0.0
0.1083573473
0.1473751461
0.0
0.0973930658
0.0803478776
0.1392856919
0.0
0.1361602569
0.0
0.0840748574
0.1295861312
0.1236175937
0.1435846330
0.1402655913
0.1206259839
0.1421224677
0.1321631281
0.1248338670
0.1050935718
0.0031347962
0.0878868157
0.1194899515
0.1294659214
0.1552438969
0.1242780617
0.0
0.1415459060
0.1230725426
0.1317887284
0.0
0.0905673351
0.0774496467
0.1467552716
0.0
0.1184756055
0.1048566967
0.1098931207
0.0
0.1020952914
0.1233989950
0.1071099488
0.1362932259
0.1282759773
0.1273396563
0.1048566967
0.1006957167
0.1171824209
0.1399842160
0.0
0.1080218756
0.1483148388
0.0
0.1124611308
0.1137443059
0.0000000000
0.1184756055
0.0674875548
0.1260743119
0.1141163232
0.0
0.0991927955
0.1377732116
0.1143032460
0.1162067138
0.0612661384
0.1157249281
0.0000000000
0.1222103882
0.0750345502
0.1258469462
0.0000000000
0.1046993723
0.0
0.0
0.0749539545
0.0031347962
0.1432897981
0.0031347962
0.1294659214
0.1009141456
0.0950710241
0.1295861312
0.1137443059
0.1250575836
0.1045425193
0.0
0.0904499438
0.1472196870
0.1134668808
0.0000000000
0.1208348600
0.1162067138
0.0778818434
0.1431428342
0.1162067138
0.1276891705
0.1031517098
0.0929189503
0.0000000000
0.0000000000
0.1158209654
0.1092052139
0.1276891705
0.0000000000
0.1177757496
0.0843798448
0.1354992848
0.1160135190
0.1298272217
0.0031347962
0.0697124192
0.1412593758
0.0
0.0
0.0000000000
0.0
0.0973930658
0.0839736843
0.0
0.1309233239
0.1040747676
0.0
0.0947483118
0.0000000000
0.1042302191
0.1252821035
0.0000000000
0.0912781317
0.1139300109
0.0
0.0000000000
0.1085258657
0.1002616834
0.1103274809
0.1206259839
0.1109413858
0.1256203990
0.0000000000
0.1044642690
0.1311694204
0.1176764446
0.1238369683
0.0
0.0971219647
0.1178752224
0.0
0.1143032460
0.0062695925
0.0
0.0631512504
0.1121899223
0.0871187661
0.0000000000
0.1188792703
0.0
0.0989115970
0.0990519967
0.1067821449
0.0962512161
0.1085258657
0.0
0.1109413858
0.0000000000
0.1169859709
0.1349751096
0.0000000000
0.0
0.1271077079
0.0000000000
0.0000000000
0.1137443059
0.1285122130
0.0966511519
0.1184756055
0.0
0.1360275471
0.1258469462
0.0716816966
0.1212547900
0.0000000000
0.1164005532
0.0000000000
0.0905673351
0.0000000000
0.0000000000
0.0000000000
0.1001897081
0.0844819996
0.1053315195
0.0000000000
0.1097203328
0.0000000000
0.1242780617
0.0000000000
0.0989115970
0.1127336537
0.0829258843
0.0862039922
0.1116514107
0.1156290500
0.1252821035
0.1191838286
0.0
0.0000000000
0.0975291847
0.0000000000
0.0694349569
0.1059713465
0.0797054616
0.1056504643
0.0031347962
0.0000000000
0.0000000000
0.1345846319
0.0863106143
0.0000000000
0.0031347962
0.0
0.0000000000
0.0000000000
0.0000000000
0.0875011055
0.0031347962
0.1205218163
0.0000000000
0.0000000000
0.0697821317
0.0000000000
0.0876109625
0.0031347962
0.0031347962
0.1146789345
0.0
0.0961186387
0.1054110750
0.0000000000
0.0000000000
0.0950710241
0.0941729172
0.0000000000
0.0879976440
0.0000000000
0.0000000000
0.0000000000
0.0969196273
0.1093763819
0.0000000000
0.0000000000
0.0000000000
0.0031347962
0.0775357018
0.0000000000
0.0000000000
0.0000000000
0.0000000000
0.0031347962
0.0031347962
0.0892925549
0.0041797283
0.0000000000
0.0989115970
0.0978025671
0.0000000000
0.1212547900
0.0694349569
0.0000000000
0.0000000000
0.0000000000
0.0041797283
0.0000000000
0.0000000000
0.0000000000
0.0000000000
0.0000000000
0.1042302191
0.0000000000
0.0000000000
0.0000000000
0.0000000000
0.0000000000
0.0000000000
0.0000000000
0.1083573473
0.0031347962
0.0000000000
0.0000000000
0.0000000000
0.0000000000
0.0000000000
0.1014275169
0.0000000000
0.0000000000
0.0000000000
0.0000000000
0.0000000000
0.0000000000
0.0000000000
0.0000000000
0.0000000000
0.0000000000
0.0000000000
0.0000000000
0.0031347962
0.0905673351
0.0000000000
0.0000000000
0.0000000000
0.0000000000
0.0000000000
0.0000000000
0.0000000000
0.0000000000
