0.0
0.0
0.0
0.0
0.0945389013
0.0
0.1336675021
0.0
0.0
0.1106849931
0.0
0.0966271099
0.0
0.1268827970
0.0
0.1160924023
0.0
0.1198513095
0.0
0.0
0.1316560896
0.0942149794
0.0
0.0
0.0
0.1188155574
0.1062844854
0.1106849931
0.1244222385
0.1121032050
0.0
0.0
0.1307616868
0.1181591179
0.1243418624
0.1197022407
0.1284064063
0.1132908788
0.1175816756
0.0
0.0
0.1321078950
0.0
0.1236231233
0.0
0.0
0.1302308545
0.1188889457
0.1080747911
0.1069934425
0.0832891402
0.1027662589
0.1316560896
0.0
0.1228342074
0.0
0.1132242371
0.0
0.0970167354
0.1267157360
0.0
0.0
0.1204513160
0.0992171150
0.0
0.1315660991
0.0
0.0879712994
0.1077722301
0.1204513160
0.1237821241
0.1237821241
0.1062258295
0.1311179857
0.1068153180
0.1081355073
0.0
0.0837603146
0.0814218287
0.1125621070
0.1101781357
0.1225994924
0.1297917755
0.0
0.1151892298
0.1163731578
0.1187422597
0.0
0.0917013830
0.1003551632
0.1220552968
0.0
0.1134243978
0.1080141431
0.0747209639
0.0
0.0878107678
0.1219006985
0.0955716003
0.1143679162
0.1243418624
0.1192572509
0.0848308519
0.0941228377
0.1149141510
0.1267992115
0.0
0.0917013830
0.1241013559
0.0
0.1122339376
0.1129584525
0.1085012418
0.1114540840
0.1037634518
0.1071721620
0.1279795233
0.0
0.1113895851
0.1312968643
0.1121685332
0.1167260176
0.1060502496
0.1166552746
0.0727442188
0.1223656726
0.0
0.1020038172
0.0025062657
0.1202256109
0.0
0.0
0.0
0.0018796992
0.1229911840
0.0984558583
0.1094887389
0.1151203367
0.1190359944
0.1122339376
0.1128260276
0.1225214532
0.0
0.0
0.0943073018
0.1299670513
0.1219006985
0.0018796992
0.1269664927
0.0995249240
0.1142321680
0.1321078950
0.1114540840
0.0971146332
0.1224435134
0.1081355073
0.0000000000
0.0000000000
0.1027114210
0.1024381070
0.1184499711
0.0000000000
0.0727167371
0.0922286550
0.1123649755
0.0940308759
0.1183771236
0.0970656596
0.1091782207
0.1238617780
0.0
0.0
0.0735503259
0.0
0.1130911886
0.1058170440
0.0
0.1119727766
0.1085012418
0.0
0.0920522253
0.1079535631
0.1005123775
0.1225214532
0.0974588370
0.1116480296
0.1222102876
0.0
0.0919642633
0.1096134413
0.1082571445
0.1241013559
0.1099892589
0.0976566225
0.1221327430
0.0986577155
0.0967242226
0.1288361466
0.1080747911
0.0
0.0
0.1028761106
0.1179419136
0.0
0.1089927537
0.0823625173
0.0
0.1229126456
0.0
0.0956666019
0.0037593985
0.1105578420
0.0
0.1056428117
0.0855091972
0.1101151047
0.1004599181
0.1030965201
0.0
0.1116480296
0.0000000000
0.1128922012
0.1219006985
0.0025062657
0.0
0.1200007500
0.0827164603
0.0000000000
0.1061672383
0.1289224401
0.1013058963
0.1215926740
0.0
0.1311179857
0.1125621070
0.1026019206
0.0
0.0
0.1136252674
0.0
0.1169387625
0.0000000000
0.0037593985
0.0000000000
0.1079535631
0.0951934733
0.1180142262
0.0018796992
0.1243418624
0.1106213810
0.0856995561
0.0000000000
0.1050661588
0.1184499711
0.0798677191
0.0748954097
0.1178696895
0.1047801867
0.1293556472
0.0000000000
0.0
0.0000000000
0.0946784078
0.0995249240
0.1052960629
0.1024381070
0.1067560749
0.1015731942
0.0000000000
0.0000000000
0.0018796992
0.1304957309
0.1074113856
0.1068153180
0.0
0.0
0.1194793315
0.0000000000
0.0901973772
0.0
0.0942149794
0.1069340017
0.0965301921
0.0000000000
0.1208293804
0.1026019206
0.0
0.0018796992
0.1040438935
0.1208293804
0.0
0.0972618509
0.1019497897
0.0973110228
0.1072318680
0.1115833061
0.1179419136
0.0874914559
0.0908787550
0.1149141510
0.0000000000
0.1014661060
0.1014126465
0.0018796992
0.0986577155
0.1039315351
0.1136252674
0.0887419101
0.0960964568
0.0855472013
0.0992171150
0.1126279713
0.0000000000
0.0
0.0000000000
0.1185229083
0.0
0.0932112363
0.1027662589
0.1097384282
0.1058170440
0.1029311246
0.0904516931
0.0
0.0018796992
0.0037593985
0.0725249446
0.0647430888
0.0000000000
0.1010930688
0.0000000000
0.0987083092
0.1170098499
0.0000000000
0.1023291882
0.0980046858
0.0979049863
0.0000000000
0.1052960629
0.0951934733
0.1148455865
0.0960485045
0.0673011199
0.0
0.0993195062
0.1034845177
0.0956190775
0.0
0.0923614218
0.1159525319
0.0956666019
0.0000000000
0.0960485045
0.1021662436
0.1091782207
0.0960006000
0.0735503259
0.0028195489
0.0025062657
0.0946318599
0.0000000000
0.0
0.0970656596
0.1125621070
0.0843845695
0.0000000000
0.0936192622
0.1088079158
0.0000000000
0.1219006985
0.0840529271
0.0000000000
0.0000000000
0.0000000000
0.0000000000
0.0025062657
0.1069340017
0.0000000000
0.1085012418
0.0
0.0000000000
0.0872139570
0.0847188394
0.0000000000
0.0796034752
0.0852818799
0.1087464424
0.0000000000
0.0800005000
0.0000000000
0.0000000000
0.0000000000
0.0018796992
0.0018796992
0.0000000000
0.0000000000
0.0018796992
0.1120379529
0.0873723119
0.0887419101
0.1102412388
0.0881727911
0.0872534918
0.1027114210
0.0000000000
0.0000000000
0.0918764692
0.0868597486
0.0
0.0000000000
0.0798014938
0.1206022575
0.0000000000
0.0000000000
0.0756906028
0.0852818799
0.0990639233
0.1134243978
0.0900707548
0.0915705057
0.0000000000
0.0861598939
0.0846443285
0.0025062657
0.0018796992
0.0028195489
0.0000000000
0.0000000000
0.0000000000
0.0037593985
0.0
0.0
0.0000000000
0.0018796992
0.0000000000
0.0018796992
0.0000000000
0.1068153180
0.1180142262
0.1111965355
0.0000000000
0.0025062657
0.0727442188
0.1005123775
0.0018796992
0.0936648190
0.0000000000
0.0025062657
0.1124963197
0.0833612832
0.0000000000
0.0872534918
0.0000000000
0.0946318599
0.0000000000
0.1077119211
0.1094264940
0.1083790557
0.0911801056
0.0000000000
0.0839063657
0.1055848618
0.0818372462
0.0018796992
0.0000000000
0.0000000000
0.0975576295
0.0000000000
0.0000000000
0.0605477204
0.0850933700
0.0000000000
0.0000000000
0.0000000000
0.0000000000
0.0018796992
0.0000000000
0.0000000000
0.0000000000
0.0000000000
0.0037593985
0.0000000000
0.0949118358
0.0000000000
0.0742883840
0.0000000000
0.0842368503
0.0
0.0704801183
0.0018796992
0.0000000000
0.0000000000
0.0000000000
0.0000000000
0.0000000000
0.0000000000
0.1014126465
0.0000000000
0.0000000000
0.0025062657
0.0863919224
0.0000000000
0.0000000000
0.0000000000
0.0883346503
0.0025062657
0.0000000000
0.0018796992
0.0018796992
0.0018796992
0.0000000000
0.1000942293
0.0018796992
0.0000000000
0.0000000000
0.0000000000
0.0000000000
0.0000000000
0.0042293233
0.0000000000
0.0000000000
0.0
0.0025062657
0.1020579019
0.0899024769
0.0826809291
0.0000000000
0.0000000000
0.0000000000
0.0018796992
0.0000000000
0.0000000000
0.0000000000
0.0018796992
0.0000000000
0.0000000000
0.0000000000
0.0000000000
0.0000000000
0.0000000000
0.0797353782
0.0000000000
0.0000000000
0.0000000000
0.0000000000
0.0000000000
0.0000000000
0.0042293233
0.0000000000
0.0000000000
0.0000000000
0.0800005000
0.0000000000
0.0000000000
0.0018796992
0.0000000000
0.0000000000
0.0000000000
0.0000000000
0.0000000000
0.0000000000
0.0000000000
0.0000000000
0.0000000000
0.0000000000
0.0842000013
0.0000000000
0.0000000000
0.0000000000
0.0000000000
0.0000000000
0.0000000000
0.0000000000
0.0000000000
0.1002506266
0.0000000000
0.0000000000
0.0000000000
0.0000000000
0.0000000000
0.0810447171
0.0000000000
0.0000000000
0.0000000000
0.0000000000
0.0000000000
0.0000000000
0.0000000000
0.0000000000
0.0000000000
0.0000000000
0.0000000000
0.0000000000
0.0000000000
0.0000000000
0.0000000000
0.0000000000
0.0000000000
0.0000000000
0.0000000000
0.0000000000
0.0000000000
0.0000000000
0.0000000000
0.0000000000
0.0000000000
0.0000000000
0.0000000000
0.0000000000
0.0000000000
0.0000000000
0.0000000000
0.0000000000
