0.0
0.0
0.0
0.0
0.0
0.0
0.0024198427
0.0
0.0
0.0
0.0
0.0
0.0
0.0
0.0
0.0
0.0
0.0
0.0
0.0
0.0
0.0
0.0
0.0104537205
0.0
0.0
0.0
0.0
0.0
0.0
0.0
0.0
0.0
0.0
0.0
0.0
0.0
0.0
0.0
0.0
0.0
0.0
0.0000000000
0.0
0.0
0.0
0.0
0.0
0.0
0.0
0.0
0.0
0.0101633394
0.0
0.0032408608
0.0
0.0
0.0
0.0000000000
0.0
0.0
0.0000000000
0.0
0.0
0.0
0.0018148820
0.0
0.0072595281
0.0018148820
0.0
0.0058076225
0.0018148820
0.0
0.0
0.0
0.0
0.0
0.0
0.0
0.0
0.0
0.0
0.0
0.0000000000
0.0
0.0048396854
0.0
0.0
0.0
0.0
0.0
0.0
0.0072595281
0.0
0.0000000000
0.0
0.0
0.0
0.0058802178
0.0
0.0
0.0
0.0
0.0
0.0
0.0
0.0
0.0
0.0
0.0
0.0
0.0018148820
0.0
0.0
0.0
0.0
0.0
0.0098003630
0.0
0.0
0.0
0.0053378883
0.0
0.0018148820
0.0
0.0040834846
0.0
0.0
0.0018148820
0.0
0.0
0.0
0.0
0.0
0.0
0.0018148820
0.0
0.0
0.0
0.0027223230
0.0050691533
0.0
0.0
0.0
0.0
0.0
0.0018148820
0.0000000000
0.0058076225
0.0000000000
0.0000000000
0.0
0.0000000000
0.0
0.0
0.0
0.0
0.0
0.0
0.0
0.0
0.0
0.0
0.0
0.0
0.0
0.0
0.0
0.0024198427
0.0
0.0077371287
0.0
0.0
0.0
0.0018148820
0.0
0.0
0.0072595281
0.0
0.0
0.0
0.0000000000
0.0
0.0
0.0
0.0
0.0
0.0
0.0000000000
0.0
0.0000000000
0.0
0.0
0.0
0.0000000000
0.0
0.0
0.0
0.0018148820
0.0
0.0000000000
0.0058076225
0.0
0.0
0.0
0.0
0.0029038113
0.0040834846
0.0
0.0
0.0000000000
0.0
0.0
0.0024198427
0.0000000000
0.0
0.0
0.0041483018
0.0079048195
0.0018148820
0.0
0.0
0.0
0.0
0.0
0.0000000000
0.0
0.0
0.0000000000
0.0
0.0
0.0
0.0062582139
0.0
0.0024198427
0.0
0.0
0.0018148820
0.0
0.0
0.0027223230
0.0
0.0
0.0
0.0
0.0000000000
0.0
0.0
0.0
0.0000000000
0.0
0.0071478431
0.0
0.0
0.0
0.0018148820
0.0000000000
0.0
0.0
0.0032264569
0.0
0.0000000000
0.0
0.0
0.0
0.0
0.0018148820
0.0
0.0000000000
0.0018148820
0.0
0.0043211477
0.0000000000
0.0080105138
0.0
0.0
0.0
0.0
0.0
0.0
0.0
0.0
0.0
0.0027223230
0.0
0.0
0.0084474509
0.0
0.0
0.0018148820
0.0
0.0
0.0000000000
0.0
0.0018148820
0.0
0.0
0.0018148820
0.0
0.0
0.0054446461
0.0
0.0
0.0
0.0
0.0000000000
0.0
0.0069803155
0.0000000000
0.0
0.0
0.0
0.0
0.0
0.0079194852
0.0
0.0000000000
0.0024198427
0.0
0.0036297641
0.0000000000
0.0032264569
0.0
0.0000000000
0.0
0.0
0.0000000000
0.0
0.0
0.0
0.0000000000
0.0
0.0041483018
0.0018148820
0.0
0.0000000000
0.0
0.0
0.0000000000
0.0037468532
0.0
0.0056715064
0.0
0.0
0.0
0.0
0.0
0.0
0.0048396854
0.0036297641
0.0
0.0
0.0098810244
0.0
0.0
0.0024198427
0.0
0.0
0.0
0.0
0.0063520871
0.0
0.0048396854
0.0
0.0018148820
0.0
0.0
0.0
0.0000000000
0.0
0.0
0.0000000000
0.0000000000
0.0
0.0
0.0027223230
0.0
0.0044547104
0.0036297641
0.0
0.0000000000
0.0
0.0103246622
0.0000000000
0.0
0.0000000000
0.0000000000
0.0
0.0064817215
0.0077371287
0.0
0.0048396854
0.0018148820
0.0
0.0
0.0
0.0
0.0058076225
0.0027223230
0.0
0.0
0.0000000000
0.0
0.0036297641
0.0
0.0
0.0
0.0
0.0
0.0000000000
0.0
0.0045372051
0.0
0.0074107683
0.0000000000
0.0018148820
0.0000000000
0.0018148820
0.0072595281
0.0
0.0044265415
0.0
0.0041483018
0.0018148820
0.0
0.0
0.0
0.0024198427
0.0
0.0040834846
0.0
0.0
0.0000000000
0.0
0.0
0.0000000000
0.0000000000
0.0
0.0018148820
0.0
0.0018148820
0.0037810042
0.0
0.0
0.0
0.0000000000
0.0
0.0043019426
0.0000000000
0.0
0.0000000000
0.0
0.0
0.0040834846
0.0093336790
0.0
0.0110621381
0.0000000000
0.0
0.0051553171
0.0000000000
0.0018148820
0.0
0.0
0.0
0.0000000000
0.0
0.0
0.0
0.0
0.0
0.0068407092
0.0055580762
0.0040834846
0.0018148820
0.0051243728
0.0018148820
0.0
0.0018148820
0.0
0.0
0.0018148820
0.0
0.0000000000
0.0000000000
0.0
0.0029038113
0.0
0.0000000000
0.0
0.0018148820
0.0
0.0
0.0
0.0000000000
0.0000000000
0.0000000000
0.0036297641
0.0050501065
0.0
0.0000000000
0.0000000000
0.0
0.0061132868
0.0036297641
0.0065335753
0.0
0.0
0.0
0.0
0.0063645178
0.0
0.0044464610
0.0
0.0024198427
0.0000000000
0.0
0.0
0.0000000000
0.0024198427
0.0018148820
0.0
0.0000000000
0.0
0.0
0.0000000000
0.0018148820
0.0
0.0065873496
0.0
0.0018148820
0.0048396854
0.0000000000
0.0000000000
0.0
0.0029038113
0.0040834846
0.0018148820
0.0018148820
0.0
0.0000000000
0.0
0.0063520871
0.0
0.0
0.0000000000
0.0
0.0000000000
0.0000000000
0.0024198427
0.0054725674
0.0
0.0018148820
0.0
0.0018148820
0.0
0.0000000000
0.0000000000
0.0024198427
0.0043211477
0.0
0.0
0.0000000000
0.0036297641
0.0018148820
0.0000000000
0.0000000000
0.0058076225
0.0
0.0
0.0
0.0018148820
0.0000000000
0.0000000000
0.0068324971
0.0024198427
0.0000000000
0.0054446461
0.0
0.0086038852
0.0000000000
0.0
0.0
0.0000000000
0.0
0.0086760214
0.0
0.0051243728
0.0041483018
0.0018148820
0.0036297641
0.0
0.0054996425
0.0080105138
0.0018148820
0.0024198427
0.0032264569
0.0
0.0066372829
0.0
0.0000000000
0.0000000000
0.0018148820
0.0
0.0
0.0000000000
0.0036297641
0.0088929220
0.0000000000
0.0024198427
0.0000000000
0.0
0.0024198427
0.0000000000
0.0018148820
0.0041483018
0.0
0.0000000000
0.0000000000
0.0048396854
0.0000000000
0.0103246622
0.0000000000
0.0
0.0000000000
0.0
0.0054446461
0.0000000000
0.0000000000
0.0018148820
0.0058076225
0.0
0.0
0.0076865592
0.0000000000
0.0018148820
0.0000000000
0.0
0.0
0.0
0.0024198427
0.0036297641
0.0058076225
0.0036297641
0.0000000000
0.0018148820
0.0
0.0018148820
0.0000000000
0.0000000000
0.0
0.0
0.0018148820
0.0036297641
0.0
0.0063742198
0.0070002593
0.0000000000
0.0000000000
0.0000000000
0.0000000000
0.0098810244
0.0036297641
0.0000000000
0.0027223230
0.0000000000
0.0000000000
0.0000000000
0.0018148820
0.0000000000
0.0018148820
0.0
0.0000000000
0.0018148820
0.0018148820
0.0000000000
0.0053378883
0.0000000000
0.0000000000
0.0000000000
0.0018148820
0.0
0.0
0.0071478431
0.0029038113
0.0000000000
0.0000000000
0.0
0.0000000000
0.0000000000
0.0
0.0
0.0000000000
0.0041483018
0.0000000000
0.0036297641
0.0018148820
0.0000000000
0.0000000000
0.0
0.0087114338
0.0000000000
0.0048396854
0.0000000000
0.0024198427
0.0000000000
0.0
0.0018148820
0.0000000000
0.0000000000
0.0018148820
0.0000000000
0.0000000000
0.0036297641
0.0018148820
0.0000000000
0.0000000000
0.0
0.0000000000
0.0000000000
0.0
0.0000000000
0.0075684442
0.0065873496
0.0018148820
0.0000000000
0.0024198427
0.0000000000
0.0036297641
0.0018148820
0.0018148820
0.0000000000
0.0049405122
0.0018148820
0.0000000000
0.0018148820
0.0000000000
0.0000000000
0.0
0.0000000000
0.0018148820
0.0018148820
0.0000000000
0.0018148820
0.0063742198
0.0000000000
0.0
0.0036297641
0.0032667877
0.0
0.0000000000
0.0032667877
0.0000000000
0.0000000000
0.0000000000
0.0000000000
0.0000000000
0.0000000000
0.0018148820
0.0000000000
0.0
0.0000000000
0.0
0.0000000000
0.0000000000
0.0000000000
0.0018148820
0.0
0.0000000000
0.0018148820
0.0000000000
0.0072595281
0.0024198427
0.0032667877
0.0000000000
0.0000000000
0.0086038852
0.0059286146
0.0018148820
0.0000000000
0.0018148820
0.0043019426
0.0018148820
0.0018148820
0.0000000000
0.0000000000
0.0000000000
0.0
0.0000000000
0.0018148820
0.0000000000
0.0036297641
0.0000000000
0.0000000000
0.0000000000
0.0000000000
0.0000000000
0.0000000000
0.0000000000
0.0000000000
0.0000000000
0.0000000000
0.0018148820
0.0000000000
0.0
0.0059565359
0.0049405122
0.0000000000
0.0000000000
0.0
0.0000000000
0.0
0.0000000000
0.0000000000
0.0000000000
0.0000000000
0.0000000000
0.0000000000
0.0000000000
0.0000000000
0.0000000000
0.0
0.0024198427
0.0018148820
0.0000000000
0.0024198427
0.0018148820
0.0000000000
0.0018148820
0.0000000000
0.0000000000
0.0000000000
0.0029038113
0.0063915411
0.0000000000
0.0000000000
0.0000000000
0.0000000000
0.0000000000
0.0
0.0055580762
0.0
0.0000000000
0.0018148820
0.0056715064
0.0000000000
0.0000000000
0.0000000000
0.0000000000
0.0000000000
0.0000000000
0.0000000000
0.0000000000
0.0000000000
0.0
0.0000000000
0.0000000000
0.0063742198
0.0018148820
0.0000000000
0.0000000000
0.0036297641
0.0000000000
0.0000000000
0.0024198427
0.0000000000
0.0000000000
0.0000000000
0.0000000000
0.0000000000
0.0000000000
0.0000000000
0.0000000000
0.0000000000
0.0000000000
0.0000000000
0.0000000000
0.0000000000
0.0000000000
0.0000000000
0.0000000000
0.0000000000
0.0037810042
0.0000000000
0.0000000000
0.0000000000
0.0000000000
0.0000000000
0.0000000000
0.0000000000
0.0000000000
0.0000000000
0.0000000000
0.0000000000
0.0000000000
0.0000000000
0.0024198427
0.0049958043
0.0000000000
0.0000000000
0.0024198427
0.0000000000
0.0000000000
0.0000000000
0.0000000000
0.0018148820
0.0000000000
0.0000000000
0.0000000000
0.0000000000
0.0000000000
0.0000000000
0.0000000000
0.0000000000
0.0000000000
0.0000000000
0.0000000000
0.0000000000
0.0029038113
0.0000000000
0.0063645178
0.0000000000
0.0000000000
0.0000000000
0.0000000000
0.0000000000
0.0000000000
0.0000000000
0.0000000000
0.0000000000
0.0000000000
0.0000000000
0.0000000000
0.0000000000
0.0000000000
0.0000000000
0.0000000000
0.0000000000
0.0000000000
0.0000000000
0.0000000000
0.0000000000
0.0000000000
0.0000000000
0.0000000000
0.0000000000
0.0000000000
0.0000000000
0.0000000000
0.0000000000
0.0000000000
0.0000000000
0.0000000000
0.0000000000
0.0000000000
0.0000000000
0.0000000000
