0.0
0.0
0.0
0.0
0.0
0.0
0.0
0.0
0.0
0.0
0.0
0.0
0.0
0.0
0.0
0.0
0.0
0.0
0.0
0.0
0.0
0.0
0.0
0.0
0.0
0.0
0.0
0.0
0.0
0.0
0.0
0.0
0.0
0.0
0.0
0.0
0.0
0.0
0.0
0.0
0.0
0.0
0.0000000000
0.0000000000
0.0
0.0
0.0
0.0
0.0
0.0424528302
0.0
0.0
0.0
0.0
0.0
0.0
0.0
0.0
0.0
0.0
0.0840480274
0.0
0.0
0.0
0.0
0.0
0.0
0.0
0.0
0.0
0.0
0.0543840178
0.0
0.0
0.0
0.0000000000
0.0
0.0000000000
0.0
0.0660377358
0.0
0.0
0.0000000000
0.0
0.0
0.0
0.0616352201
0.0
0.0
0.0
0.0
0.0377358491
0.0
0.0
0.0283018868
0.0
0.0
0.0
0.0
0.0
0.0
0.0000000000
0.0
0.0000000000
0.0000000000
0.0
0.0
0.0251572327
0.0
0.0401968827
0.0
0.0188679245
0.0
0.0
0.0
0.0377358491
0.0251572327
0.0
0.0188679245
0.0188679245
0.0000000000
0.0462264151
0.0711175617
0.0
0.0
0.0000000000
0.0
0.0
0.0251572327
0.0
0.0000000000
0.0424528302
0.0
0.0000000000
0.0000000000
0.0
0.0
0.0251572327
0.0543840178
0.0283018868
0.0
0.0000000000
0.0
0.0377358491
0.0
0.0
0.0251572327
0.0251572327
0.0188679245
0.0000000000
0.0251572327
0.0000000000
0.0000000000
0.0377358491
0.0000000000
0.0000000000
0.0188679245
0.0000000000
0.0000000000
0.0000000000
0.0251572327
0.0188679245
0.0000000000
0.0000000000
