0.0
0.0
0.0
0.0
0.0
0.0
0.0
0.0
0.0
0.0
0.0
0.0
0.0
0.0
0.0
0.0
0.0
0.0
0.0
0.0
0.0
0.0
0.0
0.0
0.0
0.0
0.0
0.0
0.0
0.0
0.0
0.0851572884
0.0
0.0
0.0
0.0
0.0
0.0
0.0
0.0
0.0
0.0
0.0
0.0
0.0
0.0
0.0
0.0
0.0
0.0
0.0
0.0
0.0900234192
0.0
0.0
0.0
0.0
0.0
0.0
0.0
0.0
0.0902813660
0.0
0.0
0.0
0.0
0.0
0.0
0.0
0.0
0.0882582541
0.0
0.0
0.0
0.0
0.0
0.0
0.0
0.0
0.0
0.0
0.0
0.0
0.0
0.0
0.1129326047
0.0
0.0
0.0
0.0
0.0
0.0816274526
0.0
0.0
0.0
0.0
0.0687951893
0.0
0.0
0.0
0.0000000000
0.0
0.0081967213
0.0
0.0
0.0
0.0
0.0
0.0
0.0
0.0
0.0000000000
0.0
0.0
0.0
0.0
0.0
0.0
0.0
0.0
0.0000000000
0.0
0.0926711668
0.0619021547
0.1307394055
0.0
0.0081967213
0.0
0.0000000000
0.0
0.0
0.0
0.0
0.0
0.0
0.0
0.0000000000
0.0
0.0000000000
0.0
0.0
0.0877665647
0.1057322038
0.0926711668
0.0
0.0
0.0793657348
0.0
0.0
0.0
0.0908017197
0.1082755901
0.0
0.0
0.0
0.0
0.0
0.0
0.0109289617
0.0762910332
0.0
0.0000000000
0.0
0.0
0.0
0.0
0.0
0.0
0.0000000000
0.0
0.0
0.0
0.0
0.0
0.0
0.0
0.0
0.0
0.0926711668
0.0
0.0
0.1225999872
0.0
0.0
0.0
0.0
0.0
0.0717726577
0.0831350837
0.0700182149
0.0
0.0
0.0000000000
0.0
0.0000000000
0.0
0.0
0.0000000000
0.0262295082
0.0
0.0694013144
0.0000000000
0.1019682742
0.0
0.0
0.0
0.0
0.0
0.0
0.0621463446
0.0
0.0218579235
0.0
0.1175678982
0.0949042070
0.0757408575
0.0842465153
0.0
0.1329459777
0.0000000000
0.0000000000
0.0766622791
0.0000000000
0.0704881358
0.0145719490
0.0081967213
0.1094034608
0.1129326047
0.0
0.0
0.0545124511
0.0946192094
0.0833550178
0.0
0.0
0.0604763853
0.0704881358
0.0743117847
0.0801735286
0.0000000000
0.0
0.0870392175
0.0
0.0000000000
0.0
0.0000000000
0.0000000000
0.0000000000
0.1101685200
0.0842465153
0.0000000000
0.0649653541
0.0
0.0943359183
0.0163934426
0.1006651652
0.0163934426
0.0
0.0000000000
0.0081967213
0.0081967213
0.0940543186
0.0
0.0081967213
0.1022993400
0.0676141561
0.0
0.0
0.0552775381
0.0
0.1097846576
0.0000000000
0.0
0.0753784611
0.0494634171
0.0000000000
0.0853880670
0.1158389585
0.0
0.0000000000
0.0000000000
0.0000000000
0.1064466105
0.0000000000
0.0081967213
0.0000000000
0.0870392175
0.0554721773
0.0
0.0451406830
0.0163934426
0.0877665647
0.0081967213
0.0766622791
0.0109289617
0.0887554837
0.0000000000
0.0000000000
0.0000000000
0.0000000000
0.0000000000
0.0000000000
0.0000000000
0.0000000000
0.0000000000
0.0081967213
0.0081967213
0.0000000000
0.0000000000
0.0000000000
0.0000000000
