0.0
0.0
0.0
0.0
0.0
0.0
0.0
0.0
0.0
0.0
0.0
0.0
0.0
0.0
0.0
0.0
0.0
0.0
0.0
0.0
0.0
0.0
0.0
0.0
0.0
0.0
0.0
0.0
0.0
0.0878393571
0.0
0.1021645303
0.0
0.0
0.0
0.0
0.0
0.0772966637
0.0
0.0
0.1067544162
0.0
0.0
0.0
0.0726132515
0.0
0.0
0.0
0.0
0.0938828006
0.0
0.0
0.1046468879
0.0
0.0991510441
0.0
0.0
0.0
0.0
0.0
0.0
0.0
0.0
0.0
0.0
0.0
0.0
0.0
0.0
0.0
0.1139949970
0.1111451220
0.0
0.0
0.0000000000
0.0
0.1017872610
0.0
0.0791613735
0.0
0.0
0.0
0.0
0.0
0.0770805097
0.0966479322
0.0
0.0933739508
0.0
0.1044090540
0.0
0.0
0.0
0.0
0.0
0.0
0.0000000000
0.0824775292
0.0
0.0
0.0
0.0820356853
0.0804553131
0.0
0.0
0.0
0.0
0.0
0.0
0.1075877840
0.0891461522
0.0
0.0938188913
0.0943972269
0.0
0.1043300162
0.0
0.0
0.0
0.0
0.0
0.0
0.0910303509
0.0
0.0
0.0770374239
0.0
0.0
0.0
0.0
0.0
0.0
0.0
0.0
0.0
0.0886872274
0.0754764246
0.0
0.0
0.1154270949
0.0
0.0
0.0957082995
0.0
0.0901373128
0.0
0.0032441200
0.0
0.1055282935
0.0834766513
0.0077858881
0.0
0.0
0.0
0.0
0.1065069176
0.0993655020
0.0
0.0938188913
0.1139949970
0.0
0.0
0.1042510978
0.0
0.0832246083
0.0700304631
0.0000000000
0.0
0.0
0.0876159894
0.0
0.0
0.0
0.0
0.0890309763
0.0970563038
0.0
0.0
0.0854962477
0.0000000000
0.0772100568
0.0
0.0878393571
0.0000000000
0.0854962477
0.0
0.0
0.1056901467
0.0920026377
0.1114146737
0.0
0.0926832222
0.0929959186
0.0
0.0
0.0821824397
0.0723084739
0.0933107321
0.0
0.0
0.1229437568
0.1099042674
0.0
0.0861913392
0.0855493180
0.0
0.0
0.0
0.0796186894
0.0
0.0645526704
0.0
0.0
0.0
0.0048661800
0.0
0.0
0.0
0.0000000000
0.0
0.0
0.0923107511
0.0706406721
0.0
0.0
0.1103442365
0.0
0.0664192537
0.0
0.0802678808
0.0
0.0989375099
0.0
0.0829740827
0.0889160976
0.0939467971
0.0925587316
0.0000000000
0.0
0.1140893637
0.0961758209
0.0
0.0
0.0048661800
0.1138067311
0.0629890088
0.0
0.0839853451
0.0
0.0865703212
0.0
0.0
0.0
0.0
0.0
0.0780407425
0.0
0.1103442365
0.0973992589
0.0997972131
0.0048661800
0.0055297501
0.0
0.0
0.0595334563
0.0946565600
0.0
0.0000000000
0.0
0.0
0.0086896072
0.0
0.0716692415
0.0988665361
0.1118668436
0.0823789309
0.0957082995
0.0770374239
0.0716692415
0.0646131980
0.0706406721
0.0024330900
0.0953771290
0.1033908112
0.0703521957
0.0
0.0
0.1239388052
0.0000000000
0.0
0.0
0.0
0.0834261207
0.0927455931
0.0
0.0
0.0000000000
0.0722705565
0.0812617638
0.0
0.0
0.0934372551
0.0888015150
0.0761436195
0.0
0.0
0.0
0.0
0.0
0.0
0.0756836636
0.0954431796
0.0
0.0949827370
0.1065069176
0.0048661800
0.1049656903
0.0
0.0000000000
0.0
0.1131526694
0.0900195633
0.0629890088
0.0000000000
0.0938188913
0.0
0.1030044479
0.0729978556
0.1041722988
0.1063425550
0.0922489634
0.0
0.0681265207
0.0994371943
0.0920640958
0.0862452762
0.0819381399
0.0819868836
0.0901373128
0.0944619269
0.0
0.0
0.0
0.0800348149
0.0
0.0
0.0763545437
0.0517536430
0.0
0.0055297501
0.0845002767
0.0
0.0
0.0024330900
0.0
0.0024330900
0.0
0.0
0.0923107511
0.0000000000
0.0958414126
0.0705322167
0.0
0.0718935583
0.0
0.0823297200
0.0
0.0799883641
0.0024330900
0.0
0.0978140180
0.0000000000
0.0808802531
0.0
0.0747802232
0.0760595758
0.0803146570
0.0048661800
0.0000000000
0.0837302256
0.0783513083
0.0705683315
0.0000000000
0.0763122654
0.0000000000
0.0000000000
0.0962429828
0.0901373128
0.0024330900
0.0933107321
0.0780407425
0.0000000000
0.0859762641
0.0
0.0870075450
0.0722705565
0.0638646670
0.0957748098
0.1021645303
0.0000000000
0.0883461227
0.0086896072
0.0
0.0834261207
0.0032441200
0.0
0.0
0.0900195633
0.0661324143
0.0000000000
0.0
0.0751471927
0.0
0.0000000000
0.0000000000
0.0715204729
0.0760595758
0.0815502671
0.0645526704
0.0032441200
0.0749836514
0.0839853451
0.0839341969
0.0866247337
0.0723084739
0.1073364107
0.0796647118
0.0949173219
0.0
0.0904330389
0.0
0.0847080217
0.0925587316
0.0567627477
0.0000000000
0.0
0.0680256423
0.0024330900
0.0721570426
0.0832748951
0.0665475381
0.0000000000
0.0797569163
0.0907904818
0.0000000000
0.0
0.1014874458
0.0024330900
0.0024330900
0.0825763639
0.0000000000
0.0
0.0000000000
0.0
0.0825763639
0.0763122654
0.0959081081
0.0000000000
0.0
0.0000000000
0.0
0.0000000000
0.0825269170
0.0847080217
0.0712984746
0.0000000000
0.0808328160
0.0998695300
0.0798493345
0.0893194759
0.0055297501
0.0746182736
0.0000000000
0.0868978256
0.0663233645
0.0954431796
0.0805023080
0.0780407425
0.0000000000
0.0032441200
0.0
0.0668055993
0.0835778965
0.0933107321
0.0000000000
0.0000000000
0.0032441200
0.0000000000
0.0883461227
0.0000000000
0.0848645021
0.0721570426
0.0942036578
0.0000000000
0.0
0.0064882401
0.0710046117
0.0000000000
0.0701373798
0.0000000000
0.0828742943
0.0690480718
0.0868978256
0.0000000000
0.0032441200
0.0000000000
0.0910303509
0.0000000000
0.0000000000
0.0000000000
0.0024330900
0.0000000000
0.0000000000
0.0000000000
0.0024330900
0.0000000000
0.0000000000
0.0581518782
0.0024330900
0.0000000000
0.0024330900
0.0983725563
0.0609822794
0.0000000000
0.0000000000
0.0766944637
0.0822805680
0.0000000000
0.0000000000
0.0
0.0024330900
0.0627309747
0.0643116898
0.0000000000
0.0000000000
0.0000000000
0.0043254934
0.0000000000
0.0000000000
0.0712984746
0.0000000000
0.0024330900
0.0
0.0000000000
0.0894354000
0.0000000000
0.0662595920
0.0000000000
0.0000000000
0.0789799148
0.0000000000
0.0000000000
0.0000000000
0.0475241212
0.0000000000
0.0000000000
0.0048661800
0.0055297501
0.0000000000
0.0
0.0000000000
0.0
0.0000000000
0.0808802531
0.0517148035
0.0000000000
0.0000000000
0.0672620553
0.0000000000
0.0032441200
0.0000000000
0.0710046117
0.0024330900
0.0000000000
0.0750653330
0.0024330900
0.0000000000
0.0024330900
0.0000000000
0.0726132515
0.0000000000
0.0000000000
0.0000000000
0.0000000000
0.0000000000
0.0
0.0000000000
0.0000000000
0.0794809408
0.0780407425
0.0775140334
0.0000000000
0.0885163464
0.0000000000
0.0000000000
0.0000000000
0.0000000000
0.0024330900
0.0000000000
0.0000000000
0.0000000000
0.0845521174
0.0575448649
0.0000000000
0.0000000000
0.0000000000
0.0000000000
0.0000000000
0.0000000000
0.0808328160
0.0831743822
0.0000000000
0.0000000000
0.0000000000
0.0000000000
0.0000000000
0.0032441200
0.0000000000
0.0000000000
0.0000000000
0.0000000000
0.0000000000
0.0000000000
0.0672620553
0.0000000000
0.0000000000
0.0000000000
0.0000000000
0.0000000000
0.0000000000
0.0000000000
0.0000000000
0.0000000000
0.0000000000
0.0000000000
0.0000000000
0.0000000000
0.0000000000
0.0000000000
0.0000000000
0.0000000000
0.0000000000
0.0000000000
