0.0
0.0
0.0
0.0
0.0
0.0
0.0
0.0
0.0
0.0
0.0
0.0
0.0
0.0
0.0
0.0
0.0
0.0
0.0
0.0
0.0
0.0
0.0
0.0
0.0
0.0
0.0
0.0
0.0
0.0
0.0
0.0000000000
0.0
0.0
0.0
0.0
0.0
0.0
0.0
0.0
0.0
0.0
0.0
0.0
0.0
0.0
0.0
0.0
0.0
0.0
0.0
0.0
0.0671778896
0.0
0.0
0.0
0.0
0.0
0.0
0.0
0.0
0.0833932423
0.0
0.0
0.0
0.0
0.0
0.0
0.0
0.0
0.0000000000
0.0
0.0
0.0
0.0
0.0
0.0
0.0
0.0
0.0
0.0
0.0
0.0
0.0
0.0
0.1435582298
0.0
0.0
0.0
0.0
0.0
0.0938485144
0.0
0.0
0.0
0.0
0.1288493948
0.0
0.0
0.0
0.0797950567
0.0
0.0976374296
0.0
0.0
0.0
0.0
0.0
0.0
0.0
0.0
0.0838380062
0.0
0.0
0.0
0.0
0.0
0.0
0.0
0.0
0.0921972209
0.0
0.0982476636
0.0991774522
0.1126854922
0.0
0.0093457944
0.0
0.0000000000
0.0
0.0
0.0
0.0
0.0
0.0
0.0
0.1262620576
0.0
0.0093457944
0.0
0.0
0.0000000000
0.0000000000
0.1361006595
0.0
0.0
0.0761240977
0.0
0.0
0.0
0.0727760471
0.0988655734
0.0
0.0
0.0
0.0
0.0
0.0
0.0000000000
0.1099274557
0.0
0.0944121692
0.0
0.0
0.0
0.0
0.0
0.0
0.0000000000
0.0
0.0
0.0
0.0
0.0
0.0
0.0
0.0
0.0
0.1139103346
0.0
0.0
0.1518804461
0.0
0.1139103346
0.0
0.0
0.0
0.1372893115
0.0961445026
0.0863715724
0.0
0.0
0.0000000000
0.0
0.0000000000
0.0
0.0
0.0998071503
0.0000000000
0.0
0.0000000000
0.0000000000
0.0598842902
0.0
0.0
0.0
0.0
0.0
0.0
0.0000000000
0.0
0.0671778896
0.0
0.1232911856
0.1069362324
0.0000000000
0.0802021743
0.0
0.1177500088
0.0000000000
0.0000000000
0.0000000000
0.0000000000
0.0806134675
0.0598842902
0.0000000000
0.0982476636
0.0935692034
0.0
0.0
0.0700206065
0.0982476636
0.1099274557
0.0
0.0
0.0802021743
0.0722741433
0.0827348746
0.0000000000
0.0093457944
0.0
0.0639009194
0.0
0.0000000000
0.0
0.1099274557
0.0000000000
0.0000000000
0.0838380062
0.0703338978
0.0000000000
0.0998071503
0.0
0.0000000000
0.0000000000
0.1007668344
0.0731145403
0.0
0.1218575672
0.0000000000
0.0829531724
0.1107015927
0.0
0.0842875398
0.0000000000
0.0932915500
0.0
0.0000000000
0.1155854865
0.0093457944
0.1326550731
0.0000000000
0.0
0.0000000000
0.0833932423
0.0000000000
0.0000000000
0.0970347294
0.0093457944
0.0000000000
0.0000000000
0.0093457944
0.0998071503
0.0000000000
0.0000000000
0.0000000000
0.0000000000
0.0000000000
0.0000000000
0.0000000000
0.0000000000
