0.0
0.0
0.0
0.0
0.0
0.0
0.0
0.0
0.0
0.0
0.0
0.0
0.0
0.0
0.0
0.0
0.0
0.0
0.0
0.0
0.0
0.0
0.0
0.0
0.0
0.0
0.0
0.0
0.0
0.0
0.0
0.0000000000
0.0
0.0
0.0
0.0
0.0
0.0
0.0
0.0
0.0
0.0
0.0
0.0
0.0
0.0
0.0
0.0
0.0
0.0
0.0
0.0
0.0989399293
0.0
0.0
0.0
0.0
0.0
0.0
0.0
0.0
0.0915032680
0.0
0.0
0.0
0.0
0.0
0.0
0.0
0.0
0.0000000000
0.0
0.0
0.0
0.0
0.0
0.0
0.0
0.0
0.0
0.0
0.0
0.0
0.0
0.0
0.1443298969
0.0
0.0
0.0
0.0
0.0
0.1072796935
0.0
0.0
0.0
0.0
0.1450777202
0.0
0.0
0.0
0.0742705570
0.0
0.1085271318
0.0
0.0
0.0
0.0
0.0
0.0
0.0
0.0
0.0000000000
0.0
0.0
0.0
0.0
0.0
0.0
0.0
0.0
0.0000000000
0.0
0.1181434599
0.0833333333
0.1212121212
0.0
0.0089285714
0.0
0.0000000000
0.0
0.0
0.0
0.0
0.0
0.0
0.0
0.1129032258
0.0
0.0089285714
0.0
0.0
0.0000000000
0.0000000000
0.1320754717
0.0
0.0
0.1206896552
0.0
0.0
0.0
0.0769230769
0.1102362205
0.0
0.0
0.0
0.0
0.0
0.0
0.0000000000
0.1025641026
0.0
0.0823529412
0.0
0.0
0.0
0.0
0.0
0.0
0.0000000000
0.0
0.0
0.0
0.0
0.0
0.0
0.0
0.0
0.0
0.1124497992
0.0
0.0
0.1372549020
0.0
0.0982456140
0.0
0.0
0.0
0.1166666667
0.0838323353
0.0989399293
0.0
0.0
0.0000000000
0.0
0.0000000000
0.0
0.0
0.0160714286
0.0000000000
0.0
0.0089285714
0.0000000000
0.0833333333
0.0
0.0
0.0
0.0
0.0
0.0
0.0089285714
0.0
0.0982456140
0.0
0.1238938053
0.0989399293
0.0000000000
0.0886075949
0.0
0.1365853659
0.0000000000
0.0000000000
0.0000000000
0.0000000000
0.1102362205
0.0823529412
0.0000000000
0.1115537849
0.0979020979
0.0
0.0
0.0651162791
0.1093750000
0.0949152542
0.0
0.0
0.0746666667
0.0639269406
0.0727272727
0.0000000000
0.0089285714
0.0
0.0567951318
0.0
0.0000000000
0.0
0.0949152542
0.0000000000
0.0000000000
0.0906148867
0.0906148867
0.0000000000
0.0160714286
0.0
0.0906148867
0.0000000000
0.0996441281
0.0773480663
0.0
0.0267857143
0.0000000000
0.0894568690
0.1093750000
0.0
0.0912052117
0.0989399293
0.0869565217
0.0
0.0000000000
0.0716112532
0.0089285714
0.1228070175
0.0000000000
0.0
0.0000000000
0.0958904110
0.0716112532
0.0000000000
0.1076923077
0.0089285714
0.0000000000
0.0000000000
0.0089285714
0.0160714286
0.0000000000
0.0000000000
0.0000000000
0.0000000000
0.0000000000
0.0000000000
0.0000000000
0.0853658537
0.0000000000
0.0000000000
0.0000000000
0.0000000000
0.0000000000
