0.0
0.0
0.0
0.0
0.1149965678
0.0
0.1369772637
0.0
0.0
0.1125014285
0.0
0.0958617392
0.0
0.1268271500
0.0
0.1184742866
0.0
0.1311679601
0.0
0.0
0.1382664615
0.0926378026
0.0
0.0
0.0
0.1176834035
0.1152974090
0.1101810865
0.1250281833
0.1211613323
0.0
0.0
0.1346751249
0.1201702375
0.1280245014
0.1247627307
0.1346751249
0.1071670142
0.1205812164
0.0
0.0
0.1396907595
0.1345723194
0.1261916524
0.0
0.1308758266
0.1376188434
0.1220843064
0.1122864576
0.1099748836
0.0826099993
0.1033957410
0.1385925617
0.0
0.1265540118
0.0
0.1175264923
0.0
0.0978843634
0.1312656280
0.0
0.0
0.1187136286
0.1014325307
0.0
0.1293394999
0.0
0.0875321442
0.1099748836
0.1253838822
0.1301031280
0.1363416384
0.1097011440
0.1349844858
0.1075593279
0.1133696067
0.0
0.0822246914
0.0862052511
0.1126452003
0.1170582593
0.1235387095
0.1302954460
0.0
0.1265540118
0.1165937423
0.1198434660
0.0
0.0915790849
0.0910117390
0.1244984028
0.0
0.1169805829
0.1080206731
0.0757909452
0.0
0.0881448692
0.1223384722
0.1194374922
0.1182359077
0.1274690806
0.1219154484
0.0865013437
0.1007369934
0.1156756814
0.1294344629
0.0
0.0903586563
0.1321512282
0.0
0.1172919085
0.1280245014
0.1108043611
0.1134425601
0.1078224700
0.1069719287
0.1283040309
0.0
0.1079545245
0.1343671787
0.1149216026
0.1196807457
0.0934728200
0.1180775207
0.0026827632
0.1255624918
0.0
0.1024940340
0.0000000000
0.1268271500
0.0
0.0
0.1103880641
0.0020120724
0.1243228057
0.1023749933
0.1069719287
0.1165937423
0.1249395737
0.1243228057
0.1169030096
0.1237120971
0.1222536328
0.0
0.0876191543
0.1347780875
0.1233658072
0.0020120724
0.1312656280
0.0993181625
0.1191146881
0.1342648427
0.1155998285
0.1155240750
0.1205812164
0.1064551561
0.0000000000
0.0000000000
0.1110136892
0.1043752152
0.1218311945
0.0000000000
0.0020120724
0.0942222012
0.1130062426
0.0978300435
0.1173699990
0.0951374735
0.1044989558
0.1280245014
0.0
0.0
0.0722795156
0.0
0.1175264923
0.1031537381
0.0
0.1176048956
0.1118589711
0.0
0.0944240699
0.1097694511
0.1037608819
0.1264632270
0.0988725398
0.1096329219
0.1251169187
0.0
0.0942222012
0.1103189853
0.1118589711
0.1296248077
0.1117171980
0.0948304134
0.1253838822
0.1017839136
0.1051220861
0.1324490897
0.1125014285
0.0
0.0
0.1059433524
0.1226790107
0.0
0.1099748836
0.0026827632
0.0
0.1212446619
0.0
0.0983211034
0.0995987223
0.1244984028
0.0
0.0998243139
0.0852464886
0.1157516339
0.1025536582
0.1054364464
0.0
0.1272850097
0.0000000000
0.1240603367
0.1242351927
0.0026827632
0.0
0.1193566272
0.0040241449
0.0000000000
0.1082860801
0.1343671787
0.0997113905
0.1224234295
0.0
0.1391394936
0.1167481711
0.1004499934
0.0
0.0
0.1205812164
0.0
0.1207463962
0.0000000000
0.0040241449
0.0000000000
0.1123580232
0.0854530967
0.1176048956
0.0020120724
0.1171360388
0.1142512887
0.0883657837
0.0000000000
0.1082860801
0.1195184667
0.0815401195
0.0746042059
0.1215791300
0.1063909103
0.1309730598
0.0000000000
0.0
0.0000000000
0.0964913730
0.1001646241
0.1026731150
0.1031537381
0.1099748836
0.1073628127
0.0020120724
0.0000000000
0.0768817001
0.1353991847
0.0917220283
0.1069719287
0.0
0.0
0.1197620506
0.0000000000
0.0808297746
0.0
0.0926378026
0.1099748836
0.0993181625
0.0020120724
0.1238859722
0.1041901527
0.0
0.0020120724
0.0040241449
0.1227644418
0.0
0.0912472766
0.1043752152
0.0948304134
0.1086866451
0.1065194794
0.1127172241
0.0000000000
0.0928818432
0.1191146881
0.0000000000
0.0985409382
0.1022562288
0.0983759701
0.0948304134
0.0980476854
0.1177620163
0.0026827632
0.0905442930
0.0000000000
0.0998243139
0.1176048956
0.0000000000
0.0
0.0000000000
0.1210781171
0.0
0.0993181625
0.1026731150
0.1135887490
0.1043134547
0.1082196062
0.0786305702
0.0
0.0000000000
0.0040241449
0.0040241449
0.0026827632
0.0000000000
0.1042517673
0.0000000000
0.1011415596
0.1193566272
0.0000000000
0.1027928504
0.0994863084
0.1160564440
0.0000000000
0.1103189853
0.1114347272
0.1206637498
0.0999941795
0.0040241449
0.0
0.0999374934
0.0908709992
0.0000000000
0.0
0.0924919929
0.1177620163
0.0908709992
0.0000000000
0.0993181625
0.0020120724
0.1121435995
0.0950348994
0.0722795156
0.0020120724
0.0026827632
0.1029128654
0.0000000000
0.0
0.0990948502
0.1127172241
0.0854116950
0.0000000000
0.0946776254
0.1080206731
0.0000000000
0.1231073592
0.0818429612
0.0000000000
0.1003356508
0.0000000000
0.0000000000
0.0853703334
0.1099748836
0.0000000000
0.1090901847
0.0815401195
0.0000000000
0.0000000000
0.0874019526
0.0000000000
0.0794097921
0.0867994773
0.1128615483
0.0000000000
0.0813895376
0.0000000000
0.0000000000
0.0000000000
0.0844704065
0.0000000000
0.0000000000
0.0000000000
0.0020120724
0.1146227168
0.0020120724
0.0026827632
0.1191146881
0.0894417750
0.0874887039
0.1110136892
0.0000000000
0.0000000000
0.0915790849
0.0000000000
0.0
0.0000000000
0.0794097921
0.1251169187
0.0000000000
0.0000000000
0.0026827632
0.0856191056
0.0982115534
0.1179984862
0.0882331023
0.0945760399
0.0000000000
0.0884100995
0.0874019526
0.0026827632
0.0020120724
0.0000000000
0.0000000000
0.0000000000
0.0000000000
0.0040241449
0.0
0.0
0.0000000000
0.0000000000
0.0000000000
0.0000000000
0.0000000000
0.1069719287
0.1013742027
0.1003927895
0.0000000000
0.0026827632
0.0026827632
0.0020120724
0.0020120724
0.0842282553
0.0000000000
0.0020120724
0.1143995707
0.0893964191
0.0000000000
0.0897605593
0.0000000000
0.0795172478
0.0000000000
0.1115757838
0.1114347272
0.1096329219
0.0795172478
0.0000000000
0.0000000000
0.0000000000
0.0830771623
0.0020120724
0.0000000000
0.0000000000
0.0795172478
0.0000000000
0.0000000000
0.0026827632
0.0843491571
0.0000000000
0.0000000000
0.0000000000
0.0000000000
0.0020120724
0.0000000000
0.0000000000
0.0000000000
0.0000000000
0.0020120724
0.0000000000
0.0982662979
0.0000000000
0.0000000000
0.0000000000
0.0971828768
0.0000000000
0.0000000000
0.0000000000
0.0000000000
0.0000000000
0.0000000000
0.0000000000
0.0000000000
0.0000000000
0.0000000000
0.0000000000
0.0000000000
0.0000000000
0.0020120724
0.0000000000
0.0000000000
0.0000000000
0.0000000000
0.0026827632
0.0000000000
0.0000000000
0.0000000000
0.0000000000
0.0000000000
0.0994863084
0.0000000000
0.0000000000
0.0000000000
0.0000000000
0.0000000000
0.0000000000
0.0020120724
0.0000000000
0.0000000000
0.0000000000
0.0026827632
0.0000000000
0.0855360206
0.0020120724
0.0000000000
0.0000000000
0.0000000000
0.0020120724
0.0000000000
0.0000000000
0.0000000000
0.0000000000
0.0000000000
0.0000000000
0.0000000000
0.0000000000
0.0000000000
0.0000000000
0.0000000000
0.0000000000
0.0000000000
0.0000000000
0.0000000000
0.0000000000
0.0000000000
0.0000000000
0.0000000000
0.0000000000
0.0000000000
0.0000000000
0.0000000000
0.0000000000
0.0000000000
0.0000000000
0.0000000000
0.0000000000
0.0000000000
0.0000000000
0.0000000000
0.0000000000
0.0000000000
0.0000000000
0.0000000000
0.0000000000
0.0000000000
0.0000000000
0.0000000000
0.0000000000
0.0000000000
