0.0
0.0
0.0
0.0
0.1393529072
0.0
0.1432418255
0.0
0.0
0.1272602995
0.0
0.1381031053
0.0
0.1231879699
0.0
0.1043965847
0.0200501253
0.1344846833
0.0
0.1494999635
0.0075187970
0.0000000000
0.0
0.0
0.0
0.1272602995
0.1061965258
0.1316110790
0.1043965847
0.1084401144
0.0
0.0
0.1333203138
0.1459573103
0.1316110790
0.1466523451
0.1251910263
0.1272602995
0.0150375940
0.0
0.0
0.1595699092
0.1157781672
0.0169172932
0.0
0.0075187970
0.0000000000
0.1144869609
0.0075187970
0.1153445411
0.1076817919
0.0133667502
0.0075187970
0.1069340017
0.1338999673
0.0075187970
0.0860251187
0.1720502373
0.0000000000
0.0000000000
0.0
0.1136420387
0.0000000000
0.1241814213
0.0
0.1184499711
0.0
0.1179961398
0.1212480019
0.1084401144
0.1304957309
0.0971513958
0.0075187970
0.1262171823
0.1036935774
0.1316110790
0.0100250627
0.0950524459
0.0799921883
0.0100250627
0.1272602995
0.0941804051
0.1084401144
0.0
0.0000000000
0.1128094963
0.1283208020
0.0100250627
0.1257020101
0.0000000000
0.1166552746
0.0
0.0100250627
0.1111804783
0.0000000000
0.1084401144
0.0150375940
0.1157781672
0.0000000000
0.0996666423
0.0000000000
0.1051091894
0.0000000000
0.0956428338
0.1023155896
0.1517093226
0.0779670696
0.0150375940
0.1080596227
0.0240601504
0.1003159364
0.0000000000
0.0000000000
0.0000000000
0.0000000000
0.0000000000
0.0150375940
0.0000000000
0.0112781955
0.0000000000
0.0000000000
0.0000000000
0.1009737458
0.0000000000
0.0000000000
0.0112781955
0.0000000000
0.0000000000
0.0000000000
0.0887521397
0.0000000000
0.0000000000
0.0000000000
0.0000000000
0.0000000000
0.0000000000
0.0000000000
0.0075187970
0.0000000000
0.0000000000
0.0927620255
0.0000000000
0.1003159364
0.0169172932
0.1144869609
0.0884971048
0.0000000000
0.0000000000
0.0000000000
0.0000000000
0.0000000000
0.0000000000
0.0000000000
0.0000000000
0.0075187970
0.0000000000
0.0000000000
0.0000000000
