0.0
0.0
0.0
0.0
0.0
0.0
0.0
0.0
0.0
0.0
0.0
0.0
0.0
0.0
0.0
0.0
0.0
0.0
0.0
0.0
0.0
0.0
0.0
0.0
0.0
0.0
0.0
0.0
0.0
0.0834970820
0.0
0.0962272860
0.0
0.0
0.0
0.0
0.0
0.0728252656
0.0
0.0
0.1012960484
0.0
0.0
0.0
0.0
0.0
0.0
0.0
0.0
0.0881623917
0.0
0.0
0.0969092116
0.0
0.0931678265
0.0
0.0
0.0
0.0
0.0
0.0
0.0
0.0
0.0
0.0
0.0
0.0
0.0
0.0
0.0
0.1047444245
0.1052820349
0.0
0.0
0.0000000000
0.0
0.0951118229
0.0
0.0750913354
0.0
0.0
0.0
0.0
0.0
0.0720999993
0.0893788662
0.0
0.0875353476
0.0
0.0961521084
0.0
0.0
0.0
0.0
0.0
0.0
0.0000000000
0.0574310307
0.0
0.0
0.0
0.0767298621
0.0755987093
0.0
0.0
0.0
0.0
0.0
0.0
0.1024768516
0.0840100333
0.0
0.0872251586
0.0892492377
0.0
0.0966808317
0.0
0.0
0.0
0.0
0.0
0.0
0.0851138996
0.0
0.0
0.0705703548
0.0
0.0
0.0
0.0
0.0
0.0
0.0
0.0
0.0
0.0823242132
0.0707732598
0.0
0.0
0.1101832577
0.0
0.0
0.0887984840
0.0
0.0823793165
0.0
0.0
0.0
0.0972154019
0.0794542923
0.0077108434
0.0
0.0
0.0
0.0
0.0997363848
0.0938069351
0.0
0.0885429488
0.1045664391
0.0
0.0
0.0963025812
0.0
0.0773082279
0.0663833327
0.0000000000
0.0
0.0
0.0836105291
0.0
0.0
0.0
0.0
0.0842400402
0.0896392562
0.0
0.0
0.0827114911
0.0000000000
0.0729980420
0.0
0.0817229076
0.0000000000
0.0808637968
0.0
0.0
0.0985385899
0.0827671142
0.1007157928
0.0
0.0855279352
0.0871016977
0.0
0.0
0.0854685408
0.0659564302
0.0882888801
0.0
0.0
0.1153464843
0.1005512245
0.0
0.0808107018
0.0803884381
0.0
0.0
0.0
0.0765866203
0.0
0.0000000000
0.0
0.0
0.0
0.0048192771
0.0
0.0
0.0
0.0000000000
0.0
0.0
0.0720156225
0.0060240964
0.0
0.0
0.1025622490
0.0
0.0619711474
0.0
0.0752290335
0.0
0.0952590548
0.0
0.0
0.0833839423
0.0872251586
0.0861264512
0.0000000000
0.0
0.1081499989
0.0882255905
0.0
0.0
0.0048192771
0.0915734366
0.0050200803
0.0
0.0719735081
0.0
0.0800225610
0.0
0.0
0.0
0.0
0.0
0.0715966834
0.0
0.1032505862
0.0889268055
0.0930269832
0.0563786985
0.0054764513
0.0
0.0
0.0571112291
0.0899668851
0.0
0.0000000000
0.0
0.0
0.0086058520
0.0
0.0678097514
0.0916416223
0.1029052666
0.0719314429
0.0826004690
0.0024096386
0.0625061954
0.0024096386
0.0075301205
0.0024096386
0.0891199846
0.0900986082
0.0652224159
0.0
0.0
0.1183410565
0.0000000000
0.0
0.0
0.0
0.0994945019
0.0821593450
0.0
0.0
0.0000000000
0.0680722892
0.0752290335
0.0
0.0
0.0884157319
0.0024096386
0.0725248667
0.0
0.0
0.0
0.0
0.0
0.0
0.0718894269
0.0880362652
0.0
0.0900986082
0.0983024751
0.0641682475
0.0988551798
0.0
0.0000000000
0.0
0.1039482253
0.0833274873
0.0
0.0000000000
0.0866113292
0.0
0.0979894099
0.0693769441
0.0972154019
0.1023915963
0.0890554984
0.0
0.0637692740
0.0939501518
0.0857663406
0.0818315816
0.0766343081
0.0758316074
0.0847621893
0.0872251586
0.0
0.0
0.0
0.0740521653
0.0
0.0
0.0893788662
0.0489752084
0.0
0.0054764513
0.0804409796
0.0
0.0
0.0024096386
0.0
0.0024096386
0.0
0.0
0.0851138996
0.0000000000
0.0640347028
0.0661336372
0.0
0.0672907046
0.0
0.0775517951
0.0
0.0000000000
0.0024096386
0.0
0.0900326985
0.0000000000
0.0763017351
0.0
0.0720999993
0.0808637968
0.0100401606
0.0024096386
0.0000000000
0.0773082279
0.0741860752
0.0060240964
0.0000000000
0.0711003459
0.0000000000
0.0000000000
0.0927465703
0.0842977389
0.0024096386
0.0884157319
0.0730413643
0.0000000000
0.0800225610
0.0
0.0827671142
0.0680722892
0.0603899405
0.0919153837
0.0959272789
0.0000000000
0.0807576764
0.0086058520
0.0
0.0850550786
0.0627932137
0.0
0.0
0.0833274873
0.0638354247
0.0000000000
0.0
0.0704895182
0.0
0.0695730349
0.0000000000
0.0676606371
0.0698890964
0.0772112289
0.0000000000
0.0024096386
0.0698890964
0.0793007080
0.0782917931
0.0808637968
0.0520180468
0.0979894099
0.0636373830
0.0890554984
0.0
0.0857066148
0.0
0.0796084727
0.0060240964
0.0537444100
0.0000000000
0.0
0.0625061954
0.0024096386
0.0635716419
0.0819951358
0.0624427696
0.0000000000
0.0737415811
0.0863076429
0.0000000000
0.0
0.0967568387
0.0024096386
0.0024096386
0.0749998165
0.0000000000
0.0
0.0000000000
0.0
0.0856469720
0.0711003459
0.0903632150
0.0000000000
0.0
0.0000000000
0.0
0.0000000000
0.0777477567
0.0797115925
0.0661336372
0.0000000000
0.0821593450
0.0924678428
0.0
0.0825450696
0.0054764513
0.0722693475
0.0000000000
0.0816145217
0.0637692740
0.0867945690
0.0761129863
0.0733898025
0.0000000000
0.0574310307
0.0
0.0626653253
0.0788434970
0.0882888801
0.0000000000
0.0000000000
0.0511107553
0.0725248667
0.0825450696
0.0000000000
0.0800746251
0.0635716419
0.0869785857
0.0000000000
0.0
0.0064257028
0.0669612072
0.0000000000
0.0649813616
0.0000000000
0.0768256547
0.0653262732
0.0816145217
0.0000000000
0.0032128514
0.0000000000
0.0847621893
0.0000000000
0.0000000000
0.0000000000
0.0024096386
0.0000000000
0.0000000000
0.0000000000
0.0024096386
0.0000000000
0.0000000000
0.0024096386
0.0024096386
0.0000000000
0.0024096386
0.0
0.0571112291
0.0000000000
0.0000000000
0.0000000000
0.0000000000
0.0000000000
0.0000000000
0.0
0.0024096386
0.0594276672
0.0475008486
0.0879104991
0.0000000000
0.0000000000
0.0042838019
0.0000000000
0.0000000000
0.0661336372
0.0000000000
0.0024096386
0.0
0.0000000000
0.0826559428
0.0000000000
0.0637032602
0.0000000000
0.0000000000
0.0744103378
0.0000000000
0.0000000000
0.0000000000
0.0449505839
0.0000000000
0.0000000000
0.0048192771
0.0054764513
0.0000000000
0.0
0.0000000000
0.0
0.0000000000
0.0753211131
0.0489362619
0.0000000000
0.0000000000
0.0
0.0000000000
0.0726104418
0.0000000000
0.0662047869
0.0024096386
0.0000000000
0.0704088666
0.0024096386
0.0000000000
0.0024096386
0.0000000000
0.0000000000
0.0000000000
0.0000000000
0.0000000000
0.0000000000
0.0000000000
0.0
0.0000000000
0.0000000000
0.0741413848
0.0715966834
0.0718055419
0.0000000000
0.0817772085
0.0000000000
0.0000000000
0.0000000000
0.0000000000
0.0024096386
0.0000000000
0.0000000000
0.0000000000
0.0811303222
0.0543856380
0.0000000000
0.0000000000
0.0000000000
0.0000000000
0.0000000000
0.0000000000
0.0759251689
0.0770179592
0.0000000000
0.0000000000
0.0000000000
0.0000000000
0.0000000000
0.0032128514
0.0000000000
0.0000000000
0.0000000000
0.0761129863
0.0000000000
0.0000000000
0.0619711474
0.0000000000
0.0000000000
0.0000000000
0.0000000000
0.0000000000
0.0000000000
0.0000000000
0.0000000000
0.0000000000
0.0000000000
0.0000000000
0.0000000000
0.0000000000
0.0000000000
0.0000000000
0.0000000000
0.0000000000
0.0000000000
0.0000000000
0.0000000000
0.0000000000
0.0000000000
0.0000000000
0.0000000000
0.0000000000
0.0000000000
0.0000000000
0.0000000000
0.0000000000
0.0000000000
