0.0
0.0
0.0
0.0
0.0
0.0
0.0
0.0
0.0
0.0
0.0
0.0
0.0
0.0
0.0
0.1004857601
0.0
0.0
0.0
0.0
0.0
0.0
0.0
0.0
0.0
0.0
0.0
0.0
0.0
0.0766682010
0.0
0.0981488819
0.0
0.0
0.0
0.0
0.0
0.0919382161
0.0
0.0
0.1095530783
0.0
0.0
0.0483779696
0.0902529943
0.0
0.0
0.0
0.0
0.1005998188
0.0
0.0
0.0787808359
0.0
0.1222461246
0.0
0.0
0.0
0.0
0.0
0.0
0.0
0.0
0.0
0.0
0.0
0.0
0.0
0.0
0.0
0.0955047849
0.1137720672
0.1053845902
0.0
0.0729452184
0.0
0.0870613363
0.0
0.1001451304
0.0
0.1178569686
0.0995825173
0.0
0.0984760449
0.1065245677
0.0731257759
0.0
0.0948912638
0.0893431859
0.0645509398
0.0
0.0
0.0
0.0
0.0
0.0
0.0761412718
0.0754927090
0.0
0.0
0.0
0.0807916503
0.0000000000
0.0000000000
0.0
0.0
0.0
0.0
0.0
0.1212427365
0.0948912638
0.1039020403
0.0925140296
0.0851377909
0.0523190321
0.0902529943
0.0929994128
0.0
0.0
0.0
0.0
0.0
0.1002584167
0.1008287149
0.0
0.0968616835
0.0
0.0
0.0
0.0
0.0
0.0952993982
0.0838490448
0.0
0.0
0.0892532129
0.0921293559
0.0
0.0
0.0568131028
0.1011740187
0.0
0.0866358166
0.0
0.0137614679
0.0
0.0045871560
0.0
0.0901611804
0.0939856207
0.0000000000
0.0766682010
0.0045871560
0.0713594528
0.0
0.0889843779
0.1002584167
0.0
0.0913695262
0.0587332275
0.0905295612
0.0
0.0855486876
0.0865512113
0.0973938905
0.0804250820
0.0964400875
0.0
0.0
0.0703959018
0.0
0.1154016151
0.0
0.0
0.0826757839
0.0769344100
0.0
0.0
0.0929994128
0.0045871560
0.0734895857
0.0
0.0868906278
0.0000000000
0.0045871560
0.0
0.0
0.0588111748
0.0978238856
0.0845691225
0.0
0.1134807175
0.0894333404
0.0
0.0082568807
0.1031762984
0.1074284126
0.0995825173
0.0
0.0825218253
0.0682807707
0.0982576944
0.0
0.1051345675
0.1102343786
0.0
0.0
0.0922252241
0.0000000000
0.0
0.0091743119
0.0870613363
0.0
0.0
0.0801342137
0.0
0.1070391792
0.0
0.0715900165
0.0
0.0
0.0634419759
0.0859635697
0.0885399005
0.0992479735
0.0905295612
0.0
0.0000000000
0.0
0.0732466449
0.0985855844
0.1084803432
0.0000000000
0.0045871560
0.0621517815
0.0688109009
0.0863824955
0.0888951257
0.0045871560
0.0539430556
0.0082568807
0.0
0.0
0.0962306627
0.0756215361
0.0822919595
0.0
0.0000000000
0.0
0.0765357862
0.0634419759
0.0
0.1030563260
0.0045871560
0.0000000000
0.0082568807
0.0
0.0061162080
0.0000000000
0.0000000000
0.0045871560
0.0137614679
0.0
0.0091743119
0.0834542753
0.0747288705
0.0
0.0000000000
0.0
0.0710733283
0.0082568807
0.0
0.0642235075
0.0941853776
0.0617189696
0.0831411260
0.0942855749
0.0045871560
0.0917478679
0.0000000000
0.0939856207
0.0061162080
0.0717639193
0.0824450608
0.0000000000
0.0
0.0712447270
0.0620647342
0.0000000000
0.0
0.0061162080
0.0082568807
0.0931949951
0.0538120464
0.0
0.0
0.0000000000
0.0659437800
0.0000000000
0.0000000000
0.0000000000
0.1052594304
0.0045871560
0.0000000000
0.0
0.0789211401
0.0
0.0000000000
0.0
0.0883633503
0.0091743119
0.0896141965
0.0000000000
0.0000000000
0.0000000000
0.0868906278
0.0497633017
0.0826757839
0.0000000000
0.0
0.0000000000
0.0061162080
0.0000000000
0.0000000000
0.0045871560
0.0483779696
0.0586554867
0.0000000000
0.0867205874
0.0587721753
0.0645979886
0.0538447390
0.0000000000
0.1079518153
0.0082568807
0.0000000000
0.0045871560
0.0061162080
0.0000000000
0.0730654908
0.0000000000
0.0000000000
0.0045871560
0.0061162080
0.0000000000
0.0866358166
0.0813851610
0.0000000000
0.0000000000
0.0000000000
0.0659437800
0.0045871560
0.0729452184
0.0000000000
0.0730654908
0.0000000000
0.0000000000
0.0000000000
0.0000000000
0.0000000000
0.0000000000
0.0000000000
0.0000000000
0.0000000000
