0.0
0.0
0.0
0.0
0.0
0.0
0.0103092784
0.0
0.0
0.0
0.0
0.0
0.0
0.0
0.0
0.1308694806
0.0
0.0
0.0
0.0
0.0
0.0
0.0
0.0
0.0
0.0
0.0
0.0
0.0
0.0898456279
0.0
0.1628188374
0.1376206840
0.0
0.0
0.0
0.1620580017
0.0000000000
0.0000000000
0.0
0.1409772861
0.0988045936
0.0
0.1376206840
0.1265708481
0.0
0.0
0.0
0.0
0.1171635553
0.0
0.0
0.1439021260
0.0
0.0000000000
0.0
0.1234178376
0.1122343442
0.0
0.0
0.0
0.0
0.0
0.0
0.0
0.0
0.0
0.0000000000
0.1035236190
0.0
0.1159880012
0.1221141281
0.0917471227
0.0
0.1279720014
0.0
0.1083762887
0.1204180985
0.0000000000
0.1080386678
0.1144568065
0.1381689736
0.0915050458
0.1313651984
0.1195876289
0.1163772227
0.0
0.0716537446
0.0889241343
0.1144568065
0.0
0.0
0.0
0.1451063279
0.0
0.0
0.0775848151
0.1005229344
0.0
0.0
0.1221141281
0.1148358026
0.0795422302
0.0103092784
0.0
0.1376206840
0.0
0.0
0.0641042743
0.0000000000
0.1017020891
0.1191766748
0.1433074891
0.1080386678
0.1017020891
0.0000000000
0.0641042743
0.1279720014
0.0804649939
0.0
0.0
0.0917471227
0.1070383098
0.0789986614
0.0
0.0990868925
0.0702032639
0.1017020891
0.0
0.0000000000
0.0629408573
0.1284459717
0.1047746597
0.0
0.1032155130
0.0103092784
0.0000000000
0.0000000000
0.0912642431
0.0103092784
0.1183631822
0.0000000000
0.0000000000
0.0000000000
0.1179605863
0.0103092784
0.0000000000
0.0000000000
0.0000000000
0.0000000000
0.0000000000
0.0000000000
0.0000000000
0.0103092784
0.0000000000
0.0000000000
0.0000000000
0.0000000000
0.0000000000
0.0000000000
0.0000000000
0.0000000000
0.0000000000
0.0000000000
0.0000000000
0.0000000000
0.0000000000
