0.0
0.0
0.0
0.0
0.0
0.0
0.0
0.0
0.0
0.0
0.0
0.0
0.0
0.0
0.0
0.0
0.0
0.0
0.0
0.0
0.0
0.0
0.0
0.0
0.0
0.0
0.0
0.0
0.0
0.0
0.0
0.0000000000
0.0
0.0
0.0
0.0
0.0
0.0
0.0
0.0
0.0
0.0
0.0
0.0
0.0
0.0
0.0
0.0
0.0
0.0
0.0
0.0
0.0739600000
0.0
0.0
0.0
0.0
0.0
0.0
0.0
0.0
0.0679779412
0.0
0.0
0.0
0.0
0.0
0.0
0.0
0.0
0.0000000000
0.0
0.0
0.0
0.0
0.0
0.0
0.0
0.0
0.0
0.0
0.0
0.0
0.0
0.0
0.1050568182
0.0
0.0
0.0
0.0
0.0
0.0228571429
0.0
0.0
0.0
0.0
0.0000000000
0.0
0.0
0.0
0.0160000000
0.0
0.0924500000
0.0
0.0
0.0
0.0
0.0
0.0
0.0
0.0
0.1075000000
0.0
0.0
0.0
0.0
0.0
0.0
0.0
0.0
0.0100000000
0.0
0.0953092784
0.0818141593
0.1027222222
0.0
0.0000000000
0.0
0.0228571429
0.0
0.0
0.0
0.0
0.0
0.0
0.0
0.0983510638
0.0
0.0100000000
0.0
0.0
0.0000000000
0.0739600000
0.1015934066
0.0
0.0
0.0637586207
0.0
0.0
0.0
0.0000000000
0.1113855422
0.0
0.0
0.0
0.0
0.0
0.0
0.0100000000
0.0225000000
0.0
0.0751626016
0.0
0.0
0.0
0.0
0.0
0.0
0.0000000000
0.0
0.0
0.0
0.0
0.0
0.0
0.0
0.0
0.0
0.0848165138
0.0
0.0
0.0906372549
0.0
0.0906372549
0.0
0.0
0.0
0.1100595238
0.0757786885
0.0840454545
0.0
0.0
0.0000000000
0.0
0.0000000000
0.0
0.0
0.0000000000
0.0757786885
0.0
0.0000000000
0.0000000000
0.0872169811
0.0
0.0
0.0
0.0
0.0
0.0100000000
0.0000000000
0.0
0.0556927711
0.0
0.1038764045
0.0000000000
0.0000000000
0.0266666667
0.0
0.1141358025
0.0000000000
0.0000000000
0.0100000000
0.0000000000
0.0160000000
0.0783474576
0.0000000000
0.0803913043
0.0832882883
0.0
0.0
0.0000000000
0.0924500000
0.1087647059
0.0
0.0
0.0150000000
0.0000000000
0.0646503497
0.0000000000
0.0100000000
0.0
0.0000000000
0.0
0.0000000000
0.0
0.0888942308
0.0000000000
0.0000000000
0.0770416667
0.0000000000
0.0655673759
0.0000000000
0.0646503497
0.0000000000
0.0000000000
0.0000000000
0.0745564516
0.0864018692
0.0751626016
0.0000000000
0.0770416667
0.0679779412
0.0
0.0897572816
0.0000000000
0.0225000000
0.0
0.0000000000
0.0897572816
0.0000000000
0.0150000000
0.0000000000
0.0679779412
0.0655673759
0.0000000000
0.0000000000
0.0000000000
0.0000000000
0.0000000000
0.0000000000
