0.0
0.0
0.0
0.0
0.0
0.0
0.0
0.0
0.0
0.0
0.0
0.0
0.0
0.0
0.0
0.0
0.0
0.0
0.0
0.0
0.0
0.0
0.0
0.0
0.0
0.0
0.0
0.0
0.0
0.0
0.0
0.0
0.0
0.0
0.0
0.0
0.0
0.0
0.0
0.0
0.0
0.0
0.0000000000
0.0196078431
0.0
0.0
0.0
0.0
0.0
0.0
0.0
0.0
0.0
0.0
0.0
0.0
0.0
0.0
0.0
0.0
0.1096774194
0.0
0.0
0.0
0.0
0.0
0.0
0.0
0.0
0.0
0.0
0.0000000000
0.0
0.0
0.0
0.0196078431
0.0
0.0
0.0
0.1393442623
0.0
0.0
0.0
0.0
0.0
0.0
0.0196078431
0.0
0.0
0.0
0.0
0.1428571429
0.0
0.0
0.0
0.0
0.0
0.0
0.0
0.0
0.0
0.0000000000
0.0
0.0
0.0
0.0
0.0
0.0965909091
0.0
0.0854271357
0.0
0.0
0.0
0.0
0.0
0.0
0.0000000000
0.0
0.1005917160
0.1148648649
0.1328125000
0.0934065934
0.0
0.0
0.0
0.0
0.0
0.0
0.1118421053
0.0
0.0
0.0
0.0
0.1370967742
0.0
0.0
0.0
0.1250000000
0.1231884058
0.1770833333
0.0
0.1619047619
0.0
0.0
0.0
0.0
0.0
0.0
0.0
0.0
0.0000000000
0.0
0.0939226519
0.1188811189
0.0
0.1111111111
0.0923913043
0.0000000000
0.0913978495
0.1317829457
0.0
0.1317829457
0.0000000000
0.0000000000
0.0294117647
0.0
0.0
0.0000000000
0.0000000000
0.0
0.1317829457
0.1011904762
0.0854271357
0.0913978495
0.0294117647
0.1559633028
0.1125827815
0.1531531532
0.0196078431
0.0000000000
0.0
0.0000000000
0.1531531532
0.0732758621
0.0000000000
0.0000000000
0.0732758621
0.0000000000
0.0790697674
0.0000000000
0.1197183099
0.0000000000
0.0000000000
0.0
0.0000000000
0.0
0.0000000000
0.0000000000
0.0000000000
0.0000000000
0.0
0.0000000000
0.0939226519
0.0000000000
0.0000000000
0.0000000000
0.0000000000
