0.0
0.0
0.0
0.0
0.1209174141
0.0
0.1418122339
0.0
0.0
0.1193123156
0.0
0.1098034225
0.0
0.1333936985
0.0
0.1248360340
0.0
0.1323647148
0.0
0.0
0.1433197292
0.0968953200
0.0
0.0
0.0
0.1224073173
0.1231259513
0.1184141050
0.1284901861
0.1260868960
0.0
0.0
0.1405451104
0.1250842169
0.1356952432
0.1310778356
0.1419188596
0.1138432348
0.1262555741
0.0
0.0
0.1449708781
0.1393004305
0.1342475699
0.0
0.1385844958
0.1457545045
0.1294595908
0.1167297980
0.1144645745
0.1113581613
0.1077967352
0.1412814995
0.0
0.1330176768
0.0
0.1265942879
0.0
0.1048040440
0.1375744048
0.0
0.0
0.1236097468
0.1084782088
0.0
0.1373741509
0.0
0.0916272249
0.1169467679
0.1314429550
0.1314429550
0.1417057683
0.1150927337
0.1366778301
0.1240973592
0.1172373188
0.0
0.0861881659
0.0916717258
0.1175293171
0.1257508883
0.1289290187
0.1355977610
0.0
0.1329240023
0.1291053922
0.1258347222
0.0
0.0956190898
0.1050373307
0.1295484443
0.0
0.1235288503
0.1126205748
0.0807322854
0.0
0.0920292947
0.1283154883
0.1240973592
0.1235288503
0.1322719575
0.1276214221
0.0909210421
0.1073064715
0.1205313431
0.1332994939
0.0
0.0957160666
0.1360865777
0.0
0.1232063207
0.1334880363
0.1154446993
0.1180438295
0.1127551274
0.1115556048
0.1352092287
0.0
0.1128225244
0.1395063439
0.1199187315
0.1247535250
0.0956190898
0.1234480597
0.0027777778
0.1380776030
0.0
0.1071237703
0.0000000000
0.1337718521
0.0
0.0
0.1146731977
0.0020833333
0.1309868725
0.1072455019
0.1116876233
0.1216970234
0.1315345528
0.1319022246
0.1232867951
0.1280543306
0.1284901861
0.0
0.1025269328
0.1407547228
0.1292822489
0.0000000000
0.1397128670
0.1105105874
0.1239343948
0.1405451104
0.1200712998
0.1202242569
0.1272771971
0.1128900020
0.0000000000
0.0000000000
0.1156569138
0.1086030399
0.1307147392
0.0000000000
0.1150225980
0.0941876663
0.1181916614
0.1032560631
0.1265094392
0.0996579109
0.1097395833
0.1325506203
0.0
0.0
0.0758040495
0.0
0.1224867510
0.1081673830
0.0
0.1300841374
0.1163699651
0.0
0.0984108881
0.1164417541
0.1088535659
0.1334880363
0.1041678164
0.1145340311
0.1302636876
0.0
0.0982060787
0.1150225980
0.1158699100
0.1347266833
0.1162266523
0.1038811686
0.1319944639
0.1059809564
0.1115556048
0.1393004305
0.1153741341
0.0
0.0
0.1124863429
0.1274490772
0.0
0.1146731977
0.0817462466
0.0
0.1235288503
0.0
0.0995527866
0.1046877889
0.1308960356
0.0
0.1041103604
0.0940937604
0.1222487586
0.1072455019
0.1116215750
0.0
0.1321793301
0.0000000000
0.1304437342
0.1300841374
0.0000000000
0.0
0.1239343948
0.0041666667
0.0000000000
0.1149525477
0.1408597637
0.1037099359
0.1277077695
0.0
0.1436469432
0.1211502460
0.1050958148
0.1327370488
0.0
0.1254166667
0.0
0.1265942879
0.0000000000
0.0945651720
0.0000000000
0.1204544246
0.0890340016
0.1234480597
0.0020833333
0.1239343948
0.1215402983
0.0930271480
0.0000000000
0.1128900020
0.1240158235
0.0851001277
0.0818525947
0.1277077695
0.1099953866
0.1368760575
0.0000000000
0.0
0.0000000000
0.1008291043
0.1041103604
0.1224867510
0.1073064715
0.1148825827
0.1124193468
0.0841891540
0.0000000000
0.0803542287
0.1402318598
0.0958619011
0.1115556048
0.0
0.0
0.1157278255
0.0000000000
0.0000000000
0.1121521588
0.0970946931
0.1150225980
0.1032560631
0.0742533766
0.1301738506
0.1110306373
0.0
0.0020833333
0.0041666667
0.1271057800
0.0
0.0922993073
0.1101237359
0.0997632576
0.1140495972
0.1131607214
0.1190114018
0.0000000000
0.0968456046
0.1235288503
0.0000000000
0.1040529677
0.1072455019
0.1079200019
0.1000806380
0.1035392668
0.1240158235
0.0027777778
0.1088535659
0.0000000000
0.1048622685
0.1233673747
0.0000000000
0.0
0.0000000000
0.1262555741
0.0937665590
0.1036529837
0.1087908261
0.1182657164
0.1088535659
0.1118862379
0.0927984677
0.0
0.0000000000
0.0020833333
0.0724020266
0.0649301972
0.0000000000
0.1085405885
0.0000000000
0.1062793262
0.1254166667
0.0000000000
0.1086655632
0.1045717913
0.1218541532
0.0000000000
0.1118862379
0.1164417541
0.1251671640
0.1045138889
0.0020833333
0.0
0.1049789118
0.0964004511
0.0000000000
0.0
0.0964990201
0.1255835551
0.0964004511
0.0000000000
0.1035392668
0.0020833333
0.1206854753
0.0995003075
0.0758040495
0.0020833333
0.0822090955
0.1090422203
0.0000000000
0.0
0.0912727676
0.1179700521
0.0892866998
0.0000000000
0.1002933493
0.1130251996
0.0000000000
0.1329240023
0.0891601716
0.0000000000
0.1051543640
0.0000000000
0.0000000000
0.0897537248
0.1150225980
0.0000000000
0.1139119392
0.0851001277
0.0000000000
0.0000000000
0.0916272249
0.0000000000
0.0830044342
0.0926163314
0.1192369446
0.0000000000
0.0000000000
0.0000000000
0.0000000000
0.0000000000
0.0921191231
0.0000000000
0.0000000000
0.0000000000
0.0020833333
0.1198425926
0.0020833333
0.0027777778
0.1240973592
0.0933030565
0.0915383527
0.1156569138
0.0000000000
0.0000000000
0.0956190898
0.0000000000
0.0
0.0000000000
0.0830044342
0.1122855939
0.0000000000
0.0000000000
0.0020833333
0.0899676279
0.1054480912
0.1228055194
0.0921191231
0.0000000000
0.0000000000
0.0927984677
0.0916272249
0.0020833333
0.0020833333
0.0000000000
0.0000000000
0.0000000000
0.0000000000
0.0041666667
0.0
0.0
0.0000000000
0.0000000000
0.0000000000
0.0000000000
0.0000000000
0.0000000000
0.1077967352
0.1058027373
0.0000000000
0.0027777778
0.0027777778
0.0020833333
0.0020833333
0.0000000000
0.0000000000
0.0020833333
0.1094849671
0.0000000000
0.0000000000
0.0940468776
0.0000000000
0.0831873439
0.0000000000
0.1145340311
0.1157278255
0.1148825827
0.0831873439
0.0000000000
0.0000000000
0.0000000000
0.0869024325
0.0000000000
0.0000000000
0.0000000000
0.0000000000
0.0000000000
0.0000000000
0.0000000000
0.0903120016
0.0000000000
0.0000000000
0.0000000000
0.0000000000
0.0000000000
0.0000000000
0.0000000000
0.0000000000
0.0000000000
0.0020833333
0.0000000000
0.1031432149
0.0000000000
0.0000000000
0.0000000000
0.1020833333
0.0000000000
0.0000000000
0.0000000000
0.0000000000
0.0000000000
0.0000000000
0.0000000000
0.0000000000
0.0000000000
0.0000000000
0.0000000000
0.0000000000
0.0000000000
0.0020833333
0.0000000000
0.0000000000
0.0000000000
0.0000000000
0.0027777778
0.0000000000
0.0000000000
0.0000000000
0.0000000000
0.0000000000
0.1035392668
0.0000000000
0.0000000000
0.0000000000
0.0000000000
0.0000000000
0.0000000000
0.0020833333
0.0000000000
0.0000000000
0.0000000000
0.0822090955
0.0000000000
0.0000000000
0.0972447622
0.0000000000
0.0000000000
0.0000000000
0.0000000000
0.0000000000
0.0000000000
0.0000000000
0.0000000000
0.0000000000
0.0000000000
0.0000000000
0.0000000000
0.0000000000
0.0000000000
0.0000000000
0.0000000000
0.0000000000
0.0000000000
0.0000000000
0.0000000000
0.0000000000
0.0000000000
0.0000000000
0.0000000000
0.0000000000
