0.0
0.0
0.0
0.0
0.1213378339
0.0
0.1539525592
0.0
0.0
0.0852272049
0.0
0.1336996508
0.0
0.1430374042
0.0
0.1316166962
0.1014031110
0.1275191953
0.0
0.0
0.1336996508
0.0786331280
0.0
0.0
0.0
0.1390641430
0.1088328076
0.1323901538
0.1447219989
0.1276396100
0.0
0.0
0.1448771136
0.1377883252
0.1339646650
0.1450325612
0.1305993691
0.1176417293
0.1158272039
0.0
0.0
0.1467647633
0.1447219989
0.1235560759
0.0
0.1297220221
0.1344978577
0.1269205136
0.1110684856
0.1197257281
0.1215560674
0.1199381961
0.1368120921
0.1282451110
0.1307256741
0.1422845758
0.1229939463
0.0
0.1072780532
0.1412438318
0.0
0.0979495268
0.0787247216
0.1380698131
0.0
0.1326499971
0.0
0.1149407713
0.1251577287
0.1235560759
0.1437982415
0.1403638079
0.1162255778
0.1416879948
0.1322606135
0.1249263836
0.1049459216
0.0031545741
0.0869822053
0.1148431156
0.1282451110
0.1534283167
0.1212290108
0.0
0.1397831924
0.1178468588
0.1318735093
0.0
0.0886362931
0.0767577212
0.1461301049
0.0
0.1190928167
0.1024794140
0.1090083444
0.0
0.1014031110
0.1229939463
0.1060991735
0.1304733079
0.1275191953
0.1264456006
0.1023242597
0.0998303892
0.1165261612
0.1397831924
0.0
0.1074486065
0.1485388429
0.0
0.1123610532
0.1144541465
0.0000000000
0.1110684856
0.0725162806
0.1245809650
0.1051091345
0.0
0.0985925215
0.1251577287
0.1052728559
0.1176417293
0.0652996845
0.1149407713
0.0000000000
0.1219948980
0.0814279199
0.1243517452
0.0000000000
0.1044593099
0.0
0.0
0.0742694214
0.0031545741
0.1389212199
0.0031545741
0.1283669012
0.0994630957
0.0921406592
0.1242374513
0.1149407713
0.1228821336
0.1017848999
0.0
0.0901135647
0.1475658810
0.1131132611
0.0000000000
0.1240094927
0.1124545316
0.0769762796
0.1421349600
0.1163255998
0.1265639953
0.1020924071
0.0923294720
0.0000000000
0.0000000000
0.1156290394
0.0945908656
0.1270397998
0.0000000000
0.1168283034
0.0927094287
0.1349005459
0.1137797534
0.1294735125
0.0031545741
0.0688941626
0.1392073605
0.0
0.0
0.0000000000
0.0
0.0974551889
0.0816739257
0.0
0.1283669012
0.1035788100
0.0
0.0936731441
0.0000000000
0.1039771900
0.1277602524
0.0000000000
0.0893392908
0.1132079958
0.0
0.0000000000
0.1079635359
0.1000520703
0.1090963253
0.1196197761
0.1112513144
0.1249263836
0.0000000000
0.1034203114
0.1314886644
0.1132079958
0.1236691189
0.0
0.0982342638
0.1178468588
0.0
0.1144541465
0.0063091483
0.0
0.0000000000
0.1085705598
0.0868146095
0.0000000000
0.1179496920
0.0
0.0997567137
0.0961382269
0.1074486065
0.1074486065
0.0000000000
0.0
0.1071929794
0.0000000000
0.1161257277
0.1340975665
0.0000000000
0.0
0.1268014512
0.0000000000
0.0000000000
0.1155302111
0.1273990075
0.0958654943
0.1181558977
0.0
0.1363979284
0.1252737229
0.0702913921
0.1190928167
0.0000000000
0.1147456256
0.0000000000
0.0902338765
0.0000000000
0.0000000000
0.0000000000
0.0993899610
0.0837486660
0.1029477129
0.0000000000
0.1097161907
0.0000000000
0.1227705241
0.0000000000
0.0997567137
0.1118959826
0.0819711019
0.0838525726
0.1137797534
0.1152347374
0.1233306086
0.1187788638
0.0
0.0000000000
0.0907183537
0.0000000000
0.0687889807
0.1047020504
0.0793253210
0.1049459216
0.0031545741
0.0000000000
0.0000000000
0.1365357040
0.0857135999
0.0000000000
0.0031545741
0.0
0.0000000000
0.0000000000
0.0000000000
0.0867588877
0.0031545741
0.1204726800
0.0000000000
0.0000000000
0.0688941626
0.0000000000
0.0000000000
0.0031545741
0.0031545741
0.1105235871
0.0
0.0932852636
0.1069385657
0.0000000000
0.0000000000
0.0951233969
0.0939988505
0.0000000000
0.0851735016
0.0000000000
0.0000000000
0.0000000000
0.0964813326
0.1073632621
0.0000000000
0.0000000000
0.0000000000
0.0031545741
0.0768449955
0.0000000000
0.0000000000
0.0000000000
0.0000000000
0.0031545741
0.0031545741
0.0883466320
0.0042060988
0.0000000000
0.0960016669
0.0945908656
0.0000000000
0.1211203826
0.0687889807
0.0000000000
0.0000000000
0.0000000000
0.0042060988
0.0000000000
0.0000000000
0.0000000000
0.0000000000
0.0000000000
0.1039771900
0.0000000000
0.0000000000
0.0000000000
0.0000000000
0.0000000000
0.0000000000
0.0000000000
0.1072780532
0.0031545741
0.0000000000
0.0000000000
0.0000000000
0.0000000000
0.0000000000
0.0978786003
0.0000000000
0.0000000000
0.0000000000
0.0000000000
0.0000000000
0.0000000000
0.0000000000
0.0000000000
0.0000000000
0.0000000000
0.0000000000
0.0000000000
0.0031545741
0.0000000000
0.0000000000
0.0000000000
0.0000000000
0.0000000000
0.0000000000
0.0000000000
