0.0
0.0
0.0
0.0
0.0
0.0
0.0
0.0
0.0
0.0
0.0
0.0
0.0
0.0
0.0
0.1223272727
0.0
0.0
0.0
0.0
0.0
0.0
0.0
0.0
0.0
0.0
0.0
0.0
0.0
0.1225748988
0.0
0.1174626576
0.0
0.0
0.0
0.0
0.0
0.1068879082
0.0
0.0
0.1396816609
0.0
0.0
0.0
0.1046707001
0.0
0.0
0.0
0.0
0.1286971307
0.0
0.0
0.1281523810
0.0
0.1466150121
0.0
0.0
0.0
0.0
0.0
0.0
0.0
0.0
0.0
0.0
0.0
0.0
0.0
0.0
0.0
0.1139266228
0.1296616702
0.1495111111
0.0
0.0928711656
0.0
0.1320654308
0.0
0.1231983723
0.0
0.1460844391
0.1134995314
0.0
0.1281523810
0.1100945455
0.0996740741
0.0
0.1144650284
0.1044900777
0.0949835294
0.0
0.0
0.0
0.0
0.0
0.0
0.0938790698
0.0976645161
0.0
0.0
0.0
0.1184970646
0.0000000000
0.0000000000
0.0
0.0
0.0
0.0
0.0
0.1532962025
0.1144650284
0.1182656250
0.1097951043
0.1005847176
0.0903761194
0.1254963731
0.0909189189
0.0
0.0
0.0
0.0
0.0
0.1244645427
0.1376181818
0.0
0.0926579954
0.0
0.0
0.0
0.0
0.0
0.1170086957
0.0913992453
0.0
0.0
0.1134995314
0.1230731707
0.0
0.0
0.1035962361
0.0
0.0
0.1047612457
0.0
0.1124456825
0.0
0.0958859857
0.0
0.1213466934
0.1244645427
0.0000000000
0.0
0.0843342618
0.0981393841
0.0
0.1109010989
0.1299399142
0.0
0.1044000000
0.1073617021
0.0
0.0
0.1134995314
0.1076480000
0.1116165899
0.0980599190
0.0000000000
0.0
0.0
0.1282881356
0.0
0.1332277228
0.0
0.0
0.0125000000
0.0824397549
0.0
0.0
0.1128648649
0.0071428571
0.0125000000
0.0
0.1071716814
0.0000000000
0.0100000000
0.0
0.0
0.0917454545
0.1214684052
0.1220806452
0.0
0.1382465753
0.1158889952
0.0
0.0789465450
0.1131813084
0.1123413729
0.1095963801
0.0
0.1045803109
0.1319215686
0.1095963801
0.0
0.1003347142
0.1313492408
0.0
0.0
0.1270766002
0.0000000000
0.0
0.0726478704
0.0
0.0
0.0
0.1082252011
0.0
0.1140338983
0.0
0.0937337461
0.0
0.0
0.1160000000
0.0959619651
0.1168957529
0.1110027498
0.1373061224
0.0
0.0000000000
0.0
0.0873136265
0.1165582291
0.1341129568
0.0000000000
0.0873766234
0.0949090909
0.0934444444
0.0999207921
0.0000000000
0.0
0.0964972112
0.0968832000
0.0
0.0
0.1047612457
0.1229482234
0.1068879082
0.0
0.1035076923
0.0
0.0982189781
0.1206215139
0.0
0.1083220036
0.0905112108
0.0
0.1000859504
0.0
0.1218350101
0.0083333333
0.0962670906
0.0000000000
0.0889816312
0.0
0.1251074380
0.1064182777
0.1039519313
0.0
0.0000000000
0.0
0.1133932584
0.1017680672
0.0
0.0860724947
0.1280169133
0.1110027498
0.0000000000
0.1323540984
0.0918846737
0.0904436146
0.0000000000
0.0959619651
0.1061384750
0.1247209063
0.1186131244
0.0726478704
0.0
0.0
0.1144650284
0.0000000000
0.0
0.0
0.0
0.1035962361
0.0932286374
0.0
0.0
0.1028920986
0.0083333333
0.1039519313
0.0000000000
0.0919544419
0.1154470925
0.0940979021
0.0000000000
0.0
0.1112066116
0.0
0.0849256662
0.0
0.1103956244
0.1065118734
0.0979805825
0.0000000000
0.1167830280
0.1036849315
0.1041306965
0.1078397150
0.0
0.0000000000
0.0
0.1093983740
0.1010041701
0.0843930314
0.1034192997
0.1039519313
0.0800423001
0.0836353591
0.1058601399
0.1099945504
0.0883326039
0.1009200000
0.0784352332
0.0000000000
0.0877565217
0.1306407767
0.0000000000
0.1106983547
0.0000000000
0.0000000000
0.0000000000
0.0
0.0819932295
0.0776805645
0.0810602410
0.0000000000
0.1254963731
0.0902414307
0.0000000000
0.0
0.0000000000
0.1087109515
0.0955832676
0.0927289433
0.0000000000
0.0
0.0000000000
0.1056753927
0.0
0.0000000000
0.0000000000
0.0000000000
0.0000000000
0.0827778537
0.1036849315
0.0000000000
0.0000000000
0.0000000000
0.0822717391
0.0000000000
0.0000000000
0.0000000000
0.0821044068
0.1150085470
0.0000000000
0.0000000000
0.0000000000
0.0843930314
0.0000000000
0.0000000000
0.0000000000
0.0000000000
0.0000000000
0.0000000000
0.0000000000
0.0000000000
0.0000000000
0.0000000000
0.1111045872
0.0000000000
0.0000000000
0.1056753927
0.0000000000
0.1212252252
0.0947605634
0.0000000000
0.0000000000
0.0000000000
0.0000000000
0.0000000000
0.0000000000
0.0000000000
0.0000000000
0.0000000000
0.0000000000
0.0000000000
0.0829479452
0.0000000000
0.0000000000
0.0000000000
0.0000000000
0.0000000000
