0.0
0.0
0.0
0.0
0.0
0.1524056468
0.0
0.1043392505
0.0
0.0
0.0
0.1398361089
0.0256410256
0.0
0.0
0.0
0.0
0.0
0.0512820513
0.0
0.1716975008
0.0
0.0000000000
0.2024492920
0.0
0.1524056468
0.0000000000
0.0
0.1994720965
0.0256410256
0.0
0.2024492920
0.0000000000
0.1370111370
0.0
0.1541375291
0.0
0.1695512821
0.0
0.1858096242
0.2223623371
0.0000000000
0.0
0.0000000000
0.2153032153
0.1808547009
0.0
0.1716975008
0.0341880342
0.0975834717
0.0
0.0000000000
0.1674580563
0.1255935423
0.1121000212
0.0341880342
0.1595776772
0.1559092249
0.0
0.0000000000
0.0
0.1695512821
0.0000000000
0.1159325005
0.0000000000
0.0000000000
0.0000000000
