0.0
0.0
0.0
0.0
0.1290409278
0.0
0.1598547946
0.0
0.0
0.0935068525
0.0
0.1356584113
0.0
0.1424943695
0.0
0.1388746988
0.0
0.1421239335
0.0
0.0
0.1428667415
0.0945853629
0.0
0.0
0.0
0.1256789420
0.1095597991
0.1353226232
0.1480243856
0.1312088154
0.0
0.0
0.1518620549
0.1312088154
0.1382892237
0.1393466604
0.1424943695
0.1279337124
0.1158269910
0.0
0.0
0.1534247140
0.1564990642
0.1358831974
0.0
0.1424943695
0.1433662756
0.1303744191
0.1179087126
0.1184195085
0.1297555532
0.1221228736
0.1504688250
0.1363350119
0.1326949994
0.1447581812
0.1294483183
0.0
0.1156636243
0.1548734837
0.0
0.1066391543
0.1141343210
0.1443758973
0.0
0.1438693152
0.0
0.0952998369
0.1366758494
0.1364484353
0.1491009266
0.1391102793
0.0000000000
0.1556081777
0.1332339718
0.1278339979
0.1074777322
0.0863670454
0.1098533284
0.1277344387
0.1395838462
0.1532813264
0.1385228203
0.0
0.1507454221
0.1320539608
0.1356584113
0.0
0.0983279492
0.0978586034
0.1488303260
0.0
0.1216698956
0.1150954521
0.1110433441
0.0
0.1034117398
0.1291425349
0.1294483183
0.1443758973
0.1392283695
0.1272389599
0.1150954521
0.1121826397
0.1279337124
0.1450141638
0.0
0.1135810383
0.1488303260
0.0
0.1248181273
0.1291425349
0.0996421745
0.1282337915
0.1019969025
0.1289394806
0.1293462297
0.0
0.0989806996
0.1477576750
0.1213997182
0.1257753215
0.0886067095
0.1320539608
0.0000000000
0.1377086644
0.0987423355
0.1249131906
0.0000000000
0.1349884932
0.0
0.0
0.1230390242
0.0027548209
0.1455288547
0.0027548209
0.1352110629
0.1228546961
0.1185907587
0.1388746988
0.1262594452
0.1312088154
0.1198910960
0.0
0.1124904110
0.1486953937
0.1146128716
0.0972781846
0.1361087297
0.1245338036
0.1231313959
0.1361087297
0.1223050107
0.1352110629
0.1326949994
0.0972205212
0.0000000000
0.0000000000
0.1153382695
0.1198910960
0.1391102793
0.0000000000
0.1132672785
0.1060873346
0.1392283695
0.1227627390
0.1281336088
0.0989210008
0.1041339805
0.1484262618
0.0
0.0
0.0765691033
0.0
0.1085446852
0.0027548209
0.0
0.1427424015
0.1084012024
0.0
0.1108182563
0.0036730946
0.1135024355
0.1391102793
0.1151762776
0.1100006836
0.1224876918
0.0
0.0000000000
0.1136597500
0.1081866882
0.1321603701
0.1284346275
0.1162374339
0.1356584113
0.0000000000
0.1180784876
0.1407819908
0.1259685248
0.0942592065
0.0
0.1137385709
0.1286360936
0.0
0.1191940547
0.0973359165
0.0
0.1296529797
0.0
0.0932410570
0.0975095239
0.1369040228
0.0
0.1060187584
0.1052702306
0.1234093448
0.1109682133
0.1147732815
0.0
0.1369040228
0.0000000000
0.1289394806
0.1393466604
0.0000000000
0.0
0.1290409278
0.0000000000
0.0000000000
0.1246284341
0.1427424015
0.1036077191
0.1337773404
0.0
0.1480243856
0.1306860711
0.0976256067
0.1276350345
0.0
0.1290409278
0.0760366339
0.1291425349
0.0000000000
0.0000000000
0.0000000000
0.1159088476
0.1072668537
0.1197160725
0.0000000000
0.1166507961
0.1230390242
0.1258718490
0.0000000000
0.1060187584
0.1167338216
0.0951892161
0.0910666404
0.1273377479
0.1193675541
0.1322669510
0.0000000000
0.0
0.1038701832
0.1028927348
0.1018069642
0.0856901877
0.1180784876
0.1129552474
0.1129552474
0.0055096419
0.0000000000
0.0000000000
0.1488303260
0.0863215891
0.0000000000
0.0811132637
0.0
0.0000000000
0.0000000000
0.0000000000
0.1141343210
0.0036730946
0.1218506830
0.0000000000
0.0036730946
0.1292443020
0.0000000000
0.1039360072
0.0027548209
0.0027548209
0.1348774830
0.0
0.0027548209
0.1153382695
0.0952998369
0.0986829238
0.1136597500
0.0994608971
0.0000000000
0.0036730946
0.1143730957
0.0000000000
0.0000000000
0.0979755193
0.1179935391
0.0000000000
0.0000000000
0.0000000000
0.0027548209
0.0980340821
0.0000000000
0.1129552474
0.0868242558
0.0000000000
0.0000000000
0.0921928158
0.1244393166
0.1134239414
0.0000000000
0.1051352688
0.1124133100
0.0986829238
0.1219412783
0.0856007408
0.1089050593
0.0000000000
0.0000000000
0.0851562925
0.0756159609
0.0000000000
0.0000000000
0.0000000000
0.0000000000
0.1138175012
0.0937741677
0.0000000000
0.0000000000
0.1226709194
0.0000000000
0.0000000000
0.0000000000
0.1216698956
0.0027548209
0.0000000000
0.0000000000
0.1129552474
0.0000000000
0.0000000000
0.0055096419
0.1174023044
0.1111939114
0.0000000000
0.0000000000
0.0000000000
0.0000000000
0.1178240081
0.1155821137
0.0000000000
0.0000000000
0.0000000000
0.1151762776
0.0000000000
0.0983279492
0.1089050593
0.1155821137
0.0000000000
0.0000000000
0.0000000000
0.1016807311
0.0000000000
0.0000000000
0.0000000000
0.0000000000
0.0000000000
0.0000000000
0.0000000000
0.0852005295
0.1218506830
0.0000000000
0.0000000000
0.0951892161
0.0000000000
0.0000000000
0.0000000000
0.0000000000
0.0000000000
0.0953552438
0.1189347493
0.0000000000
0.0000000000
0.0000000000
0.0000000000
0.0000000000
0.1004354068
0.0000000000
0.0000000000
0.0000000000
0.0000000000
0.0000000000
0.0000000000
0.0000000000
0.0000000000
0.0000000000
0.0000000000
0.0000000000
0.0000000000
0.0000000000
0.0000000000
0.0000000000
0.0000000000
0.0000000000
0.0000000000
0.0000000000
0.0000000000
0.0000000000
0.0000000000
0.0000000000
0.0000000000
