0.0
0.0
0.0
0.0
0.0
0.0
0.0
0.0
0.0
0.0
0.0
0.0
0.0
0.0
0.0
0.0943920111
0.0
0.0
0.0
0.0
0.0
0.0
0.0
0.0
0.0
0.0
0.0
0.0
0.0
0.0000000000
0.0
0.1084147710
0.0
0.0
0.0
0.0
0.0910522565
0.0716936389
0.0111111111
0.0
0.0987779025
0.0
0.0
0.0809520890
0.0740834269
0.0
0.0
0.0
0.0
0.0832965276
0.0
0.0
0.0835813021
0.0
0.0808182838
0.0
0.0
0.1098765432
0.0
0.0
0.0
0.0
0.0
0.0
0.0
0.0
0.0
0.0
0.0
0.0
0.0854808771
0.0860828552
0.0755719656
0.0
0.0882582342
0.0
0.0887387690
0.0
0.0061728395
0.0
0.0927800033
0.0940289649
0.0
0.1139745029
0.0903790420
0.0726523948
0.0
0.1121446370
0.0958726701
0.0745351551
0.0
0.0
0.0
0.0
0.0
0.0
0.0000000000
0.0743086045
0.0
0.0
0.0
0.0111111111
0.0000000000
0.0082304527
0.0
0.0061728395
0.0
0.0
0.0
0.0871569728
0.0000000000
0.0000000000
0.1134456189
0.1035912325
0.0708624083
0.1181040138
0.1067577767
0.0000000000
0.0
0.0
0.0
0.0
0.0873126102
0.0940289649
0.0
0.0773656040
0.0
0.0
0.0
0.0
0.0
0.0972068822
0.0061728395
0.0
0.0061728395
0.0900461542
0.1033722235
0.0
0.0
0.0628471230
0.0898806282
0.0
0.0061728395
0.0
0.0061728395
0.0
0.0693546975
0.0
0.1195478282
0.0061728395
0.0000000000
0.0000000000
0.0792464534
0.0890620432
0.0
0.0111111111
0.0765180935
0.0917355755
0.0738596099
0.0657191690
0.0061728395
0.0
0.0851830344
0.1006071229
0.0777345973
0.0000000000
0.0712756002
0.0702515255
0.0
0.0853316959
0.0
0.0791182229
0.0817643173
0.0
0.0000000000
0.0664335078
0.0
0.0
0.0945745875
0.0000000000
0.0000000000
0.0
0.0756889500
0.0000000000
0.0000000000
0.0767583387
0.0931334509
0.0657191690
0.0692564614
0.0745351551
0.0
0.0804195094
0.1027207179
0.0
0.0061728395
0.0816278159
0.0784832451
0.0880992103
0.0
0.0000000000
0.0123456790
0.0745351551
0.0061728395
0.0589097129
0.0000000000
0.0
0.0893876814
0.0185185185
0.0000000000
0.0
0.0000000000
0.0747630913
0.0808182838
0.0
0.1008145603
0.0
0.0658963096
0.0
0.0782320988
0.0538491869
0.0972068822
0.0000000000
0.0000000000
0.0000000000
0.0000000000
0.0665238935
0.0000000000
0.0000000000
0.0795041654
0.0000000000
0.0000000000
0.0979860956
0.0666145255
0.0000000000
0.0538491869
0.0596281241
0.0000000000
0.0760420867
0.0000000000
0.0000000000
0.0693546975
0.0000000000
0.0000000000
0.0000000000
0.0657191690
0.0000000000
0.0000000000
0.0000000000
0.0
0.0000000000
0.0000000000
0.0000000000
0.0635000802
0.0082304527
0.0000000000
0.0000000000
0.0
0.0000000000
0.0000000000
0.0635000802
0.0000000000
0.0000000000
0.0
0.0000000000
0.0745351551
0.0000000000
0.0000000000
0.0000000000
0.0000000000
0.0000000000
0.0000000000
0.0000000000
0.0000000000
0.0000000000
0.0000000000
