0.0
0.0
0.0
0.0
0.1462046461
0.0
0.1623641070
0.0
0.0
0.1305785411
0.0
0.1331140467
0.0
0.1405429628
0.0
0.1298912856
0.1059199325
0.1308554839
0.0
0.1579983628
0.1311336039
0.0802319384
0.0
0.0
0.0
0.1342728197
0.1041322543
0.1286722850
0.1426551691
0.1348598047
0.0
0.0
0.1453436058
0.1395890513
0.1395890513
0.1411861800
0.1436515964
0.1178574225
0.1221749716
0.0
0.0
0.1623641070
0.1446620414
0.1193391889
0.0
0.1351552260
0.1243918562
0.1402235469
0.1088154509
0.1209771778
0.1195704664
0.1269513594
0.1354519444
0.1298912856
0.1458590086
0.1488500860
0.1230276384
0.1645289617
0.1062848590
0.1438190225
0.0
0.1116712410
0.0803364071
0.1428202793
0.0
0.1424904403
0.0
0.1384923920
0.1220541259
0.1224173823
0.1462046461
0.1483133670
0.1319751030
0.1421621213
0.1328274718
0.1453436058
0.1184229571
0.0032786885
0.0891594807
0.1144682016
0.1274759518
0.1577963188
0.1268208852
0.0
0.1402235469
0.1212148539
0.1344190864
0.0
0.0909334719
0.0799201563
0.1575947909
0.0
0.1261725167
0.1060109290
0.1187648906
0.0
0.1059199325
0.1321164040
0.1057384073
0.1347125779
0.1187648906
0.1413479053
0.1058290920
0.1032608547
0.1194547157
0.1556074670
0.0
0.1081478714
0.1521537871
0.0
0.1101756440
0.1128972748
0.0000000000
0.1097835599
0.0781981757
0.1268208852
0.1066523088
0.0
0.1027449803
0.1242665874
0.1042202038
0.1163022821
0.0696762966
0.1110681560
0.0000000000
0.1191088044
0.0889666340
0.1265607398
0.0000000000
0.1181960932
0.0
0.0
0.0049180328
0.0032786885
0.1413479053
0.0032786885
0.1290760683
0.1103727382
0.0899393012
0.1220541259
0.1101756440
0.1270821023
0.0895476933
0.0
0.1311336039
0.1456868020
0.1112684593
0.0000000000
0.1189939453
0.1094913233
0.0783471246
0.1455150015
0.1146809678
0.1266906790
0.1067445686
0.0925012903
0.0000000000
0.0000000000
0.1203870452
0.0000000000
0.1259150217
0.0000000000
0.1185367160
0.1030022715
0.1380276525
0.1122809111
0.1265607398
0.0032786885
0.0000000000
0.1407032170
0.0
0.0
0.0000000000
0.0
0.0959539046
0.0032786885
0.0
0.1192238853
0.1094913233
0.0
0.1069295679
0.0000000000
0.1027449803
0.1189939453
0.0000000000
0.0917447742
0.1073014968
0.0
0.0000000000
0.1072082722
0.0940523790
0.1281378207
0.1061020820
0.0032786885
0.1237680254
0.0000000000
0.1174088690
0.1243918562
0.1117723925
0.1203870452
0.0
0.0961782707
0.1100773607
0.0
0.1097835599
0.0065573770
0.0
0.0000000000
0.1024889712
0.0819911770
0.0000000000
0.1411861800
0.0
0.0984024891
0.0936242195
0.1077700623
0.1220541259
0.0000000000
0.0
0.1046621894
0.0000000000
0.1251488046
0.1389602717
0.0000000000
0.0
0.1195704664
0.0000000000
0.0000000000
0.1132080012
0.1334018609
0.0073770492
0.1185367160
0.0
0.1257866680
0.1248954669
0.0713688382
0.1004041671
0.0000000000
0.1122809111
0.0000000000
0.0999163735
0.0000000000
0.0000000000
0.0000000000
0.1055575033
0.0073770492
0.1065602084
0.0000000000
0.1041322543
0.0000000000
0.1246431528
0.0000000000
0.0984024891
0.0049180328
0.0916085533
0.0816655998
0.1193391889
0.1251488046
0.1261725167
0.1156482861
0.0
0.0000000000
0.0896127243
0.0000000000
0.0711220296
0.1058290920
0.0864122698
0.1036947238
0.0032786885
0.0000000000
0.0000000000
0.1361994716
0.0885198862
0.0000000000
0.0032786885
0.0
0.0000000000
0.0000000000
0.0000000000
0.0911349493
0.0032786885
0.1186506936
0.0000000000
0.0000000000
0.0697945256
0.0000000000
0.0000000000
0.0032786885
0.0000000000
0.1073014968
0.0
0.0032786885
0.1003225377
0.0000000000
0.0000000000
0.0032786885
0.0000000000
0.0000000000
0.0000000000
0.0000000000
0.0000000000
0.0000000000
0.0000000000
0.1004859294
0.0000000000
0.0000000000
0.0000000000
0.0000000000
0.0800238141
0.0000000000
0.0000000000
0.0000000000
0.0000000000
0.0000000000
0.0032786885
0.0914727363
0.0043715847
0.0000000000
0.0934823646
0.0918814008
0.0000000000
0.1229051009
0.0711220296
0.0000000000
0.0000000000
0.0000000000
0.0043715847
0.0000000000
0.0000000000
0.0000000000
0.0000000000
0.0000000000
0.1027449803
0.0000000000
0.0000000000
0.0000000000
0.0000000000
0.0000000000
0.0000000000
0.0000000000
0.0000000000
0.0032786885
0.0000000000
0.0000000000
0.0000000000
0.0000000000
0.0000000000
0.0000000000
0.0000000000
0.0000000000
0.0000000000
0.0000000000
0.0000000000
0.0000000000
