0.0
0.0
0.0
0.0
0.0
0.0
0.0
0.0
0.0
0.0
0.0
0.0
0.0
0.0
0.0
0.0
0.0
0.0
0.0
0.0
0.0
0.0
0.0
0.0
0.0
0.0
0.0
0.0
0.0
0.0
0.0
0.0631839664
0.0
0.0
0.0
0.0
0.0
0.0
0.0
0.0
0.0
0.0
0.0
0.0
0.0
0.0
0.0
0.0
0.0
0.0
0.0
0.0
0.0357142857
0.0
0.0
0.0
0.0
0.0
0.0
0.0
0.0
0.0745890145
0.0
0.0
0.0
0.0
0.0
0.0
0.0
0.0
0.0000000000
0.0
0.0
0.0
0.0
0.0
0.0
0.0
0.0
0.0
0.0
0.0
0.0
0.0
0.0
0.1002968788
0.0
0.0
0.0
0.0
0.0
0.0800820040
0.0
0.0
0.0
0.0
0.0312500000
0.0
0.0
0.0
0.0000000000
0.0
0.0082644628
0.0
0.0
0.0
0.0
0.0
0.0
0.0
0.0
0.0000000000
0.0
0.0
0.0
0.0
0.0
0.0
0.0
0.0
0.0803936071
0.0
0.0939143501
0.0357142857
0.1167297007
0.0
0.0082644628
0.0
0.0000000000
0.0
0.0
0.0
0.0
0.0
0.0
0.0
0.0000000000
0.0
0.0000000000
0.0
0.0
0.0082644628
0.0082644628
0.0810241452
0.0
0.0
0.0454545455
0.0
0.0
0.0
0.0684144272
0.0922373081
0.0
0.0
0.0
0.0
0.0
0.0
0.0605899033
0.0843312532
0.0
0.0000000000
0.0
0.0
0.0
0.0
0.0
0.0
0.0000000000
0.0
0.0
0.0
0.0
0.0
0.0
0.0
0.0
0.0
0.0810241452
0.0
0.0
0.0922373081
0.0
0.0714918928
0.0
0.0
0.0
0.0776735226
0.0860881543
0.0454545455
0.0
0.0
0.0000000000
0.0
0.0000000000
0.0
0.0
0.0082644628
0.0185950413
0.0
0.0357142857
0.0000000000
0.0743207087
0.0
0.0
0.0
0.0
0.0
0.0
0.0357142857
0.0
0.0185950413
0.0
0.1129024974
0.0886744937
0.0649721919
0.0843312532
0.0
0.1110814894
0.0217391304
0.0000000000
0.0263157895
0.0000000000
0.0673001857
0.0123966942
0.0082644628
0.0906191098
0.1012801815
0.0
0.0
0.0543714659
0.1002968788
0.0952127052
0.0
0.0
0.0620455166
0.0979201755
0.0894422382
0.0732665143
0.0000000000
0.0
0.0993324857
0.0
0.0000000000
0.0
0.0000000000
0.0000000000
0.0000000000
0.0816646523
0.0836484090
0.0000000000
0.0737898465
0.0
0.0829765342
0.0000000000
0.1043492779
0.0123966942
0.0
0.0082644628
0.0082644628
0.0082644628
0.0853766819
0.0
0.0082644628
0.0934893983
0.0717401286
0.0
0.0000000000
0.0277777778
0.0082644628
0.0939143501
0.0000000000
0.0
0.0930682749
0.0481612052
0.0000000000
0.0765228038
0.0894422382
0.0
0.0000000000
0.0000000000
0.0082644628
0.0930682749
0.0000000000
0.0082644628
0.0000000000
0.0788593780
0.0263157895
0.0
0.0000000000
0.0707573871
0.0000000000
0.0082644628
0.0263157895
0.0000000000
0.0768072752
0.0000000000
0.0000000000
0.0000000000
0.0000000000
0.0000000000
0.0000000000
0.0000000000
0.0000000000
0.0000000000
0.0082644628
0.0082644628
