0.0
0.0
0.0
0.0
0.0
0.0
0.0090550194
0.0
0.0
0.0000000000
0.0
0.0
0.0
0.0
0.0
0.0
0.0
0.0
0.0
0.0
0.0
0.0
0.0
0.0055693069
0.0
0.0
0.0
0.0
0.0
0.0
0.0
0.0
0.0
0.0
0.0
0.0
0.0
0.0
0.0
0.0
0.0
0.0
0.0000000000
0.0
0.0
0.0
0.0
0.0
0.0
0.0
0.0
0.0
0.0000000000
0.0
0.0055693069
0.0
0.0
0.0
0.0056577086
0.0
0.0
0.0000000000
0.0
0.0
0.0
0.0069136224
0.0
0.0049504950
0.0000000000
0.0
0.0000000000
0.0083327035
0.0
0.0
0.0134763476
0.0
0.0
0.0
0.0
0.0
0.0
0.0
0.0
0.0024752475
0.0
0.0165862740
0.0
0.0
0.0
0.0
0.0
0.0
0.0024752475
0.0
0.0000000000
0.0
0.0
0.0
0.0090550194
0.0
0.0
0.0
0.0
0.0
0.0
0.0
0.0
0.0
0.0
0.0
0.0
0.0037128713
0.0
0.0
0.0
0.0
0.0
0.0000000000
0.0
0.0
0.0
0.0139611083
0.0
0.0000000000
0.0
0.0152802682
0.0
0.0
0.0000000000
0.0
0.0
0.0
0.0
0.0
0.0081008101
0.0049504950
0.0
0.0
0.0
0.0170227549
0.0037128713
0.0
0.0
0.0
0.0147014701
0.0
0.0186595583
0.0033003300
0.0037128713
0.0000000000
0.0055693069
0.0
0.0055693069
0.0
0.0
0.0
0.0
0.0
0.0037128713
0.0
0.0
0.0
0.0
0.0
0.0
0.0
0.0000000000
0.0049504950
0.0204273059
0.0
0.0103673411
0.0
0.0
0.0
0.0123604717
0.0
0.0
0.0055693069
0.0
0.0000000000
0.0
0.0000000000
0.0
0.0
0.0
0.0
0.0
0.0
0.0000000000
0.0
0.0000000000
0.0
0.0134971044
0.0
0.0000000000
0.0
0.0
0.0
0.0110261026
0.0
0.0055693069
0.0134763476
0.0
0.0
0.0
0.0
0.0000000000
0.0087171761
0.0
0.0
0.0131516164
0.0
0.0
0.0024752475
0.0037128713
0.0
0.0
0.0024752475
0.0049504950
0.0000000000
0.0
0.0
0.0
0.0
0.0
0.0000000000
0.0
0.0
0.0033003300
0.0
0.0
0.0
0.0116903257
0.0
0.0102676934
0.0
0.0024752475
0.0055693069
0.0
0.0
0.0054187851
0.0117269924
0.0
0.0
0.0
0.0111386139
0.0
0.0084158416
0.0
0.0033003300
0.0
0.0033003300
0.0033003300
0.0
0.0
0.0000000000
0.0107810781
0.0
0.0
0.0000000000
0.0
0.0000000000
0.0
0.0
0.0
0.0
0.0024752475
0.0125499392
0.0000000000
0.0037128713
0.0
0.0049504950
0.0049504950
0.0037128713
0.0
0.0
0.0
0.0
0.0024752475
0.0
0.0
0.0
0.0087171761
0.0024752475
0.0194059406
0.0
0.0117374641
0.0
0.0
0.0105467068
0.0
0.0000000000
0.0024752475
0.0110261026
0.0033003300
0.0
0.0
0.0000000000
0.0
0.0
0.0091729761
0.0
0.0
0.0
0.0
0.0000000000
0.0
0.0033003300
0.0033003300
0.0
0.0
0.0
0.0
0.0
0.0096600368
0.0
0.0103673411
0.0097992676
0.0
0.0024752475
0.0000000000
0.0000000000
0.0
0.0178036152
0.0
0.0118328906
0.0000000000
0.0
0.0107810781
0.0
0.0141649201
0.0
0.0056577086
0.0049504950
0.0
0.0064675822
0.0
0.0
0.0070826390
0.0049504950
0.0
0.0000000000
0.0161716172
0.0
0.0
0.0
0.0
0.0
0.0068545316
0.0113547069
0.0
0.0
0.0033003300
0.0
0.0033003300
0.0000000000
0.0
0.0
0.0
0.0
0.0033003300
0.0
0.0024752475
0.0
0.0070826390
0.0
0.0
0.0
0.0000000000
0.0
0.0
0.0000000000
0.0000000000
0.0
0.0
0.0064675822
0.0000000000
0.0075299635
0.0103135314
0.0
0.0000000000
0.0
0.0087326733
0.0024752475
0.0
0.0118328906
0.0024752475
0.0033003300
0.0049504950
0.0056577086
0.0033003300
0.0033003300
0.0000000000
0.0133834073
0.0
0.0
0.0
0.0000000000
0.0039603960
0.0
0.0
0.0116903257
0.0
0.0122649905
0.0000000000
0.0
0.0
0.0000000000
0.0
0.0000000000
0.0
0.0055693069
0.0061881188
0.0000000000
0.0000000000
0.0000000000
0.0033003300
0.0024752475
0.0000000000
0.0
0.0000000000
0.0
0.0107810781
0.0000000000
0.0
0.0
0.0
0.0049504950
0.0
0.0069136224
0.0000000000
0.0
0.0000000000
0.0
0.0000000000
0.0000000000
0.0112825236
0.0000000000
0.0077351485
0.0
0.0000000000
0.0000000000
0.0
0.0055693069
0.0
0.0000000000
0.0103673411
0.0033003300
0.0000000000
0.0
0.0000000000
0.0
0.0
0.0000000000
0.0000000000
0.0
0.0103960396
0.0039603960
0.0
0.0024752475
0.0024752475
0.0000000000
0.0000000000
0.0
0.0
0.0000000000
0.0024752475
0.0000000000
0.0
0.0
0.0
0.0055693069
0.0000000000
0.0139611083
0.0000000000
0.0074257426
0.0000000000
0.0
0.0000000000
0.0118328906
0.0
0.0130063006
0.0
0.0024752475
0.0159065087
0.0
0.0126836213
0.0
0.0024752475
0.0061881188
0.0000000000
0.0
0.0
0.0
0.0000000000
0.0000000000
0.0000000000
0.0119789757
0.0037128713
0.0
0.0000000000
0.0000000000
0.0024752475
0.0000000000
0.0095473833
0.0084618927
0.0081008101
0.0000000000
0.0
0.0
0.0068653092
0.0
0.0024752475
0.0037128713
0.0000000000
0.0000000000
0.0148136951
0.0065364321
0.0033003300
0.0000000000
0.0000000000
0.0
0.0000000000
0.0055693069
0.0
0.0000000000
0.0000000000
0.0024752475
0.0055693069
0.0000000000
0.0000000000
0.0066006601
0.0000000000
0.0000000000
0.0
0.0039603960
0.0024752475
0.0000000000
0.0065628122
0.0
0.0024752475
0.0000000000
0.0024752475
0.0
0.0
0.0000000000
0.0039603960
0.0000000000
0.0000000000
0.0061881188
0.0037128713
0.0055693069
0.0000000000
0.0
0.0024752475
0.0000000000
0.0000000000
0.0000000000
0.0095473833
0.0066006601
0.0000000000
0.0000000000
0.0000000000
0.0108077639
0.0033003300
0.0000000000
0.0000000000
0.0037128713
0.0000000000
0.0
0.0
0.0000000000
0.0000000000
0.0000000000
0.0055693069
0.0033003300
0.0049504950
0.0000000000
0.0
0.0049504950
0.0000000000
0.0
0.0044004400
0.0000000000
0.0000000000
0.0037128713
0.0125469443
0.0000000000
0.0056577086
0.0024752475
0.0049504950
0.0000000000
0.0079207921
0.0078531234
0.0000000000
0.0037128713
0.0066006601
0.0000000000
0.0000000000
0.0
0.0000000000
0.0000000000
0.0091729761
0.0
0.0024752475
0.0000000000
0.0000000000
0.0000000000
0.0000000000
0.0000000000
0.0000000000
0.0
0.0033003300
0.0000000000
0.0100753033
0.0000000000
0.0000000000
0.0076918982
0.0000000000
0.0000000000
0.0000000000
0.0090213567
0.0000000000
0.0000000000
0.0000000000
0.0000000000
0.0068545316
0.0000000000
0.0000000000
0.0000000000
0.0024752475
0.0
0.0000000000
0.0055693069
0.0024752475
0.0054187851
0.0000000000
0.0000000000
0.0000000000
0.0000000000
0.0000000000
0.0055693069
0.0000000000
0.0024752475
0.0000000000
0.0000000000
0.0000000000
0.0000000000
0.0000000000
0.0000000000
0.0000000000
0.0
0.0000000000
0.0033003300
0.0000000000
0.0000000000
0.0000000000
0.0000000000
0.0000000000
0.0000000000
0.0000000000
0.0000000000
0.0000000000
0.0000000000
0.0000000000
0.0000000000
0.0000000000
0.0000000000
0.0000000000
0.0000000000
0.0051567657
0.0
0.0000000000
0.0000000000
0.0098340915
0.0000000000
0.0000000000
0.0000000000
0.0000000000
0.0024752475
0.0033003300
0.0000000000
0.0000000000
0.0000000000
0.0000000000
0.0000000000
0.0000000000
0.0000000000
0.0000000000
0.0000000000
0.0000000000
0.0000000000
0.0000000000
0.0000000000
0.0000000000
0.0000000000
0.0000000000
0.0000000000
0.0000000000
0.0000000000
0.0037128713
0.0000000000
0.0000000000
0.0000000000
0.0000000000
0.0000000000
0.0000000000
0.0000000000
0.0000000000
0.0000000000
0.0000000000
0.0000000000
0.0000000000
0.0000000000
0.0000000000
