0.0
0.0
0.0
0.0
0.0
0.0
0.0
0.0
0.0
0.0
0.0
0.0
0.0
0.0
0.0
0.0
0.0
0.0
0.0
0.0
0.0
0.0
0.0
0.0
0.0
0.0
0.0
0.0
0.0
0.0
0.0
0.0
0.0
0.0
0.0
0.0
0.0
0.0
0.0
0.0
0.0
0.0
0.0000000000
0.0000000000
0.0
0.0
0.0
0.0
0.0
0.1054687500
0.0
0.0
0.0
0.0
0.0
0.0
0.0
0.0
0.0
0.0
0.0277777778
0.0
0.0
0.0
0.0
0.0
0.0
0.0
0.0
0.0
0.0
0.0000000000
0.0
0.0
0.0
0.0000000000
0.0
0.0
0.0
0.0416666667
0.0
0.0
0.0
0.0
0.0
0.0
0.0277777778
0.0
0.0
0.0
0.0
0.1205357143
0.0
0.0
0.0992647059
0.0
0.0
0.0
0.0
0.0
0.0
0.0000000000
0.0
0.0675000000
0.0
0.0
0.0
0.0000000000
0.0
0.0602678571
0.0
0.0602678571
0.0
0.0
0.0
0.0
0.0843750000
0.0
0.0000000000
0.0208333333
0.0277777778
0.0000000000
0.0000000000
0.0
0.0
0.0
0.0
0.0
0.0767045455
0.0
0.0277777778
0.0843750000
0.0
0.0277777778
0.0000000000
0.0
0.0
0.0277777778
0.0000000000
0.0000000000
0.0
0.0416666667
0.0
0.0
0.0
0.0
0.0
0.0
0.0937500000
0.0
0.0000000000
0.0
0.0000000000
0.0416666667
0.0
0.0000000000
0.0000000000
0.0000000000
0.0208333333
0.0000000000
0.0
0.0208333333
0.0000000000
0.0208333333
0.0000000000
0.0
0.0000000000
0.0000000000
0.0000000000
0.0
0.0000000000
0.0000000000
0.0000000000
