0.0
0.0
0.0
0.0
0.0
0.0
0.0772946860
0.0
0.0
0.0
0.0
0.0
0.0900000000
0.0
0.0
0.0625000000
0.0
0.0523255814
0.0
0.0
0.0
0.0
0.0
0.0
0.0888888889
0.0
0.0
0.1111111111
0.1367521368
0.0000000000
0.0
0.0634920635
0.0900000000
0.0
0.0
0.0
0.0576923077
0.0681818182
0.0775862069
0.0
0.0000000000
0.0642857143
0.0772946860
0.0846560847
0.0625000000
0.0277777778
0.0
0.0
0.0
0.0416666667
0.0
0.0000000000
0.0277777778
0.0
0.0277777778
0.0
0.1111111111
0.0978260870
0.0725806452
0.0000000000
0.0978260870
0.0888888889
0.0
0.0000000000
0.0000000000
0.0
0.0277777778
0.0000000000
0.0000000000
0.0000000000
0.0416666667
0.0000000000
