0.0
0.0
0.0
0.0
0.0
0.0
0.1838558661
0.0
0.0
0.0
0.0
0.0
0.2202957675
0.0
0.0
0.1940700809
0.0
0.0
0.0
0.0
0.0
0.0
0.0
0.0
0.0
0.0
0.0
0.1771944217
0.1866628259
0.2126333060
0.0
0.1473062060
0.1771944217
0.0
0.0
0.0
0.1446913029
0.0000000000
0.1866628259
0.0
0.1405335068
0.1798002220
0.1940700809
0.1663457836
0.2072273745
0.1663457836
0.0
0.0
0.0
0.2004330343
0.0
0.2020895057
0.1280252889
0.0
0.1216558716
0.0
0.1972002435
0.1567489115
0.1824838074
0.0000000000
0.1746630728
0.1838558661
0.0
0.1798002220
0.1537913848
0.0
0.2183288410
0.0000000000
0.1169991875
0.0
0.1598224195
0.1567489115
0.2469982847
0.0
0.1663457836
0.0
0.2020895057
0.0000000000
0.0000000000
0.2306870773
0.0188679245
0.1972002435
0.0000000000
0.0000000000
0.1608738828
0.0000000000
0.0000000000
0.0000000000
0.0000000000
0.0000000000
0.0
0.0000000000
0.0188679245
0.0000000000
0.0000000000
