0.0672499571
0.0
0.0
0.0
0.0000000000
0.0
0.0261233020
0.0
0.0
0.0630174423
0.0
0.0667518093
0.0
0.0
0.0
0.0
0.0114942529
0.0732641809
0.0
0.0
0.0
0.0
0.0
0.0744751591
0.0
0.0
0.0487107797
0.0672499571
0.0
0.0
0.0229885057
0.0
0.0
0.0
0.0
0.0657773303
0.0
0.0
0.0000000000
0.0
0.0
0.0
0.0526987968
0.0114942529
0.0
0.0
0.0
0.0
0.0
0.0
0.0648308939
0.0542861100
0.0261233020
0.0000000000
0.0000000000
0.0
0.0790481952
0.0
0.0000000000
0.0
0.0709566477
0.0000000000
0.0
0.0819226750
0.0570347738
0.0410509031
0.0
0.0261233020
0.0114942529
0.0
0.0704022989
0.0625798212
0.0459770115
0.0892227154
0.0750957854
0.0000000000
0.0
0.0
0.0
0.0
0.0261233020
0.0
0.0
0.0726733407
0.0114942529
0.0114942529
0.0770213184
0.0
0.0592861464
0.0503435433
0.0000000000
0.0000000000
0.0000000000
0.0000000000
0.0000000000
0.0000000000
0.0
0.0000000000
0.0000000000
0.0153256705
0.0533224512
0.0000000000
0.0410509031
0.0
0.0000000000
0.0
0.0000000000
0.0000000000
0.0
0.0
0.0
0.0000000000
0.0153256705
0.0000000000
0.0
0.0
0.0
0.0639113068
0.0000000000
0.0000000000
0.0819226750
0.0000000000
0.0000000000
0.0000000000
0.0000000000
0.0000000000
0.0000000000
0.0114942529
0.0000000000
0.0000000000
0.0000000000
0.0000000000
0.0559720140
0.0000000000
0.0000000000
0.0487107797
0.0000000000
0.0000000000
0.0000000000
0.0000000000
0.0000000000
0.0000000000
0.0000000000
0.0000000000
0.0000000000
