0.0
0.0
0.0
0.0
0.1378755673
0.0
0.1553398058
0.0
0.0
0.1252740370
0.0
0.1365291262
0.0
0.1201080973
0.0
0.1235033792
0.0969527221
0.1018992895
0.0
0.1301730216
0.0925866392
0.0048543689
0.0
0.0
0.0
0.1194921583
0.0984548065
0.1321416118
0.1294498382
0.1116659946
0.0
0.0
0.1417908978
0.1299310644
0.1378755673
0.1326430980
0.1068851875
0.0868359163
0.0129449838
0.0
0.0
0.1546524616
0.1228522190
0.0871607389
0.0
0.1296900049
0.0885968474
0.1157332990
0.0799804492
0.1063971273
0.1131115091
0.1161177951
0.1116659946
0.1073777460
0.1362629876
0.1252740370
0.1020480476
0.1637070553
0.0925866392
0.1294498382
0.0
0.1063971273
0.0000000000
0.1299310644
0.0
0.1304158818
0.0
0.1367963065
0.1207304190
0.1092233010
0.1246041223
0.1166993533
0.1217820777
0.1277932589
0.1005797304
0.1339136257
0.1090529058
0.0000000000
0.0958887690
0.0724382514
0.1099102400
0.1503288443
0.1095656938
0.0
0.1292105594
0.1102569600
0.1370645346
0.0110957004
0.0819494872
0.0000000000
0.1441297167
0.0
0.0110957004
0.0952355758
0.0000000000
0.1116659946
0.0000000000
0.1226366888
0.0064724919
0.1027984009
0.0000000000
0.1134787543
0.0923420246
0.1145949387
0.0907830034
0.1474744992
0.0
0.0910194175
0.1254989455
0.0
0.1046450788
0.1087137055
0.0000000000
0.0828233562
0.0000000000
0.1196967682
0.0826275563
0.0000000000
0.0000000000
0.0958887690
0.0824326800
0.0000000000
0.0000000000
0.0000000000
0.0000000000
0.0966845264
0.0000000000
0.1196967682
0.1224219135
0.0920986991
0.0
0.0
0.0000000000
0.0000000000
0.1378755673
0.0000000000
0.0064724919
0.0839170620
0.0000000000
0.1040221914
0.0987329274
0.1209392952
0.0896191187
0.0
0.1065593180
0.1296900049
0.0000000000
0.0000000000
0.1116659946
0.1007246580
0.0000000000
0.1313964523
0.0799804492
0.0097087379
0.0734274292
0.0788082442
0.0000000000
0.0000000000
0.0973578170
0.0000000000
0.0848336318
0.0000000000
0.0000000000
0.0048543689
0.1075429425
0.0861934804
0.0000000000
0.0077669903
0.0048543689
0.1196967682
0.0
0.0
0.0000000000
0.0000000000
0.0000000000
0.0000000000
0.0
0.1075429425
0.1014556061
0.0
0.0837160630
0.0000000000
0.0000000000
0.0000000000
0.0000000000
0.0048543689
0.0048543689
0.0000000000
0.0000000000
0.0000000000
0.0097087379
0.0976297662
0.0048543689
0.0000000000
0.1180792443
0.0000000000
0.0964178105
0.0792550030
0.0000000000
0.0843219694
0.0000000000
0.0000000000
0.0064724919
0.0
0.0000000000
0.1106058744
0.0000000000
0.0000000000
0.1001474393
0.0064724919
0.0000000000
0.0830200862
0.0
0.0000000000
0.0000000000
0.0751644222
0.0048543689
0.0000000000
0.0048543689
0.0727397634
0.0000000000
0.0727397634
0.1048019679
0.0000000000
0.0000000000
0.0000000000
0.0000000000
0.0000000000
0.0077669903
0.0904306761
0.0000000000
0.0000000000
0.0000000000
0.0857704449
0.0000000000
0.0000000000
0.0000000000
0.0000000000
0.0647249191
0.0000000000
0.0000000000
0.0000000000
