0.0
0.0
0.0
0.0
0.1446105530
0.0
0.1683172010
0.0
0.0
0.1334866643
0.0
0.1283418658
0.0
0.1368979901
0.0
0.1333421982
0.1071375575
0.1243271353
0.0
0.1593896392
0.1262379007
0.0819748444
0.0
0.0
0.0
0.1290138127
0.1045909942
0.1216270396
0.1446105530
0.1183556111
0.0
0.0
0.1482649713
0.1417815778
0.1434321201
0.1430989444
0.1358414456
0.1166744234
0.1058489614
0.0
0.0
0.1662728625
0.1463280180
0.1202031133
0.0
0.1385918910
0.1284756946
0.1358414456
0.1057581040
0.1216270396
0.1157971721
0.1282083154
0.1339219469
0.1336314437
0.1491624590
0.1468512409
0.1154715943
0.1692420208
0.1062139579
0.1489820933
0.0
0.1152555576
0.0820840714
0.1489820933
0.0
0.1408093613
0.0
0.1419449207
0.1254665897
0.1165640408
0.1400093081
0.1497061861
0.1334866643
0.1427673130
0.1316326828
0.1475547199
0.1203204991
0.1207923442
0.1044137213
0.1149330141
0.1268879414
0.1598031013
0.1296928328
0.0
0.1442718866
0.1219883080
0.1404882453
0.0913329808
0.0931983291
0.0803182471
0.1587734422
0.0
0.1255944864
0.1085534724
0.1213873804
0.0
0.1071375575
0.1337765376
0.1072308017
0.1296928328
0.1110984591
0.1395336253
0.1081722486
0.1072308017
0.1224733510
0.1591837095
0.0
0.1150403278
0.1468512409
0.0
0.1136606929
0.1136606929
0.0000000000
0.1079826390
0.0776359112
0.1286098028
0.1067661968
0.0
0.0910629646
0.1225952151
0.1033625764
0.1183556111
0.0693739815
0.1065814802
0.0000000000
0.1210296573
0.0880058508
0.1283418658
0.0000000000
0.0988829784
0.0
0.0
0.0034129693
0.0776848620
0.1424372152
0.0000000000
0.1274128140
0.1035362951
0.0880058508
0.1247046469
0.1140816585
0.1270187537
0.0901303520
0.0
0.1280750428
0.1452926782
0.1080773606
0.0000000000
0.1233315226
0.1112991790
0.1176773554
0.1463280180
0.1138707866
0.1283418658
0.0894758105
0.1124162328
0.0000000000
0.0000000000
0.1217472244
0.0000000000
0.1283418658
0.0000000000
0.1195035801
0.1014059186
0.1350967008
0.1103027673
0.1205559600
0.1024174490
0.0000000000
0.1381257748
0.0
0.0
0.0000000000
0.0
0.0000000000
0.0000000000
0.0
0.1200859563
0.1109983704
0.0
0.1033625764
0.0000000000
0.0988829784
0.1224733510
0.0000000000
0.0937657467
0.1100073135
0.0815408280
0.0000000000
0.1075115106
0.0892166482
0.1225952151
0.1085534724
0.0034129693
0.1268879414
0.0000000000
0.1199690274
0.1170068292
0.1110984591
0.1203204991
0.0
0.0978619469
0.1031894398
0.0
0.1077936930
0.0000000000
0.0
0.0000000000
0.1052162179
0.0784765549
0.0000000000
0.1442718866
0.0
0.1001692611
0.0952149854
0.1012392696
0.1193877821
0.0000000000
0.0
0.1017408680
0.0000000000
0.1266271235
0.1376627834
0.0000000000
0.0
0.1122114673
0.0000000000
0.0000000000
0.1151478422
0.1243271353
0.0034129693
0.1244527183
0.0
0.1221092083
0.1207923442
0.0729042551
0.1020780374
0.0000000000
0.1092271198
0.0000000000
0.0034129693
0.0000000000
0.0000000000
0.0000000000
0.1063974017
0.0034129693
0.1089373927
0.0000000000
0.0992014421
0.0000000000
0.1234551013
0.0000000000
0.1001692611
0.0034129693
0.0892166482
0.0830803716
0.1041489359
0.1279420469
0.1057581040
0.1173411344
0.0
0.0000000000
0.0892166482
0.0000000000
0.0045506257
0.1074177778
0.0034129693
0.1062139579
0.0034129693
0.0000000000
0.0000000000
0.1396918267
0.0000000000
0.0000000000
0.0034129693
0.1018249513
0.0000000000
0.0000000000
0.0000000000
0.0916046031
0.0034129693
0.1219883080
0.0000000000
0.0000000000
0.0996830025
0.0000000000
0.0000000000
0.0881948397
0.0000000000
0.1025026548
0.0891520920
0.0000000000
0.1032759356
0.0000000000
0.0000000000
0.0034129693
0.0000000000
0.0000000000
0.0000000000
0.0000000000
0.0000000000
0.0000000000
0.0000000000
0.0000000000
0.0000000000
0.0000000000
0.0000000000
0.0000000000
0.0068259386
0.0000000000
0.0000000000
0.0000000000
0.0000000000
0.0000000000
0.0034129693
0.0786770058
0.0000000000
0.0000000000
0.0000000000
0.0000000000
0.0000000000
0.0000000000
0.0045506257
0.0000000000
0.0000000000
0.0000000000
0.0000000000
0.0000000000
0.0000000000
0.0000000000
0.0000000000
0.0000000000
0.0000000000
0.0000000000
0.0000000000
0.0000000000
0.0000000000
0.0000000000
