0.0044247788
0.0
0.0
0.0
0.0
0.0
0.0000000000
0.0
0.0
0.0000000000
0.0
0.0
0.0
0.0
0.0
0.0
0.0
0.0144286264
0.0
0.0
0.0
0.0
0.0
0.0000000000
0.0
0.0
0.0000000000
0.0
0.0
0.0
0.0
0.0
0.0
0.0
0.0
0.0
0.0
0.0
0.0
0.0
0.0
0.0
0.0123893805
0.0000000000
0.0
0.0
0.0
0.0
0.0
0.0
0.0
0.0
0.0000000000
0.0000000000
0.0000000000
0.0
0.0044247788
0.0
0.0000000000
0.0
0.0
0.0000000000
0.0
0.0
0.0073746313
0.0000000000
0.0
0.0000000000
0.0163209053
0.0
0.0044247788
0.0181013677
0.0044247788
0.0
0.0222373497
0.0
0.0
0.0
0.0
0.0
0.0
0.0
0.0
0.0000000000
0.0
0.0269074384
0.0
0.0
0.0
0.0117994100
0.0
0.0
0.0098551891
0.0077433628
0.0000000000
0.0000000000
0.0
0.0
0.0211824515
0.0
0.0098551891
0.0000000000
0.0
0.0
0.0
0.0
0.0
0.0
0.0
0.0
0.0
0.0163633328
0.0
0.0
0.0
0.0
0.0
0.0101137800
0.0000000000
0.0135508850
0.0
0.0188534052
0.0
0.0070796460
0.0
0.0099557522
0.0
0.0
0.0000000000
0.0
0.0
0.0163209053
0.0
0.0
0.0148593317
0.0000000000
0.0
0.0
0.0000000000
0.0211526009
0.0131402521
0.0
0.0
0.0
0.0231529121
0.0
0.0170050321
0.0044247788
0.0152150287
0.0044247788
0.0000000000
0.0
0.0144286264
0.0
0.0000000000
0.0
0.0
0.0
0.0099557522
0.0
0.0
0.0000000000
0.0
0.0
0.0
0.0
0.0066371681
0.0044247788
0.0228225431
0.0
0.0000000000
0.0
0.0044247788
0.0
0.0101137800
0.0
0.0000000000
0.0000000000
0.0
0.0000000000
0.0
0.0044247788
0.0
0.0000000000
0.0
0.0
0.0100563154
0.0101137800
0.0000000000
0.0000000000
0.0044247788
0.0000000000
0.0112630732
0.0
0.0181013677
0.0
0.0
0.0
0.0099557522
0.0
0.0099557522
0.0044247788
0.0
0.0
0.0000000000
0.0188534052
0.0122910521
0.0000000000
0.0
0.0100563154
0.0173451327
0.0058997050
0.0
0.0000000000
0.0073746313
0.0
0.0044247788
0.0137659784
0.0088495575
0.0122910521
0.0
0.0
0.0
0.0
0.0
0.0000000000
0.0187844381
0.0120452311
0.0000000000
0.0
0.0
0.0088495575
0.0044247788
0.0
0.0000000000
0.0
0.0000000000
0.0000000000
0.0
0.0
0.0000000000
0.0000000000
0.0
0.0
0.0
0.0117994100
0.0
0.0000000000
0.0000000000
0.0058997050
0.0066371681
0.0044247788
0.0255275698
0.0044247788
0.0
0.0058997050
0.0000000000
0.0
0.0135508850
0.0231529121
0.0
0.0000000000
0.0
0.0070796460
0.0
0.0
0.0000000000
0.0000000000
0.0000000000
0.0058997050
0.0044247788
0.0000000000
0.0000000000
0.0000000000
0.0
0.0
0.0044247788
0.0
0.0000000000
0.0
0.0077433628
0.0
0.0044247788
0.0000000000
0.0000000000
0.0
0.0135508850
0.0000000000
0.0000000000
0.0070796460
0.0000000000
0.0120452311
0.0000000000
0.0070796460
0.0000000000
0.0
0.0066371681
0.0000000000
0.0000000000
0.0000000000
0.0000000000
0.0146992650
0.0000000000
0.0
0.0101137800
0.0000000000
0.0000000000
0.0000000000
0.0000000000
0.0144286264
0.0000000000
0.0000000000
0.0
0.0066371681
0.0148593317
0.0000000000
0.0000000000
0.0000000000
0.0000000000
0.0181013677
0.0000000000
0.0058997050
0.0000000000
0.0000000000
0.0000000000
0.0000000000
0.0000000000
0.0000000000
0.0000000000
0.0000000000
0.0000000000
0.0000000000
0.0000000000
0.0000000000
0.0
0.0000000000
0.0
0.0044247788
0.0044247788
0.0000000000
0.0000000000
0.0000000000
0.0044247788
0.0000000000
0.0
0.0000000000
0.0044247788
0.0000000000
0.0000000000
0.0088495575
0.0000000000
0.0
0.0000000000
0.0000000000
0.0000000000
0.0044247788
0.0000000000
0.0044247788
0.0044247788
0.0000000000
0.0058997050
0.0000000000
0.0000000000
0.0000000000
0.0000000000
0.0
0.0000000000
0.0000000000
0.0000000000
0.0000000000
0.0000000000
0.0000000000
0.0000000000
0.0000000000
0.0000000000
0.0000000000
0.0000000000
0.0000000000
0.0044247788
0.0000000000
0.0000000000
0.0000000000
0.0000000000
0.0000000000
0.0000000000
0.0000000000
0.0000000000
0.0000000000
0.0000000000
0.0000000000
0.0000000000
