0.0
0.0
0.0
0.0
0.0
0.0
0.0038461538
0.0
0.0
0.0068927488
0.0
0.0
0.0
0.0
0.0
0.0
0.0
0.0
0.0
0.0
0.0
0.0
0.0
0.0096153846
0.0
0.0
0.0
0.0
0.0
0.0
0.0
0.0
0.0
0.0
0.0
0.0
0.0
0.0
0.0
0.0
0.0
0.0
0.0000000000
0.0
0.0
0.0
0.0
0.0
0.0
0.0
0.0
0.0
0.0093240093
0.0
0.0021367521
0.0
0.0
0.0
0.0021367521
0.0
0.0
0.0000000000
0.0
0.0
0.0
0.0055831266
0.0
0.0048076923
0.0021367521
0.0
0.0038461538
0.0021367521
0.0
0.0
0.0
0.0
0.0
0.0
0.0
0.0
0.0
0.0
0.0
0.0032051282
0.0
0.0064102564
0.0
0.0
0.0
0.0
0.0
0.0
0.0000000000
0.0
0.0000000000
0.0
0.0
0.0
0.0062937063
0.0
0.0
0.0
0.0
0.0
0.0
0.0
0.0
0.0
0.0
0.0
0.0
0.0000000000
0.0
0.0
0.0
0.0
0.0
0.0059354226
0.0
0.0
0.0
0.0079138968
0.0
0.0000000000
0.0
0.0000000000
0.0
0.0
0.0000000000
0.0
0.0
0.0
0.0
0.0
0.0
0.0042735043
0.0
0.0
0.0
0.0106837607
0.0044515670
0.0
0.0
0.0
0.0
0.0
0.0038461538
0.0038461538
0.0076043238
0.0000000000
0.0021367521
0.0
0.0000000000
0.0
0.0
0.0
0.0
0.0
0.0000000000
0.0
0.0
0.0
0.0
0.0
0.0
0.0
0.0000000000
0.0092338217
0.0112460639
0.0
0.0072874494
0.0
0.0
0.0
0.0021367521
0.0
0.0
0.0053863960
0.0
0.0
0.0
0.0000000000
0.0
0.0
0.0
0.0
0.0
0.0
0.0000000000
0.0
0.0000000000
0.0
0.0
0.0
0.0000000000
0.0
0.0
0.0
0.0086538462
0.0
0.0044515670
0.0133136095
0.0
0.0
0.0
0.0
0.0000000000
0.0082417582
0.0
0.0
0.0000000000
0.0
0.0
0.0021367521
0.0060110829
0.0
0.0
0.0028490028
0.0075046904
0.0081643067
0.0
0.0
0.0
0.0
0.0
0.0000000000
0.0
0.0
0.0000000000
0.0
0.0
0.0
0.0059354226
0.0
0.0021367521
0.0
0.0
0.0058055152
0.0
0.0
0.0049450549
0.0084427767
0.0
0.0
0.0
0.0064636752
0.0
0.0
0.0
0.0038461538
0.0
0.0077043457
0.0028490028
0.0
0.0
0.0021367521
0.0000000000
0.0
0.0
0.0038461538
0.0
0.0000000000
0.0
0.0
0.0
0.0
0.0021367521
0.0038461538
0.0021367521
0.0000000000
0.0
0.0042735043
0.0064102564
0.0097680098
0.0
0.0
0.0
0.0
0.0
0.0
0.0
0.0
0.0069230769
0.0021367521
0.0
0.0
0.0095966412
0.0
0.0
0.0021367521
0.0
0.0
0.0021367521
0.0
0.0028490028
0.0
0.0
0.0021367521
0.0
0.0
0.0059354226
0.0
0.0
0.0
0.0
0.0000000000
0.0
0.0032051282
0.0028490028
0.0
0.0
0.0
0.0
0.0
0.0038461538
0.0
0.0000000000
0.0038461538
0.0
0.0042735043
0.0000000000
0.0096153846
0.0
0.0091093117
0.0
0.0048076923
0.0000000000
0.0
0.0047879076
0.0
0.0032051282
0.0
0.0066773504
0.0042735043
0.0
0.0000000000
0.0
0.0
0.0000000000
0.0021367521
0.0
0.0000000000
0.0117340287
0.0
0.0
0.0
0.0
0.0
0.0086182336
0.0064102564
0.0
0.0
0.0085470085
0.0
0.0000000000
0.0000000000
0.0
0.0
0.0
0.0
0.0061538462
0.0
0.0042735043
0.0
0.0021367521
0.0
0.0
0.0
0.0000000000
0.0
0.0
0.0000000000
0.0000000000
0.0
0.0
0.0059681698
0.0
0.0054512417
0.0097125097
0.0
0.0000000000
0.0
0.0111634397
0.0000000000
0.0
0.0021367521
0.0000000000
0.0
0.0042735043
0.0106837607
0.0048076923
0.0021367521
0.0000000000
0.0
0.0
0.0
0.0
0.0028490028
0.0021367521
0.0
0.0
0.0059354226
0.0
0.0106508876
0.0
0.0
0.0
0.0
0.0
0.0000000000
0.0
0.0021367521
0.0
0.0032051282
0.0000000000
0.0021367521
0.0068038686
0.0021367521
0.0000000000
0.0
0.0000000000
0.0
0.0071818613
0.0000000000
0.0
0.0
0.0
0.0021367521
0.0
0.0064102564
0.0
0.0
0.0000000000
0.0
0.0
0.0000000000
0.0000000000
0.0
0.0021367521
0.0
0.0021367521
0.0000000000
0.0
0.0
0.0
0.0000000000
0.0000000000
0.0086182336
0.0000000000
0.0
0.0000000000
0.0
0.0
0.0048076923
0.0059171598
0.0
0.0124320124
0.0044515670
0.0
0.0050441362
0.0000000000
0.0000000000
0.0000000000
0.0
0.0
0.0000000000
0.0
0.0067873303
0.0
0.0
0.0
0.0073260073
0.0032051282
0.0079138968
0.0000000000
0.0038461538
0.0000000000
0.0
0.0021367521
0.0
0.0
0.0097508126
0.0
0.0021367521
0.0076312576
0.0
0.0058760684
0.0
0.0000000000
0.0068927488
0.0000000000
0.0
0.0
0.0
0.0000000000
0.0000000000
0.0000000000
0.0021367521
0.0044577070
0.0
0.0000000000
0.0000000000
0.0048076923
0.0000000000
0.0091093117
0.0064102564
0.0
0.0
0.0
0.0
0.0079276601
0.0
0.0032051282
0.0
0.0028490028
0.0000000000
0.0
0.0
0.0077043457
0.0000000000
0.0000000000
0.0
0.0000000000
0.0066773504
0.0
0.0000000000
0.0000000000
0.0000000000
0.0073260073
0.0
0.0021367521
0.0066773504
0.0000000000
0.0000000000
0.0
0.0038156288
0.0021367521
0.0021367521
0.0042735043
0.0
0.0000000000
0.0
0.0048076923
0.0
0.0
0.0000000000
0.0059354226
0.0000000000
0.0000000000
0.0068927488
0.0058055152
0.0084155161
0.0021367521
0.0
0.0021367521
0.0
0.0000000000
0.0000000000
0.0082417582
0.0056980057
0.0000000000
0.0
0.0000000000
0.0100334448
0.0028490028
0.0000000000
0.0000000000
0.0048076923
0.0
0.0
0.0
0.0000000000
0.0000000000
0.0021367521
0.0064636752
0.0028490028
0.0064102564
0.0059354226
0.0
0.0097680098
0.0000000000
0.0
0.0037986705
0.0000000000
0.0
0.0093240093
0.0
0.0038461538
0.0053418803
0.0021367521
0.0042735043
0.0000000000
0.0068376068
0.0101297879
0.0000000000
0.0028490028
0.0059354226
0.0000000000
0.0075973409
0.0
0.0000000000
0.0000000000
0.0071371927
0.0
0.0
0.0000000000
0.0098901099
0.0048076923
0.0000000000
0.0060110829
0.0000000000
0.0
0.0028490028
0.0000000000
0.0111662531
0.0028490028
0.0000000000
0.0028490028
0.0000000000
0.0125874126
0.0038461538
0.0121557455
0.0000000000
0.0
0.0000000000
0.0000000000
0.0042735043
0.0000000000
0.0000000000
0.0021367521
0.0028490028
0.0
0.0
0.0069930070
0.0021367521
0.0044378698
0.0000000000
0.0
0.0000000000
0.0
0.0081447964
0.0071974809
0.0053418803
0.0000000000
0.0000000000
0.0000000000
0.0
0.0028490028
0.0000000000
0.0000000000
0.0
0.0
0.0000000000
0.0021367521
0.0
0.0000000000
0.0000000000
0.0000000000
0.0000000000
0.0000000000
0.0000000000
0.0096153846
0.0000000000
0.0000000000
0.0032051282
0.0059171598
0.0000000000
0.0000000000
0.0000000000
0.0000000000
0.0021367521
0.0
0.0000000000
0.0021367521
0.0021367521
0.0000000000
0.0000000000
0.0000000000
0.0000000000
0.0000000000
0.0000000000
0.0
0.0021367521
0.0042735043
0.0044515670
0.0000000000
0.0000000000
0.0
0.0000000000
0.0000000000
0.0021367521
0.0048076923
0.0000000000
0.0000000000
0.0000000000
0.0066773504
0.0000000000
0.0000000000
0.0000000000
0.0000000000
0.0069930070
0.0000000000
0.0038156288
0.0000000000
0.0000000000
0.0000000000
0.0
0.0000000000
0.0000000000
0.0000000000
0.0000000000
0.0000000000
0.0000000000
0.0000000000
0.0000000000
0.0000000000
0.0000000000
0.0
0.0000000000
0.0000000000
0.0
0.0000000000
0.0021367521
0.0069930070
0.0000000000
0.0000000000
0.0079575597
0.0000000000
0.0000000000
0.0000000000
0.0000000000
0.0000000000
0.0000000000
0.0000000000
0.0000000000
0.0000000000
0.0000000000
0.0000000000
0.0000000000
0.0000000000
0.0021367521
0.0066708359
0.0000000000
0.0000000000
0.0048076923
0.0032051282
0.0
0.0000000000
0.0028490028
0.0000000000
0.0000000000
0.0028490028
0.0000000000
0.0000000000
0.0000000000
0.0000000000
0.0000000000
0.0000000000
0.0000000000
0.0000000000
0.0
0.0000000000
0.0000000000
0.0000000000
0.0000000000
0.0000000000
0.0000000000
0.0
0.0000000000
0.0021367521
0.0000000000
0.0059171598
0.0000000000
0.0000000000
0.0000000000
0.0000000000
0.0000000000
0.0021367521
0.0000000000
0.0000000000
0.0021367521
0.0000000000
0.0000000000
0.0000000000
0.0000000000
0.0000000000
0.0000000000
0.0
0.0021367521
0.0000000000
0.0000000000
0.0000000000
0.0000000000
0.0000000000
0.0000000000
0.0000000000
0.0000000000
0.0000000000
0.0000000000
0.0000000000
0.0000000000
0.0000000000
0.0021367521
0.0000000000
0.0
0.0000000000
0.0000000000
0.0000000000
0.0000000000
0.0000000000
0.0000000000
0.0
0.0000000000
0.0000000000
0.0000000000
0.0000000000
0.0000000000
0.0000000000
0.0000000000
0.0000000000
0.0000000000
0.0000000000
0.0000000000
0.0021367521
0.0000000000
0.0000000000
0.0000000000
0.0000000000
0.0000000000
0.0000000000
0.0000000000
0.0000000000
0.0000000000
