0.0
0.0
0.0
0.0
0.0
0.0
0.0023269343
0.0
0.0
0.0
0.0
0.0
0.0
0.0
0.0
0.0
0.0
0.0
0.0
0.0
0.0
0.0
0.0
0.0034904014
0.0
0.0
0.0
0.0
0.0
0.0
0.0
0.0
0.0
0.0
0.0
0.0
0.0
0.0
0.0
0.0
0.0
0.0
0.0000000000
0.0
0.0
0.0
0.0
0.0
0.0
0.0
0.0
0.0
0.0102931225
0.0
0.0079874907
0.0
0.0
0.0
0.0000000000
0.0
0.0
0.0000000000
0.0
0.0
0.0
0.0017452007
0.0
0.0133020022
0.0017452007
0.0
0.0039267016
0.0039267016
0.0
0.0
0.0
0.0
0.0
0.0
0.0
0.0
0.0
0.0
0.0
0.0000000000
0.0
0.0039267016
0.0
0.0
0.0
0.0
0.0
0.0
0.0080057619
0.0
0.0000000000
0.0
0.0
0.0
0.0017452007
0.0
0.0
0.0
0.0
0.0
0.0
0.0
0.0
0.0
0.0
0.0
0.0
0.0088913383
0.0
0.0
0.0
0.0
0.0
0.0070680628
0.0
0.0
0.0
0.0092567358
0.0
0.0017452007
0.0
0.0039890302
0.0
0.0
0.0048328635
0.0
0.0
0.0
0.0
0.0
0.0
0.0039267016
0.0
0.0
0.0
0.0026178010
0.0044175393
0.0
0.0
0.0
0.0
0.0
0.0017452007
0.0034904014
0.0055846422
0.0000000000
0.0046538685
0.0
0.0000000000
0.0
0.0
0.0
0.0
0.0
0.0
0.0
0.0
0.0
0.0
0.0
0.0
0.0
0.0
0.0
0.0108291941
0.0
0.0
0.0
0.0
0.0
0.0046538685
0.0
0.0
0.0069808028
0.0
0.0
0.0
0.0
0.0
0.0
0.0
0.0
0.0
0.0
0.0000000000
0.0
0.0000000000
0.0
0.0
0.0
0.0017452007
0.0
0.0
0.0
0.0057115659
0.0
0.0000000000
0.0062827225
0.0
0.0
0.0
0.0
0.0062827225
0.0039267016
0.0
0.0
0.0037230948
0.0
0.0
0.0000000000
0.0000000000
0.0
0.0
0.0057115659
0.0077594308
0.0034904014
0.0
0.0
0.0
0.0
0.0
0.0000000000
0.0
0.0
0.0000000000
0.0
0.0
0.0
0.0103641367
0.0
0.0068812801
0.0
0.0
0.0026178010
0.0
0.0
0.0026178010
0.0
0.0
0.0
0.0
0.0000000000
0.0
0.0
0.0
0.0000000000
0.0
0.0114922060
0.0
0.0
0.0
0.0017452007
0.0000000000
0.0
0.0
0.0026178010
0.0
0.0000000000
0.0
0.0
0.0
0.0
0.0017452007
0.0
0.0000000000
0.0017452007
0.0
0.0092062903
0.0000000000
0.0121975038
0.0
0.0
0.0
0.0
0.0
0.0
0.0
0.0
0.0
0.0039890302
0.0
0.0
0.0149500378
0.0
0.0
0.0031025790
0.0
0.0
0.0033561552
0.0
0.0017452007
0.0
0.0
0.0017452007
0.0
0.0
0.0058900524
0.0
0.0
0.0
0.0
0.0000000000
0.0
0.0116910331
0.0000000000
0.0
0.0
0.0
0.0
0.0
0.0031413613
0.0
0.0000000000
0.0023269343
0.0
0.0
0.0000000000
0.0044876589
0.0
0.0000000000
0.0
0.0
0.0029086678
0.0
0.0
0.0
0.0000000000
0.0
0.0
0.0017452007
0.0
0.0000000000
0.0
0.0
0.0000000000
0.0036029950
0.0
0.0090825499
0.0
0.0
0.0
0.0
0.0
0.0
0.0048477797
0.0034904014
0.0
0.0
0.0095162831
0.0
0.0
0.0034904014
0.0
0.0
0.0
0.0
0.0063843418
0.0
0.0078534031
0.0
0.0017452007
0.0
0.0
0.0
0.0000000000
0.0
0.0
0.0000000000
0.0017452007
0.0
0.0
0.0026178010
0.0
0.0017452007
0.0117725037
0.0
0.0000000000
0.0
0.0143165617
0.0000000000
0.0
0.0023269343
0.0017452007
0.0
0.0116910331
0.0078534031
0.0
0.0046538685
0.0017452007
0.0
0.0
0.0
0.0
0.0099666919
0.0027923211
0.0
0.0
0.0000000000
0.0
0.0048328635
0.0
0.0
0.0
0.0
0.0
0.0000000000
0.0
0.0088913383
0.0
0.0062051580
0.0000000000
0.0017452007
0.0000000000
0.0034904014
0.0073096087
0.0
0.0083219422
0.0
0.0039663652
0.0017452007
0.0
0.0
0.0
0.0023269343
0.0
0.0039267016
0.0
0.0
0.0000000000
0.0
0.0
0.0000000000
0.0000000000
0.0
0.0026178010
0.0
0.0017452007
0.0082609011
0.0
0.0
0.0
0.0000000000
0.0
0.0041367720
0.0000000000
0.0
0.0000000000
0.0
0.0
0.0039267016
0.0023269343
0.0
0.0160128367
0.0000000000
0.0
0.0053090842
0.0082407526
0.0017452007
0.0
0.0
0.0
0.0000000000
0.0
0.0
0.0
0.0
0.0
0.0080057619
0.0050769475
0.0039267016
0.0017452007
0.0031413613
0.0034904014
0.0
0.0017452007
0.0
0.0
0.0017452007
0.0
0.0017452007
0.0000000000
0.0
0.0029086678
0.0
0.0000000000
0.0
0.0017452007
0.0
0.0
0.0
0.0000000000
0.0000000000
0.0000000000
0.0075417602
0.0048562106
0.0
0.0000000000
0.0
0.0
0.0058785708
0.0055846422
0.0052356021
0.0
0.0
0.0
0.0
0.0000000000
0.0
0.0048562106
0.0
0.0000000000
0.0000000000
0.0
0.0
0.0000000000
0.0000000000
0.0017452007
0.0
0.0000000000
0.0
0.0
0.0000000000
0.0017452007
0.0
0.0085485255
0.0
0.0017452007
0.0057972759
0.0000000000
0.0000000000
0.0
0.0057972759
0.0046538685
0.0017452007
0.0017452007
0.0
0.0000000000
0.0
0.0069808028
0.0
0.0
0.0000000000
0.0
0.0017452007
0.0000000000
0.0127981385
0.0063843418
0.0
0.0039267016
0.0
0.0017452007
0.0
0.0000000000
0.0017452007
0.0034904014
0.0091563917
0.0
0.0
0.0017452007
0.0041884817
0.0039267016
0.0000000000
0.0000000000
0.0023269343
0.0
0.0
0.0
0.0
0.0
0.0000000000
0.0065701673
0.0000000000
0.0000000000
0.0064255117
0.0
0.0132498375
0.0023269343
0.0
0.0
0.0000000000
0.0
0.0102931225
0.0
0.0031413613
0.0071037042
0.0023269343
0.0
0.0
0.0103641367
0.0143774832
0.0017452007
0.0000000000
0.0033561552
0.0
0.0139041504
0.0
0.0000000000
0.0026178010
0.0044876589
0.0
0.0
0.0000000000
0.0
0.0074461896
0.0000000000
0.0023269343
0.0000000000
0.0
0.0000000000
0.0000000000
0.0017452007
0.0057115659
0.0
0.0000000000
0.0000000000
0.0057115659
0.0000000000
0.0154986631
0.0000000000
0.0
0.0000000000
0.0
0.0000000000
0.0000000000
0.0000000000
0.0
0.0098504622
0.0
0.0
0.0034904014
0.0000000000
0.0017452007
0.0000000000
0.0
0.0
0.0
0.0000000000
0.0034904014
0.0062328596
0.0055846422
0.0017452007
0.0017452007
0.0
0.0017452007
0.0000000000
0.0000000000
0.0
0.0
0.0017452007
0.0034904014
0.0
0.0
0.0058900524
0.0000000000
0.0000000000
0.0017452007
0.0000000000
0.0107311277
0.0017452007
0.0000000000
0.0026178010
0.0000000000
0.0
0.0000000000
0.0017452007
0.0017452007
0.0039267016
0.0
0.0000000000
0.0017452007
0.0026178010
0.0023269343
0.0113761231
0.0000000000
0.0000000000
0.0026178010
0.0017452007
0.0
0.0
0.0112623618
0.0017452007
0.0000000000
0.0000000000
0.0
0.0000000000
0.0000000000
0.0
0.0
0.0000000000
0.0048477797
0.0000000000
0.0039663652
0.0017452007
0.0118136663
0.0000000000
0.0
0.0
0.0000000000
0.0048477797
0.0000000000
0.0023269343
0.0017452007
0.0
0.0053187069
0.0000000000
0.0000000000
0.0017452007
0.0039890302
0.0000000000
0.0
0.0062827225
0.0017452007
0.0000000000
0.0
0.0000000000
0.0000000000
0.0
0.0000000000
0.0075278060
0.0077594308
0.0017452007
0.0000000000
0.0000000000
0.0000000000
0.0026178010
0.0017452007
0.0023269343
0.0000000000
0.0000000000
0.0017452007
0.0
0.0017452007
0.0000000000
0.0000000000
0.0
0.0000000000
0.0026178010
0.0055846422
0.0000000000
0.0017452007
0.0017452007
0.0000000000
0.0
0.0048477797
0.0000000000
0.0
0.0000000000
0.0017452007
0.0000000000
0.0000000000
0.0000000000
0.0000000000
0.0000000000
0.0000000000
0.0017452007
0.0000000000
0.0
0.0000000000
0.0
0.0000000000
0.0000000000
0.0033066961
0.0017452007
0.0
0.0000000000
0.0000000000
0.0000000000
0.0023269343
0.0034904014
0.0
0.0000000000
0.0023269343
0.0126543391
0.0060766627
0.0034904014
0.0000000000
0.0017452007
0.0041367720
0.0017452007
0.0079874907
0.0044175393
0.0000000000
0.0000000000
0.0
0.0017452007
0.0000000000
0.0000000000
0.0075249634
0.0000000000
0.0023269343
0.0000000000
0.0000000000
0.0000000000
0.0
0.0000000000
0.0000000000
0.0000000000
0.0000000000
0.0039267016
0.0000000000
0.0
0.0100856972
0.0048562106
0.0000000000
0.0000000000
0.0
0.0000000000
0.0
0.0017452007
0.0000000000
0.0017452007
0.0023269343
0.0000000000
0.0000000000
0.0000000000
0.0000000000
0.0017452007
0.0
0.0017452007
0.0050486163
0.0000000000
0.0068812801
0.0017452007
0.0000000000
0.0039267016
0.0000000000
0.0
0.0000000000
0.0039663652
0.0000000000
0.0000000000
0.0000000000
0.0000000000
0.0000000000
0.0000000000
0.0
0.0034904014
0.0
0.0000000000
0.0017452007
0.0099666919
0.0000000000
0.0000000000
0.0000000000
0.0000000000
0.0000000000
0.0
0.0098504622
0.0000000000
0.0000000000
0.0
0.0000000000
0.0000000000
0.0000000000
0.0017452007
0.0000000000
0.0041884817
0.0000000000
0.0000000000
0.0000000000
0.0023269343
0.0031025790
0.0000000000
0.0000000000
0.0000000000
0.0000000000
0.0017452007
0.0044175393
0.0000000000
0.0
0.0000000000
0.0000000000
0.0000000000
0.0000000000
0.0
0.0000000000
0.0034904014
0.0000000000
0.0081414664
0.0000000000
0.0000000000
0.0
0.0000000000
0.0034904014
0.0000000000
0.0000000000
0.0000000000
0.0000000000
0.0000000000
0.0017452007
0.0000000000
0.0000000000
0.0046538685
0.0089383824
0.0000000000
0.0
0.0000000000
0.0000000000
0.0000000000
0.0113761231
0.0000000000
0.0017452007
0.0000000000
0.0000000000
0.0000000000
0.0000000000
0.0033066961
0.0000000000
0.0000000000
0.0031025790
0.0000000000
0.0000000000
0.0000000000
0.0000000000
0.0039267016
0.0000000000
0.0105584642
0.0000000000
0.0000000000
0.0000000000
0.0000000000
0.0000000000
0.0000000000
0.0000000000
0.0000000000
0.0000000000
0.0000000000
0.0000000000
0.0000000000
0.0000000000
0.0000000000
0.0
0.0000000000
0.0000000000
0.0000000000
0.0000000000
0.0000000000
0.0
0.0000000000
0.0000000000
0.0000000000
0.0041884817
0.0000000000
0.0000000000
0.0000000000
0.0000000000
0.0017452007
0.0017452007
0.0048328635
0.0000000000
0.0000000000
0.0000000000
0.0027923211
0.0000000000
0.0000000000
0.0023269343
0.0000000000
0.0017452007
0.0000000000
0.0000000000
0.0000000000
0.0000000000
0.0000000000
0.0000000000
0.0000000000
0.0000000000
0.0000000000
0.0000000000
0.0034904014
0.0000000000
0.0000000000
0.0000000000
0.0000000000
0.0000000000
0.0000000000
0.0000000000
0.0000000000
0.0000000000
0.0000000000
0.0000000000
0.0000000000
0.0000000000
0.0000000000
0.0000000000
0.0000000000
0.0000000000
0.0000000000
0.0000000000
0.0000000000
0.0000000000
0.0000000000
0.0000000000
0.0000000000
0.0000000000
0.0000000000
0.0000000000
0.0000000000
0.0000000000
0.0000000000
0.0000000000
