0.0
0.0
0.0
0.0
0.0
0.0
0.1924708378
0.0
0.0
0.0
0.0
0.0
0.2343951786
0.0
0.0
0.1956521739
0.0
0.0
0.0
0.0
0.0
0.0
0.0
0.0
0.2095036553
0.0
0.0
0.2254658385
0.2254658385
0.2276337793
0.0
0.1488925349
0.1644021739
0.0
0.0
0.0
0.1537267081
0.0000000000
0.1878881988
0.0
0.1252587992
0.1679000925
0.2367391304
0.1807168935
0.2298438160
0.1779993462
0.0
0.0
0.0
0.1972826087
0.0
0.1893913043
0.1417599583
0.0
0.0000000000
0.0
0.2254658385
0.1753623188
0.1940484676
0.1632683658
0.2171918628
0.2040854573
0.0
0.2192028986
0.0000000000
0.0
0.2343951786
0.0000000000
0.1071217785
0.0
0.1753623188
0.0000000000
0.2440609592
0.0000000000
0.1821070234
0.0
0.0000000000
0.0000000000
0.0000000000
0.1753623188
0.0000000000
0.1527349229
0.0000000000
0.0000000000
0.0000000000
