0.0
0.0
0.0
0.0
0.0
0.0
0.0
0.0
0.0
0.0
0.0
0.0
0.0
0.0
0.0
0.1127362183
0.0
0.0
0.0
0.0
0.0
0.0
0.0
0.0
0.0
0.0
0.0
0.0
0.0
0.0907470747
0.0
0.1160184120
0.0
0.0
0.0
0.0
0.0
0.1008300830
0.0
0.0
0.1276525703
0.0
0.0
0.0
0.1034475682
0.0
0.0
0.0
0.0
0.1145681818
0.0
0.0
0.1004984051
0.0
0.1355836471
0.0
0.0
0.0
0.0
0.0
0.0
0.0
0.0
0.0
0.0
0.0
0.0
0.0
0.0
0.0
0.1182639296
0.1182639296
0.1161654568
0.0
0.0740343663
0.0
0.1054712836
0.0
0.1215577526
0.0
0.1289093466
0.1228613210
0.0
0.1045091738
0.0982363831
0.0819075473
0.0
0.0997329113
0.1030984763
0.0866300052
0.0
0.0
0.0
0.0
0.0
0.0
0.0910174235
0.0875401580
0.0
0.0
0.0
0.0835501782
0.0000000000
0.0000000000
0.0
0.0
0.0
0.0
0.0
0.1313102370
0.1012757408
0.1078288770
0.1116376924
0.0984474172
0.0776733436
0.1064512723
0.1040346713
0.0
0.0
0.0
0.0
0.0
0.1093729659
0.1104271632
0.0
0.1016125781
0.0
0.0
0.0
0.0
0.0
0.1101617133
0.0931448633
0.0
0.0
0.1024073134
0.1082107975
0.0
0.0
0.0880447123
0.1132936285
0.0
0.1024073134
0.0
0.0979215229
0.0
0.0045454545
0.0
0.1166088365
0.0972978190
0.0000000000
0.0000000000
0.0045454545
0.0815431899
0.0
0.0971946399
0.1128750560
0.0
0.0853394278
0.0766983644
0.0990859951
0.0
0.1011639575
0.1006087217
0.1019516635
0.0915629825
0.0000000000
0.0
0.0
0.1066991216
0.0
0.1223692196
0.0
0.0
0.0939083458
0.0060606061
0.0
0.0
0.0942947999
0.0045454545
0.0823490974
0.0
0.0953741368
0.0000000000
0.0045454545
0.0
0.0
0.0769559576
0.1052290993
0.1235236462
0.0
0.1300064475
0.0975048356
0.0
0.0060606061
0.1108277454
0.1113663979
0.1000595474
0.0
0.0937163041
0.1191866651
0.1172053011
0.0
0.1166088365
0.1185699165
0.0
0.0
0.0956728032
0.0000000000
0.0
0.0090909091
0.0
0.0
0.0
0.0930503000
0.0
0.1283677107
0.0
0.0922077922
0.0
0.0
0.0995163360
0.0891581181
0.1026366690
0.1033309419
0.0985532747
0.0
0.0000000000
0.0
0.0000000000
0.1004984051
0.1170556136
0.0000000000
0.0045454545
0.0060606061
0.0090909091
0.1045091738
0.0000000000
0.0045454545
0.0691210750
0.0851017135
0.0
0.0
0.1163128749
0.1172053011
0.0835501782
0.0
0.0000000000
0.0
0.0897693883
0.0916545455
0.0
0.1113663979
0.0045454545
0.0000000000
0.0869587718
0.0
0.1052290993
0.0000000000
0.0000000000
0.0045454545
0.0090909091
0.0
0.0572125752
0.0914716023
0.1037990322
0.0
0.0000000000
0.0
0.0980262518
0.0060606061
0.0
0.0724541861
0.1228613210
0.1007192807
0.1000595474
0.1089828127
0.0834740851
0.0937163041
0.0000000000
0.0954734848
0.0525843634
0.0740343663
0.1132936285
0.0000000000
0.0
0.0813983530
0.1013877715
0.0000000000
0.0
0.0060606061
0.0
0.1182639296
0.0687065558
0.0
0.0
0.0000000000
0.0730897492
0.0000000000
0.0000000000
0.0045454545
0.1222060606
0.0831710939
0.0000000000
0.0
0.0970916795
0.0
0.0000000000
0.0
0.0900339346
0.0907470747
0.1040346713
0.0000000000
0.0000000000
0.0000000000
0.0960739470
0.0626483564
0.0
0.0000000000
0.0
0.0819808099
0.0796303610
0.0000000000
0.0000000000
0.0045454545
0.0693826991
0.0764424900
0.0045454545
0.0938122267
0.0872900433
0.1006087217
0.0769559576
0.0000000000
0.1124595650
0.1137153169
0.0000000000
0.0045454545
0.0000000000
0.0000000000
0.0964784689
0.0
0.0000000000
0.0045454545
0.0060606061
0.0000000000
0.1024073134
0.1000595474
0.0000000000
0.0
0.0000000000
0.0730897492
0.0045454545
0.0740343663
0.0000000000
0.0
0.0000000000
0.0936205776
0.0
0.0000000000
0.0000000000
0.0000000000
0.0000000000
0.0000000000
0.0000000000
0.0000000000
0.0000000000
0.0000000000
0.0621386749
0.0000000000
0.0000000000
0.0000000000
0.0000000000
0.0000000000
0.0000000000
