0.0
0.0
0.0
0.0
0.0
0.0
0.0
0.0
0.0
0.0
0.0
0.0
0.0
0.0
0.0
0.1057313509
0.0
0.0
0.0
0.0
0.0
0.0
0.0
0.0
0.0
0.0
0.0
0.0
0.0
0.0000000000
0.0
0.1055425449
0.0
0.0
0.0
0.0
0.1029683365
0.0892807026
0.1033283656
0.0
0.1055425449
0.0
0.0
0.0896871398
0.0806327764
0.0
0.0
0.0
0.0
0.0726984319
0.0
0.0
0.0939647458
0.0
0.1115166512
0.0
0.0
0.0
0.0
0.0
0.0
0.0
0.0
0.0
0.0
0.0
0.0
0.0
0.0
0.0
0.0938155955
0.0954827547
0.0985063752
0.0
0.0909289617
0.0
0.0805229225
0.0
0.0696979070
0.0
0.1115166512
0.1055425449
0.0
0.0961037807
0.1090476479
0.0000000000
0.0
0.1072664703
0.1076572407
0.0157505625
0.0
0.0
0.0
0.0
0.0
0.0
0.0000000000
0.0806327764
0.0
0.0
0.0
0.0765593590
0.0000000000
0.0098360656
0.0
0.0
0.0
0.0
0.0
0.1184445394
0.0630104746
0.0000000000
0.1042395505
0.0891460409
0.0777681910
0.1082487640
0.1102683305
0.0000000000
0.0
0.0
0.0
0.0
0.0791215865
0.0927846548
0.0
0.0803041102
0.0
0.0
0.0
0.0
0.0
0.0933709718
0.0527712724
0.0
0.0483269216
0.0820886460
0.0990013821
0.0
0.0
0.0684864718
0.0930768900
0.0
0.0621491326
0.0
0.0081967213
0.0
0.0081967213
0.0
0.1104744395
0.0718150974
0.0000000000
0.0000000000
0.0122950820
0.0847974536
0.0
0.0765593590
0.0706138891
0.0
0.0806327764
0.0116417201
0.0811865730
0.0
0.0938155955
0.0892807026
0.0916338374
0.0000000000
0.0584607568
0.0586929743
0.0
0.0905112177
0.0
0.1080508686
0.0765593590
0.0
0.0696979070
0.0720778355
0.0
0.0
0.0642432882
0.0000000000
0.0621491326
0.0
0.0698626775
0.0000000000
0.0000000000
0.0738797814
0.0803041102
0.0178506375
0.0909289617
0.0808533860
0.0
0.0650923184
0.0857820394
0.0
0.0054644809
0.0906500386
0.0967329380
0.0875612224
0.0
0.0000000000
0.0163934426
0.0812982464
0.0
0.0641735344
0.0751001590
0.0
0.0
0.0883465249
0.0000000000
0.0
0.0000000000
0.0819747921
0.0
0.0
0.0991674918
0.0
0.0722540650
0.0
0.0964173330
0.0
0.0
0.0000000000
0.0000000000
0.0054644809
0.0000000000
0.0840737200
0.0
0.0000000000
0.1040560302
0.0000000000
0.0580017911
0.0864091011
0.0622801108
0.0532466893
0.0577185792
0.0641735344
0.0891460409
0.0833622357
0.0054644809
0.0178506375
0.0122950820
0.0
0.0000000000
0.0891460409
0.0708678958
0.0787001666
0.0054644809
0.0000000000
0.0
0.0622801108
0.0000000000
0.0
0.0887444822
0.0098360656
0.0000000000
0.0000000000
0.0
0.0000000000
0.0000000000
0.0000000000
0.0054644809
0.0054644809
0.0
0.0000000000
0.0818612537
0.0000000000
0.0157505625
0.0825472418
0.0707830241
0.0116417201
0.0000000000
0.0
0.0000000000
0.0127504554
0.0098360656
0.0806327764
0.0791215865
0.0000000000
0.0704455604
0.0532466893
0.0692082262
0.0000000000
0.0000000000
0.0099170208
0.0000000000
0.0711237366
0.0000000000
0.0000000000
0.0000000000
0.0000000000
0.0000000000
0.0000000000
0.0722540650
0.0000000000
0.0000000000
0.0
0.0000000000
0.0000000000
0.0000000000
0.0000000000
0.0000000000
0.0000000000
0.0000000000
0.0000000000
0.0000000000
0.0000000000
0.0000000000
0.0000000000
0.0000000000
