0.0
0.0
0.0
0.0
0.0
0.0
0.0
0.0
0.0
0.0
0.0
0.0
0.0
0.0
0.0
0.0
0.0
0.0
0.0
0.0
0.0
0.0
0.0
0.0
0.0
0.0
0.0
0.0
0.0
0.0
0.0
0.0
0.0
0.0
0.0
0.0
0.0
0.0
0.0
0.0
0.0
0.0
0.0000000000
0.0000000000
0.0
0.0
0.0
0.0
0.0
0.0457875458
0.0
0.0
0.0
0.0
0.0
0.0000000000
0.0
0.0
0.0
0.0
0.0769230769
0.0
0.0000000000
0.0582750583
0.0
0.0
0.0
0.0
0.0192307692
0.0
0.0
0.0565610860
0.0
0.0
0.0
0.0000000000
0.0
0.0000000000
0.0
0.0534188034
0.0
0.0
0.0437062937
0.0192307692
0.0
0.0000000000
0.0192307692
0.0
0.0
0.0000000000
0.0
0.0565610860
0.0
0.0
0.0000000000
0.0
0.0
0.0
0.0
0.0
0.0
0.0437062937
0.0
0.0000000000
0.0000000000
0.0
0.0
0.0000000000
0.0
0.0000000000
0.0000000000
0.0192307692
0.0320512821
0.0801282051
0.0
0.0769230769
0.0686813187
0.0
0.0600961538
0.0192307692
0.0000000000
0.0534188034
0.0000000000
0.0469043152
0.0
0.0000000000
0.0
0.0000000000
0.0192307692
0.0192307692
0.0000000000
0.0192307692
0.0320512821
0.0000000000
0.0000000000
0.0
0.0000000000
0.0192307692
0.0457875458
0.0000000000
0.0000000000
0.0192307692
0.0000000000
0.0000000000
