0.0
0.0
0.0
0.0
0.0
0.0
0.0
0.0
0.0
0.0
0.0
0.0
0.0
0.0
0.0
0.0
0.0
0.0
0.0
0.0
0.0
0.0
0.0
0.0
0.0
0.0
0.0
0.0
0.0
0.0884287320
0.0
0.1024218500
0.0
0.0
0.0
0.0
0.0
0.0773262308
0.0
0.0
0.1068035334
0.0
0.0
0.0
0.0728914626
0.0
0.0
0.0
0.0
0.0929560008
0.0
0.0
0.1038676265
0.0
0.1019736143
0.0
0.0
0.0
0.0
0.0
0.0
0.0
0.0
0.0
0.0
0.0
0.0
0.0
0.0
0.0
0.1116659946
0.1095656938
0.0756525028
0.0
0.0000000000
0.0
0.1015292849
0.0
0.0792999576
0.0
0.0
0.0800262308
0.0
0.0
0.0763966258
0.0950413496
0.0
0.0933906648
0.0
0.1040221914
0.0
0.0
0.0
0.0
0.0
0.0
0.0000000000
0.0823355861
0.0
0.0
0.0
0.0828233562
0.0808126157
0.0
0.0
0.0
0.0
0.0
0.0
0.1086292348
0.0891050511
0.0
0.0936408742
0.0945272652
0.0
0.1041772170
0.0
0.0
0.0
0.0
0.0
0.0
0.0913763564
0.0
0.0
0.0779731318
0.0
0.0
0.0
0.0
0.0
0.0
0.0
0.0
0.0
0.0882055680
0.0746028950
0.0
0.0
0.1152562450
0.0
0.0
0.0959545815
0.0
0.0896766037
0.0
0.0032362460
0.0
0.1053548043
0.0836159242
0.0077669903
0.0
0.0
0.0
0.0
0.1070488708
0.0992234388
0.0
0.0933283213
0.1134787543
0.0
0.0
0.1021972407
0.0
0.0827743193
0.0701836472
0.0000000000
0.0
0.0
0.0866207096
0.0
0.0
0.0
0.0
0.0896191187
0.0960204844
0.0
0.0
0.0856128752
0.0000000000
0.0777130768
0.0
0.0880389328
0.0000000000
0.0861403729
0.0
0.0
0.1062354295
0.0910194175
0.1096516276
0.0
0.0981093510
0.0922202013
0.0
0.0
0.0817100089
0.0726641503
0.0922810728
0.0
0.0
0.1233943736
0.1089679074
0.0
0.0867820144
0.0865670745
0.0
0.0
0.0
0.0800720649
0.0
0.0648149398
0.0
0.0
0.0
0.0048543689
0.0
0.0
0.0
0.0000000000
0.0
0.0
0.0924641701
0.0620256545
0.0
0.0
0.1108690129
0.0
0.0678669055
0.0
0.0797523247
0.0
0.0976297662
0.0
0.0818535277
0.0894471051
0.0939555277
0.0927094332
0.0000000000
0.0
0.1148774242
0.0967514362
0.0
0.0
0.0048543689
0.1126557818
0.0560793523
0.0
0.0836659636
0.0
0.0864065669
0.0
0.0
0.0
0.0
0.0
0.0777562988
0.0
0.1091380369
0.0970200036
0.0988027034
0.0048543689
0.0055163283
0.0
0.0
0.0596950577
0.0947836103
0.0
0.0000000000
0.0
0.0
0.0086685160
0.0
0.0729675497
0.0988027034
0.1120238984
0.0819014793
0.0949767835
0.0767320665
0.0729675497
0.0648750929
0.0620256545
0.0024271845
0.0963513613
0.1024218500
0.0736207611
0.0
0.0
0.1239413344
0.0000000000
0.0
0.0
0.0
0.0836159242
0.0894471051
0.0
0.0
0.0000000000
0.0724758037
0.0814719261
0.0
0.0
0.0924030570
0.0883170090
0.0754483676
0.0
0.0
0.0
0.0
0.0
0.0
0.0758166080
0.0938924280
0.0
0.0942087771
0.1064781609
0.0048543689
0.1053548043
0.0
0.0000000000
0.0
0.1115768757
0.0900810730
0.0560793523
0.0000000000
0.0940187123
0.0646351481
0.1033302478
0.0731584643
0.1040996465
0.1068035334
0.0927709524
0.0
0.0676370708
0.1000041668
0.0925253642
0.0874880008
0.0827253404
0.0809061489
0.0916158750
0.0938294129
0.0
0.0
0.0
0.0842203767
0.0
0.0
0.0765220718
0.0519145285
0.0
0.0055163283
0.0837662224
0.0
0.0
0.0024271845
0.0
0.0024271845
0.0
0.0
0.0921594102
0.0000000000
0.0955610562
0.0701836472
0.0
0.0725510250
0.0
0.0825300031
0.0
0.0775836988
0.0024271845
0.0
0.0974936020
0.0000000000
0.0805797264
0.0
0.0749227359
0.0760641051
0.0693137458
0.0048543689
0.0000000000
0.0835659446
0.0784984982
0.0619706672
0.0000000000
0.0765220718
0.0000000000
0.0000000000
0.0963513613
0.0899072831
0.0024271845
0.0922810728
0.0779296685
0.0000000000
0.0882612533
0.0
0.0871064332
0.0724758037
0.0649353578
0.0949767835
0.1022720009
0.0000000000
0.0887092800
0.0086685160
0.0
0.0827743193
0.0032362460
0.0
0.0
0.0900810730
0.0662901021
0.0000000000
0.0
0.0755707163
0.0
0.0000000000
0.0000000000
0.0728155340
0.0777995689
0.0831682482
0.0648149398
0.0032362460
0.0767742039
0.0847308032
0.0874332866
0.0854036807
0.0722510725
0.1072130562
0.0798434182
0.0951060036
0.0
0.0905478143
0.0
0.0868359163
0.0781911774
0.0569241959
0.0000000000
0.0
0.0688020794
0.0024271845
0.0718426646
0.0834163635
0.0000000000
0.0000000000
0.0797068559
0.0916158750
0.0000000000
0.0
0.1018992895
0.0024271845
0.0024271845
0.0828724512
0.0000000000
0.0
0.0000000000
0.0
0.0827253404
0.0765220718
0.0960864778
0.0000000000
0.0
0.0000000000
0.0
0.0000000000
0.0827253404
0.0868359163
0.0715119311
0.0000000000
0.0802098825
0.0988725780
0.0689717934
0.0892757505
0.0055163283
0.0747624734
0.0000000000
0.0870521950
0.0664792322
0.0956264195
0.0797978455
0.0792100993
0.0669888957
0.0032362460
0.0
0.0661646120
0.0836159242
0.0922810728
0.0000000000
0.0000000000
0.0032362460
0.0000000000
0.0883728352
0.0000000000
0.0848336318
0.0718426646
0.0943996119
0.0736207611
0.0
0.0064724919
0.0708236197
0.0000000000
0.0701484321
0.0000000000
0.0817577925
0.0692108046
0.0870521950
0.0000000000
0.0032362460
0.0000000000
0.0909601986
0.0000000000
0.0000000000
0.0000000000
0.0024271845
0.0000000000
0.0000000000
0.0000000000
0.0024271845
0.0000000000
0.0000000000
0.0583984232
0.0024271845
0.0000000000
0.0024271845
0.0937664824
0.0606269841
0.0000000000
0.0000000000
0.0770280029
0.0821420830
0.0000000000
0.0000000000
0.0
0.0024271845
0.0628906096
0.0643081073
0.0000000000
0.0000000000
0.0000000000
0.0043149946
0.0000000000
0.0000000000
0.0715119311
0.0000000000
0.0024271845
0.0
0.0000000000
0.0892757505
0.0000000000
0.0664160690
0.0000000000
0.0000000000
0.0791652465
0.0000000000
0.0000000000
0.0000000000
0.0476827508
0.0000000000
0.0000000000
0.0048543689
0.0055163283
0.0000000000
0.0
0.0000000000
0.0
0.0000000000
0.0808126157
0.0518760019
0.0000000000
0.0000000000
0.0686669083
0.0000000000
0.0032362460
0.0000000000
0.0710034663
0.0024271845
0.0000000000
0.0755707163
0.0024271845
0.0000000000
0.0024271845
0.0000000000
0.0718057654
0.0000000000
0.0000000000
0.0000000000
0.0000000000
0.0000000000
0.0
0.0000000000
0.0000000000
0.0798890430
0.0777562988
0.0000000000
0.0000000000
0.0883170090
0.0000000000
0.0000000000
0.0000000000
0.0000000000
0.0024271845
0.0000000000
0.0000000000
0.0000000000
0.0836659636
0.0584472514
0.0000000000
0.0000000000
0.0000000000
0.0000000000
0.0000000000
0.0000000000
0.0000000000
0.0824813128
0.0000000000
0.0000000000
0.0000000000
0.0000000000
0.0000000000
0.0032362460
0.0000000000
0.0000000000
0.0000000000
0.0000000000
0.0000000000
0.0000000000
0.0686669083
0.0000000000
0.0000000000
0.0000000000
0.0000000000
0.0000000000
0.0000000000
0.0000000000
0.0000000000
0.0000000000
0.0000000000
0.0000000000
0.0000000000
0.0000000000
0.0000000000
0.0000000000
0.0000000000
0.0000000000
