0.0
0.0
0.0
0.0
0.0
0.0
0.0027322404
0.0
0.0
0.0066102591
0.0
0.0
0.0
0.0
0.0
0.0
0.0
0.0
0.0
0.0
0.0
0.0
0.0
0.0092213115
0.0
0.0
0.0
0.0
0.0
0.0
0.0
0.0
0.0
0.0
0.0
0.0
0.0
0.0
0.0
0.0
0.0
0.0
0.0000000000
0.0
0.0
0.0
0.0
0.0
0.0
0.0
0.0
0.0
0.0078814628
0.0
0.0020491803
0.0
0.0
0.0
0.0000000000
0.0
0.0
0.0000000000
0.0
0.0
0.0
0.0020491803
0.0
0.0046106557
0.0020491803
0.0
0.0036885246
0.0020491803
0.0
0.0
0.0
0.0
0.0
0.0
0.0
0.0
0.0
0.0
0.0
0.0000000000
0.0
0.0061475410
0.0
0.0
0.0
0.0
0.0
0.0
0.0000000000
0.0
0.0000000000
0.0
0.0
0.0
0.0046572280
0.0
0.0
0.0
0.0
0.0
0.0
0.0
0.0
0.0
0.0
0.0
0.0
0.0000000000
0.0
0.0
0.0
0.0
0.0
0.0056921676
0.0
0.0
0.0
0.0075895568
0.0
0.0000000000
0.0
0.0046106557
0.0
0.0
0.0000000000
0.0
0.0
0.0
0.0
0.0
0.0
0.0040983607
0.0
0.0
0.0
0.0102459016
0.0000000000
0.0
0.0
0.0
0.0
0.0
0.0036885246
0.0000000000
0.0077484631
0.0000000000
0.0027322404
0.0
0.0000000000
0.0
0.0
0.0
0.0
0.0
0.0000000000
0.0
0.0
0.0
0.0
0.0
0.0
0.0
0.0
0.0095365700
0.0107851596
0.0
0.0056921676
0.0
0.0
0.0
0.0027322404
0.0
0.0
0.0053902352
0.0
0.0
0.0
0.0000000000
0.0
0.0
0.0
0.0
0.0
0.0
0.0000000000
0.0
0.0000000000
0.0
0.0
0.0
0.0000000000
0.0
0.0
0.0
0.0020491803
0.0
0.0000000000
0.0065573770
0.0
0.0
0.0
0.0
0.0000000000
0.0046106557
0.0
0.0
0.0000000000
0.0
0.0
0.0000000000
0.0054275587
0.0
0.0
0.0027322404
0.0060270010
0.0040983607
0.0
0.0
0.0
0.0
0.0
0.0000000000
0.0
0.0
0.0000000000
0.0
0.0
0.0
0.0056921676
0.0
0.0020491803
0.0
0.0
0.0000000000
0.0
0.0
0.0030737705
0.0056921676
0.0
0.0
0.0
0.0065250216
0.0
0.0
0.0
0.0027322404
0.0
0.0064780539
0.0027322404
0.0
0.0
0.0020491803
0.0000000000
0.0
0.0
0.0036885246
0.0
0.0000000000
0.0
0.0
0.0
0.0
0.0000000000
0.0
0.0000000000
0.0000000000
0.0
0.0043715847
0.0000000000
0.0089253188
0.0
0.0
0.0
0.0
0.0
0.0
0.0
0.0
0.0
0.0030737705
0.0
0.0
0.0083674863
0.0
0.0
0.0040983607
0.0
0.0
0.0000000000
0.0
0.0027322404
0.0
0.0
0.0020491803
0.0
0.0
0.0056921676
0.0
0.0
0.0
0.0
0.0000000000
0.0
0.0030737705
0.0027322404
0.0
0.0
0.0
0.0
0.0
0.0036885246
0.0
0.0000000000
0.0027322404
0.0
0.0040983607
0.0000000000
0.0036429872
0.0
0.0000000000
0.0
0.0020491803
0.0000000000
0.0
0.0
0.0
0.0020491803
0.0
0.0046838407
0.0040983607
0.0
0.0000000000
0.0
0.0
0.0000000000
0.0020491803
0.0
0.0000000000
0.0
0.0
0.0
0.0
0.0
0.0
0.0088553864
0.0040983607
0.0
0.0
0.0070661391
0.0
0.0000000000
0.0027322404
0.0
0.0
0.0
0.0
0.0049980008
0.0
0.0040983607
0.0
0.0020491803
0.0
0.0
0.0
0.0000000000
0.0
0.0
0.0000000000
0.0000000000
0.0
0.0
0.0030737705
0.0
0.0034153005
0.0093144560
0.0
0.0000000000
0.0
0.0100409836
0.0000000000
0.0
0.0000000000
0.0000000000
0.0
0.0043715847
0.0102459016
0.0046106557
0.0020491803
0.0000000000
0.0
0.0
0.0
0.0
0.0027322404
0.0000000000
0.0
0.0
0.0056921676
0.0
0.0040983607
0.0
0.0
0.0
0.0
0.0
0.0000000000
0.0
0.0020491803
0.0
0.0030737705
0.0000000000
0.0020491803
0.0068875228
0.0020491803
0.0000000000
0.0
0.0000000000
0.0
0.0068875228
0.0000000000
0.0
0.0
0.0
0.0020491803
0.0
0.0046106557
0.0
0.0
0.0000000000
0.0
0.0
0.0000000000
0.0000000000
0.0
0.0020491803
0.0
0.0020491803
0.0000000000
0.0
0.0
0.0
0.0000000000
0.0
0.0088553864
0.0000000000
0.0
0.0000000000
0.0
0.0
0.0020491803
0.0056746532
0.0
0.0108551174
0.0000000000
0.0
0.0040983607
0.0000000000
0.0000000000
0.0
0.0
0.0
0.0000000000
0.0
0.0037470726
0.0
0.0
0.0
0.0062096374
0.0030737705
0.0075895568
0.0020491803
0.0036885246
0.0020491803
0.0
0.0020491803
0.0
0.0
0.0046572280
0.0
0.0000000000
0.0073185012
0.0
0.0053902352
0.0
0.0000000000
0.0066102591
0.0000000000
0.0
0.0
0.0
0.0000000000
0.0000000000
0.0000000000
0.0020491803
0.0044276932
0.0
0.0000000000
0.0000000000
0.0
0.0000000000
0.0040983607
0.0061475410
0.0
0.0
0.0
0.0
0.0062756148
0.0
0.0030737705
0.0
0.0027322404
0.0000000000
0.0
0.0
0.0064780539
0.0020491803
0.0000000000
0.0
0.0000000000
0.0
0.0
0.0000000000
0.0000000000
0.0000000000
0.0058548009
0.0
0.0020491803
0.0054644809
0.0000000000
0.0000000000
0.0
0.0032786885
0.0046106557
0.0020491803
0.0020491803
0.0
0.0000000000
0.0
0.0046106557
0.0
0.0
0.0020491803
0.0056921676
0.0000000000
0.0000000000
0.0066102591
0.0048790008
0.0077238335
0.0020491803
0.0
0.0020491803
0.0
0.0000000000
0.0000000000
0.0027322404
0.0065573770
0.0000000000
0.0
0.0000000000
0.0040983607
0.0027322404
0.0000000000
0.0000000000
0.0046106557
0.0
0.0
0.0
0.0000000000
0.0000000000
0.0000000000
0.0065250216
0.0027322404
0.0040983607
0.0056921676
0.0
0.0081967213
0.0000000000
0.0
0.0069025022
0.0000000000
0.0
0.0078814628
0.0
0.0036885246
0.0046838407
0.0020491803
0.0040983607
0.0020491803
0.0057020670
0.0078752813
0.0000000000
0.0027322404
0.0056921676
0.0000000000
0.0065842515
0.0
0.0000000000
0.0000000000
0.0020491803
0.0
0.0
0.0000000000
0.0057020670
0.0046106557
0.0000000000
0.0054275587
0.0000000000
0.0
0.0027322404
0.0000000000
0.0034153005
0.0027322404
0.0
0.0027322404
0.0000000000
0.0054644809
0.0027322404
0.0100409836
0.0000000000
0.0
0.0000000000
0.0000000000
0.0040983607
0.0000000000
0.0000000000
0.0020491803
0.0027322404
0.0
0.0
0.0067064083
0.0020491803
0.0020491803
0.0000000000
0.0
0.0000000000
0.0
0.0046838407
0.0065842515
0.0040983607
0.0000000000
0.0000000000
0.0000000000
0.0
0.0020491803
0.0000000000
0.0000000000
0.0
0.0
0.0000000000
0.0020491803
0.0
0.0000000000
0.0000000000
0.0000000000
0.0000000000
0.0000000000
0.0000000000
0.0081967213
0.0000000000
0.0000000000
0.0020491803
0.0000000000
0.0000000000
0.0020491803
0.0000000000
0.0020491803
0.0020491803
0.0
0.0000000000
0.0020491803
0.0020491803
0.0000000000
0.0000000000
0.0000000000
0.0000000000
0.0000000000
0.0000000000
0.0
0.0040983607
0.0040983607
0.0032786885
0.0000000000
0.0000000000
0.0
0.0000000000
0.0000000000
0.0020491803
0.0
0.0000000000
0.0065250216
0.0000000000
0.0027322404
0.0020491803
0.0000000000
0.0000000000
0.0
0.0067064083
0.0000000000
0.0027322404
0.0000000000
0.0000000000
0.0000000000
0.0
0.0000000000
0.0000000000
0.0000000000
0.0000000000
0.0000000000
0.0000000000
0.0020491803
0.0000000000
0.0000000000
0.0000000000
0.0
0.0000000000
0.0000000000
0.0
0.0030737705
0.0020491803
0.0058548009
0.0000000000
0.0000000000
0.0065573770
0.0000000000
0.0000000000
0.0000000000
0.0020491803
0.0000000000
0.0000000000
0.0000000000
0.0000000000
0.0000000000
0.0000000000
0.0000000000
0.0
0.0000000000
0.0020491803
0.0027322404
0.0000000000
0.0000000000
0.0046106557
0.0000000000
0.0
0.0000000000
0.0027322404
0.0000000000
0.0000000000
0.0027322404
0.0000000000
0.0000000000
0.0000000000
0.0000000000
0.0000000000
0.0000000000
0.0000000000
0.0000000000
0.0
0.0000000000
0.0
0.0000000000
0.0000000000
0.0000000000
0.0000000000
0.0
0.0000000000
0.0020491803
0.0000000000
0.0056746532
0.0000000000
0.0000000000
0.0000000000
0.0000000000
0.0000000000
0.0020491803
0.0000000000
0.0000000000
0.0020491803
0.0000000000
0.0000000000
0.0000000000
0.0000000000
0.0000000000
0.0000000000
0.0
0.0020491803
0.0000000000
0.0000000000
0.0000000000
0.0000000000
0.0000000000
0.0000000000
0.0000000000
0.0000000000
0.0000000000
0.0000000000
0.0000000000
0.0000000000
0.0000000000
0.0020491803
0.0000000000
0.0
0.0000000000
0.0000000000
0.0020491803
0.0000000000
0.0000000000
0.0000000000
0.0
0.0000000000
0.0000000000
0.0000000000
0.0000000000
0.0000000000
0.0000000000
0.0000000000
0.0000000000
0.0000000000
0.0
0.0000000000
0.0020491803
0.0000000000
0.0000000000
0.0000000000
0.0027322404
0.0000000000
0.0000000000
0.0000000000
0.0000000000
0.0000000000
0.0000000000
0.0000000000
0.0000000000
0.0000000000
0.0000000000
0.0000000000
0.0000000000
0.0000000000
0.0
0.0000000000
0.0000000000
0.0000000000
0.0000000000
0.0000000000
0.0000000000
0.0000000000
0.0000000000
0.0000000000
0.0000000000
0.0000000000
0.0000000000
0.0000000000
0.0000000000
0.0027322404
0.0000000000
0.0000000000
0.0000000000
0.0000000000
0.0000000000
0.0000000000
0.0000000000
0.0000000000
0.0000000000
0.0000000000
0.0000000000
0.0000000000
