0.0
0.0
0.0
0.0
0.0
0.0
0.0
0.0
0.0
0.0
0.0
0.0
0.0
0.0
0.0
0.0
0.0
0.0
0.0
0.0
0.0
0.0
0.0
0.0
0.0
0.0
0.0
0.0
0.0
0.0
0.0
0.0
0.0
0.0
0.0
0.0
0.0
0.0
0.0
0.0
0.0
0.0
0.0988304094
0.0222222222
0.0
0.0
0.0
0.0
0.0
0.0782407407
0.0
0.0
0.0
0.0
0.0
0.0222222222
0.0
0.0
0.0
0.0
0.0666666667
0.0
0.0000000000
0.0894179894
0.0533333333
0.0
0.0
0.1043209877
0.0000000000
0.0
0.0000000000
0.0000000000
0.0782407407
0.0670634921
0.0670634921
0.0666666667
0.0
0.0000000000
0.0
0.0853535354
0.0
0.0
0.0988304094
0.0000000000
0.0
0.0400000000
0.0670634921
0.0
0.0
0.0000000000
0.0
0.0470588235
0.0470588235
0.0
0.0000000000
0.0
0.0727272727
0.0000000000
0.0
0.0481481481
0.0
0.0670634921
0.0000000000
0.0000000000
0.0000000000
0.0569023569
0.0000000000
0.0000000000
0.0000000000
0.0000000000
0.0000000000
0.0000000000
0.0000000000
0.0000000000
0.0000000000
0.0000000000
0.0751111111
0.0000000000
