0.0
0.0
0.0
0.0
0.0
0.0
0.0
0.2204173435
0.0
0.0
0.0
0.0
0.0
0.0
0.0
0.0
0.0
0.0
0.0
0.0
0.1711209196
0.0
0.0
0.2126710471
0.0
0.0
0.0
0.0
0.0
0.0
0.0
0.2005001137
0.1998980112
0.2099875007
0.0
0.0
0.0
0.1838840821
0.0
0.0
0.0
0.0
0.0
0.0
0.0
0.0
0.0
0.0
0.0
0.0
0.0
0.0
0.0
0.2086709647
0.0
0.0
0.0
0.2080188679
0.0
0.2054507338
0.0
0.0
0.0
0.2411812961
0.2048185776
0.2011058542
0.1702456208
0.0
0.1742566433
0.0
0.2256475855
0.2511925952
0.2429417436
0.0
0.0
0.2352156810
0.2447280799
0.2048185776
0.0
0.0
0.0
0.0
0.2248852626
0.0
0.0
0.2023283822
0.1896468312
0.0
0.2368898140
0.2327483837
0.0
0.2327483837
0.2570117287
0.2196898935
0.0
0.0
0.2005001137
0.0
0.2154240703
0.1789409617
0.2233759656
0.0
0.1611768468
0.1849056604
0.0
0.0
0.0
0.1784612272
0.0
0.0
0.2060868041
0.1803957662
0.0
0.1742566433
0.1975253345
0.0
0.2106520182
0.0000000000
0.0
0.0
0.2067268253
0.0
0.0
0.2256475855
0.1849056604
0.1794232823
0.2073708341
0.1742566433
0.0
0.2264150943
0.2067268253
0.1912817176
0.1813788494
0.2550422902
0.2248852626
0.2054507338
0.1706821480
0.1789409617
0.2147291540
0.0
0.1540880503
0.2048185776
0.0
0.0000000000
0.2119937508
0.0
0.2550422902
0.1803957662
0.1969409400
0.0
0.2119937508
0.0
0.0
0.1957824639
0.0
0.1823727061
0.1635529183
0.0
0.0000000000
0.0
0.2204173435
0.0000000000
0.2327483837
0.2211496270
0.1404346788
0.1765677394
0.0094339623
0.0
0.1935059237
0.1544455632
0.0
0.1668321748
0.2295380612
0.0000000000
0.0
0.1751737835
0.0000000000
0.0000000000
0.2099875007
0.1635529183
0.0000000000
0.0000000000
0.1485849057
0.1404346788
0.1885723449
0.1664150943
0.0000000000
0.0000000000
0.0000000000
0.0000000000
0.0000000000
0.0000000000
0.0000000000
0.0094339623
0.0000000000
0.1431527693
0.1765677394
0.0000000000
0.0000000000
0.0000000000
