0.0
0.0
0.0
0.0
0.1223926795
0.0
0.1488419450
0.0
0.0
0.1164678350
0.0
0.1248283548
0.0
0.1299064313
0.0
0.1246511676
0.0
0.1317580609
0.0
0.0
0.1468507484
0.0996219485
0.0
0.0
0.0
0.1241226114
0.1259924642
0.1266283310
0.1171671082
0.1248283548
0.0
0.0
0.1482139200
0.1309720322
0.1409578613
0.1343791088
0.1361499962
0.1220524636
0.1273629406
0.0
0.0
0.1493482102
0.1431405828
0.1349988433
0.0
0.1385122201
0.1455124235
0.1259021471
0.1199682344
0.1198045669
0.1357291307
0.1127300996
0.1445543170
0.1374284000
0.1332575836
0.0
0.1335615933
0.0
0.1108097761
0.1482139200
0.0
0.1067680822
0.1302919103
0.1396132712
0.0
0.1408448237
0.0
0.0942745546
0.1276406215
0.1357291307
0.1459962553
0.1415257817
0.1157005897
0.1536601007
0.1277334510
0.1287635595
0.1181126396
0.0854664210
0.0950912264
0.1329549547
0.1333587662
0.1371065536
0.1336632383
0.0
0.1382940907
0.1325535812
0.1325535812
0.0
0.0951427384
0.0986151011
0.1359392377
0.0
0.1322541379
0.1113013277
0.0024271845
0.0
0.0961848276
0.1306796839
0.1277334510
0.1455124235
0.1337650382
0.1309720322
0.1156244208
0.1112308392
0.1278264157
0.1438439764
0.0
0.1148682113
0.1443167585
0.0
0.1289526396
0.1362556207
0.1161597190
0.1205446089
0.1173236441
0.1181921232
0.1336632383
0.0
0.1228206260
0.1477153029
0.1208764592
0.1218830639
0.0995090624
0.1175592337
0.0000000000
0.1401703872
0.0
0.1135316711
0.0000000000
0.1326536972
0.0
0.0
0.1197229006
0.0024271845
0.1372136681
0.0918105045
0.1128749969
0.1238600107
0.1242103926
0.1406192915
0.1273629406
0.1110199084
0.1276406215
0.0
0.0000000000
0.1390605662
0.1201323496
0.0000000000
0.1468507484
0.1193162331
0.1197229006
0.1275479268
0.1246511676
0.1242103926
0.1304855090
0.1163906528
0.0000000000
0.0000000000
0.1163906528
0.1235116000
0.1411844816
0.0000000000
0.1067680822
0.1003619972
0.1263550325
0.1157005897
0.1225634998
0.0981741169
0.1084827024
0.1414118318
0.0
0.0
0.0756063259
0.0
0.1113719056
0.0024271845
0.0
0.1506290696
0.1093608313
0.0
0.0939216552
0.1024102013
0.1124414181
0.1378598863
0.1047307663
0.1174805988
0.1153207453
0.0
0.0000000000
0.1165451195
0.1046683523
0.1351026886
0.0980644864
0.1118684682
0.1397243398
0.1045437471
0.1156244208
0.1447926588
0.1239474207
0.0
0.0
0.1198863448
0.1243863280
0.0
0.1153965146
0.0908605769
0.0
0.1302919103
0.0
0.0902535946
0.0995654734
0.1342763724
0.0
0.1027697456
0.1010549454
0.1286692272
0.1101150440
0.1160062716
0.0
0.1282932762
0.0000000000
0.1333587662
0.1365734799
0.0000000000
0.0
0.1253629516
0.0000000000
0.0000000000
0.1240349542
0.1405067961
0.1102532926
0.1318569783
0.0
0.1472200295
0.1269028144
0.1086840935
0.1399470081
0.0
0.1262641949
0.0
0.1279195158
0.0000000000
0.1094289689
0.0000000000
0.1279195158
0.1056759899
0.1191543386
0.0000000000
0.1283870579
0.1287635595
0.0983390230
0.0000000000
0.1027697456
0.1300988853
0.0821485010
0.0875540853
0.1292373033
0.1179539927
0.1358341030
0.0000000000
0.0
0.0000000000
0.1021718994
0.1040482791
0.0965019204
0.1144938039
0.1164678350
0.1151695050
0.0867325902
0.0000000000
0.0000000000
0.1450317879
0.1034355095
0.1110199084
0.0
0.0
0.0000000000
0.0000000000
0.0000000000
0.1151695050
0.0998484907
0.1147181549
0.1064445425
0.0765955060
0.1278264157
0.0937712200
0.1041717053
0.0024271845
0.0048543689
0.1397243398
0.0
0.0024271845
0.1138998023
0.0942745546
0.1092248104
0.1144192151
0.1202145757
0.0000000000
0.0780940396
0.1270864654
0.0000000000
0.0988927338
0.1015222515
0.1226490888
0.0000000000
0.1073554371
0.0000000000
0.0032362460
0.1001331215
0.0000000000
0.1102532926
0.1180332629
0.0000000000
0.1125134498
0.0918105045
0.1173236441
0.1052327712
0.1068330262
0.1155483521
0.1266283310
0.1119397675
0.1182717139
0.0868612736
0.0
0.0000000000
0.0000000000
0.0798697113
0.0711931476
0.0000000000
0.0988927338
0.0000000000
0.1153207453
0.1172453239
0.0000000000
0.0000000000
0.0994527153
0.1171671082
0.0000000000
0.0000000000
0.1000190747
0.1163135729
0.1065090935
0.0024271845
0.0000000000
0.1102532926
0.1028901553
0.0000000000
0.0886590082
0.0951427384
0.1138259852
0.0000000000
0.0000000000
0.1012296802
0.0000000000
0.1326536972
0.1059309380
0.0000000000
0.0000000000
0.0937712200
0.1157768590
0.0000000000
0.0
0.1042954247
0.1151695050
0.0000000000
0.0000000000
0.0988927338
0.1067680822
0.0000000000
0.1080156797
0.0000000000
0.0000000000
0.0000000000
0.0000000000
0.0000000000
0.0864338067
0.1147181549
0.0000000000
0.0000000000
0.0821485010
0.0000000000
0.0000000000
0.0805288836
0.0000000000
0.0000000000
0.0024271845
0.1318569783
0.0000000000
0.0000000000
0.0000000000
0.0000000000
0.0000000000
0.1033138207
0.0000000000
0.0000000000
0.0000000000
0.0000000000
0.1210430704
0.0000000000
0.0032362460
0.1276406215
0.0897921754
0.0967677659
0.0000000000
0.0000000000
0.0000000000
0.0024271845
0.0000000000
0.1124414181
0.0000000000
0.0024271845
0.0000000000
0.0000000000
0.0000000000
0.0024271845
0.0000000000
0.0000000000
0.1184312172
0.0000000000
0.0000000000
0.0000000000
0.0000000000
0.0805288836
0.0000000000
0.1061229578
0.0000000000
0.0000000000
0.0000000000
0.0000000000
0.0000000000
0.0000000000
0.0000000000
0.0000000000
0.0000000000
0.0000000000
0.0000000000
0.0000000000
0.0000000000
0.0000000000
0.0000000000
0.0000000000
0.0000000000
0.0000000000
0.0000000000
0.0000000000
0.0000000000
0.0000000000
0.0000000000
0.0000000000
0.0000000000
0.0000000000
0.0000000000
0.0000000000
0.0000000000
0.0000000000
0.1244744827
0.0000000000
0.0000000000
0.0000000000
0.0000000000
0.0000000000
0.0000000000
0.0883912910
0.0000000000
0.0000000000
0.0000000000
0.0000000000
0.0000000000
0.0000000000
0.0000000000
0.0000000000
0.0000000000
0.0000000000
