0.0
0.0
0.0
0.0
0.0
0.0
0.0
0.0
0.0
0.0
0.0
0.0
0.0
0.0
0.0
0.0
0.0
0.0
0.0
0.0
0.0
0.0
0.0
0.0
0.0
0.0
0.0
0.0
0.0
0.0
0.0
0.0000000000
0.0
0.0
0.0
0.0
0.0
0.0
0.0
0.0
0.0
0.0
0.0
0.0788246269
0.0
0.0
0.0
0.0
0.0
0.0298507463
0.0
0.0
0.0869788986
0.0
0.0
0.0
0.0
0.0
0.0
0.0
0.0
0.0298507463
0.0
0.0
0.0000000000
0.0
0.0
0.0
0.0
0.0
0.0000000000
0.0
0.0
0.0
0.0
0.0
0.0
0.0
0.1187006146
0.0
0.0
0.0
0.0
0.0
0.0
0.1277158511
0.0
0.0
0.0
0.0
0.0
0.0970149254
0.0
0.0
0.0000000000
0.0
0.0149253731
0.0
0.0
0.0
0.0199004975
0.0
0.1310331460
0.0
0.0
0.0
0.0
0.0
0.0
0.0199004975
0.0149253731
0.1073356621
0.0
0.0
0.0
0.0268656716
0.0
0.0
0.1029546147
0.0998965568
0.0000000000
0.0
0.1108742004
0.0149253731
0.0223880597
0.0149253731
0.0199004975
0.0
0.1327572663
0.0
0.0
0.0
0.0
0.1159718648
0.0800758114
0.0
0.0149253731
0.0
0.0335820896
0.0
0.0
0.1293532338
0.0199004975
0.1201137171
0.0
0.0979568179
0.1096690461
0.1173203749
0.0
0.0
0.0942948807
0.0447761194
0.1159718648
0.0000000000
0.0
0.0000000000
0.0268656716
0.0
0.0979568179
0.0335820896
0.0782135832
0.0000000000
0.0
0.0917232022
0.0
0.0
0.0
0.0149253731
0.0000000000
0.0788246269
0.0223880597
0.0149253731
0.0000000000
0.0000000000
0.0
0.0149253731
0.0668182267
0.0268656716
0.0000000000
0.0
0.0
0.0000000000
0.0
0.0000000000
0.0869788986
0.0764360018
0.0149253731
0.0000000000
0.0149253731
0.0000000000
0.0000000000
