0.0
0.0
0.0
0.0
0.0
0.0
0.0
0.0
0.0
0.0
0.0
0.0
0.0
0.0
0.0
0.0
0.0
0.0
0.0
0.0
0.0
0.0
0.0
0.0
0.0
0.0
0.0
0.0
0.0
0.0953722334
0.0
0.1117924528
0.0
0.0
0.0
0.0
0.0
0.0811643836
0.0
0.0
0.1134876297
0.0
0.0
0.0
0.0759615385
0.0
0.0
0.0
0.0
0.0962110961
0.0
0.0
0.1075642965
0.0
0.1024495677
0.0
0.0
0.0
0.0
0.0
0.0
0.0
0.0
0.0
0.0
0.0
0.0
0.0
0.0
0.0
0.1149555376
0.0983402490
0.0837949322
0.0
0.0000000000
0.0
0.1068369647
0.0
0.0922178988
0.0
0.0
0.0977991747
0.0
0.0
0.1000703730
0.0977319588
0.0
0.0981366460
0.0
0.1068369647
0.0
0.0
0.0
0.0
0.0
0.0
0.0000000000
0.0861818182
0.0
0.0
0.0
0.0834997064
0.0867073171
0.0747634069
0.0
0.0
0.0
0.0
0.0
0.1086325439
0.0937994723
0.0
0.0994405594
0.1041758242
0.0
0.1094688222
0.0
0.0
0.0
0.0
0.0
0.0
0.0986814712
0.1007795889
0.0
0.0849462366
0.0
0.0
0.0
0.0
0.0
0.0
0.0
0.0
0.0
0.0912708601
0.0756382979
0.0
0.0
0.1142168675
0.0
0.0
0.0979338843
0.0
0.0925781250
0.0
0.0033755274
0.0
0.1106614786
0.1008510638
0.0090415913
0.0
0.0
0.0
0.0
0.1094688222
0.1050221566
0.0
0.0961460446
0.1194957983
0.0
0.0
0.1065967016
0.0
0.0942970822
0.0803389831
0.0000000000
0.0
0.0
0.0817711328
0.0
0.0
0.0
0.0
0.0878862794
0.1004237288
0.0
0.0
0.0962110961
0.0000000000
0.0766990291
0.0
0.0938613861
0.0000000000
0.0897160883
0.0
0.0
0.1077272727
0.0953083110
0.1105754277
0.0
0.0988873435
0.0953083110
0.0
0.0
0.0850478469
0.0757188498
0.0845422117
0.0
0.0
0.1279927993
0.1138510809
0.0
0.0971975393
0.0947368421
0.0
0.0
0.0
0.0820069204
0.0
0.0674573055
0.0
0.0
0.0
0.0070323488
0.0
0.0
0.0
0.0000000000
0.0
0.0
0.0963414634
0.0646657572
0.0
0.0
0.1152350081
0.0
0.0686956522
0.0
0.0823870220
0.0
0.0885429639
0.0
0.0840922531
0.0848448687
0.0955003358
0.1032679739
0.0000000000
0.0
0.1148626817
0.1010660981
0.0
0.0
0.0057537399
0.1175206612
0.0583983573
0.0
0.0871857756
0.0
0.0914469453
0.0
0.0
0.0
0.0
0.0
0.0802483070
0.0
0.1128571429
0.0907466496
0.1010660981
0.0050632911
0.0050632911
0.0
0.0
0.0652892562
0.1011379801
0.0
0.0000000000
0.0
0.0
0.0081012658
0.0
0.0799325464
0.1045588235
0.1169407895
0.0853541417
0.0990250696
0.0793526786
0.0777899344
0.0675213675
0.0646657572
0.0025316456
0.0968005446
0.1078089462
0.0746065058
0.0
0.0
0.1229040622
0.0000000000
0.0
0.0
0.0
0.0870789957
0.0937376401
0.0
0.0
0.0000000000
0.0729230769
0.0847437426
0.0
0.0
0.0919198449
0.0913881748
0.0720000000
0.0
0.0
0.0
0.0
0.0
0.0
0.0798427850
0.0966689327
0.0
0.0951170569
0.1139423077
0.0050632911
0.1069977427
0.0
0.0000000000
0.0
0.1185988324
0.1001408451
0.0583983573
0.0000000000
0.0979338843
0.0672658467
0.1073207547
0.0863912515
0.1141252006
0.1074829932
0.0949265688
0.0
0.0859214502
0.1004946996
0.0939233818
0.0816771970
0.0834017595
0.0833040422
0.0937376401
0.0997194951
0.0
0.0
0.0
0.0851497006
0.0
0.0
0.0807495741
0.0576642336
0.0
0.0045007032
0.0872928177
0.0
0.0
0.0000000000
0.0
0.0025316456
0.0
0.0
0.0967346939
0.0000000000
0.1002820874
0.0724770642
0.0
0.0733367715
0.0
0.0827706636
0.0
0.0811180833
0.0000000000
0.0
0.0908626198
0.0000000000
0.0830122592
0.0
0.0832552693
0.0809794989
0.0723664122
0.0050632911
0.0000000000
0.0789561355
0.0025316456
0.0646069968
0.0000000000
0.0812107367
0.0000000000
0.0000000000
0.1047128130
0.0972640219
0.0050632911
0.0845422117
0.0837455830
0.0000000000
0.0888750000
0.0
0.0920388350
0.0729230769
0.0705707196
0.0991631799
0.1064371257
0.0000000000
0.0919793014
0.0067510549
0.0
0.0841918295
0.0033755274
0.0
0.0
0.0958221024
0.0729979466
0.0000000000
0.0
0.0836962919
0.0
0.0000000000
0.0000000000
0.0000000000
0.0789123196
0.0719271624
0.0674573055
0.0033755274
0.0775354417
0.0743723849
0.0000000000
0.0863912515
0.0754777070
0.1127676447
0.0830607477
0.0990940767
0.0048685492
0.0955003358
0.0
0.0875615764
0.0817711328
0.0637096774
0.0000000000
0.0
0.0744502618
0.0755980861
0.0747634069
0.0900000000
0.0000000000
0.0000000000
0.0834507042
0.0920388350
0.0000000000
0.0
0.1055679287
0.0025316456
0.0864437690
0.0864963504
0.0000000000
0.0
0.0000000000
0.0
0.0892095358
0.0812107367
0.0959514170
0.0000000000
0.0
0.0000000000
0.0
0.0000000000
0.0829638273
0.0875615764
0.0742946708
0.0000000000
0.0829638273
0.1027456647
0.0720000000
0.0934911243
0.0050632911
0.0830607477
0.0000000000
0.0904580153
0.0732234809
0.1000000000
0.0925781250
0.0936142199
0.0735644077
0.0033755274
0.0
0.0672022684
0.0875076923
0.0845422117
0.0000000000
0.0000000000
0.0033755274
0.0000000000
0.0959514170
0.0000000000
0.0894339623
0.0747634069
0.0983402490
0.0746065058
0.0
0.0070323488
0.0729604926
0.0000000000
0.0732989691
0.0000000000
0.0840922531
0.0025316456
0.0904580153
0.0000000000
0.0025316456
0.0000000000
0.0865489957
0.0000000000
0.0000000000
0.0000000000
0.0000000000
0.0000000000
0.0000000000
0.0000000000
0.0000000000
0.0000000000
0.0910954516
0.0607173356
0.0000000000
0.0000000000
0.0033755274
0.0965376782
0.0751983078
0.0000000000
0.0000000000
0.0797979798
0.0859733978
0.0000000000
0.0000000000
0.0
0.0000000000
0.0711000000
0.0670754717
0.0000000000
0.0000000000
0.0000000000
0.0048685492
0.0000000000
0.0000000000
0.0742946708
0.0000000000
0.0000000000
0.0
0.0000000000
0.0934911243
0.0000000000
0.0731481481
0.0000000000
0.0000000000
0.0841918295
0.0000000000
0.0000000000
0.0000000000
0.0526276832
0.0000000000
0.0000000000
0.0025316456
0.0000000000
0.0000000000
0.0
0.0000000000
0.0
0.0000000000
0.0854567308
0.0000000000
0.0000000000
0.0000000000
0.0697742885
0.0000000000
0.0033755274
0.0033755274
0.0748421053
0.0025316456
0.0000000000
0.0836962919
0.0025316456
0.0000000000
0.0000000000
0.0000000000
0.0000000000
0.0000000000
0.0000000000
0.0000000000
0.0000000000
0.0000000000
0.0
0.0000000000
0.0000000000
0.0812571429
0.0802483070
0.0000000000
0.0000000000
0.0907466496
0.0000000000
0.0000000000
0.0000000000
0.0000000000
0.0025316456
0.0000000000
0.0000000000
0.0000000000
0.0771986971
0.0000000000
0.0000000000
0.0000000000
0.0000000000
0.0000000000
0.0000000000
0.0000000000
0.0000000000
0.0860774818
0.0000000000
0.0000000000
0.0000000000
0.0000000000
0.0000000000
0.0000000000
0.0000000000
0.0000000000
0.0000000000
0.0000000000
