0.0
0.0
0.0
0.0
0.0
0.0
0.0
0.0
0.0
0.0
0.0
0.0
0.0
0.0
0.0
0.0
0.0
0.0
0.0
0.0
0.0
0.0
0.0
0.0
0.0
0.0
0.0
0.0
0.0
0.0
0.0
0.0
0.0
0.0
0.0
0.0
0.0
0.0
0.0
0.0
0.0
0.0
0.0000000000
0.0181818182
0.0
0.0
0.0
0.0
0.0
0.0
0.0
0.0
0.0
0.0
0.0
0.0
0.0
0.0
0.0
0.0
0.0814814815
0.0
0.0
0.0
0.0
0.0
0.0
0.0
0.0
0.0
0.0
0.0363636364
0.0
0.0
0.0
0.0181818182
0.0
0.0
0.0
0.1047619048
0.0
0.0
0.0
0.0
0.0
0.0
0.0484848485
0.0
0.0
0.0
0.0
0.0545454545
0.0
0.0
0.0
0.0
0.0
0.0
0.0
0.0
0.0
0.0000000000
0.0
0.0000000000
0.0
0.0
0.0
0.0594594595
0.0
0.0363636364
0.0
0.0000000000
0.0
0.0
0.0
0.0
0.0242424242
0.0
0.0000000000
0.0363636364
0.0595041322
0.0000000000
0.0
0.0
0.0
0.0
0.0
0.0
0.0671328671
0.0
0.0
0.0
0.0
0.1006993007
0.0581818182
0.0
0.0
0.0595041322
0.0818181818
0.0709677419
0.0
0.0793388430
0.0
0.0
0.0
0.0
0.0
0.0
0.0
0.0
0.0569169960
0.0
0.0000000000
0.0814814815
0.0
0.0969696970
0.0000000000
0.0000000000
0.0688995215
0.0000000000
0.0
0.0564102564
0.0000000000
0.0748051948
0.0181818182
0.0
0.0000000000
0.0181818182
0.0000000000
0.0
0.0000000000
0.0594594595
0.0443759630
0.0000000000
0.0323232323
0.0709677419
0.0707616708
0.0594594595
0.0000000000
0.0000000000
0.0
0.0448979592
0.0880000000
0.0242424242
0.0594594595
0.0000000000
0.0000000000
