0.0
0.0
0.0
0.0
0.0
0.0
0.0
0.0
0.0
0.0
0.0
0.0
0.0
0.0
0.0
0.0
0.0
0.0
0.0
0.0
0.0
0.0
0.0
0.0
0.0
0.0
0.0
0.0
0.0
0.0
0.0
0.0
0.0
0.0
0.0
0.0
0.0
0.0
0.0
0.0
0.0
0.0
0.0
0.0
0.0
0.0
0.0
0.0
0.0
0.0
0.0
0.0
0.0
0.0
0.0
0.0
0.0
0.0
0.0
0.0
0.1101739804
0.0
0.0
0.0
0.0
0.0
0.0
0.0
0.0
0.0
0.0
0.0
0.0
0.0
0.0
0.1477111330
0.0
0.0
0.0
0.1738683128
0.0
0.0
0.0
0.0
0.0
0.0
0.0000000000
0.0
0.0
0.0
0.0
0.1524324934
0.0
0.0
0.0
0.0
0.0
0.0
0.0
0.0
0.0
0.0
0.0
0.0
0.0
0.0
0.0
0.1073399230
0.0
0.1552684467
0.0
0.0
0.0
0.0
0.0
0.0
0.0000000000
0.0
0.0996498987
0.1283950617
0.0
0.0123456790
0.0
0.0
0.0
0.0
0.0
0.0
0.0
0.0
0.0
0.0
0.0
0.0000000000
0.0
0.0
0.0
0.1159122085
0.1017765733
0.1854595336
0.0
0.1279031266
0.0
0.0
0.0
0.0
0.0
0.0
0.0
0.0
0.0246913580
0.0
0.1335308642
0.0
0.0
0.0
0.1545496113
0.1414521866
0.0000000000
0.1112757202
0.0
0.1457760526
0.1139341845
0.0000000000
0.1396766362
0.0
0.0
0.0164609053
0.0
0.0
0.0
0.1324710954
0.1396766362
0.1552684467
0.0
0.1524324934
0.1236396891
0.1785171981
0.0
0.0123456790
0.0
0.0
0.1775676386
0.1274149468
0.0990585046
0.0
0.1644468771
0.0000000000
0.1483676269
0.1254989325
0.1073399230
0.0000000000
0.1069958848
0.0
0.0
0.0
0.0864837203
0.1080346798
0.1080346798
0.0
0.0
0.0
0.0123456790
0.0
0.0927297668
0.1496982782
0.1116478798
0.1205152204
0.0
0.0000000000
0.0953791887
0.1218347301
0.1274149468
0.0860379280
0.1432734594
0.1346077260
0.0000000000
0.1151128140
0.0970427792
0.0
0.0000000000
0.0
0.1073399230
0.1362559839
0.0123456790
0.0164609053
0.0864837203
0.1116478798
0.1254989325
0.0000000000
0.0000000000
0.0000000000
0.0000000000
0.0000000000
0.0000000000
0.0000000000
0.0000000000
0.0000000000
0.0000000000
0.0000000000
0.0000000000
