0.0
0.0
0.0
0.0
0.0
0.0
0.0
0.0
0.0
0.0
0.0
0.0
0.0
0.0
0.0
0.0
0.0
0.0
0.0
0.0
0.0
0.0
0.0
0.0
0.0
0.0
0.0
0.0
0.0
0.0
0.0
0.0
0.0
0.0
0.0
0.0
0.0
0.0
0.0
0.0
0.0
0.0
0.0000000000
0.0182648402
0.0
0.0
0.0
0.0
0.0
0.0
0.0
0.0
0.0
0.0
0.0
0.0
0.0
0.0
0.0
0.0
0.0674394099
0.0
0.0
0.0
0.0
0.0
0.0
0.0
0.0
0.0
0.0
0.0
0.0
0.0
0.0
0.0182648402
0.0
0.0
0.0
0.0899192132
0.0
0.0
0.0
0.0
0.0
0.0
0.0136986301
0.0
0.0
0.0
0.0
0.0779299848
0.0
0.0
0.0
0.0
0.0
0.0
0.0
0.0
0.0
0.0136986301
0.0
0.0
0.0
0.0
0.0
0.0000000000
0.0
0.0313111546
0.0
0.0
0.0
0.0
0.0
0.0
0.0000000000
0.0
0.0440152706
0.0615236722
0.0
0.0479452055
0.0
0.0
0.0
0.0
0.0
0.0
0.0000000000
0.0
0.0
0.0
0.0
0.0789685737
0.0
0.0
0.0
0.0559360731
0.0136986301
0.1062681611
0.0
0.0688443976
0.0
0.0
0.0
0.0
0.0
0.0
0.0
0.0
0.0000000000
0.0
0.0539515279
0.0
0.0
0.0725657164
0.0479452055
0.0574893330
0.0639269406
0.0730593607
0.0
0.0762358547
0.0357990868
0.0000000000
0.0273972603
0.0
0.0
0.0000000000
0.0433053469
0.0
0.0
0.0365296804
0.0313111546
0.0136986301
0.0136986301
0.0779299848
0.0624402676
0.0974124810
0.0
0.0000000000
0.0
0.0
0.0974124810
0.0219178082
0.0440152706
0.0523410346
0.0219178082
0.0000000000
0.0730593607
0.0000000000
0.0615236722
0.0000000000
0.0488169365
0.0
0.0516332982
0.0
0.0000000000
0.0000000000
0.0000000000
0.0000000000
0.0
0.0
0.0000000000
0.0000000000
0.0136986301
0.0701369863
0.0000000000
0.0136986301
0.0000000000
0.0000000000
0.0526457158
0.0539515279
0.0000000000
0.0000000000
0.0136986301
0.0000000000
0.0000000000
0.0000000000
0.0000000000
