0.0
0.0
0.0
0.0
0.0
0.0
0.0
0.0
0.0
0.0
0.0
0.0
0.0
0.0
0.0
0.0
0.0
0.0
0.0
0.0
0.0
0.0
0.0
0.0
0.0
0.0
0.0
0.0
0.0
0.0960397040
0.0
0.1226229212
0.0
0.0
0.0
0.0
0.0
0.1033577333
0.0
0.0
0.1369140421
0.0
0.0
0.0
0.1037652953
0.0
0.0
0.0
0.0
0.1216029524
0.0
0.0
0.0981898466
0.0
0.1401218258
0.0
0.0
0.0
0.0
0.0
0.0
0.0
0.0
0.0
0.0
0.0
0.0
0.0
0.0
0.0
0.1145120927
0.1338498418
0.0996021154
0.0
0.1018377666
0.0
0.1090998296
0.0
0.1157206636
0.0
0.1444285340
0.1216029524
0.0
0.1293750191
0.1240097969
0.1106597094
0.0
0.1118829885
0.0
0.1212667230
0.0
0.0
0.0
0.0
0.0
0.0
0.0000000000
0.1106597094
0.0
0.0
0.0
0.1094628906
0.0000000000
0.0000000000
0.0
0.0
0.0
0.0
0.0
0.1445872467
0.1121691342
0.0
0.0895063908
0.1125529465
0.1020747824
0.1072325953
0.0000000000
0.0
0.0
0.0
0.0
0.0
0.1359239612
0.1136221023
0.0
0.0911180017
0.0
0.0
0.0
0.0
0.0
0.0
0.1238930268
0.0
0.0
0.0977521504
0.1038471937
0.0
0.0
0.1199401955
0.0
0.0
0.0988537900
0.0
0.1076713539
0.0
0.1020747824
0.0
0.1031147292
0.1118829885
0.0000000000
0.0
0.1197219240
0.0789762272
0.0
0.1109396243
0.1213785927
0.0
0.1165406505
0.1291210937
0.0
0.0
0.1173723412
0.1243614314
0.1154161355
0.0956904687
0.0945218351
0.0
0.0
0.1084702345
0.0
0.1261499468
0.0
0.0
0.0997531421
0.0786928197
0.0
0.0
0.0960397040
0.0949310205
0.0870776932
0.0
0.1260291135
0.0000000000
0.1103812034
0.0
0.0
0.1070580915
0.1101963103
0.1165406505
0.0
0.1352254825
0.1278662726
0.0
0.0797904151
0.1160268029
0.1164375172
0.1117879307
0.0
0.1073200607
0.1357836888
0.0981166253
0.0
0.1049237595
0.0000000000
0.0
0.0
0.0
0.0000000000
0.0
0.1050074976
0.0
0.0
0.0
0.0707389218
0.0
0.1186423755
0.0
0.0000000000
0.0
0.0
0.0948625771
0.1017590058
0.0000000000
0.1195044455
0.1131336152
0.0
0.0000000000
0.0
0.0996021154
0.0
0.1236601452
0.0786928197
0.0952747244
0.1016803667
0.0890219178
0.1031147292
0.0000000000
0.0
0.0983366177
0.1152140057
0.0
0.0
0.0000000000
0.1292479317
0.1196130859
0.0
0.0948625771
0.0
0.1114093095
0.1036018854
0.0
0.0
0.0903050065
0.0
0.0937139562
0.0
0.1228519089
0.0771697328
0.1167474662
0.0034602076
0.0904291371
0.0
0.0920744538
0.0925928181
0.0999046275
0.0
0.0000000000
0.0
0.0
0.1041760843
0.0
0.0708150670
0.1225087472
0.1131336152
0.1102886793
0.1229667238
0.0741682043
0.0804244465
0.0000000000
0.1021540330
0.0810686349
0.1305301532
0.1226229212
0.1050074976
0.0
0.0
0.1392321635
0.0000000000
0.0
0.0
0.0
0.0897506101
0.0927233224
0.0
0.0
0.0898732203
0.0712754033
0.0000000000
0.0000000000
0.0920744538
0.1241267872
0.0828554121
0.1040936665
0.0
0.0000000000
0.0
0.0669930725
0.0
0.0
0.0797420573
0.0979705097
0.0
0.1086493761
0.1040936665
0.0000000000
0.0923977489
0.0
0.0000000000
0.0
0.1313117709
0.0903670292
0.0884831167
0.0895063908
0.1041760843
0.0887217764
0.1226229212
0.1063657190
0.1313117709
0.0973903734
0.1137203064
0.0000000000
0.0000000000
0.1011332778
0.1249519416
0.0969597601
0.1098283760
0.0960397040
0.1161292096
0.0986314801
0.0
0.0885426611
0.0835392981
0.1242439985
0.0000000000
0.1124567474
0.0793572946
0.0000000000
0.0
0.0034602076
0.1031147292
0.0000000000
0.1151132060
0.0000000000
0.0
0.0000000000
0.0
0.0
0.1027122517
0.0000000000
0.0000000000
0.0000000000
0.0
0.1176872938
0.0
0.0000000000
0.0
0.0815712303
0.0000000000
0.0908662945
0.0000000000
0.0609705257
0.0996021154
0.1063657190
0.0000000000
0.0710444895
0.0890219178
0.0887217764
0.0000000000
0.0000000000
0.0000000000
0.0786928197
0.0668569078
0.0000000000
0.0000000000
0.0000000000
0.0871931043
0.0000000000
0.0000000000
0.1117879307
0.0960397040
0.0000000000
0.1161292096
0.0
0.0870776932
0.0901194483
0.0641200753
0.1118829885
0.0000000000
0.0000000000
0.0929197701
0.0034602076
0.0887217764
0.0936472558
0.0034602076
0.0
0.0
0.0000000000
0.0000000000
0.0000000000
0.0945218351
0.0000000000
0.0
0.0000000000
0.0984101679
0.0000000000
0.0718985762
0.0848319758
0.0000000000
0.0000000000
0.0000000000
0.0884236522
0.0000000000
0.0952747244
0.0000000000
0.0000000000
0.0868477851
0.0000000000
0.0000000000
0.1139172246
0.0609705257
0.0000000000
0.0000000000
0.0000000000
0.0000000000
0.0000000000
0.0000000000
0.0000000000
0.1063657190
0.0810686349
0.0000000000
0.0000000000
0.0000000000
0.0000000000
0.0000000000
0.0
0.0000000000
0.0000000000
0.0973183391
0.0000000000
0.0000000000
0.0000000000
0.0000000000
0.0000000000
0.0772603608
0.1062798017
0.1055127462
0.0000000000
0.0000000000
0.0000000000
0.0000000000
0.0000000000
0.0796455172
0.0000000000
0.0000000000
0.0000000000
0.0000000000
0.0000000000
0.0000000000
