0.0
0.0
0.0
0.0
0.0
0.0
0.0
0.0
0.0
0.0469720497
0.0
0.0
0.0
0.0
0.0
0.0
0.0
0.0
0.0
0.0
0.0
0.0
0.0
0.0
0.0
0.0
0.0178571429
0.0
0.0
0.0
0.0000000000
0.0357142857
0.0
0.0
0.0
0.0
0.0
0.0
0.0
0.0
0.0
0.0
0.0
0.0000000000
0.0
0.0
0.0
0.0
0.0
0.0720238095
0.0
0.0
0.0238095238
0.0
0.0
0.0
0.0
0.0
0.0
0.0
0.0
0.0000000000
0.0
0.0
0.0357142857
0.0
0.0
0.0
0.0
0.0357142857
0.0000000000
0.0000000000
0.0
0.0
0.0
0.0
0.0
0.0
0.0000000000
0.0
0.0
0.0
0.0
0.0
0.0
0.0514455782
0.0
0.0
0.0
0.0
0.0
0.0450148810
0.0
0.0
0.0476190476
0.0
0.0317460317
0.0
0.0
0.0
0.0178571429
0.0
0.0000000000
0.0771683673
0.0568609023
0.0
0.0
0.0
0.0
0.0900297619
0.0000000000
0.0000000000
0.0000000000
0.0
0.0
0.0568609023
0.0000000000
0.0000000000
0.0000000000
0.0000000000
0.0178571429
0.0571428571
0.0415521978
0.0000000000
0.0000000000
0.0000000000
0.0238095238
0.0
0.0238095238
0.0357142857
0.0000000000
0.0
0.0
0.0635504202
0.0600198413
0.0000000000
0.0000000000
0.0000000000
0.0000000000
0.0000000000
0.0000000000
0.0000000000
0.0178571429
0.0000000000
0.0
0.0771683673
0.0000000000
0.0238095238
0.0000000000
0.0000000000
0.0000000000
