0.0
0.0
0.0
0.0
0.0
0.0
0.0000000000
0.0
0.0
0.0000000000
0.0
0.0
0.0
0.0
0.0
0.0
0.0
0.0
0.0
0.0
0.0
0.0
0.0
0.0000000000
0.0
0.0
0.0
0.0
0.0
0.0
0.0
0.0
0.0
0.0
0.0
0.0
0.0
0.0
0.0
0.0
0.0
0.0
0.0000000000
0.0
0.0
0.0
0.0
0.0
0.0
0.0
0.0
0.0
0.0000000000
0.0
0.0060606061
0.0
0.0
0.0
0.0040404040
0.0
0.0
0.0000000000
0.0
0.0
0.0
0.0000000000
0.0
0.0069264069
0.0000000000
0.0
0.0000000000
0.0168637595
0.0
0.0
0.0246933622
0.0
0.0
0.0
0.0
0.0
0.0
0.0
0.0
0.0000000000
0.0
0.0230471380
0.0
0.0
0.0
0.0
0.0
0.0
0.0000000000
0.0
0.0000000000
0.0
0.0
0.0
0.0118345618
0.0
0.0
0.0
0.0
0.0
0.0
0.0
0.0
0.0
0.0
0.0
0.0
0.0040404040
0.0
0.0
0.0
0.0
0.0
0.0000000000
0.0
0.0
0.0
0.0290103836
0.0
0.0000000000
0.0
0.0210582987
0.0
0.0
0.0104256854
0.0
0.0
0.0
0.0
0.0
0.0121632997
0.0060606061
0.0
0.0
0.0
0.0284142798
0.0094696970
0.0
0.0
0.0
0.0197546898
0.0
0.0265928516
0.0040404040
0.0000000000
0.0000000000
0.0000000000
0.0
0.0099517906
0.0
0.0000000000
0.0
0.0
0.0
0.0121212121
0.0
0.0
0.0226693161
0.0
0.0
0.0
0.0
0.0179588089
0.0082491582
0.0305035651
0.0
0.0136837121
0.0
0.0
0.0
0.0030303030
0.0
0.0
0.0060606061
0.0
0.0068870523
0.0
0.0000000000
0.0
0.0
0.0
0.0
0.0
0.0
0.0000000000
0.0030303030
0.0000000000
0.0242601453
0.0190382082
0.0
0.0000000000
0.0
0.0
0.0
0.0082491582
0.0
0.0126262626
0.0086580087
0.0
0.0
0.0
0.0189428532
0.0000000000
0.0030303030
0.0
0.0
0.0203357100
0.0
0.0
0.0030303030
0.0000000000
0.0
0.0
0.0040404040
0.0060606061
0.0000000000
0.0
0.0
0.0
0.0
0.0
0.0000000000
0.0
0.0
0.0030303030
0.0
0.0
0.0
0.0231758930
0.0
0.0000000000
0.0
0.0030303030
0.0030303030
0.0
0.0
0.0000000000
0.0156385281
0.0
0.0
0.0
0.0321587973
0.0
0.0068181818
0.0
0.0000000000
0.0
0.0141251222
0.0193854432
0.0
0.0
0.0000000000
0.0030303030
0.0
0.0
0.0000000000
0.0
0.0069264069
0.0
0.0
0.0
0.0
0.0000000000
0.0141251222
0.0000000000
0.0000000000
0.0
0.0053030303
0.0068870523
0.0000000000
0.0
0.0
0.0
0.0
0.0000000000
0.0
0.0
0.0
0.0000000000
0.0060606061
0.0251423324
0.0
0.0104256854
0.0000000000
0.0
0.0030303030
0.0
0.0000000000
0.0000000000
0.0108225108
0.0040404040
0.0
0.0
0.0000000000
0.0030303030
0.0
0.0081900082
0.0
0.0
0.0
0.0
0.0000000000
0.0
0.0080808081
0.0040404040
0.0
0.0
0.0
0.0
0.0
0.0067493113
0.0
0.0141251222
0.0068181818
0.0
0.0000000000
0.0000000000
0.0000000000
0.0
0.0307295174
0.0
0.0187714247
0.0000000000
0.0
0.0148160173
0.0
0.0224242424
0.0
0.0108225108
0.0165939394
0.0
0.0030303030
0.0
0.0
0.0045454545
0.0060606061
0.0
0.0000000000
0.0271142801
0.0
0.0
0.0
0.0
0.0
0.0000000000
0.0045454545
0.0
0.0
0.0040404040
0.0030303030
0.0108225108
0.0000000000
0.0
0.0155373964
0.0
0.0
0.0040404040
0.0
0.0060606061
0.0
0.0000000000
0.0
0.0
0.0
0.0000000000
0.0
0.0
0.0000000000
0.0030303030
0.0000000000
0.0
0.0000000000
0.0000000000
0.0101832276
0.0090909091
0.0
0.0000000000
0.0030303030
0.0156385281
0.0030303030
0.0
0.0203357100
0.0030303030
0.0040404040
0.0000000000
0.0030303030
0.0048484848
0.0040404040
0.0000000000
0.0221844110
0.0
0.0
0.0
0.0000000000
0.0060606061
0.0
0.0
0.0192059484
0.0
0.0092803030
0.0000000000
0.0000000000
0.0
0.0000000000
0.0
0.0048484848
0.0
0.0000000000
0.0000000000
0.0000000000
0.0000000000
0.0000000000
0.0067493113
0.0000000000
0.0040404040
0.0030303030
0.0000000000
0.0073909830
0.0068870523
0.0000000000
0.0030303030
0.0
0.0
0.0030303030
0.0191174417
0.0000000000
0.0000000000
0.0
0.0000000000
0.0
0.0000000000
0.0000000000
0.0186030711
0.0030303030
0.0054545455
0.0
0.0000000000
0.0000000000
0.0030303030
0.0000000000
0.0
0.0163971733
0.0150992685
0.0092803030
0.0000000000
0.0000000000
0.0030303030
0.0087575758
0.0
0.0000000000
0.0000000000
0.0000000000
0.0128787879
0.0068870523
0.0
0.0000000000
0.0000000000
0.0000000000
0.0000000000
0.0000000000
0.0
0.0000000000
0.0030303030
0.0000000000
0.0
0.0000000000
0.0
0.0030303030
0.0000000000
0.0230471380
0.0000000000
0.0000000000
0.0000000000
0.0
0.0040404040
0.0000000000
0.0
0.0175151515
0.0
0.0000000000
0.0309588422
0.0
0.0170019871
0.0
0.0000000000
0.0054545455
0.0000000000
0.0
0.0
0.0
0.0000000000
0.0000000000
0.0000000000
0.0187714247
0.0040404040
0.0000000000
0.0040404040
0.0094696970
0.0030303030
0.0000000000
0.0030303030
0.0053030303
0.0251423324
0.0241190980
0.0
0.0
0.0040404040
0.0
0.0000000000
0.0030303030
0.0000000000
0.0000000000
0.0216066919
0.0000000000
0.0000000000
0.0030303030
0.0000000000
0.0000000000
0.0000000000
0.0121212121
0.0060606061
0.0000000000
0.0000000000
0.0030303030
0.0030303030
0.0000000000
0.0073909830
0.0000000000
0.0000000000
0.0000000000
0.0000000000
0.0000000000
0.0040404040
0.0030303030
0.0000000000
0.0000000000
0.0000000000
0.0000000000
0.0000000000
0.0000000000
0.0
0.0000000000
0.0000000000
0.0000000000
0.0000000000
0.0054545455
0.0030303030
0.0000000000
0.0000000000
0.0
0.0030303030
0.0000000000
0.0000000000
0.0000000000
0.0000000000
0.0030303030
0.0000000000
0.0000000000
0.0000000000
0.0068870523
0.0000000000
0.0000000000
0.0000000000
0.0000000000
0.0000000000
0.0000000000
0.0000000000
0.0000000000
0.0000000000
0.0000000000
0.0040404040
0.0000000000
0.0000000000
0.0000000000
0.0000000000
0.0000000000
0.0000000000
0.0000000000
0.0030303030
0.0000000000
0.0000000000
0.0000000000
0.0000000000
0.0000000000
0.0000000000
0.0000000000
0.0000000000
0.0000000000
0.0000000000
0.0000000000
0.0075496343
0.0040404040
0.0000000000
0.0000000000
0.0000000000
0.0000000000
0.0000000000
0.0000000000
0.0000000000
