0.0
0.0
0.0
0.0
0.0
0.0
0.0
0.0
0.0
0.0
0.0
0.0
0.0
0.0
0.0
0.0
0.0
0.0
0.0
0.0
0.0
0.0
0.0
0.0
0.0
0.0
0.0
0.0
0.0
0.0
0.0
0.0862378728
0.0
0.0
0.0
0.0
0.0
0.0
0.0
0.0
0.0
0.0
0.0
0.0
0.0
0.0
0.0
0.0
0.0
0.0
0.0
0.0
0.0915448188
0.0
0.0
0.0
0.0
0.0
0.0
0.0
0.0
0.0912640065
0.0
0.0
0.0
0.0
0.0
0.0
0.0
0.0
0.0944510035
0.0
0.0
0.0
0.0
0.0
0.0
0.0
0.0
0.0
0.0
0.0
0.0
0.0
0.0
0.0921116598
0.0
0.0
0.0
0.0
0.0
0.0831063299
0.0
0.0
0.0
0.0
0.0693521355
0.0
0.0
0.0
0.0000000000
0.0
0.0082644628
0.0
0.0
0.0
0.0
0.0
0.0
0.0
0.0
0.0000000000
0.0
0.0
0.0
0.0
0.0
0.0
0.0
0.0
0.0000000000
0.0
0.0938550982
0.0622428161
0.1322314050
0.0
0.0082644628
0.0
0.0000000000
0.0
0.0
0.0
0.0
0.0
0.0
0.0
0.0000000000
0.0
0.0000000000
0.0
0.0
0.0110192837
0.0165289256
0.0778849898
0.0
0.0
0.0804109895
0.0
0.0
0.0
0.0915448188
0.1135575043
0.0
0.0
0.0
0.0
0.0
0.0
0.0110192837
0.0935599563
0.0
0.0808480057
0.0
0.0
0.0
0.0
0.0
0.0
0.0000000000
0.0
0.0
0.0
0.0
0.0
0.0
0.0
0.0
0.0
0.0778849898
0.0
0.0
0.1180637544
0.0
0.0
0.0
0.0
0.0
0.0723894553
0.0821880279
0.0706699908
0.0
0.0
0.0000000000
0.0
0.0
0.0
0.0
0.0000000000
0.0264462810
0.0
0.0700048614
0.0000000000
0.1040282032
0.0
0.0
0.0
0.0
0.0
0.0
0.0625043406
0.0
0.0220385675
0.0
0.1110151721
0.0932666649
0.0774793388
0.0862378728
0.0
0.1364773675
0.0000000000
0.0000000000
0.0774793388
0.0000000000
0.0713478804
0.0146923783
0.0082644628
0.1114309592
0.1139925905
0.0
0.0
0.0838086369
0.0962850036
0.0845229151
0.0
0.0
0.0772780938
0.0711771917
0.0738264668
0.0787091696
0.0000000000
0.0
0.0880238642
0.0
0.0000000000
0.0
0.0000000000
0.0000000000
0.0000000000
0.1118498726
0.0806289055
0.0000000000
0.0643984115
0.0
0.1043932144
0.0165289256
0.0959744068
0.0165289256
0.0
0.0000000000
0.0082644628
0.0082644628
0.0962850036
0.0
0.0082644628
0.1029483257
0.0824156956
0.0
0.0
0.0554042200
0.0
0.1077973410
0.0000000000
0.0
0.0762873490
0.0722137527
0.0000000000
0.0854944429
0.1185341280
0.0
0.0000000000
0.0000000000
0.0000000000
0.1110151721
0.0000000000
0.0082644628
0.0000000000
0.0947518029
0.0556113385
0.0
0.0631678686
0.0165289256
0.0110192837
0.0082644628
0.0774793388
0.0110192837
0.0915448188
0.0000000000
0.0000000000
0.0000000000
0.0082644628
0.0000000000
0.0000000000
0.0000000000
0.0000000000
0.0000000000
0.0082644628
0.0082644628
0.0000000000
0.0000000000
0.0082644628
0.0
0.0000000000
