0.0
0.0
0.0
0.0
0.0
0.0
0.0
0.0
0.0
0.0
0.0
0.0
0.0
0.0
0.0
0.0
0.0
0.0
0.0
0.0
0.0
0.0
0.0
0.0
0.0
0.0
0.0
0.0
0.0
0.0
0.0
0.0899908173
0.0
0.0
0.0
0.0
0.0
0.0
0.0
0.0
0.0
0.0
0.0
0.0791919192
0.0
0.0
0.0
0.0
0.0
0.0
0.0
0.0
0.0797234086
0.0
0.0
0.0
0.0
0.0
0.0
0.0
0.0
0.0303030303
0.0
0.0
0.0303030303
0.0
0.0
0.0
0.0
0.0
0.0202020202
0.0
0.0
0.0
0.0
0.0
0.0
0.0
0.1277289019
0.0
0.0
0.0
0.0
0.0
0.0
0.1224617307
0.0
0.0
0.0
0.0
0.0
0.0989898990
0.0
0.0
0.0000000000
0.0
0.0151515152
0.0
0.0
0.0
0.0202020202
0.0
0.1414141414
0.0
0.0
0.0
0.0
0.0
0.0
0.0000000000
0.0989898990
0.1199877564
0.0
0.0
0.0
0.0272727273
0.0
0.0
0.0819226750
0.0
0.0000000000
0.0
0.0973671138
0.0202020202
0.0151515152
0.0808080808
0.0202020202
0.0
0.1365377917
0.0
0.0
0.0
0.0
0.1187878788
0.0202020202
0.0
0.0303030303
0.0
0.0151515152
0.0
0.0
0.1187878788
0.0989898990
0.1237373737
0.0
0.0965755112
0.0690627202
0.1142191142
0.0
0.0
0.0981718007
0.0454545455
0.1153280377
0.0000000000
0.0
0.0000000000
0.0272727273
0.0
0.0935337628
0.0000000000
0.0808080808
0.0000000000
0.0
0.0
0.0
0.0
0.0
0.0151515152
0.0000000000
0.0813615608
0.0
0.0202020202
0.1131313131
0.0000000000
0.0
0.0
0.0303030303
0.0272727273
0.0000000000
0.0
0.0
0.0000000000
0.0
0.0202020202
0.0000000000
0.0802620803
0.0694665958
0.0202020202
0.0599938782
0.0000000000
0.0000000000
0.0000000000
0.0000000000
0.0000000000
0.0000000000
