0.0
0.0
0.0
0.0
0.0
0.0
0.0
0.0
0.0
0.0
0.0
0.0
0.0
0.0
0.0
0.1094531002
0.0
0.0
0.0
0.0
0.0
0.0
0.0
0.0
0.0
0.0
0.0
0.0
0.0
0.0754298485
0.0
0.0987428923
0.0
0.0
0.0
0.0
0.0
0.0908304542
0.0
0.0
0.1104760264
0.0
0.0
0.0092165899
0.0961051612
0.0
0.0
0.0
0.0
0.1054096099
0.0
0.0
0.0831623556
0.0
0.1313437203
0.0
0.0
0.0
0.0
0.0
0.0
0.0
0.0
0.0
0.0
0.0
0.0
0.0
0.0
0.0
0.1078833687
0.1144488849
0.1149257552
0.0
0.0722677238
0.0
0.0858366637
0.0
0.1002988409
0.0
0.1229517738
0.0989791194
0.0
0.1015295016
0.1251838786
0.0806496528
0.0
0.1091643058
0.1021562269
0.0658285949
0.0
0.0
0.0
0.0
0.0
0.0
0.0752241307
0.0938169431
0.0
0.0
0.0
0.0822530256
0.0000000000
0.0000000000
0.0
0.0
0.0
0.0
0.0
0.1347663579
0.0930782270
0.1058139946
0.0940301634
0.0852178618
0.0147465438
0.1009104192
0.0970064992
0.0
0.0
0.0
0.0
0.0
0.1034331797
0.1056788554
0.0
0.0962169114
0.0
0.0
0.0
0.0
0.0
0.0956607443
0.1000562803
0.0
0.0
0.0953301196
0.0959936703
0.0
0.0
0.0122887865
0.1021562269
0.0
0.0863742628
0.0
0.0138248848
0.0
0.0046082949
0.0
0.0959936703
0.0944595249
0.0000000000
0.0754298485
0.0046082949
0.0773332185
0.0
0.0924542389
0.0990976572
0.0
0.1150855964
0.0596156655
0.0985077902
0.0
0.1104760264
0.0874699194
0.1122748220
0.0792591416
0.0995746616
0.0
0.0
0.0736179215
0.0
0.1180407187
0.0
0.0
0.0818462352
0.0864645181
0.0
0.0
0.0948928254
0.0046082949
0.0725846875
0.0
0.0888792092
0.0000000000
0.0046082949
0.0
0.0
0.0597016910
0.0992164794
0.0927651836
0.0
0.1185480570
0.0917367448
0.0
0.0082949309
0.1030467544
0.1081654167
0.0998148900
0.0
0.0926613032
0.0718285970
0.1026632057
0.0
0.1036924108
0.1149257552
0.0
0.0
0.0945674786
0.0000000000
0.0
0.0092165899
0.0999354393
0.0
0.0
0.0881219849
0.0
0.1071846422
0.0
0.0776233994
0.0
0.0
0.0658285949
0.0862841958
0.0919406042
0.1001774138
0.0970064992
0.0
0.0000000000
0.0
0.0742787646
0.1021562269
0.1095980712
0.0000000000
0.0046082949
0.0677694871
0.0760538086
0.0855703659
0.0888792092
0.0046082949
0.0545461726
0.0082949309
0.0
0.0
0.0950017724
0.0810446070
0.0817653595
0.0
0.0000000000
0.0
0.0777693081
0.0658285949
0.0
0.1121226880
0.0046082949
0.0000000000
0.0082949309
0.0
0.0061443932
0.0000000000
0.0000000000
0.0046082949
0.0138248848
0.0
0.0046082949
0.0889747783
0.0807283354
0.0
0.0000000000
0.0
0.0728402674
0.0082949309
0.0
0.0687834944
0.0944595249
0.0643941975
0.0919406042
0.0936046875
0.0046082949
0.0909302679
0.0000000000
0.0937106951
0.0046082949
0.0726484142
0.0823348694
0.0000000000
0.0
0.0771889401
0.0081925243
0.0000000000
0.0
0.0061443932
0.0082949309
0.0972344815
0.0544027244
0.0
0.0
0.0000000000
0.0650012127
0.0000000000
0.0000000000
0.0000000000
0.1059494799
0.0046082949
0.0000000000
0.0
0.0813633665
0.0
0.0000000000
0.0
0.0906314828
0.0092165899
0.0976936762
0.0000000000
0.0000000000
0.0000000000
0.0930782270
0.0501494205
0.0843491782
0.0000000000
0.0
0.0000000000
0.0061443932
0.0000000000
0.0000000000
0.0046082949
0.0092165899
0.0595298876
0.0000000000
0.0886886857
0.0624031250
0.0692439697
0.0567145605
0.0000000000
0.1071846422
0.0082949309
0.0000000000
0.0046082949
0.0000000000
0.0000000000
0.0727122529
0.0000000000
0.0000000000
0.0046082949
0.0061443932
0.0000000000
0.0863742628
0.0840920160
0.0000000000
0.0000000000
0.0000000000
0.0650012127
0.0046082949
0.0722677238
0.0000000000
0.0727122529
0.0000000000
0.0000000000
0.0000000000
0.0000000000
0.0000000000
0.0000000000
0.0000000000
0.0000000000
