0.0
0.0
0.0
0.0
0.0
0.0
0.1107085346
0.0
0.0
0.0
0.0
0.0
0.0
0.0
0.0
0.0635130595
0.0
0.0
0.0
0.0
0.0
0.0
0.0
0.0
0.0
0.0
0.0
0.0
0.0
0.0000000000
0.0
0.1296724966
0.0986241523
0.0
0.0
0.0
0.1147920461
0.0000000000
0.0000000000
0.0
0.1202114131
0.0000000000
0.0
0.0689883233
0.0765280308
0.0
0.0
0.0
0.0
0.0720032372
0.0
0.0
0.1060956790
0.0
0.0000000000
0.0
0.0791222013
0.0828676309
0.0
0.0
0.0
0.0
0.0
0.0
0.0
0.0
0.0
0.0000000000
0.0
0.0
0.0683152665
0.0185185185
0.0773736444
0.0
0.0092592593
0.0
0.0784573088
0.0
0.0000000000
0.0826231837
0.0975932378
0.1094111690
0.0972543724
0.1052979671
0.0921357212
0.0880794316
0.0
0.0838600577
0.0608896940
0.0606261023
0.0
0.0
0.0
0.0
0.0
0.0
0.0544927223
0.0000000000
0.0
0.0
0.0
0.0875289352
0.0818984189
0.0000000000
0.0
0.0000000000
0.0
0.0
0.0721888125
0.0673299501
0.0123456790
0.0864483310
0.1186833019
0.0875289352
0.0880794316
0.0725628478
0.0962517500
0.0000000000
0.0731312252
0.0
0.0
0.0712703798
0.0092592593
0.0807183264
0.0
0.0927458916
0.0903524492
0.0123456790
0.0
0.0000000000
0.1003916102
0.1037379973
0.0816596480
0.0
0.0943072702
0.0880794316
0.0769485144
0.0
0.0725628478
0.0975932378
0.1129405615
0.0092592593
0.0544927223
0.0000000000
0.0092592593
0.0092592593
0.0000000000
0.0
0.0636574074
0.0092592593
0.0000000000
0.0000000000
0.0000000000
0.0092592593
0.0
0.0000000000
0.0000000000
0.1037379973
0.0000000000
0.0542815102
0.0092592593
0.0000000000
0.0000000000
0.0000000000
0.0092592593
0.0000000000
0.0000000000
0.0000000000
0.0000000000
0.0092592593
0.0608896940
0.0000000000
0.0565843621
0.0
0.0000000000
0.0000000000
0.0000000000
0.0000000000
0.0000000000
0.0000000000
0.0000000000
0.0000000000
0.0000000000
0.0000000000
0.0000000000
0.0000000000
