0.0
0.0
0.0
0.0
0.0
0.0
0.0
0.0
0.0
0.0
0.0
0.0
0.0
0.0
0.0
0.1027528323
0.0
0.0
0.0
0.0
0.0
0.0
0.0
0.0
0.0
0.0
0.0
0.0
0.0
0.0848319591
0.0
0.1061657377
0.0
0.0
0.0
0.0
0.0
0.0957194833
0.0
0.0
0.1216001588
0.0
0.0
0.0558662403
0.0948069035
0.0
0.0
0.0
0.0
0.1026349964
0.0
0.0
0.0800516251
0.0
0.1278538813
0.0
0.0
0.0
0.0
0.0
0.0
0.0
0.0
0.0
0.0
0.0
0.0
0.0
0.0
0.0
0.1061657377
0.1166854197
0.1121525274
0.0
0.0729402746
0.0
0.0977049311
0.0
0.1006723475
0.0
0.1271274388
0.0992214156
0.0
0.1007857172
0.1137200977
0.0743954421
0.0
0.1017019510
0.0974920663
0.0654223077
0.0
0.0
0.0
0.0
0.0
0.0
0.0759742928
0.0819576162
0.0
0.0
0.0
0.0822589310
0.0000000000
0.0000000000
0.0
0.0
0.0
0.0
0.0
0.1302732415
0.0987833520
0.1043096934
0.0991115359
0.0911382046
0.0611741059
0.0999974490
0.0969639403
0.0
0.0
0.0
0.0
0.0
0.1071828945
0.1038256577
0.0
0.0968590010
0.0
0.0
0.0
0.0
0.0
0.1031079688
0.0857257825
0.0
0.0
0.0908606263
0.0968590010
0.0
0.0
0.0673928591
0.1020498482
0.0
0.0870600359
0.0
0.0142694064
0.0
0.0045662100
0.0
0.0966498023
0.0947065787
0.0000000000
0.0848319591
0.0045662100
0.0773532557
0.0
0.0923609049
0.1069267824
0.0
0.0966498023
0.0594669215
0.0929363623
0.0
0.0939115602
0.0918867730
0.1031079688
0.0833312075
0.0000000000
0.0
0.0
0.0714267493
0.0
0.1171436085
0.0
0.0
0.0833312075
0.0804835584
0.0
0.0
0.0937148868
0.0045662100
0.0740262340
0.0
0.0920758404
0.0000000000
0.0045662100
0.0
0.0
0.0595460525
0.0991115359
0.1102188632
0.0
0.1160800479
0.0931297782
0.0
0.0082191781
0.1037053498
0.1075693713
0.0994419077
0.0
0.0841143956
0.0841143956
0.1040671127
0.0
0.1051677049
0.1130021678
0.0
0.0
0.0941090609
0.0000000000
0.0
0.0091324201
0.0916046232
0.0
0.0
0.0877428597
0.0
0.1079586452
0.0
0.0776216105
0.0
0.0
0.0642943368
0.0868067089
0.0901286172
0.1003337633
0.0955151728
0.0
0.0000000000
0.0
0.0682667558
0.0996633818
0.1110393510
0.0000000000
0.0045662100
0.0644796231
0.0716554979
0.0861383223
0.0864712241
0.0045662100
0.0545717786
0.0095129376
0.0
0.0
0.0966498023
0.0955151728
0.0822589310
0.0
0.0787832015
0.0
0.0805560008
0.0642943368
0.0
0.1095443291
0.0045662100
0.0000000000
0.0142694064
0.0
0.0060882801
0.0000000000
0.0000000000
0.0045662100
0.0136986301
0.0
0.0091324201
0.0865548519
0.0941090609
0.0
0.0000000000
0.0
0.0721174189
0.0082191781
0.0
0.0690568803
0.1143010433
0.0743954421
0.0911382046
0.0951091572
0.0081539465
0.0916046232
0.0000000000
0.0939115602
0.0060882801
0.0729402746
0.0974920663
0.0000000000
0.0
0.0772197730
0.0748934869
0.0000000000
0.0
0.0060882801
0.0082191781
0.0939115602
0.0544390005
0.0
0.0
0.0000000000
0.0663929651
0.0000000000
0.0000000000
0.0000000000
0.1049211218
0.0114155251
0.0000000000
0.0
0.0801950868
0.0
0.0000000000
0.0
0.0897670179
0.0091324201
0.0966498023
0.0000000000
0.0000000000
0.0000000000
0.0886116009
0.0503078791
0.0763632397
0.0000000000
0.0
0.0000000000
0.0060882801
0.0000000000
0.0000000000
0.0045662100
0.0558662403
0.0593880006
0.0000000000
0.0918867730
0.0628054154
0.0694858050
0.0572236042
0.0000000000
0.1078285746
0.0095129376
0.0000000000
0.0045662100
0.0060882801
0.0000000000
0.0846714446
0.0000000000
0.0000000000
0.0045662100
0.0060882801
0.0000000000
0.0870600359
0.0819576162
0.0000000000
0.0000000000
0.0000000000
0.0663929651
0.0045662100
0.0729402746
0.0000000000
0.0846714446
0.0000000000
0.0918867730
0.0000000000
0.0000000000
0.0000000000
0.0000000000
0.0000000000
0.0000000000
0.0000000000
0.0000000000
