0.0
0.0
0.0
0.0
0.1330472870
0.0
0.1604052161
0.0
0.0
0.0935394671
0.0
0.1365629874
0.0
0.1414694421
0.0
0.1389729225
0.0
0.1428132796
0.0
0.0
0.1440572977
0.0891524409
0.0
0.0
0.0
0.1227748907
0.1104727974
0.1362255171
0.1476587302
0.1323022222
0.0
0.0
0.1525625256
0.1320908768
0.1406273621
0.1402695316
0.1426900585
0.1285985830
0.1149254884
0.0
0.0
0.1566077441
0.1567561875
0.1365629874
0.0
0.1451955907
0.1439319215
0.1303213379
0.1188912852
0.1194063377
0.1288992812
0.1239713477
0.1481879729
0.1373569583
0.1318802056
0.1466115051
0.1292013889
0.0
0.1163812651
0.1561640961
0.0
0.1071793764
0.0892486658
0.1455790297
0.0
0.1518620549
0.0
0.0960940022
0.1373569583
0.1375855056
0.1499345220
0.1397952475
0.0000000000
0.1566077441
0.1339091318
0.1284986618
0.1080900508
0.0881544658
0.1095217071
0.1287988924
0.1403886059
0.1569049125
0.1424442530
0.0
0.1522815633
0.1346724575
0.1365629874
0.0
0.1005336035
0.0977988041
0.1513062926
0.0
0.1222304344
0.1179584720
0.1106205871
0.0
0.1048685972
0.1294035820
0.1298098727
0.1441828926
0.1364503117
0.1251913534
0.1179584720
0.1126551620
0.1299118443
0.1459644994
0.0
0.1144482891
0.1497987118
0.0
0.1245314592
0.1287988924
0.1000470525
0.1274096901
0.1031033527
0.1318802056
0.1225928671
0.0
0.0984391534
0.1457072932
0.1201873385
0.1320908768
0.0895385911
0.1330472870
0.0000000000
0.1378148148
0.0993856838
0.1275079243
0.0000000000
0.1366758494
0.0
0.0
0.1305270543
0.0027777778
0.1599398238
0.0027777778
0.1360014620
0.1238784852
0.1186354216
0.1377000648
0.1268234492
0.1332617065
0.1214227443
0.0
0.1138181540
0.1488548855
0.1154066837
0.0985564826
0.1387397465
0.1249076871
0.1225020576
0.1363378217
0.1233242191
0.1355555556
0.1340176481
0.0979726172
0.0000000000
0.0000000000
0.1159731962
0.1198389694
0.1400319880
0.0000000000
0.1135836386
0.1066953405
0.1401506591
0.1233242191
0.1283988958
0.1011484879
0.1038153031
0.1492579222
0.0
0.0
0.0780451995
0.0
0.1084444444
0.0027777778
0.0
0.1425670498
0.1087296369
0.0
0.1117417417
0.0037037037
0.1144482891
0.1463520157
0.1154066837
0.1025916736
0.1218701384
0.0
0.0000000000
0.1152458382
0.1095217071
0.1332617065
0.1282992845
0.1168747546
0.1353336970
0.0000000000
0.1183806570
0.1417118918
0.1249076871
0.0950446999
0.0
0.1172892041
0.1303213379
0.0
0.1192341585
0.0980306922
0.0
0.1202747475
0.0
0.0943398618
0.0983221033
0.1373569583
0.0
0.1106205871
0.1056727015
0.1244377560
0.1118929484
0.1165452979
0.0
0.1367888981
0.0000000000
0.1289998267
0.1395593061
0.0000000000
0.0
0.1234162521
0.0000000000
0.0000000000
0.1298098727
0.1439319215
0.1053361642
0.1373569583
0.0
0.1522815633
0.1315654557
0.0789016115
0.1288992812
0.0
0.1298098727
0.0761407817
0.1294035820
0.0000000000
0.0000000000
0.0000000000
0.1156487956
0.1125784736
0.1202747475
0.0000000000
0.1174558081
0.1242507722
0.1274096901
0.0000000000
0.1106205871
0.1171230721
0.0959824595
0.0914700098
0.1283988958
0.1201873385
0.1356667578
0.0000000000
0.0
0.1044051627
0.1021481024
0.1018963511
0.0857323887
0.1205377389
0.1132724505
0.1128858551
0.0055555556
0.0000000000
0.0000000000
0.1596310596
0.0859998844
0.0000000000
0.0815874582
0.0
0.0000000000
0.0000000000
0.0000000000
0.1138965412
0.0037037037
0.1221401608
0.0000000000
0.0037037037
0.1250966549
0.0000000000
0.1048021405
0.0027777778
0.0027777778
0.1356667578
0.0
0.0027777778
0.1204499474
0.0960940022
0.1009016338
0.1118929484
0.1001682482
0.0000000000
0.0037037037
0.1151655834
0.0000000000
0.0000000000
0.0986740918
0.1180426679
0.0000000000
0.0000000000
0.0000000000
0.0027777778
0.0979726172
0.0000000000
0.1137398747
0.0872245663
0.0000000000
0.0000000000
0.0927005481
0.1253811810
0.1142111725
0.0000000000
0.1055378288
0.1131174951
0.0993856838
0.1227748907
0.0856435928
0.1023377338
0.0000000000
0.0000000000
0.0857768557
0.0761758534
0.0000000000
0.0000000000
0.0000000000
0.0000000000
0.1147659804
0.0889606120
0.0000000000
0.0000000000
0.1228661053
0.0000000000
0.0000000000
0.0000000000
0.1222304344
0.0027777778
0.0000000000
0.0000000000
0.1137398747
0.0000000000
0.0000000000
0.0055555556
0.1180426679
0.1121965928
0.0000000000
0.0000000000
0.0000000000
0.0000000000
0.1178743961
0.1163812651
0.0000000000
0.0000000000
0.0000000000
0.1145275469
0.0000000000
0.1005336035
0.1088011696
0.1184654569
0.0000000000
0.0000000000
0.0000000000
0.1022112347
0.0000000000
0.0000000000
0.0000000000
0.0000000000
0.0000000000
0.0000000000
0.0000000000
0.0859105339
0.1221401608
0.0000000000
0.0000000000
0.0959824595
0.0000000000
0.0000000000
0.0000000000
0.0000000000
0.0000000000
0.0951540724
0.1189768185
0.0000000000
0.0000000000
0.0000000000
0.0000000000
0.0000000000
0.1005947553
0.0000000000
0.0000000000
0.0000000000
0.0000000000
0.0000000000
0.0000000000
0.0000000000
0.0000000000
0.0000000000
0.0000000000
0.0000000000
0.0000000000
0.0000000000
0.0000000000
0.0000000000
0.0000000000
0.0000000000
0.0000000000
0.0000000000
0.0000000000
0.0000000000
