0.0
0.0
0.0
0.0
0.0
0.0
0.0
0.0
0.0
0.0
0.0
0.0
0.0
0.0
0.0
0.0
0.0
0.0
0.0
0.0
0.0
0.0
0.0
0.0
0.0
0.0
0.0
0.0
0.0
0.0
0.0
0.0
0.0
0.0
0.0
0.0
0.0
0.0
0.0
0.0
0.0
0.0
0.0
0.0
0.0
0.0
0.0
0.0
0.0
0.0
0.0
0.0
0.0
0.0
0.0
0.0
0.0
0.0
0.0
0.0
0.1177325581
0.0
0.0
0.0
0.0
0.0
0.0
0.0
0.0
0.0
0.0
0.0
0.0
0.0
0.0
0.1673553719
0.0
0.0
0.0
0.1436170213
0.0
0.0
0.0
0.0
0.0
0.0
0.0000000000
0.0
0.0
0.0
0.0
0.1730769231
0.0
0.0
0.0
0.0
0.0
0.0
0.0
0.0
0.0
0.0
0.0
0.0
0.0
0.0
0.0
0.0
0.0
0.1808035714
0.0
0.0
0.0
0.0
0.0
0.0
0.0
0.0
0.1653061224
0.1406250000
0.0
0.1177325581
0.0
0.0
0.0
0.0
0.0
0.0
0.0
0.0
0.0
0.0
0.0
0.1600790514
0.0
0.0
0.0
0.1646341463
0.0
0.1857798165
0.0
0.1633064516
0.0
0.0
0.0
0.0
0.0
0.0
0.0
0.0
0.0000000000
0.0
0.1441281139
0.0
0.0
0.0
0.1607142857
0.0
0.1212574850
0.0
0.0
0.0102040816
0.1170520231
0.1022727273
0.1832579186
0.0
0.0
0.1436170213
0.0
0.0
0.0
0.1522556391
0.0
0.1456834532
0.0
0.1488970588
0.1426056338
0.1354515050
0.0
0.1500000000
0.0
0.0
0.1680497925
0.1607142857
0.1234756098
0.0
0.1633064516
0.0
0.1557692308
0.1212574850
0.0
0.1289808917
0.1528301887
0.0
0.0
0.0
0.0
0.1472727273
0.1157142857
0.0
0.0
0.0
0.0
0.0
0.0896017699
0.1511194030
0.1653061224
0.1522556391
0.0
0.0102040816
0.0
0.0
0.1653061224
0.1314935065
0.1600790514
0.1314935065
0.1478102190
0.1626506024
0.0000000000
0.0
0.0000000000
0.0
0.1157142857
0.1723404255
0.0
0.0787937743
0.0
0.1180758017
0.1426056338
0.1177325581
0.1545801527
0.0
0.1319218241
0.0000000000
0.0000000000
0.1446428571
0.0102040816
0.1033163265
0.0
0.0
0.0000000000
0.1094594595
0.0102040816
0.0000000000
0.0102040816
0.1038461538
0.0987804878
0.1170520231
0.1163793103
0.0000000000
0.0000000000
0.1332236842
0.1314935065
0.0102040816
0.0000000000
0.0000000000
0.0000000000
0.0000000000
0.0000000000
0.0000000000
0.0000000000
0.1431095406
0.0000000000
0.0000000000
0.0
0.0000000000
0.0000000000
0.0000000000
0.0000000000
0.0000000000
0.0000000000
0.0000000000
0.0000000000
0.0000000000
0.1314935065
0.0000000000
