0.0
0.0
0.0
0.0
0.0
0.0
0.0
0.0
0.0
0.0
0.0
0.0
0.0
0.0
0.0
0.0
0.0
0.0
0.0
0.0
0.0
0.0
0.0
0.0
0.0
0.0
0.0
0.0
0.0
0.0
0.0
0.0000000000
0.0
0.0
0.0
0.0
0.0
0.0
0.0
0.0
0.0
0.0
0.0
0.0840903797
0.0
0.0
0.0
0.0
0.0
0.0
0.0
0.0
0.0665192556
0.0
0.0
0.0
0.0
0.0
0.0
0.0
0.0
0.0123456790
0.0
0.0
0.0296296296
0.0
0.0
0.0
0.0
0.0
0.0000000000
0.0
0.0
0.0
0.0
0.0
0.0
0.0
0.0948253218
0.0
0.0
0.0
0.0
0.0
0.0
0.0000000000
0.0
0.0
0.0
0.0
0.0
0.0000000000
0.0
0.0
0.0000000000
0.0
0.0586419753
0.0
0.0
0.0
0.0000000000
0.0
0.0755388157
0.0
0.0
0.0
0.0
0.0
0.0
0.0
0.0317460317
0.0404040404
0.0
0.0
0.0
0.0
0.0
0.0
0.0
0.0
0.0197530864
0.0
0.0000000000
0.0755388157
0.0164609053
0.0000000000
0.0000000000
0.0
0.0909549005
0.0
0.0
0.0
0.0
0.0968867418
0.0246913580
0.0
0.0578803912
0.0
0.0246913580
0.0
0.0
0.0768412090
0.0578803912
0.0718837117
0.0
0.0968867418
0.0123456790
0.0768412090
0.0
0.0
0.0755388157
0.0246913580
0.0586419753
0.0000000000
0.0
0.0
0.0
0.0
0.0000000000
0.0000000000
0.0
0.0123456790
0.0
0.0
0.0
0.0
0.0
0.0341880342
0.0197530864
0.0329218107
0.0
0.0000000000
0.0233918129
0.0000000000
0.0
0.0
0.0
0.0
0.0164609053
0.0
0.0
0.0578803912
0.0
0.0578803912
0.0000000000
0.0578803912
0.0282186949
0.0444444444
0.0123456790
0.0000000000
0.0123456790
0.0000000000
0.0000000000
0.0123456790
0.0000000000
0.0164609053
0.0000000000
0.0000000000
0.0000000000
0.0164609053
0.0000000000
0.0000000000
0.0000000000
0.0000000000
0.0282186949
0.0000000000
0.0000000000
0.0000000000
0.0000000000
0.0000000000
0.0000000000
0.0586419753
0.0
0.0000000000
0.0000000000
0.0000000000
0.0000000000
0.0000000000
0.0000000000
