0.0
0.0
0.0
0.0
0.0
0.0
0.0
0.0
0.0
0.0
0.0
0.0
0.0
0.0
0.0
0.1182358606
0.0
0.0
0.0
0.0
0.0
0.0
0.0
0.0
0.0
0.0
0.0
0.0
0.0
0.0000000000
0.0
0.1297768111
0.0
0.0
0.0
0.0
0.1255259329
0.1165437552
0.0
0.0
0.1368654605
0.0
0.0
0.0966586932
0.1102334335
0.0
0.0
0.0
0.0
0.0237441130
0.0
0.0
0.0181572629
0.0
0.1178082445
0.0
0.0
0.0
0.0
0.0
0.0
0.0
0.0
0.0
0.0
0.0
0.0
0.0
0.0
0.0
0.1091255598
0.1109845983
0.1064509137
0.0
0.0994625331
0.0
0.1059316409
0.0
0.0968023168
0.0
0.1343256890
0.1151024014
0.0
0.1024338981
0.1231530419
0.0000000000
0.0
0.1113640328
0.1129080748
0.0662072756
0.0
0.0
0.0
0.0
0.0
0.0
0.0000000000
0.0914999427
0.0
0.0
0.0
0.0678624575
0.0000000000
0.0000000000
0.0
0.0
0.0
0.0
0.0
0.1297768111
0.1002276295
0.0000000000
0.1129080748
0.1061041681
0.0830968867
0.1115547246
0.1206443689
0.0
0.0
0.0
0.0
0.0
0.1102334335
0.1080397333
0.0
0.0908618678
0.0
0.0
0.0
0.0
0.0
0.1061041681
0.1008482340
0.0
0.0859471757
0.0220481050
0.1055882645
0.0
0.0
0.0727097759
0.1062772580
0.0
0.0829910308
0.0
0.0102040816
0.0
0.1035738620
0.0
0.1136962638
0.1032455772
0.0000000000
0.0000000000
0.0879189733
0.0883961454
0.0
0.0677213713
0.1146971112
0.0
0.1169622247
0.0595502369
0.1186665923
0.0
0.1085799320
0.0953850061
0.1016348817
0.0970908483
0.0171485261
0.0205782313
0.0
0.0146987366
0.0
0.1165437552
0.0
0.0
0.0795457377
0.0934690950
0.0
0.0
0.0893661992
0.0000000000
0.0701269744
0.0
0.0932016583
0.0000000000
0.0000000000
0.0767349343
0.0
0.0742004091
0.0970908483
0.0921470427
0.0
0.0237441130
0.0907353192
0.0
0.0051020408
0.0952455544
0.1021127887
0.0940085991
0.0
0.0162459721
0.0102040816
0.0962303681
0.0
0.0856083564
0.1008482340
0.0
0.0
0.0766446579
0.0767349343
0.0
0.0000000000
0.0997671657
0.0
0.0
0.1035738620
0.0
0.1003820635
0.0
0.1087612006
0.0
0.0
0.0000000000
0.0000000000
0.0051020408
0.0688667645
0.0899833690
0.0
0.0000000000
0.1206443689
0.0636832446
0.0874469251
0.0959469207
0.0803304059
0.0154336735
0.0807285740
0.0937380708
0.0960884354
0.0813332824
0.0051020408
0.0841704899
0.0068027211
0.0
0.0000000000
0.1002276295
0.0795457377
0.0858339383
0.0051020408
0.0000000000
0.0
0.0803304059
0.0118720565
0.0
0.1008482340
0.0068027211
0.0000000000
0.0068027211
0.0
0.0051020408
0.0000000000
0.0000000000
0.0051020408
0.0051020408
0.0
0.0051020408
0.0932016583
0.0000000000
0.0969463678
0.0916286346
0.0979668559
0.0594415686
0.0000000000
0.0
0.0000000000
0.1138950335
0.0068027211
0.0918871075
0.0916286346
0.0051020408
0.0793519600
0.0154336735
0.0781150590
0.0051020408
0.0607723500
0.0952455544
0.0000000000
0.0985596962
0.0879189733
0.0000000000
0.0000000000
0.0
0.0051020408
0.0000000000
0.0912436403
0.0540198667
0.0807285740
0.0
0.0000000000
0.0625820934
0.0051020408
0.0000000000
0.0000000000
0.0000000000
0.0051020408
0.0000000000
0.0000000000
0.0000000000
0.0000000000
0.0154336735
0.0
0.0763750987
0.0051020408
0.0000000000
0.0000000000
0.0000000000
0.0000000000
0.0000000000
0.0000000000
0.0715125787
0.0000000000
0.0000000000
0.0000000000
0.0000000000
0.0000000000
0.0000000000
0.0000000000
0.0000000000
0.0000000000
0.0000000000
