0.0
0.0
0.0
0.0
0.1240527816
0.0
0.1557564935
0.0
0.0
0.0979880985
0.0
0.1130684875
0.0
0.1384651100
0.0
0.1385843736
0.0
0.1374009033
0.0
0.0
0.1393042924
0.0931113760
0.0
0.0
0.0
0.1238617843
0.1131480012
0.1203414045
0.1458716752
0.1247259363
0.0
0.0
0.1482916661
0.1254064363
0.1376359776
0.1326434112
0.1382271974
0.1246293244
0.1180458237
0.0
0.0
0.1515032559
0.1523640699
0.1340803815
0.0
0.1403983052
0.1415096374
0.1274932312
0.1151728402
0.1159196382
0.1246293244
0.1120448870
0.1466695148
0.1343042218
0.1288202224
0.0
0.1278986151
0.0
0.1122011560
0.1525084908
0.0
0.1050923957
0.1134671775
0.1423862458
0.0
0.1400317300
0.0
0.0937625045
0.1344164225
0.1307038650
0.1425123629
0.1330822645
0.0000000000
0.1496711235
0.1317743307
0.1247259363
0.1050237975
0.0827656676
0.1086404171
0.1241485014
0.1349802498
0.1470717164
0.1305977742
0.0
0.1492545990
0.1302805326
0.1339687409
0.0
0.0938719123
0.0956578227
0.1345288108
0.0
0.1272915014
0.1093046588
0.1080567211
0.0
0.0958858509
0.1257986378
0.1322074427
0.1399099633
0.1378718576
0.1271908757
0.1094533726
0.1119669156
0.1249196101
0.1352071074
0.0
0.1118890527
0.1402759004
0.0
0.1234815486
0.1272915014
0.0956009850
0.1265904467
0.0994415685
0.1251138863
0.1296506509
0.0
0.1003720884
0.1452134095
0.1193593900
0.1268899509
0.0865034719
0.1191825613
0.0000000000
0.1363529303
0.0968672232
0.1204314804
0.0000000000
0.1328624754
0.0
0.0
0.1234815486
0.0027247956
0.1416342058
0.0027247956
0.1135472532
0.1209747803
0.1177865723
0.1365844293
0.1244365489
0.1091563486
0.1264909259
0.0
0.1107339696
0.1435294003
0.1128306155
0.0953743081
0.1365844293
0.1194480013
0.1212482726
0.1291303834
0.1194480013
0.1289234437
0.1294420416
0.0957717011
0.0000000000
0.0000000000
0.1108866008
0.1113470296
0.1368167158
0.0000000000
0.1081293399
0.1038041663
0.1231036402
0.1115013567
0.1258970718
0.0944228039
0.1025471369
0.1440433821
0.0
0.0
0.0736031371
0.0
0.1149260413
0.0027247956
0.0
0.1395459304
0.1057833384
0.0
0.0054495913
0.0036330609
0.1092304533
0.1377538166
0.1146802978
0.1082748706
0.1215230044
0.0
0.0000000000
0.1113470296
0.1046140818
0.1297552079
0.1271908757
0.1036036431
0.1353208223
0.0000000000
0.1162546660
0.1390634899
0.1208838901
0.0966925828
0.0
0.1115013567
0.1239572094
0.0
0.1198037660
0.0848162666
0.0
0.1310231741
0.0
0.0903912684
0.0941465522
0.1324250681
0.0
0.1065539455
0.1013840314
0.1196256192
0.1091563486
0.1140300905
0.0
0.1355488271
0.0000000000
0.1249196101
0.1316664957
0.0000000000
0.0
0.1281022753
0.0000000000
0.0000000000
0.1219836678
0.1397884081
0.1008755221
0.1320988980
0.0
0.1460040452
0.1228217235
0.0969255770
0.1263915615
0.0
0.1274932312
0.0744546311
0.1265904467
0.0000000000
0.0000000000
0.0000000000
0.1138686891
0.1070502048
0.1160869104
0.0000000000
0.1192709101
0.1222617460
0.0954875120
0.0000000000
0.1065539455
0.1115013567
0.0036330609
0.0879696325
0.1253087677
0.1123578616
0.1300698931
0.0000000000
0.0
0.0000000000
0.1011927407
0.0953743081
0.0838439071
0.1160869104
0.1105817579
0.1124363786
0.0819228400
0.0000000000
0.0000000000
0.1499501004
0.0872067522
0.0000000000
0.0799286924
0.0
0.0000000000
0.0000000000
0.0000000000
0.1114241397
0.0933274117
0.1180458237
0.0000000000
0.0729358376
0.1275943361
0.0000000000
0.1023514362
0.0027247956
0.0027247956
0.1229155522
0.0
0.0027247956
0.1141109630
0.0937625045
0.0942016732
0.1108102326
0.1145986166
0.0000000000
0.0036330609
0.1098269336
0.0000000000
0.0000000000
0.0964607061
0.1155035591
0.0000000000
0.0000000000
0.0000000000
0.0027247956
0.0958287420
0.0000000000
0.1115013567
0.0835825755
0.0000000000
0.0000000000
0.0908506255
0.1166761840
0.0969840011
0.0000000000
0.1012564240
0.1037372390
0.0991352174
0.1158361827
0.0837566152
0.1294420416
0.0000000000
0.0000000000
0.0752908085
0.0676319705
0.0000000000
0.0000000000
0.0000000000
0.0939815758
0.1095278814
0.1083477830
0.0000000000
0.0000000000
0.1170156056
0.0000000000
0.0000000000
0.0000000000
0.1177865723
0.0027247956
0.0000000000
0.0000000000
0.1115013567
0.0000000000
0.0000000000
0.0054495913
0.1138686891
0.1091563486
0.0000000000
0.0000000000
0.0000000000
0.0000000000
0.1251138863
0.1069790278
0.0000000000
0.0000000000
0.0000000000
0.1133073646
0.0000000000
0.0939815758
0.1064834267
0.1097520176
0.0000000000
0.0000000000
0.0000000000
0.1010656142
0.0000000000
0.0000000000
0.0000000000
0.0000000000
0.0000000000
0.0000000000
0.0000000000
0.0824687123
0.1180458237
0.0000000000
0.0000000000
0.0036330609
0.0000000000
0.0000000000
0.0000000000
0.0000000000
0.0000000000
0.0929500045
0.1155865358
0.0000000000
0.0000000000
0.0000000000
0.0000000000
0.0000000000
0.0984076194
0.0000000000
0.0000000000
0.0000000000
0.0000000000
0.0000000000
0.0000000000
0.0000000000
0.0000000000
0.0000000000
0.0000000000
0.0000000000
0.0000000000
0.0000000000
0.0000000000
0.0000000000
0.0000000000
0.0000000000
0.0000000000
0.0000000000
0.0000000000
0.0000000000
0.0000000000
0.0000000000
0.0000000000
0.0000000000
0.0000000000
0.0000000000
0.0000000000
0.0000000000
