0.0
0.0
0.0
0.0
0.0
0.0
0.0
0.0
0.0
0.0
0.0
0.0
0.0
0.0
0.0
0.0
0.0
0.0
0.0
0.0
0.0
0.0
0.0
0.0
0.0
0.0
0.0
0.0
0.0
0.0
0.0
0.0
0.0
0.0
0.0
0.0
0.0
0.0
0.0
0.0
0.0
0.0
0.0000000000
0.0000000000
0.0
0.0
0.0
0.0
0.0
0.0185185185
0.0
0.0
0.0
0.0
0.0
0.0000000000
0.0
0.0
0.0
0.0
0.0185185185
0.0
0.0000000000
0.0185185185
0.0
0.0
0.0
0.0
0.0000000000
0.0
0.0493827160
0.0000000000
0.0000000000
0.0
0.0185185185
0.0000000000
0.0
0.0185185185
0.0
0.0592592593
0.0
0.0
0.0185185185
0.0000000000
0.0
0.0000000000
0.0000000000
0.0
0.0
0.0000000000
0.0
0.0185185185
0.0
0.0
0.0185185185
0.0
0.0
0.0
0.0
0.0
0.0
0.0370370370
0.0
0.0185185185
0.0000000000
0.0
0.0
0.0000000000
0.0
0.0000000000
0.0000000000
0.0185185185
0.0000000000
0.0000000000
0.0000000000
0.0185185185
0.0185185185
0.0
0.0000000000
0.0000000000
0.0000000000
0.0370370370
0.0000000000
0.0000000000
0.0185185185
0.0000000000
0.0329218107
0.0185185185
0.0000000000
0.0000000000
0.0000000000
0.0000000000
0.0000000000
0.0000000000
0.0000000000
0.0000000000
0.0000000000
0.0000000000
0.0000000000
