0.0
0.0
0.0
0.0
0.0
0.0
0.0
0.0
0.0
0.0
0.0
0.0
0.0
0.0
0.0
0.0
0.0
0.0
0.0
0.0
0.0
0.0
0.0
0.0
0.0
0.0
0.0
0.0
0.0
0.0
0.0
0.0883520276
0.0
0.0
0.0
0.0
0.0
0.0
0.0
0.0
0.0
0.0
0.0
0.0
0.0
0.0
0.0
0.0
0.0
0.0
0.0
0.0
0.1049180328
0.0
0.0
0.0
0.0
0.0
0.0
0.0
0.0
0.0000000000
0.0
0.0
0.0
0.0
0.0
0.0
0.0
0.0
0.1023590564
0.0
0.0
0.0
0.0
0.0
0.0
0.0
0.0
0.0
0.0
0.0
0.0
0.0
0.0
0.0653186196
0.0
0.0
0.0
0.0
0.0
0.0764778371
0.0
0.0
0.0
0.0
0.0803200251
0.0
0.0
0.0
0.0000000000
0.0
0.0485170094
0.0
0.0
0.0
0.0
0.0
0.0
0.0
0.0
0.0000000000
0.0
0.0
0.0
0.0
0.0
0.0
0.0
0.0
0.0000000000
0.0
0.0081967213
0.0
0.1291298865
0.0
0.0655737705
0.0
0.0000000000
0.0
0.0
0.0
0.0
0.0
0.0
0.0
0.0000000000
0.0
0.0000000000
0.0
0.0
0.0109289617
0.0163934426
0.0731454695
0.0
0.0
0.0945740014
0.0
0.0
0.0
0.0964763520
0.1093608159
0.0
0.0
0.0
0.0
0.0
0.0
0.0109289617
0.0865303363
0.0
0.0000000000
0.0
0.0
0.0
0.0
0.0
0.0
0.0000000000
0.0
0.0
0.0
0.0
0.0
0.0
0.0
0.0
0.0
0.0581867773
0.0
0.0
0.1097182042
0.0
0.0
0.0
0.0
0.0
0.0702380136
0.0733051757
0.1020479346
0.0
0.0
0.0000000000
0.0
0.0
0.0
0.0
0.0000000000
0.0742782533
0.0
0.1072644425
0.0000000000
0.1059109479
0.0
0.0
0.0
0.0
0.0
0.0
0.1178027035
0.0
0.0659602564
0.0
0.0585929677
0.0849968873
0.0816880061
0.0081967213
0.0
0.1266934736
0.0000000000
0.0000000000
0.0876599752
0.0000000000
0.0668800209
0.0591087509
0.0163934426
0.1023590564
0.1039435619
0.0
0.0
0.0945740014
0.0943083441
0.0809006518
0.0
0.0
0.0682393709
0.0820874584
0.0
0.0733051757
0.0000000000
0.0
0.0744429501
0.0
0.0000000000
0.0
0.0000000000
0.0000000000
0.0000000000
0.1122868578
0.0481689677
0.0000000000
0.0000000000
0.0
0.0978827128
0.0651917874
0.0529554740
0.0841447882
0.0
0.0000000000
0.0747745445
0.0533764237
0.0888194987
0.0
0.0109289617
0.0
0.0782605373
0.0
0.0
0.0000000000
0.0
0.0993306819
0.0000000000
0.0
0.0702380136
0.0945740014
0.0000000000
0.0000000000
0.1141964983
0.0
0.0
0.0000000000
0.0000000000
0.1138093915
0.0000000000
0.0000000000
0.0000000000
0.0872045987
0.0970340188
0.0
0.0826940160
0.0163934426
0.0109289617
0.0081967213
0.0876599752
0.0109289617
0.0953800298
0.0733051757
0.0000000000
0.0000000000
0.0627547112
0.0000000000
0.0000000000
0.0000000000
0.0000000000
0.0000000000
0.0000000000
0.0081967213
0.0109289617
0.0749414520
0.0711308697
0.0
0.0000000000
0.0876599752
0.0000000000
0.0000000000
0.0000000000
0.0000000000
