0.0
0.0
0.0
0.0
0.0
0.0
0.0848436247
0.0
0.0
0.0
0.0
0.0
0.0
0.0
0.0
0.0850634268
0.0
0.0
0.0
0.0
0.0
0.0
0.0
0.0
0.0
0.0
0.0
0.0
0.0
0.0000000000
0.0
0.0991978331
0.0
0.0
0.0
0.0
0.0827065057
0.0000000000
0.0068965517
0.0
0.0882647386
0.0
0.0
0.0772576065
0.0671461815
0.0
0.0
0.0
0.0
0.0919733411
0.0
0.0
0.0783639207
0.0
0.0781773399
0.0
0.0841909814
0.1069527126
0.0
0.0
0.0
0.0
0.0
0.0
0.0
0.0
0.0
0.0
0.0
0.0
0.0779916455
0.0739515377
0.0781773399
0.0
0.0155172414
0.0
0.0846249556
0.0
0.0103448276
0.0
0.0868637110
0.0914609548
0.0
0.0887418453
0.1013409962
0.0674219358
0.0
0.1059176863
0.0873257520
0.0685479807
0.0
0.0
0.0
0.0
0.0
0.0
0.0000000000
0.0591612302
0.0
0.0
0.0
0.0000000000
0.0103448276
0.0068965517
0.0
0.0000000000
0.0
0.0
0.0
0.0932797806
0.0000000000
0.0000000000
0.1045684164
0.0753084467
0.0137931034
0.1148058838
0.0983068346
0.0000000000
0.0103448276
0.0
0.0
0.0542718723
0.0155172414
0.0720054446
0.0
0.0701591512
0.0
0.0
0.0
0.0000000000
0.0
0.0861797448
0.0068965517
0.0
0.0068965517
0.0837614356
0.0155172414
0.0
0.0155172414
0.0091954023
0.0820862069
0.0
0.0155172414
0.0
0.0068965517
0.0
0.0623045214
0.0
0.0927527762
0.0567089512
0.0000000000
0.0000000000
0.0715348208
0.0812734722
0.0
0.0000000000
0.0720054446
0.0835483022
0.0000000000
0.0600264767
0.0642553479
0.0
0.0760057471
0.0930155319
0.0000000000
0.0000000000
0.0000000000
0.0000000000
0.0
0.0760057471
0.0
0.0617189526
0.0855064655
0.0
0.0000000000
0.0155172414
0.0
0.0
0.0864065336
0.0712244745
0.0000000000
0.0000000000
0.0000000000
0.0103448276
0.0000000000
0.0000000000
0.0737853545
0.0606922047
0.0547241379
0.0674219358
0.0
0.1069527126
0.0948973490
0.0732912562
0.0000000000
0.0704602634
0.0614877954
0.0641298491
0.0651477833
0.0000000000
0.0068965517
0.0674219358
0.0068965517
0.0091954023
0.0000000000
0.0
0.0103448276
0.0068965517
0.0000000000
0.0
0.0000000000
0.0103448276
0.0000000000
0.0
0.0954490778
0.0
0.0591612302
0.0
0.0706117909
0.0489336554
0.0713793103
0.0000000000
0.0000000000
0.0000000000
0.0000000000
0.0000000000
0.0000000000
0.0000000000
0.0000000000
0.0000000000
0.0000000000
0.0000000000
0.0000000000
0.0000000000
0.0000000000
0.0444309645
0.0000000000
0.0000000000
0.0000000000
0.0000000000
0.0000000000
0.0000000000
0.0000000000
0.0000000000
0.0000000000
0.0000000000
