0.0
0.0
0.0
0.0
0.0
0.0
0.0
0.2483685469
0.0
0.0
0.0
0.0
0.0
0.0
0.0
0.0
0.0
0.0
0.0
0.0
0.1490211281
0.0
0.0
0.0233766234
0.0
0.0
0.0
0.0
0.0
0.0
0.0
0.1981034838
0.1438676597
0.1920079920
0.0
0.0
0.0
0.1564955421
0.0
0.0233766234
0.0
0.0
0.0
0.0
0.0
0.2208941501
0.0
0.0
0.0
0.0
0.0
0.0
0.0
0.2133422133
0.0
0.0
0.0
0.1770286451
0.0
0.1795758199
0.0
0.1223580341
0.0
0.2115342285
0.1739445224
0.1862764102
0.0000000000
0.0
0.2012987013
0.0
0.2161128914
0.1331255411
0.2354814996
0.0
0.0
0.1692273828
0.2354814996
0.1564955421
0.0
0.0
0.0
0.0000000000
0.1589875093
0.0
0.1267057815
0.2435223313
0.0389610390
0.0
0.2459215661
0.1698029861
0.0
0.1934964261
0.2228664193
0.2508647132
0.0
0.2029352761
0.1957728546
0.0233766234
0.2447160682
0.1733405483
0.2133422133
0.0
0.2133422133
0.1934964261
0.0
0.0
0.0
0.1320689892
0.2258917553
0.0
0.1934964261
0.1883851997
0.0
0.2054406499
0.0000000000
0.0
0.1642173616
0.1540804874
0.0
0.1898177868
0.1564955421
0.0
0.0
0.2142578452
0.1345608569
0.1636789440
0.1751651857
0.1363991200
0.2088789871
0.1739445224
0.1594954566
0.1574828957
0.0000000000
0.0000000000
0.1097188526
0.1155603656
0.1564955421
0.0000000000
0.1600066600
0.0000000000
0.1739445224
0.1920079920
0.1615601227
0.0000000000
0.1739445224
0.0000000000
0.1517388387
0.0000000000
0.0000000000
