0.0
0.0
0.0
0.0
0.0
0.0
0.0
0.0
0.0
0.0
0.0
0.0
0.0
0.0
0.0
0.0
0.0
0.0
0.0
0.0
0.0
0.0
0.0
0.0
0.0
0.0
0.0
0.0
0.0
0.0793404770
0.0
0.1098284541
0.0
0.0
0.0
0.0
0.0
0.0874515985
0.0
0.0
0.1131008103
0.0
0.0
0.0
0.0861491279
0.0
0.0
0.0
0.0
0.1134176193
0.0
0.0
0.1064594831
0.0
0.1096302078
0.0
0.0
0.0
0.0
0.0
0.0
0.0
0.0
0.0
0.0
0.0
0.0
0.0
0.0
0.0
0.1167983368
0.0986760928
0.0979598954
0.0
0.0905818570
0.0
0.1032032883
0.0
0.0815784219
0.0
0.0
0.0950471598
0.0
0.0
0.0950471598
0.1151376969
0.0
0.0922325515
0.0
0.1002229953
0.0
0.0
0.0
0.0
0.0
0.0
0.0000000000
0.0804438876
0.0
0.0
0.0
0.0925135341
0.0755882205
0.0801255081
0.0
0.0
0.0
0.0
0.0
0.1125767102
0.0952708002
0.0
0.0966350599
0.1010567972
0.1054429429
0.1014789225
0.0
0.0
0.0
0.0
0.0
0.0
0.0925840475
0.0994028398
0.0
0.0889240632
0.0
0.0
0.0
0.0
0.0
0.0
0.0
0.0
0.0
0.0898448745
0.0951961366
0.0
0.0
0.1230701826
0.0
0.0
0.0905818570
0.0
0.1039095554
0.0
0.0036036036
0.0
0.1082622730
0.0964049764
0.0081081081
0.0
0.0
0.0
0.0
0.1153563820
0.1041769042
0.0
0.0953455811
0.1112365112
0.0
0.0
0.1124724725
0.0
0.0904469622
0.0027027027
0.0000000000
0.0
0.0
0.0907171548
0.0
0.0894479163
0.0
0.0
0.0882137039
0.0960998974
0.0
0.0
0.0828018202
0.0000000000
0.0764926135
0.0
0.0845893247
0.0000000000
0.0737524410
0.0
0.0
0.1033789534
0.0967890600
0.1121609144
0.0
0.1137362081
0.1134176193
0.0
0.0
0.0923728291
0.0848256077
0.0842373580
0.0
0.0
0.1294992220
0.0997292859
0.0
0.1032032883
0.0876408876
0.0
0.0
0.0
0.0000000000
0.0
0.0893163752
0.0
0.0
0.0
0.0048648649
0.0
0.0
0.0
0.0000000000
0.0
0.0
0.0829148603
0.0027027027
0.0000000000
0.0
0.1074958144
0.0
0.0706222502
0.0
0.0948986486
0.0
0.0921625723
0.0
0.0962521951
0.0777658580
0.0840624708
0.1008052035
0.0000000000
0.0
0.1148112195
0.1094326759
0.0
0.0
0.0048648649
0.1229456177
0.0796004392
0.0
0.0829148603
0.0
0.0849442449
0.0
0.0
0.0
0.0
0.0
0.1066464181
0.0
0.1245848926
0.0853621014
0.0954204794
0.0027027027
0.0054054054
0.0
0.1073058925
0.0040540541
0.0952708002
0.0
0.0000000000
0.0
0.0
0.0086486486
0.0
0.0719184549
0.1069280548
0.1169107510
0.0929382328
0.1100274187
0.0779155037
0.0808723504
0.0750279619
0.0733073448
0.0920926992
0.1100274187
0.1108305386
0.0840043363
0.0
0.0
0.1273273273
0.0000000000
0.0
0.0
0.0
0.0885351824
0.0872004812
0.0
0.0
0.0000000000
0.0036036036
0.0832558398
0.0
0.0
0.0902453717
0.0901114765
0.0783679163
0.0
0.0
0.0
0.0
0.0
0.0
0.0718333946
0.0974100002
0.0
0.1000578833
0.1142711856
0.0891197874
0.1057182509
0.0
0.0000000000
0.0
0.1135236171
0.1042663264
0.0027027027
0.0000000000
0.1136298132
0.0910571741
0.1052601995
0.0873886836
0.1079735736
0.1092358546
0.0918142632
0.0
0.0027027027
0.1017338947
0.1039985191
0.0801255081
0.0923728291
0.0833129426
0.0973319473
0.0908528573
0.0
0.1061803062
0.0825766623
0.0983564941
0.1016487617
0.0
0.0873258593
0.0027027027
0.0
0.0048048048
0.0996474736
0.0
0.0
0.0000000000
0.0
0.0853021561
0.0
0.0
0.0930806669
0.0000000000
0.0935106007
0.0814689941
0.0
0.0797049018
0.0
0.0000000000
0.0
0.0757295949
0.0000000000
0.0
0.0027027027
0.0000000000
0.0819084762
0.0
0.0060810811
0.0962521951
0.0729113267
0.0054054054
0.0000000000
0.0027027027
0.0753537657
0.0647151147
0.0000000000
0.0833129426
0.0904469622
0.0000000000
0.1015637711
0.0937994365
0.0027027027
0.0842373580
0.0806575500
0.0000000000
0.0934386694
0.0
0.0820745069
0.0036036036
0.0639317212
0.1031156793
0.0969435517
0.0000000000
0.0881496881
0.0072072072
0.0
0.0943092160
0.0027027027
0.0
0.0
0.0953455811
0.0643721623
0.0000000000
0.0
0.0967119986
0.0
0.0000000000
0.0000000000
0.0000000000
0.0831988153
0.0703359990
0.0749353919
0.0036036036
0.0804971970
0.0685111507
0.0000000000
0.1016487617
0.0027027027
0.0921625723
0.0000000000
0.0991594043
0.0823527256
0.0945293932
0.0703359990
0.0920926992
0.0772711643
0.0027027027
0.0000000000
0.0779155037
0.0770261701
0.0739770221
0.0800199409
0.0935106007
0.0000000000
0.0000000000
0.0027027027
0.0941630002
0.0000000000
0.0
0.1057182509
0.0722177588
0.0848848849
0.0806575500
0.0000000000
0.0
0.0027027027
0.0027027027
0.0865789524
0.0737524410
0.0994028398
0.0000000000
0.0
0.0000000000
0.0000000000
0.0000000000
0.0054054054
0.0000000000
0.0863942178
0.0000000000
0.0000000000
0.0876408876
0.0681269042
0.0000000000
0.0054054054
0.0724762949
0.0000000000
0.0829714961
0.0060810811
0.0822969311
0.0907849554
0.0933668488
0.0837148658
0.0000000000
0.0
0.0816881441
0.0811424651
0.0842373580
0.0000000000
0.0000000000
0.0000000000
0.0000000000
0.0000000000
0.0000000000
0.0882137039
0.0800199409
0.0973319473
0.0840043363
0.0863942178
0.0048648649
0.0717061808
0.0000000000
0.0027027027
0.0000000000
0.0000000000
0.0666320737
0.0000000000
0.0000000000
0.0000000000
0.0000000000
0.0000000000
0.0000000000
0.0000000000
0.0000000000
0.0000000000
0.0000000000
0.0000000000
0.0000000000
0.0000000000
0.0000000000
0.0000000000
0.0663771969
0.0000000000
0.0000000000
0.0027027027
0.0000000000
0.0027027027
0.0000000000
0.0000000000
0.0764444747
0.0804438876
0.0000000000
0.0000000000
0.0000000000
0.0000000000
0.0027027027
0.0027027027
0.0000000000
0.0904469622
0.0000000000
0.0000000000
0.0000000000
0.0000000000
0.0000000000
0.0000000000
0.0000000000
0.0000000000
0.0000000000
0.0000000000
0.0000000000
0.0040540541
0.0000000000
0.0000000000
0.0758714992
0.0000000000
0.0000000000
0.0000000000
0.0000000000
0.0000000000
0.0000000000
0.0000000000
0.0000000000
0.0000000000
0.0000000000
0.0000000000
0.0000000000
0.0000000000
0.0027027027
0.0000000000
0.0000000000
0.0000000000
0.0726931599
0.0000000000
0.0000000000
0.0000000000
0.0027027027
0.0000000000
0.0000000000
0.0000000000
0.0000000000
0.0000000000
0.0000000000
0.0000000000
