0.0
0.0
0.0
0.0
0.0
0.0
0.0
0.0
0.0
0.0175438596
0.0
0.0
0.0
0.0
0.0
0.0
0.0
0.0
0.0
0.0
0.0
0.0
0.0
0.0
0.0
0.0
0.0175438596
0.0
0.0
0.0
0.0000000000
0.0398724083
0.0
0.0
0.0
0.0
0.0
0.0
0.0
0.0
0.0
0.0
0.0
0.0000000000
0.0
0.0
0.0
0.0
0.0
0.0684776457
0.0
0.0
0.0175438596
0.0
0.0
0.0
0.0
0.0
0.0
0.0
0.0
0.0000000000
0.0
0.0
0.0487329435
0.0
0.0
0.0
0.0
0.0350877193
0.0000000000
0.0000000000
0.0
0.0
0.0
0.0
0.0
0.0
0.0000000000
0.0
0.0
0.0
0.0
0.0
0.0
0.0544309492
0.0
0.0
0.0
0.0
0.0
0.0433225922
0.0
0.0
0.0487329435
0.0
0.0337381916
0.0
0.0
0.0
0.0175438596
0.0
0.0000000000
0.0684776457
0.0544309492
0.0
0.0
0.0337381916
0.0
0.0849122807
0.0517757809
0.0000000000
0.0000000000
0.0
0.0
0.0544309492
0.0000000000
0.0000000000
0.0000000000
0.0000000000
0.0175438596
0.0626566416
0.0433225922
0.0000000000
0.0000000000
0.0000000000
0.0233918129
0.0433225922
0.0233918129
0.0175438596
0.0000000000
0.0
0.0
0.0684776457
0.0175438596
0.0000000000
0.0000000000
0.0000000000
0.0000000000
0.0000000000
0.0000000000
0.0000000000
0.0175438596
0.0000000000
0.0
0.0786224821
0.0000000000
0.0000000000
0.0000000000
0.0000000000
