0.0
0.0
0.0
0.0
0.0
0.0
0.0
0.0
0.0
0.0
0.0
0.0
0.0
0.0
0.0
0.0
0.0
0.0
0.0
0.0
0.0
0.0
0.0
0.0
0.0
0.0
0.0
0.0
0.0
0.0853164549
0.0
0.0984810118
0.0
0.0
0.0
0.0
0.0
0.0754703831
0.0
0.0
0.1041195324
0.0
0.0
0.0
0.0
0.0
0.0
0.0
0.0
0.0914902852
0.0
0.0
0.1018821211
0.0
0.0952312797
0.0
0.0
0.0
0.0
0.0
0.0
0.0
0.0
0.0
0.0
0.0
0.0
0.0
0.0
0.0
0.1103511254
0.1092612377
0.0
0.0
0.0000000000
0.0
0.0993655717
0.0
0.0775422920
0.0
0.0
0.0
0.0
0.0
0.0749590084
0.0938843026
0.0
0.0905541636
0.0
0.0994400029
0.0
0.0
0.0
0.0
0.0
0.0
0.0000000000
0.0590535604
0.0
0.0
0.0
0.0787380806
0.0774066495
0.0
0.0
0.0
0.0
0.0
0.0
0.1049426117
0.0870507566
0.0
0.0896975702
0.0911135236
0.0
0.1002661660
0.0
0.0
0.0
0.0
0.0
0.0
0.0873946042
0.0
0.0
0.0723446342
0.0
0.0
0.0
0.0
0.0
0.0
0.0
0.0
0.0
0.0863711151
0.0739979955
0.0
0.0
0.1124067772
0.0
0.0
0.0909886250
0.0
0.0847175519
0.0
0.0
0.0
0.1001149350
0.0811445011
0.0076923077
0.0
0.0
0.0
0.0
0.1022745792
0.0973972149
0.0
0.0913015157
0.1085465281
0.0
0.0
0.1009523984
0.0
0.0806025524
0.0685704565
0.0000000000
0.0
0.0
0.0869367412
0.0
0.0
0.0
0.0
0.0860352585
0.0923816311
0.0
0.0
0.0847716500
0.0000000000
0.0747059110
0.0
0.0837026506
0.0000000000
0.0825061553
0.0
0.0
0.1011061720
0.0855914918
0.1054427354
0.0
0.0877992089
0.0904307928
0.0
0.0
0.0882662260
0.0678346468
0.0916165658
0.0
0.0
0.1183176505
0.1052754987
0.0
0.0827117781
0.0827633440
0.0
0.0
0.0
0.0782738230
0.0
0.0000000000
0.0
0.0
0.0
0.0048076923
0.0
0.0
0.0
0.0000000000
0.0
0.0
0.0744962985
0.0629456633
0.0
0.0
0.1050256360
0.0
0.0636396950
0.0
0.0780896493
0.0
0.0985541231
0.0
0.0
0.0852069344
0.0894557977
0.0889165464
0.0000000000
0.0
0.1104429317
0.0909886250
0.0
0.0
0.0048076923
0.0955053265
0.0567075625
0.0
0.0744545170
0.0
0.0821487648
0.0
0.0
0.0
0.0
0.0
0.0737103853
0.0
0.1072313440
0.0916798369
0.0957118990
0.0588441506
0.0054632867
0.0
0.0
0.0587400017
0.0923816311
0.0
0.0000000000
0.0
0.0
0.0085851648
0.0
0.0693224041
0.0944856967
0.1055265531
0.0747900867
0.0859238860
0.0750437557
0.0641625925
0.0024038462
0.0630054124
0.0024038462
0.0913015157
0.0934218183
0.0671144610
0.0
0.0
0.1212350720
0.0000000000
0.0
0.0
0.0
0.1020387424
0.0852069344
0.0
0.0
0.0000000000
0.0699064791
0.0773615407
0.0
0.0
0.0917431955
0.0864836507
0.0753846700
0.0
0.0
0.0
0.0
0.0
0.0
0.0741633541
0.0925103860
0.0
0.0928338488
0.1015703166
0.0657841446
0.1010292267
0.0
0.0000000000
0.0
0.1071447973
0.0861469201
0.0
0.0000000000
0.0889761420
0.0
0.1001904935
0.0709905903
0.0998138375
0.1042831138
0.0908019178
0.0
0.0662767867
0.0959887230
0.0875098246
0.0832303472
0.0786447890
0.0795400862
0.0865400286
0.0911135236
0.0
0.0
0.0
0.0761194976
0.0
0.0
0.0915533820
0.0506302074
0.0
0.0054632867
0.0832825620
0.0
0.0
0.0024038462
0.0
0.0024038462
0.0
0.0
0.0876253491
0.0000000000
0.0657841446
0.0686413670
0.0
0.0691418770
0.0
0.0795400862
0.0
0.0000000000
0.0024038462
0.0
0.0933561208
0.0000000000
0.0787380806
0.0
0.0739979955
0.0828666691
0.0708012821
0.0024038462
0.0000000000
0.0801644951
0.0764262544
0.0629456633
0.0000000000
0.0729408812
0.0000000000
0.0000000000
0.0950948452
0.0863149570
0.0024038462
0.0917431955
0.0749167065
0.0000000000
0.0819459283
0.0
0.0853164549
0.0699064791
0.0618315807
0.0952312797
0.0988476574
0.0000000000
0.0826602764
0.0085851648
0.0
0.0878573156
0.0655891323
0.0
0.0
0.0861469201
0.0655891323
0.0000000000
0.0
0.0722658704
0.0
0.0713722601
0.0000000000
0.0691779072
0.0716805636
0.0787848094
0.0000000000
0.0024038462
0.0716805636
0.0808972601
0.0802614292
0.0846635229
0.0535291951
0.1005700029
0.0658494067
0.0913643523
0.0
0.0882075773
0.0
0.0815432456
0.0805047931
0.0555449388
0.0000000000
0.0
0.0641625925
0.0024038462
0.0660788471
0.0840737200
0.0641006296
0.0000000000
0.0759887830
0.0885606430
0.0000000000
0.0
0.0993655717
0.0024038462
0.0024038462
0.0770472454
0.0000000000
0.0
0.0000000000
0.0
0.0876253491
0.0729408812
0.0925103860
0.0000000000
0.0
0.0000000000
0.0
0.0000000000
0.0797311735
0.0816435448
0.0680781558
0.0000000000
0.0852069344
0.0957809552
0.0
0.0850976948
0.0054632867
0.0741633541
0.0000000000
0.0841803449
0.0655243849
0.0890358175
0.0789722807
0.0750862013
0.0000000000
0.0589486696
0.0
0.0654597652
0.0814431925
0.0916165658
0.0000000000
0.0000000000
0.0533142184
0.0753846700
0.0848800536
0.0000000000
0.0831261139
0.0660788471
0.0893353996
0.0000000000
0.0
0.0064102564
0.0691418770
0.0000000000
0.0670128237
0.0000000000
0.0805536431
0.0673528178
0.0841803449
0.0000000000
0.0032051282
0.0000000000
0.0870507566
0.0000000000
0.0000000000
0.0000000000
0.0024038462
0.0000000000
0.0000000000
0.0000000000
0.0024038462
0.0000000000
0.0000000000
0.0024038462
0.0024038462
0.0000000000
0.0024038462
0.0931595816
0.0593439445
0.0000000000
0.0000000000
0.0000000000
0.0000000000
0.0000000000
0.0000000000
0.0
0.0024038462
0.0614025920
0.0489139292
0.0923816311
0.0000000000
0.0000000000
0.0042735043
0.0000000000
0.0000000000
0.0680781558
0.0000000000
0.0024038462
0.0
0.0000000000
0.0852069344
0.0000000000
0.0654597652
0.0000000000
0.0000000000
0.0766468844
0.0000000000
0.0000000000
0.0000000000
0.0464819341
0.0000000000
0.0000000000
0.0048076923
0.0054632867
0.0000000000
0.0
0.0000000000
0.0
0.0000000000
0.0775422920
0.0505916173
0.0000000000
0.0000000000
0.0
0.0000000000
0.0743294534
0.0000000000
0.0682180904
0.0024038462
0.0000000000
0.0721872778
0.0024038462
0.0000000000
0.0024038462
0.0000000000
0.0000000000
0.0000000000
0.0000000000
0.0000000000
0.0000000000
0.0000000000
0.0
0.0000000000
0.0000000000
0.0758151935
0.0737103853
0.0740805825
0.0000000000
0.0846095627
0.0000000000
0.0000000000
0.0000000000
0.0000000000
0.0024038462
0.0000000000
0.0000000000
0.0000000000
0.0839673649
0.0557548945
0.0000000000
0.0000000000
0.0000000000
0.0000000000
0.0000000000
0.0000000000
0.0787848094
0.0794448856
0.0000000000
0.0000000000
0.0000000000
0.0000000000
0.0000000000
0.0032051282
0.0000000000
0.0000000000
0.0000000000
0.0789722807
0.0000000000
0.0000000000
0.0636396950
0.0000000000
0.0000000000
0.0000000000
0.0000000000
0.0000000000
0.0000000000
0.0000000000
0.0000000000
0.0000000000
0.0000000000
0.0000000000
0.0000000000
0.0000000000
0.0000000000
0.0000000000
0.0000000000
0.0000000000
0.0000000000
0.0000000000
0.0000000000
0.0000000000
0.0000000000
0.0000000000
0.0000000000
0.0000000000
0.0000000000
0.0000000000
0.0000000000
0.0000000000
0.0000000000
