0.0
0.0
0.0
0.0
0.0
0.0
0.0
0.0
0.0
0.0
0.0
0.0
0.0
0.0
0.0
0.0
0.0
0.0
0.0
0.0
0.0
0.0
0.0
0.0
0.0
0.0
0.1698603755
0.0
0.0
0.0
0.0
0.0268656716
0.0
0.0
0.0
0.0
0.0
0.0
0.0
0.0
0.0
0.0
0.0
0.1415503130
0.0
0.0
0.0
0.0
0.0
0.1241903689
0.0
0.0
0.1841143931
0.0
0.0
0.0
0.0
0.0
0.0
0.0
0.0
0.1557891018
0.0
0.0
0.0000000000
0.0
0.0
0.0
0.0
0.0
0.0000000000
0.0199004975
0.0
0.0
0.0
0.0
0.0
0.0
0.1407933594
0.0
0.0
0.0
0.0
0.0
0.0
0.2025258324
0.0
0.0
0.0
0.0
0.0
0.0149253731
0.0
0.0
0.0268656716
0.0
0.0149253731
0.0
0.0
0.0
0.1504477612
0.0
0.1964802851
0.1635301752
0.0
0.0
0.0
0.0
0.0
0.1400444586
0.1149709965
0.1615236700
0.0
0.0
0.0
0.1423154498
0.1253731343
0.0
0.1329715061
0.1230297113
0.0000000000
0.0447761194
0.1676965491
0.1247789489
0.1828358209
0.0975124378
0.1687715270
0.0
0.1521870417
0.1364163638
0.0
0.0
0.0
0.1803312206
0.1303384070
0.1159839569
0.1385703064
0.0
0.1625207297
0.0298507463
0.0
0.1732128830
0.1196743555
0.2175897373
0.0
0.1164971602
0.0000000000
0.1732128830
0.0
0.0
0.1625207297
0.0000000000
0.1778943122
0.1470858001
0.0
0.0000000000
0.0000000000
0.0
0.1364163638
0.1357131866
0.0149253731
0.1407933594
0.0268656716
0.1154752553
0.0
0.0
0.0
0.0149253731
0.0000000000
0.0986080832
0.1120355668
0.0149253731
0.0000000000
0.0199004975
0.0000000000
0.0149253731
0.0000000000
0.0000000000
