0.0066225166
0.0
0.0
0.0
0.0
0.0
0.0000000000
0.0
0.0
0.0066225166
0.0
0.0
0.0
0.0
0.0
0.0
0.0132450331
0.0151371807
0.0
0.0
0.0
0.0
0.0
0.0066225166
0.0
0.0
0.0216574190
0.0
0.0
0.0
0.0088300221
0.0
0.0
0.0
0.0
0.0000000000
0.0
0.0
0.0
0.0
0.0
0.0
0.0270419426
0.0088300221
0.0
0.0
0.0
0.0
0.0
0.0
0.0000000000
0.0
0.0000000000
0.0320529801
0.0296786853
0.0
0.0132450331
0.0
0.0000000000
0.0
0.0
0.0000000000
0.0
0.0
0.0149006623
0.0216574190
0.0
0.0170494575
0.0066225166
0.0
0.0088300221
0.0201829076
0.0180279617
0.0
0.0088300221
0.0132450331
0.0
0.0
0.0
0.0
0.0202814570
0.0
0.0
0.0066225166
0.0000000000
0.0132450331
0.0066225166
0.0
0.0000000000
0.0066225166
0.0
0.0
0.0000000000
0.0296786853
0.0000000000
0.0000000000
0.0
0.0
0.0000000000
0.0
0.0258491775
0.0202814570
0.0
0.0
0.0
0.0
0.0
0.0
0.0
0.0
0.0
0.0132450331
0.0178072112
0.0
0.0
0.0
0.0
0.0088300221
0.0000000000
0.0000000000
0.0
0.0088300221
0.0
0.0066225166
0.0
0.0099337748
0.0000000000
0.0169536424
0.0099337748
0.0
0.0264900662
0.0088300221
0.0
0.0
0.0000000000
0.0000000000
0.0
0.0088300221
0.0000000000
0.0000000000
0.0088300221
0.0
0.0
0.0000000000
0.0216574190
0.0088300221
0.0066225166
0.0000000000
0.0231788079
0.0000000000
0.0000000000
0.0
0.0000000000
0.0211920530
0.0066225166
0.0
0.0
0.0
0.0000000000
0.0
0.0
0.0147501505
0.0
0.0
0.0
0.0
0.0000000000
0.0147501505
0.0151371807
0.0
0.0000000000
0.0
0.0000000000
0.0228949858
0.0000000000
0.0
0.0000000000
0.0000000000
0.0
0.0228949858
0.0
0.0066225166
0.0
0.0170494575
0.0000000000
0.0
0.0132450331
0.0000000000
0.0000000000
0.0000000000
0.0135209713
0.0000000000
0.0000000000
0.0132450331
0.0000000000
0.0
0.0
0.0
0.0149006623
0.0066225166
0.0000000000
0.0066225166
0.0
0.0201829076
0.0088300221
0.0000000000
0.0000000000
0.0066225166
0.0132450331
0.0000000000
0.0066225166
0.0000000000
0.0000000000
0.0249318270
0.0000000000
0.0
0.0000000000
0.0066225166
0.0000000000
0.0000000000
0.0066225166
0.0088300221
0.0
0.0
0.0000000000
0.0000000000
0.0088300221
0.0000000000
0.0000000000
0.0088300221
0.0066225166
0.0000000000
0.0000000000
0.0000000000
0.0066225166
0.0000000000
0.0000000000
0.0000000000
0.0000000000
0.0000000000
0.0000000000
0.0000000000
0.0000000000
0.0000000000
0.0
0.0000000000
0.0000000000
0.0000000000
0.0066225166
0.0000000000
0.0000000000
0.0000000000
0.0000000000
0.0000000000
0.0000000000
0.0000000000
0.0000000000
0.0000000000
0.0000000000
0.0000000000
