0.0
0.0
0.0
0.0
0.0
0.0
0.0
0.0
0.0
0.0
0.0
0.0
0.0
0.0
0.0
0.0
0.0
0.0
0.0
0.0
0.0
0.0
0.0
0.0
0.0
0.0
0.0
0.0
0.0
0.0
0.0
0.0158730159
0.0
0.0
0.0
0.0
0.0
0.0
0.0
0.0
0.0
0.0
0.0
0.0119047619
0.0
0.0
0.0
0.0
0.0
0.0
0.0
0.0
0.0000000000
0.0
0.0
0.0
0.0
0.0
0.0
0.0
0.0
0.0581287202
0.0
0.0
0.0178571429
0.0
0.0
0.0
0.0
0.0
0.0759232264
0.0
0.0
0.0
0.0
0.0
0.0
0.0
0.0238095238
0.0
0.0
0.0
0.0
0.0
0.0
0.0119047619
0.0
0.0
0.0
0.0
0.0
0.0000000000
0.0
0.0
0.0
0.0
0.0000000000
0.0
0.0
0.0
0.0432585825
0.0
0.0531462585
0.0
0.0
0.0
0.0
0.0
0.0
0.0
0.0178571429
0.0267857143
0.0
0.0
0.0
0.0
0.0
0.0
0.0
0.0
0.0000000000
0.0
0.0865171650
0.0791540020
0.0590513983
0.0865171650
0.0000000000
0.0
0.0119047619
0.0
0.0
0.0
0.0
0.0380952381
0.0267857143
0.0
0.0267857143
0.0
0.0729458450
0.0
0.0
0.0317460317
0.0676406926
0.0609875098
0.0
0.0
0.0000000000
0.0158730159
0.0
0.0
0.0676406926
0.0000000000
0.0211640212
0.0
0.0
0.0
0.0
0.0
0.0641420361
0.0238095238
0.0
0.0158730159
0.0
0.0
0.0
0.0
0.0
0.0
0.0000000000
0.0
0.0
0.0
0.0178571429
0.0432585825
0.0
0.0
0.0
0.0
0.0676406926
0.0
0.0
0.0930059524
0.0
0.0000000000
0.0516699735
0.0238095238
0.0
0.0267857143
0.0178571429
0.0000000000
0.0
0.0759232264
0.0000000000
0.0
0.0000000000
0.0
0.0119047619
0.0000000000
0.0000000000
0.0
0.0238095238
0.0000000000
0.0000000000
0.0
0.0
0.0119047619
0.0
0.0000000000
0.0791540020
0.0000000000
0.0000000000
0.0442885488
0.0
0.0555259417
0.0000000000
0.0000000000
0.0502734878
0.0
0.0676406926
0.0000000000
0.0000000000
0.0119047619
0.0119047619
0.0759232264
0.0715430403
0.0000000000
0.1005469755
0.0000000000
0.0158730159
0.0000000000
0.0000000000
0.0000000000
0.0000000000
0.0000000000
0.0119047619
0.0000000000
0.0000000000
