0.0
0.0
0.0
0.0
0.1390082645
0.0
0.1590543735
0.0
0.0
0.1262288931
0.0
0.1351004016
0.0
0.1195026643
0.0
0.1190796460
0.1052895149
0.1106578947
0.0
0.1334920635
0.0906738544
0.0050000000
0.0
0.0
0.0
0.1199286988
0.0985065886
0.1293846154
0.1288888889
0.1123205342
0.0
0.0
0.1431489362
0.1329644269
0.1329644269
0.1332277228
0.1090437601
0.1144217687
0.0133333333
0.0
0.0
0.1532574032
0.1252886406
0.0800952381
0.0
0.1303875969
0.0000000000
0.1166031196
0.0785064177
0.1083413849
0.1097553018
0.1182425308
0.1115754561
0.1132659933
0.1306407767
0.1214440433
0.0989411765
0.1633009709
0.0943618513
0.1340239044
0.0
0.1176223776
0.0000000000
0.1340239044
0.0
0.1321807466
0.0
0.1373061224
0.1274242424
0.1069634340
0.1252886406
0.1210071942
0.1243622921
0.1286424474
0.1067936508
0.1361943320
0.1104761905
0.0000000000
0.0955681818
0.0723440860
0.1125083612
0.1491796009
0.1104761905
0.0
0.1329644269
0.1092207792
0.1327021696
0.0114285714
0.0822493888
0.0000000000
0.1425423729
0.0
0.0114285714
0.0957041252
0.0000000000
0.1126968174
0.0864781491
0.1214440433
0.0066666667
0.1031901840
0.0944943820
0.1081672026
0.0929281768
0.1142275042
0.0948942172
0.1491796009
0.0879477124
0.1073046252
0.1296339114
0.1014781297
0.1010210210
0.0993796160
0.0000000000
0.0825521472
0.0000000000
0.1188692580
0.0825521472
0.0000000000
0.0000000000
0.0958404558
0.0825521472
0.0723440860
0.0000000000
0.0000000000
0.0764545455
0.0928000000
0.0000000000
0.1188692580
0.1214440433
0.0904301075
0.0
0.0
0.0000000000
0.0000000000
0.1404592902
0.0000000000
0.0066666667
0.0797156398
0.0000000000
0.1057861635
0.1031901840
0.1005680120
0.0899465241
0.0
0.1086914378
0.1301353965
0.0000000000
0.0000000000
0.1083413849
0.1049609984
0.0000000000
0.1188692580
0.0000000000
0.0100000000
0.0701564129
0.0000000000
0.0000000000
0.0000000000
0.1002682563
0.0000000000
0.0802863962
0.0000000000
0.0000000000
0.0000000000
0.1005680120
0.0889947090
0.0000000000
0.0080000000
0.0000000000
0.1188692580
0.0
0.0
0.0000000000
0.0000000000
0.0000000000
0.0000000000
0.0
0.1081672026
0.0000000000
0.0
0.0795271868
0.0000000000
0.0000000000
0.0000000000
0.0000000000
0.0050000000
0.0050000000
0.0000000000
0.1078205128
0.0000000000
0.0100000000
0.0920383037
0.0050000000
0.0000000000
0.1174171030
0.0000000000
0.0955681818
0.0705981112
0.0000000000
0.0843107769
0.0723440860
0.0000000000
0.0066666667
0.0
0.0000000000
0.0000000000
0.0000000000
0.0000000000
0.1046345257
0.0066666667
0.0000000000
0.0050000000
0.0000000000
0.0000000000
0.0000000000
0.0000000000
0.0000000000
0.0000000000
0.0000000000
0.0000000000
0.0000000000
0.0050000000
0.0000000000
0.0000000000
0.0000000000
0.0000000000
0.0000000000
0.0000000000
0.0080000000
0.0919125683
0.0000000000
0.0000000000
0.0000000000
