0.0
0.0
0.0
0.0
0.0
0.0
0.0
0.0
0.0
0.0
0.0
0.0
0.0
0.0
0.0
0.0
0.0
0.0
0.0
0.0
0.0
0.0
0.0
0.0
0.0
0.0
0.0
0.0
0.0
0.0
0.0
0.0
0.0
0.0
0.0
0.0
0.0
0.0
0.0
0.0
0.0
0.0
0.0000000000
0.0000000000
0.0
0.0
0.0
0.0
0.0
0.0232558140
0.0
0.0
0.0
0.0
0.0
0.0000000000
0.0
0.0
0.0
0.0
0.0744186047
0.0
0.0000000000
0.0232558140
0.0744186047
0.0
0.0
0.0
0.0000000000
0.0
0.0465116279
0.0413436693
0.0000000000
0.0465116279
0.0232558140
0.0620155039
0.0
0.0232558140
0.0
0.0744186047
0.0
0.0
0.0620155039
0.0000000000
0.0
0.0465116279
0.0000000000
0.0
0.0
0.0465116279
0.0
0.0465116279
0.0620155039
0.0
0.0000000000
0.0
0.0
0.0
0.0
0.0
0.0
0.0465116279
0.0000000000
0.0000000000
0.0000000000
0.0
0.0000000000
0.0000000000
0.0
0.0413436693
0.0000000000
0.0232558140
0.0232558140
0.0000000000
0.0000000000
0.0232558140
0.0232558140
0.0000000000
0.0000000000
0.0000000000
0.0413436693
0.0000000000
