0.0
0.0
0.0
0.0
0.0
0.0
0.0
0.0
0.0
0.0
0.0
0.0
0.0
0.0
0.0
0.0
0.0
0.0
0.0
0.0
0.0
0.0
0.0
0.0
0.0
0.0
0.0
0.0
0.0
0.0
0.0
0.0
0.0
0.0
0.0
0.0
0.0
0.0
0.0
0.0
0.0
0.0
0.0
0.0
0.0
0.0
0.0
0.0
0.0
0.0
0.0
0.0
0.0573066408
0.0
0.0
0.0
0.0
0.0
0.0
0.0
0.0
0.0634756276
0.0
0.0
0.0
0.0
0.0
0.0
0.0
0.0
0.0
0.0
0.0
0.0
0.0
0.0
0.0
0.0
0.0
0.0
0.0
0.0
0.0
0.0
0.0
0.0118226601
0.0
0.0
0.0
0.0
0.0
0.0
0.0
0.0
0.0
0.0
0.0695866353
0.0
0.0
0.0
0.0
0.0
0.0
0.0
0.0
0.0
0.0
0.0
0.0
0.0
0.0
0.0068965517
0.0
0.0
0.0
0.0
0.0
0.0
0.0
0.0
0.0734652346
0.0
0.0489233549
0.0
0.0554626152
0.0
0.0561576355
0.0
0.0653262290
0.0
0.0
0.0
0.0
0.0
0.0
0.0
0.0629407207
0.0
0.0156739812
0.0
0.0
0.0
0.0
0.0
0.0
0.0
0.0592775041
0.0
0.0
0.0
0.0483950249
0.0744415168
0.0
0.0
0.0
0.0
0.0
0.0
0.0000000000
0.0553256705
0.0
0.0000000000
0.0
0.0
0.0
0.0
0.0
0.0
0.0068965517
0.0
0.0
0.0
0.0
0.0
0.0
0.0
0.0
0.0
0.0
0.0
0.0
0.0
0.0
0.0
0.0
0.0
0.0
0.0636559561
0.0749394534
0.0
0.0
0.0
0.0091954023
0.0
0.0
0.0
0.0
0.0000000000
0.0
0.0
0.0
0.0215517241
0.0
0.0
0.0
0.0
0.0
0.0
0.0
0.0000000000
0.0
0.0
0.0
0.0751909280
0.0
0.0
0.0557385486
0.0
0.0861803714
0.0000000000
0.0068965517
0.0191570881
0.0157635468
0.0885648085
0.0183908046
0.0914567206
0.0772651605
0.0000000000
0.0
0.0
0.0797398454
0.0000000000
0.0640197044
0.0
0.0
0.0488167681
0.0000000000
0.0
0.0118226601
0.0808913233
0.0
0.0000000000
0.0
0.0091954023
0.0
0.0488167681
0.0123152709
0.0137931034
0.0664893073
0.0000000000
0.0110344828
0.0
0.0
0.0640197044
0.0000000000
0.0741950217
0.0550537999
0.0
0.0647598166
0.0068965517
0.0788975231
0.0599114881
0.0
0.0871863679
0.0
0.0
0.0
0.0
0.0
0.0
0.0
0.0722803115
0.0
0.0
0.0668862584
0.0068965517
0.0
0.0629407207
0.0
0.0
0.0190981432
0.0155172414
0.0000000000
0.0
0.0000000000
0.0172413793
0.0
0.0215517241
0.0
0.0000000000
0.0
0.0
0.0
0.0
0.0000000000
0.0000000000
0.0
0.0
0.0068965517
0.0820765441
0.0
0.0547845881
0.0
0.0190981432
0.0000000000
0.0487106447
0.0625890965
0.0554626152
0.0000000000
0.0
0.0
0.0
0.0000000000
0.0
0.0
0.0068965517
0.0000000000
0.0634756276
0.0091954023
0.0110344828
0.0
0.0155172414
0.0
0.0091954023
0.0000000000
0.0068965517
0.0000000000
0.0533497537
0.0554626152
0.0000000000
0.0000000000
0.0489233549
0.0143678161
0.0
0.0157635468
0.0615574081
0.0000000000
0.0746896552
0.0246305419
0.0645731889
0.0000000000
0.0521090617
0.0000000000
0.0
0.0137931034
0.0
0.0521090617
0.0
0.0206896552
0.0
0.0772651605
0.0
0.0000000000
0.0640197044
0.0000000000
0.0836078230
0.0533497537
0.0191570881
0.0000000000
0.0882161282
0.0751909280
0.0
0.0068965517
0.0143678161
0.0000000000
0.0068965517
0.0068965517
0.0000000000
0.0486049817
0.0000000000
0.0000000000
0.0132625995
0.0068965517
0.0000000000
0.0000000000
0.0000000000
0.0000000000
0.0000000000
0.0
0.0132625995
0.0000000000
0.0000000000
0.0000000000
0.0000000000
0.0
0.0000000000
0.0000000000
0.0000000000
