0.0
0.0
0.0
0.0
0.0
0.0
0.0
0.0
0.0
0.0
0.0
0.0
0.0
0.0
0.0
0.0
0.0
0.0
0.0
0.0
0.0
0.0
0.0
0.0
0.0
0.0
0.0
0.0
0.0
0.0924176693
0.0
0.1206511732
0.0
0.0
0.0
0.0
0.0
0.1003212973
0.0
0.0
0.1326757582
0.0
0.0
0.0
0.0991459850
0.0
0.0
0.0
0.0
0.1040205900
0.0
0.0
0.0947077954
0.0
0.1282245152
0.0
0.0
0.0
0.0
0.0
0.0
0.0
0.0
0.0
0.0
0.0
0.0
0.0
0.0
0.0
0.1097031963
0.1234160959
0.0882199941
0.0
0.0983231967
0.0
0.1061643836
0.0
0.0963247578
0.0
0.1371289954
0.0861042529
0.0
0.0
0.1201617161
0.1074156410
0.0
0.1084976667
0.0
0.1184794521
0.0
0.0
0.0
0.0
0.0
0.0
0.0000000000
0.1063549839
0.0
0.0
0.0
0.1182429661
0.0000000000
0.0000000000
0.0
0.0
0.0
0.0
0.0
0.1344829195
0.1091976517
0.0
0.0871813481
0.1097031963
0.0975139523
0.1045714493
0.0000000000
0.0
0.0
0.0
0.0
0.0
0.1304839780
0.0993121979
0.0
0.0650271416
0.0
0.0
0.0
0.0
0.0
0.0
0.1161563255
0.0
0.0
0.0929250604
0.0941808045
0.0
0.0
0.1148056706
0.0
0.0
0.0837310615
0.0
0.0974337599
0.0
0.0969553617
0.0
0.1009194651
0.1080031468
0.0000000000
0.0
0.1135948725
0.0737271015
0.0
0.1079047833
0.1178900020
0.0
0.1106250719
0.1230316221
0.0
0.0
0.1112483118
0.1103160634
0.1121964508
0.0945566257
0.0920586263
0.0
0.0
0.0968760851
0.0
0.1169589852
0.0
0.0
0.0981602751
0.0734528531
0.0
0.0
0.0924176693
0.0934380537
0.0852370159
0.0
0.1255078941
0.0000000000
0.1093993094
0.0
0.0
0.1023138619
0.1004914776
0.1078065988
0.0
0.1239324812
0.1097031963
0.0
0.0780497049
0.1063549839
0.1078065988
0.1040205900
0.0
0.1011780120
0.1196762142
0.0993121979
0.0
0.0721995442
0.0000000000
0.0
0.0
0.0
0.0000000000
0.0
0.0969553617
0.0
0.0
0.0
0.0661157657
0.0
0.0
0.0
0.0000000000
0.0
0.0
0.0869254967
0.0964816385
0.0000000000
0.1133774661
0.1008335762
0.0
0.0000000000
0.0
0.0975942768
0.0
0.1088965552
0.0
0.0921302116
0.0945566257
0.0829688040
0.0758997130
0.0000000000
0.0
0.0919157890
0.1048490726
0.0
0.0
0.0000000000
0.1206511732
0.1159290138
0.0
0.0869254967
0.0
0.1109358165
0.0933644224
0.0
0.0
0.0832018624
0.0
0.0845677745
0.0
0.1121964508
0.0752250489
0.1083984008
0.0034246575
0.0888818095
0.0
0.0829107432
0.0898933627
0.0927069265
0.0
0.0000000000
0.0
0.0
0.1030256105
0.0
0.0661896380
0.1201617161
0.1008335762
0.1037473310
0.1131608902
0.0122309198
0.0590919960
0.0000000000
0.0984866601
0.0734073433
0.1286421846
0.1222698164
0.0969553617
0.0
0.0
0.1249783250
0.0000000000
0.0
0.0
0.0
0.0874387100
0.0901670107
0.0
0.0
0.0814851802
0.0651702157
0.0000000000
0.0000000000
0.0893510196
0.1149170243
0.0077833126
0.0961683864
0.0
0.0000000000
0.0
0.0122309198
0.0
0.0
0.0000000000
0.0936596459
0.0
0.0975139523
0.0979169025
0.0000000000
0.0851757384
0.0
0.0000000000
0.0
0.1204059472
0.0849315068
0.0838495768
0.0871813481
0.0956250622
0.0846281800
0.1190748262
0.1036565635
0.1260419703
0.1084976667
0.1150285942
0.0000000000
0.0000000000
0.0809285875
0.1137038887
0.0914193303
0.1075131144
0.0924176693
0.1068344924
0.0997301785
0.0
0.0852370159
0.0805434752
0.1142521235
0.0000000000
0.1039293439
0.0770347543
0.0000000000
0.0
0.0034246575
0.0894859910
0.0000000000
0.1106250719
0.0000000000
0.0
0.0988977062
0.0
0.0
0.1028467466
0.0000000000
0.0000000000
0.0000000000
0.0
0.1236737495
0.0
0.0000000000
0.0
0.0790389940
0.0000000000
0.0648846944
0.0000000000
0.0077833126
0.0944812217
0.0
0.0000000000
0.0687634661
0.0854830101
0.0842071443
0.0000000000
0.0000000000
0.0000000000
0.0754165831
0.0077833126
0.0000000000
0.0000000000
0.0000000000
0.0810947653
0.0000000000
0.0000000000
0.1034755040
0.0924176693
0.0000000000
0.1068344924
0.0
0.0809839043
0.0817099669
0.0599895960
0.1053150685
0.0000000000
0.0000000000
0.0845677745
0.0034246575
0.0898933627
0.0846281800
0.0034246575
0.0
0.0
0.0000000000
0.0000000000
0.0000000000
0.0920586263
0.0000000000
0.0
0.0000000000
0.0943307739
0.0000000000
0.0541002064
0.0799996300
0.0000000000
0.0000000000
0.0000000000
0.0823918304
0.0000000000
0.0963247578
0.0000000000
0.0000000000
0.0823345740
0.0000000000
0.0000000000
0.1099067273
0.0077833126
0.0000000000
0.0790389940
0.0000000000
0.0000000000
0.0000000000
0.0000000000
0.0000000000
0.1019616627
0.0784112853
0.0000000000
0.0000000000
0.0000000000
0.0000000000
0.0000000000
0.0
0.0000000000
0.0000000000
0.0859792831
0.0000000000
0.0000000000
0.0000000000
0.0000000000
0.0000000000
0.0719802260
0.1049419416
0.0965602706
0.0000000000
0.0
0.0000000000
0.0000000000
0.0000000000
0.0725532468
0.0000000000
0.0000000000
0.0000000000
0.0000000000
0.0000000000
0.0000000000
0.0000000000
0.0000000000
0.0000000000
0.0000000000
0.0000000000
0.0000000000
0.0000000000
0.0000000000
