0.0
0.0
0.0
0.0
0.1786764706
0.0
0.1905882353
0.0
0.0
0.1221719457
0.0
0.1743185079
0.0
0.1786764706
0.0
0.1323529412
0.1253869969
0.1537001898
0.1588235294
0.1958098308
0.1473620376
0.0000000000
0.0
0.1473620376
0.0
0.1786764706
0.0000000000
0.1722182849
0.0000000000
0.1348501665
0.0
0.1537001898
0.1473620376
0.1786764706
0.1335898846
0.1520650814
0.1809381981
0.1570782159
0.0261437908
0.0
0.0392156863
0.1570782159
0.1201186357
0.0000000000
0.0
0.0000000000
0.0261437908
0.0000000000
0.0000000000
0.1348501665
0.0000000000
0.1021008403
0.0000000000
0.0000000000
0.0000000000
0.0000000000
0.1066725198
0.1701680672
0.0000000000
0.0000000000
0.0000000000
0.0000000000
0.0000000000
0.0000000000
0.0000000000
0.0000000000
0.0000000000
