0.0
0.0
0.0
0.0
0.0
0.0
0.0
0.1896014433
0.0
0.0
0.0
0.0
0.0
0.0
0.0
0.0
0.0
0.0
0.0
0.0
0.1326715060
0.0
0.0
0.1623424499
0.0
0.0
0.0
0.0
0.0
0.0
0.0
0.1910270181
0.1319823034
0.1464356969
0.0
0.0
0.0
0.1078836238
0.0
0.0
0.0
0.0
0.0
0.0
0.0
0.2190223570
0.0
0.0
0.0
0.0
0.0
0.0
0.0
0.1592889869
0.0
0.0
0.0
0.1655152665
0.0
0.1597898956
0.0
0.1309618217
0.0
0.1954353339
0.1752178856
0.1688145741
0.0000000000
0.0
0.1801886057
0.0
0.1814756672
0.1494505495
0.1827812475
0.0
0.0
0.1861288894
0.2268445840
0.1490122780
0.0
0.0
0.0
0.0000000000
0.1490122780
0.0
0.1443556444
0.2209268992
0.1344264201
0.0
0.2209268992
0.1821261176
0.0
0.1854495869
0.1568308235
0.2209268992
0.0
0.1693772894
0.0146520147
0.1141869367
0.2162263269
0.1494505495
0.2218916455
0.0
0.2153101136
0.1257752149
0.0
0.0
0.0
0.1245421245
0.0
0.0
0.1969503365
0.1682555855
0.0
0.2057214041
0.1494505495
0.0
0.1618254357
0.1384555499
0.0
0.1693772894
0.1078836238
0.0
0.0
0.1992673993
0.0146520147
0.1597898956
0.1728339688
0.1468589214
0.1633864528
0.1316403803
0.1525921526
0.1490122780
0.1468589214
0.1992673993
0.1431357375
0.1173514707
0.1924741925
0.0000000000
0.0219780220
0.0000000000
0.0000000000
0.1752178856
0.1705140497
0.0000000000
0.2040690233
0.0
0.1388338438
0.1563482671
0.0000000000
0.0
0.0000000000
0.0000000000
0.0
0.0109890110
0.0000000000
0.0109890110
0.1129181929
0.0000000000
0.0000000000
0.0000000000
0.1710881711
0.0000000000
0.1299569995
0.0000000000
0.0000000000
0.1613117042
0.0000000000
0.0000000000
