0.0
0.0
0.0
0.0
0.0
0.0
0.0
0.0
0.0
0.0
0.0
0.0
0.0
0.0
0.0
0.0
0.0
0.0
0.0
0.0
0.0
0.0
0.0
0.0
0.0
0.0
0.0
0.0
0.0
0.0
0.0
0.0
0.0
0.0
0.0
0.0
0.0
0.0
0.0
0.0
0.0
0.0
0.0
0.0
0.0
0.0
0.0
0.0
0.0
0.0
0.0
0.0
0.0
0.0
0.0
0.0
0.0
0.0
0.0
0.0
0.1300462963
0.0
0.0
0.0
0.0
0.0
0.0
0.0
0.0
0.0
0.0
0.0
0.0
0.0
0.0
0.1045014881
0.0
0.0
0.0
0.1434334150
0.0
0.0
0.0
0.0
0.0
0.0
0.1005512600
0.0
0.0
0.0
0.0
0.1266684704
0.0
0.0
0.0
0.0
0.0
0.0
0.0
0.0
0.0
0.0
0.0
0.0
0.0
0.0
0.0
0.0
0.0
0.1548170194
0.0
0.0
0.0
0.0
0.0
0.0
0.0
0.0
0.1470372697
0.1161127646
0.0
0.0826565443
0.0
0.0
0.0
0.0
0.0
0.0
0.0
0.0
0.0
0.0
0.0
0.1500534188
0.0
0.0
0.0
0.1420408576
0.0
0.1441399836
0.0
0.1342220948
0.0
0.0
0.0
0.0
0.0
0.0
0.0
0.0
0.1142985026
0.0
0.0289351852
0.0
0.0
0.0
0.1306268601
0.0
0.0104166667
0.0
0.0
0.0104166667
0.1112563371
0.0104166667
0.1283351608
0.0
0.0
0.0968887969
0.0
0.0
0.0
0.1540021930
0.0
0.1406750801
0.0
0.0000000000
0.1386749605
0.1380208333
0.0
0.1179855511
0.0
0.0
0.1373728482
0.1112563371
0.0289351852
0.0
0.0
0.0
0.1348406298
0.0
0.0
0.0928902116
0.1406750801
0.0
0.0
0.0
0.0
0.0
0.0962513706
0.0
0.0
0.0
0.0
0.0
0.0104166667
0.0372023810
0.1485300338
0.0
0.0
0.0914388021
0.0
0.0
0.0
0.0000000000
0.1272192029
0.1342220948
0.0
0.1204132373
0.1142985026
0.0
0.0104166667
0.0
0.0962513706
0.1492878401
0.0
0.0104166667
0.0
0.0200320513
0.1406750801
0.0853073372
0.1373728482
0.0
0.0104166667
0.0950013528
0.0
0.1427337398
0.0104166667
0.0
0.0
0.0
0.0104166667
0.1261224856
0.1091806592
0.0000000000
0.0981893177
0.0200320513
0.0000000000
0.1125400641
0.1189447832
0.0853073372
0.0000000000
0.0
0.0104166667
0.0000000000
0.1045014881
0.0
0.0
0.0104166667
0.0000000000
0.0962513706
0.0000000000
0.0104166667
0.1104166667
0.0104166667
0.0
0.0000000000
0.0
0.0000000000
0.0943884409
0.1134124677
0.0000000000
0.0236742424
0.0000000000
0.0104166667
0.1161127646
0.0104166667
0.0104166667
0.0000000000
0.0000000000
0.0000000000
0.0000000000
0.0000000000
0.0000000000
0.0000000000
0.0000000000
0.0000000000
