0.0
0.0
0.0
0.0
0.0
0.0
0.0
0.0
0.0
0.0
0.0
0.0
0.0
0.0
0.0
0.0
0.0
0.0
0.0
0.0
0.0
0.0
0.0
0.0
0.0
0.0
0.0
0.0
0.0
0.0
0.0
0.0000000000
0.0
0.0
0.0
0.0
0.0
0.0
0.0
0.0
0.0
0.0
0.0
0.0870012870
0.0
0.0
0.0
0.0
0.0
0.0
0.0
0.0
0.0000000000
0.0
0.0
0.0
0.0
0.0
0.0
0.0
0.0
0.0270270270
0.0
0.0
0.0202702703
0.0
0.0
0.0
0.0
0.0
0.0000000000
0.0
0.0
0.0
0.0
0.0
0.0
0.0
0.1003861004
0.0
0.0
0.0
0.0
0.0
0.0
0.0922740923
0.0
0.0
0.0
0.0
0.0
0.0135135135
0.0
0.0
0.0000000000
0.0
0.0621437764
0.0
0.0
0.0
0.0000000000
0.0
0.1050015533
0.0
0.0
0.0
0.0
0.0
0.0
0.0000000000
0.0676676677
0.0578173110
0.0
0.0
0.0
0.0135135135
0.0
0.0
0.0243243243
0.0
0.0243243243
0.0
0.0748781568
0.0853750947
0.0286168521
0.0570945946
0.0180180180
0.0
0.1062225016
0.0
0.0
0.0
0.0
0.0886906324
0.0202702703
0.0
0.0692055692
0.0
0.0405405405
0.0
0.0
0.0748781568
0.0787511650
0.1038083538
0.0
0.0878378378
0.0324324324
0.0886906324
0.0
0.0
0.0913513514
0.0135135135
0.0621437764
0.0621437764
0.0
0.0
0.0
0.0
0.0621437764
0.0787511650
0.0
0.0405405405
0.0
0.0
0.0
0.0
0.0
0.0304054054
0.0000000000
0.0243243243
0.0
0.0000000000
0.0787511650
0.0499187712
0.0
0.0
0.0
0.0442260442
0.0286168521
0.0
0.0
0.0692055692
0.0
0.0135135135
0.0243243243
0.0730810811
0.0405405405
0.0304054054
0.0000000000
0.0000000000
0.0180180180
0.0000000000
0.0000000000
0.0000000000
0.0000000000
0.0000000000
0.0000000000
0.0000000000
0.0000000000
0.0000000000
0.0000000000
0.0000000000
0.0000000000
0.0000000000
0.0000000000
0.0000000000
0.0000000000
