0.0
0.0
0.0
0.0
0.0
0.0
0.0000000000
0.0
0.0
0.0000000000
0.0
0.0
0.0
0.0
0.0
0.0
0.0
0.0
0.0
0.0
0.0
0.0
0.0
0.0000000000
0.0
0.0
0.0
0.0
0.0
0.0
0.0
0.0
0.0
0.0
0.0
0.0
0.0
0.0
0.0
0.0
0.0
0.0
0.0000000000
0.0
0.0
0.0
0.0
0.0
0.0
0.0
0.0
0.0
0.0000000000
0.0
0.0060240964
0.0
0.0
0.0
0.0040160643
0.0
0.0
0.0000000000
0.0
0.0
0.0
0.0000000000
0.0
0.0068846816
0.0000000000
0.0
0.0000000000
0.0193576362
0.0
0.0
0.0301204819
0.0
0.0
0.0
0.0
0.0
0.0
0.0
0.0
0.0000000000
0.0
0.0253539410
0.0
0.0
0.0
0.0
0.0
0.0
0.0000000000
0.0
0.0000000000
0.0
0.0
0.0
0.0102683461
0.0
0.0
0.0
0.0
0.0
0.0
0.0
0.0
0.0
0.0
0.0
0.0
0.0040160643
0.0
0.0
0.0
0.0
0.0
0.0000000000
0.0
0.0
0.0
0.0320430659
0.0
0.0000000000
0.0
0.0215762765
0.0
0.0
0.0096815835
0.0
0.0
0.0
0.0
0.0
0.0112951807
0.0060240964
0.0
0.0
0.0
0.0330268442
0.0158195808
0.0
0.0
0.0
0.0221474132
0.0
0.0289620019
0.0040160643
0.0045180723
0.0000000000
0.0000000000
0.0
0.0091582546
0.0
0.0000000000
0.0
0.0
0.0
0.0215762765
0.0
0.0
0.0230278914
0.0
0.0
0.0
0.0
0.0190154558
0.0091795754
0.0331723369
0.0
0.0121019793
0.0
0.0
0.0
0.0030120482
0.0
0.0
0.0067771084
0.0
0.0068455641
0.0
0.0000000000
0.0
0.0
0.0
0.0
0.0
0.0
0.0000000000
0.0030120482
0.0000000000
0.0242907112
0.0178344959
0.0
0.0000000000
0.0
0.0
0.0
0.0080321285
0.0
0.0194075270
0.0269896791
0.0
0.0
0.0
0.0200269162
0.0000000000
0.0030120482
0.0
0.0
0.0253539410
0.0
0.0
0.0030120482
0.0000000000
0.0
0.0
0.0040160643
0.0060240964
0.0000000000
0.0
0.0
0.0
0.0
0.0
0.0000000000
0.0
0.0
0.0030120482
0.0
0.0
0.0
0.0265145087
0.0
0.0000000000
0.0
0.0030120482
0.0030120482
0.0
0.0
0.0000000000
0.0141189759
0.0
0.0
0.0
0.0306102459
0.0
0.0067771084
0.0
0.0000000000
0.0
0.0000000000
0.0218898851
0.0
0.0
0.0000000000
0.0030120482
0.0
0.0
0.0000000000
0.0
0.0068846816
0.0
0.0
0.0
0.0
0.0000000000
0.0130329008
0.0000000000
0.0030120482
0.0
0.0066472788
0.0068455641
0.0000000000
0.0
0.0
0.0
0.0
0.0000000000
0.0
0.0
0.0
0.0030120482
0.0060240964
0.0247701332
0.0
0.0096815835
0.0
0.0
0.0030120482
0.0
0.0000000000
0.0000000000
0.0241350015
0.0040160643
0.0
0.0
0.0000000000
0.0030120482
0.0
0.0208590595
0.0
0.0
0.0
0.0
0.0000000000
0.0
0.0080321285
0.0040160643
0.0
0.0
0.0
0.0
0.0
0.0066472788
0.0
0.0130329008
0.0067771084
0.0
0.0000000000
0.0000000000
0.0000000000
0.0
0.0288510363
0.0
0.0197123573
0.0000000000
0.0
0.0172709185
0.0
0.0226129744
0.0
0.0107573150
0.0191606119
0.0
0.0030120482
0.0
0.0
0.0045180723
0.0060240964
0.0
0.0000000000
0.0261462517
0.0
0.0
0.0
0.0
0.0
0.0000000000
0.0045180723
0.0
0.0
0.0040160643
0.0030120482
0.0107573150
0.0000000000
0.0
0.0169216191
0.0
0.0
0.0040160643
0.0
0.0060240964
0.0
0.0000000000
0.0
0.0
0.0
0.0000000000
0.0
0.0
0.0000000000
0.0045180723
0.0000000000
0.0
0.0000000000
0.0000000000
0.0086886006
0.0090361446
0.0
0.0000000000
0.0030120482
0.0147328444
0.0030120482
0.0
0.0000000000
0.0030120482
0.0040160643
0.0000000000
0.0030120482
0.0048192771
0.0040160643
0.0000000000
0.0224779716
0.0
0.0
0.0
0.0000000000
0.0060240964
0.0
0.0
0.0232411126
0.0
0.0091795754
0.0000000000
0.0000000000
0.0
0.0030120482
0.0
0.0048192771
0.0
0.0000000000
0.0000000000
0.0000000000
0.0000000000
0.0000000000
0.0080321285
0.0000000000
0.0040160643
0.0067771084
0.0000000000
0.0143430866
0.0068455641
0.0000000000
0.0067771084
0.0
0.0
0.0030120482
0.0201340120
0.0000000000
0.0000000000
0.0
0.0000000000
0.0
0.0000000000
0.0000000000
0.0196096888
0.0045180723
0.0054216867
0.0
0.0000000000
0.0000000000
0.0030120482
0.0030120482
0.0
0.0178017033
0.0141189759
0.0096385542
0.0000000000
0.0000000000
0.0030120482
0.0073664222
0.0
0.0000000000
0.0000000000
0.0000000000
0.0121019793
0.0068455641
0.0
0.0000000000
0.0000000000
0.0000000000
0.0000000000
0.0000000000
0.0
0.0000000000
0.0030120482
0.0000000000
0.0
0.0000000000
0.0
0.0030120482
0.0000000000
0.0273822563
0.0000000000
0.0000000000
0.0030120482
0.0
0.0040160643
0.0000000000
0.0
0.0161359725
0.0
0.0000000000
0.0272830452
0.0
0.0194576757
0.0
0.0000000000
0.0054216867
0.0000000000
0.0
0.0
0.0
0.0000000000
0.0000000000
0.0000000000
0.0197123573
0.0045180723
0.0000000000
0.0040160643
0.0158195808
0.0030120482
0.0000000000
0.0030120482
0.0053547523
0.0255258321
0.0272830452
0.0
0.0
0.0040160643
0.0
0.0030120482
0.0030120482
0.0030120482
0.0000000000
0.0243693219
0.0000000000
0.0000000000
0.0030120482
0.0000000000
0.0000000000
0.0000000000
0.0175527284
0.0060240964
0.0000000000
0.0000000000
0.0030120482
0.0030120482
0.0000000000
0.0143430866
0.0000000000
0.0000000000
0.0000000000
0.0000000000
0.0000000000
0.0040160643
0.0030120482
0.0000000000
0.0030120482
0.0000000000
0.0000000000
0.0030120482
0.0000000000
0.0
0.0000000000
0.0000000000
0.0000000000
0.0000000000
0.0054216867
0.0030120482
0.0000000000
0.0000000000
0.0
0.0030120482
0.0000000000
0.0000000000
0.0000000000
0.0030120482
0.0201340120
0.0000000000
0.0000000000
0.0000000000
0.0229576844
0.0000000000
0.0030120482
0.0000000000
0.0000000000
0.0000000000
0.0000000000
0.0
0.0000000000
0.0000000000
0.0000000000
0.0067771084
0.0000000000
0.0000000000
0.0000000000
0.0000000000
0.0000000000
0.0000000000
0.0
0.0178017033
0.0000000000
0.0000000000
0.0000000000
0.0217633540
0.0000000000
0.0000000000
0.0000000000
0.0000000000
0.0000000000
0.0053547523
0.0000000000
0.0000000000
0.0040160643
0.0000000000
0.0000000000
0.0000000000
0.0000000000
0.0000000000
0.0000000000
0.0000000000
0.0
0.0000000000
0.0000000000
0.0000000000
0.0030120482
0.0000000000
