0.0
0.0
0.0
0.0
0.0
0.0
0.0
0.0
0.0
0.0700498132
0.0
0.0
0.0
0.0
0.0
0.1311188811
0.0
0.0
0.0696022727
0.0
0.0
0.0
0.0
0.0
0.0838301043
0.0
0.0000000000
0.0
0.0
0.0
0.1043599258
0.0227272727
0.0
0.0
0.0
0.0
0.0
0.0
0.0
0.0
0.0
0.0
0.0
0.0000000000
0.0
0.0
0.0700498132
0.0
0.0
0.0795454545
0.0
0.0
0.0838301043
0.0
0.0
0.0
0.0
0.0
0.0000000000
0.0
0.0
0.0000000000
0.0
0.0
0.0000000000
0.0
0.0
0.0
0.0
0.0811688312
0.0866718028
0.0506198347
0.0
0.0
0.0000000000
0.0
0.0
0.0506198347
0.0454545455
0.0
0.1382063882
0.0
0.0
0.0
0.0
0.0696022727
0.0
0.0
0.0
0.0000000000
0.1088007737
0.0000000000
0.0
0.0227272727
0.0506198347
0.0
0.0795454545
0.0
0.0
0.0000000000
0.0227272727
0.0838301043
0.1043599258
0.0303030303
0.0838301043
0.0
0.0
0.0303030303
0.0000000000
0.0000000000
0.0506198347
0.1189217759
0.0227272727
0.0
0.0000000000
0.1088007737
0.0811688312
0.0000000000
0.0000000000
