0.0
0.0
0.0
0.0
0.0
0.0
0.0
0.1944932391
0.0
0.0
0.0
0.0
0.0
0.0
0.0
0.0
0.0
0.0
0.0
0.0
0.1362465659
0.0
0.0
0.1629865462
0.0
0.0
0.0
0.0
0.0
0.0
0.0
0.1981768232
0.1334660238
0.1499102617
0.0
0.0
0.0
0.1101445922
0.0
0.0
0.0
0.0
0.0
0.0
0.0
0.2235841082
0.0
0.0
0.0
0.0
0.0
0.0
0.0
0.1715366601
0.0
0.0
0.0
0.1655654472
0.0
0.1634958791
0.0
0.1304705270
0.0
0.1966867719
0.1609805579
0.1902497502
0.0000000000
0.0
0.1848716654
0.0
0.1861874780
0.1822950569
0.1791735662
0.0
0.0
0.1888761058
0.2325274725
0.1494819466
0.0
0.0
0.0
0.0000000000
0.1624803768
0.0
0.1453296703
0.2216893276
0.1351903910
0.0
0.2245436966
0.1829324522
0.0
0.1855272387
0.1547889980
0.2207539296
0.0
0.1693161208
0.0146520147
0.1149861128
0.2170899640
0.1529786003
0.2235841082
0.0
0.2161928980
0.1285471285
0.0
0.0
0.0
0.1272960616
0.0
0.0
0.2035746355
0.1693161208
0.0
0.2035746355
0.1525325986
0.0
0.1645241551
0.0000000000
0.0
0.1693161208
0.1101445922
0.0
0.0
0.2027855865
0.0146520147
0.1595081748
0.1767523018
0.1461415679
0.1660910518
0.1402645612
0.1575863895
0.1525325986
0.1465509281
0.2092747253
0.1417850442
0.1516483516
0.1959501173
0.0000000000
0.0219780220
0.0000000000
0.1010013153
0.1755660447
0.1738162170
0.0000000000
0.2092747253
0.0
0.1888761058
0.1655654472
0.0000000000
0.0
0.1272960616
0.0000000000
0.0
0.0109890110
0.0000000000
0.0109890110
0.1162637363
0.0000000000
0.0000000000
0.0000000000
0.1738162170
0.0000000000
0.1417850442
0.0000000000
0.0000000000
0.1761571762
0.0000000000
0.0000000000
