0.0
0.0
0.0
0.0
0.1464223304
0.0
0.1753489415
0.0
0.0
0.1362283707
0.0
0.1444569300
0.0
0.1316457649
0.0
0.1476780965
0.1064231524
0.1155655440
0.0
0.1573973131
0.0982834820
0.0045871560
0.0
0.0
0.0
0.1253221693
0.1082972708
0.1397667699
0.1446997147
0.1388650488
0.0
0.0
0.1554085384
0.1375340739
0.1542944987
0.1446997147
0.1318473664
0.1037305184
0.0772857543
0.0
0.0
0.1691479966
0.1362283707
0.1077551067
0.0
0.1388650488
0.1021308781
0.1310446427
0.0850754252
0.1129873101
0.1275501189
0.1279291683
0.1302516343
0.1237016240
0.1416058064
0.1430171599
0.1273614353
0.1725377360
0.1023737578
0.1537434469
0.0
0.1151020458
0.0000000000
0.1521136577
0.0
0.1406802782
0.0
0.1486983252
0.1338978698
0.1157208740
0.1430171599
0.1360131600
0.1328647072
0.1377541284
0.1161893796
0.1439737964
0.1172974527
0.1189175833
0.1052522375
0.1077551067
0.1221224543
0.1537434469
0.1312444059
0.0
0.1425435932
0.1209218122
0.1537434469
0.0876744707
0.0957689992
0.0000000000
0.1597334513
0.0
0.0689874441
0.1125442226
0.1157208740
0.1189175833
0.0000000000
0.1286940662
0.0985083870
0.1294681658
0.1080255085
0.1182641899
0.1087074877
0.1255048546
0.1034811662
0.1565387823
0.0
0.1037305184
0.1360131600
0.0
0.1119588170
0.1161893796
0.0000000000
0.1020098700
0.0000000000
0.1237016240
0.1017687119
0.1105216050
0.0000000000
0.1209218122
0.1015286914
0.0000000000
0.0000000000
0.0000000000
0.0000000000
0.1190820612
0.0061162080
0.1237016240
0.1334826826
0.0978367389
0.0
0.0
0.0000000000
0.0000000000
0.1420731523
0.0000000000
0.1204144479
0.0969553269
0.0000000000
0.1181019620
0.1080255085
0.1411415250
0.1033569391
0.0
0.1260561205
0.1411415250
0.0000000000
0.0000000000
0.1240581128
0.1116683921
0.0000000000
0.1360131600
0.0850754252
0.1166616941
0.0840784475
0.0891266359
0.0000000000
0.0000000000
0.1119588170
0.0000000000
0.1283104773
0.0000000000
0.0000000000
0.0091743119
0.1195782365
0.0957689992
0.0000000000
0.1010520308
0.0791326565
0.1237016240
0.0
0.0
0.0000000000
0.0000000000
0.0000000000
0.0000000000
0.0
0.1166616941
0.1069519631
0.0
0.1273614353
0.0000000000
0.0000000000
0.0000000000
0.0000000000
0.0045871560
0.0045871560
0.0831848602
0.0000000000
0.0000000000
0.0091743119
0.1141861144
0.0045871560
0.0000000000
0.1281195391
0.0000000000
0.1055102087
0.1077551067
0.0000000000
0.0924772613
0.0000000000
0.0000000000
0.0061162080
0.0
0.0045871560
0.0000000000
0.0000000000
0.0000000000
0.1105216050
0.0061162080
0.0000000000
0.0908189138
0.0
0.0000000000
0.0000000000
0.0831848602
0.0061162080
0.0000000000
0.0904373217
0.0880330575
0.0000000000
0.0795714698
0.1165038299
0.0000000000
0.0000000000
0.0045871560
0.0000000000
0.0000000000
0.0622083311
0.1091208242
0.0000000000
0.0000000000
0.0
0.0928763002
0.0000000000
0.0000000000
0.0000000000
0.0000000000
0.0772857543
0.0000000000
0.0000000000
0.0000000000
0.0000000000
0.0000000000
0.0706866423
0.0000000000
0.1087074877
0.0000000000
0.0000000000
0.0000000000
0.0846571586
0.0000000000
0.0000000000
0.0000000000
0.0000000000
