0.0
0.0
0.0
0.0
0.0
0.0
0.0
0.0
0.0
0.0
0.0
0.0
0.0
0.0
0.0
0.0
0.0
0.0
0.0
0.0
0.0
0.0
0.0
0.0
0.0
0.0
0.0
0.0
0.0
0.0
0.0
0.0
0.0
0.0
0.0
0.0
0.0
0.0
0.0
0.0
0.0
0.0
0.0
0.0
0.0
0.0
0.0
0.0
0.0
0.0
0.0
0.0
0.0
0.0
0.0
0.0
0.0
0.0
0.0
0.0
0.1413818182
0.0
0.0
0.0
0.0
0.0
0.0
0.0
0.0
0.0
0.0
0.0
0.0
0.0
0.0
0.1775342466
0.0
0.0
0.0
0.1783486239
0.0
0.0
0.0
0.0
0.0
0.0
0.0000000000
0.0
0.0
0.0
0.0
0.2079144385
0.0
0.0
0.0
0.0
0.0
0.0
0.0
0.0
0.0
0.0
0.0
0.0
0.0
0.0
0.0
0.1373851590
0.0
0.2113043478
0.0
0.0
0.0
0.0
0.0
0.0
0.0000000000
0.0
0.1606611570
0.1690434783
0.0
0.0133333333
0.0
0.0
0.0
0.0
0.0
0.0
0.0
0.0
0.0
0.0
0.0
0.1495384615
0.0
0.0
0.0
0.2014507772
0.1506976744
0.2663013699
0.0
0.1720353982
0.0
0.0
0.0
0.0
0.0
0.0
0.0
0.0
0.0266666667
0.0
0.1606611570
0.0
0.0
0.1600000000
0.1683116883
0.1783486239
0.1456179775
0.2356363636
0.0
0.2035602094
0.1501158301
0.0133333333
0.1542857143
0.0
0.0
0.0177777778
0.0
0.0
0.0
0.1751351351
0.1800000000
0.1226498423
0.0
0.2046315789
0.1712775330
0.2148066298
0.0
0.0133333333
0.0
0.0
0.2068085106
0.1675862069
0.1593442623
0.0
0.2184269663
0.0000000000
0.2057142857
0.0000000000
0.1373851590
0.0000000000
0.1483969466
0.0
0.0
0.0
0.1317966102
0.1373851590
0.1383629893
0.0
0.0
0.0
0.0133333333
0.0
0.1164071856
0.1561445783
0.1413818182
0.1896585366
0.0
0.0000000000
0.1123699422
0.1287417219
0.1654468085
0.1309090909
0.1472727273
0.1759276018
0.0133333333
0.1274754098
0.1246153846
0.0
0.0000000000
0.0
0.1373851590
0.1418978102
0.0133333333
0.0177777778
0.1317966102
0.1326962457
0.1640506329
0.0000000000
0.0000000000
0.0000000000
0.0000000000
0.0000000000
