0.0
0.0
0.0
0.0
0.0
0.0
0.0824407539
0.0
0.0
0.0
0.0
0.0
0.0
0.0
0.0
0.0730368656
0.0
0.0
0.0
0.0
0.0
0.0
0.0
0.0
0.0
0.0
0.0
0.0
0.0
0.0000000000
0.0
0.1005690872
0.0
0.0
0.0
0.0
0.0846198046
0.0000000000
0.0000000000
0.0
0.0817391304
0.0000000000
0.0
0.0664660749
0.0260869565
0.0
0.0
0.0
0.0
0.0547256286
0.0
0.0
0.0735965351
0.0
0.0086956522
0.0
0.0790481303
0.0000000000
0.0
0.0
0.0
0.0
0.0
0.0
0.0
0.0
0.0
0.0000000000
0.0
0.0
0.0347826087
0.0411321106
0.0735965351
0.0
0.0086956522
0.0
0.0509514474
0.0
0.0000000000
0.0
0.0698498024
0.1097639752
0.0853719807
0.0488770882
0.0965261088
0.0625690412
0.0
0.0975060693
0.0260869565
0.0260869565
0.0
0.0
0.0
0.0
0.0
0.0
0.0000000000
0.0086956522
0.0
0.0
0.0
0.0000000000
0.0498927160
0.0000000000
0.0
0.0000000000
0.0
0.0
0.0
0.0838807670
0.0456263555
0.0184143223
0.1073111489
0.0553564716
0.0594696460
0.0803711115
0.0846198046
0.0000000000
0.0086956522
0.0
0.0
0.0000000000
0.0086956522
0.0573393900
0.0
0.0605952544
0.0651142225
0.0
0.0
0.0000000000
0.0
0.0846198046
0.0086956522
0.0
0.0086956522
0.0629793300
0.0566628190
0.0
0.0086956522
0.0693454717
0.0708807958
0.0623658950
0.0184143223
0.0000000000
0.0130434783
0.0
0.0086956522
0.0
0.0673989321
0.0633950352
0.0000000000
0.0000000000
0.0693454717
0.0000000000
0.0
0.0000000000
0.0000000000
0.0831545266
0.0000000000
0.0184143223
0.0550392426
0.0
0.0000000000
0.0853719807
0.0086956522
0.0000000000
0.0000000000
0.0000000000
0.0
0.0733156323
0.0
0.0086956522
0.0621640636
0.0
0.0000000000
0.0000000000
0.0000000000
0.0130434783
0.0853719807
0.0693454717
0.0000000000
0.0000000000
0.0000000000
0.0000000000
0.0195652174
0.0000000000
0.0703615225
0.0195652174
0.0000000000
0.0086956522
0.0
0.0673989321
0.0000000000
0.0000000000
0.0000000000
0.0000000000
0.0000000000
0.0000000000
0.0000000000
0.0000000000
0.0000000000
0.0000000000
0.0000000000
