0.0
0.0
0.0
0.0
0.0
0.0
0.0
0.0
0.0
0.0000000000
0.0
0.0
0.0
0.0
0.0
0.0000000000
0.0
0.0
0.0000000000
0.0
0.0
0.0
0.0
0.0
0.0000000000
0.0
0.0000000000
0.0
0.0
0.0
0.0200000000
0.0200000000
0.0
0.0
0.0
0.0
0.0
0.0
0.0
0.0
0.0
0.0
0.0
0.0000000000
0.0
0.0
0.0000000000
0.0
0.0
0.0200000000
0.0
0.0
0.0300000000
0.0
0.0
0.0
0.0
0.0
0.0
0.0
0.0
0.0000000000
0.0
0.0
0.0000000000
0.0
0.0
0.0
0.0
0.0300000000
0.0200000000
0.0450000000
0.0
0.0
0.0533333333
0.0
0.0
0.0000000000
0.0457142857
0.0
0.0200000000
0.0
0.0
0.0
0.0
0.0450000000
0.0
0.0
0.0
0.0
0.0
0.0450000000
0.0
0.0
0.0300000000
0.0
0.0320000000
0.0
0.0
0.0
0.0000000000
0.0
0.0200000000
0.0200000000
0.0000000000
0.0
0.0
0.0320000000
0.0300000000
0.0200000000
0.0457142857
0.0000000000
0.0450000000
0.0
0.0000000000
0.0300000000
0.0200000000
0.0000000000
0.0000000000
0.0000000000
0.0450000000
0.0200000000
0.0000000000
0.0000000000
0.0450000000
0.0000000000
0.0300000000
0.0000000000
0.0000000000
0.0000000000
0.0000000000
