0.0
0.0
0.0
0.0
0.1159321817
0.0
0.1370665658
0.0
0.0
0.1129688279
0.0
0.0963328017
0.0
0.1278772054
0.0
0.1188989501
0.0
0.1315918664
0.0
0.0
0.1385336391
0.0933069001
0.0
0.0
0.0
0.1175872810
0.1163789338
0.1106239316
0.1250531401
0.1218574311
0.0
0.0
0.1350238450
0.1247947658
0.1286946023
0.1260974252
0.1357318352
0.1077941701
0.1213677160
0.0
0.0
0.1400324575
0.1364472892
0.1267146853
0.0
0.1327487179
0.1383221374
0.1230991848
0.1126878109
0.1125478261
0.0830820724
0.1046805315
0.1393861538
0.0
0.1241960247
0.0
0.1183553233
0.0
0.1040792648
0.1325544989
0.0
0.0
0.1192903226
0.1016275939
0.0
0.1299870875
0.0
0.0883481229
0.1110306373
0.1262731707
0.1307373737
0.1375869400
0.1106239316
0.1361397446
0.1253993080
0.1141070529
0.0
0.0840454545
0.0868657718
0.1135350877
0.1257473976
0.1240260096
0.1311157742
0.0
0.1280579505
0.1169799871
0.1202402123
0.0
0.0922617108
0.0933069001
0.1259221682
0.0
0.1178166450
0.1087647059
0.0761033179
0.0
0.0892181192
0.1217755376
0.1208013333
0.1190551905
0.1259221682
0.1209626168
0.0873262651
0.1014568869
0.1167538660
0.1308317690
0.0
0.0909648594
0.1327487179
0.0
0.1175110246
0.1286032647
0.1121993808
0.1143230284
0.1083744019
0.1075382789
0.1292453638
0.0
0.1081157518
0.1353263630
0.1159321817
0.1198425926
0.0933549717
0.1194475939
0.0030000000
0.1260097357
0.0
0.1030142126
0.0000000000
0.1276070423
0.0
0.0
0.0
0.0020000000
0.1251395028
0.1035440000
0.1085041916
0.1171312217
0.1208013333
0.1265377095
0.1174348671
0.1243665065
0.1238564593
0.0
0.0886073350
0.1364472892
0.1253125864
0.0020000000
0.1317832727
0.1000563225
0.1197633840
0.1357318352
0.1165286174
0.1172828479
0.1207208528
0.1070933806
0.0000000000
0.0000000000
0.1120606061
0.1053500000
0.1218574311
0.0000000000
0.0020000000
0.0949198533
0.1134639950
0.0964353379
0.1226824645
0.0974204301
0.1049229878
0.1288776671
0.0
0.0
0.0737793160
0.0
0.1184326797
0.1003333333
0.0
0.1182009132
0.1112351136
0.0
0.0941309091
0.1102872794
0.1045597230
0.1269810792
0.0993432018
0.1103544458
0.1254861496
0.0
0.0939357180
0.1118530864
0.1126177750
0.1305489914
0.1123384997
0.0955706751
0.1254861496
0.1025478212
0.1057805020
0.1327487179
0.1132512500
0.0
0.0
0.1051055684
0.1235187457
0.0
0.1096864407
0.0955202952
0.0
0.1218574311
0.0
0.0989634080
0.1004445676
0.1250531401
0.0
0.1001116022
0.0859184448
0.1136062696
0.1034848658
0.1060901639
0.0
0.1205602129
0.0000000000
0.1197633840
0.1253993080
0.0026666667
0.0
0.1185876963
0.0045000000
0.0000000000
0.1088300300
0.1354275037
0.1010607920
0.1224337838
0.0
0.1393861538
0.1169045161
0.1010044593
0.0
0.0
0.1191334648
0.0
0.1216120805
0.0000000000
0.0040000000
0.0000000000
0.1107591687
0.0865752508
0.1179700521
0.0020000000
0.1168291425
0.1141789540
0.0874949300
0.0000000000
0.1086994601
0.1212053512
0.0814391011
0.0752187630
0.1226824645
0.1075382789
0.1309263006
0.0000000000
0.0
0.0000000000
0.0973680817
0.1010044593
0.1038406877
0.1040195178
0.1115089231
0.1077300832
0.0020000000
0.0000000000
0.0778693597
0.1352253731
0.0919807107
0.1077300832
0.0
0.0
0.1202402123
0.0000000000
0.0808576528
0.0
0.0933069001
0.1113034398
0.1013434004
0.0020000000
0.1246231087
0.1047410405
0.0
0.0020000000
0.0040000000
0.1239411765
0.0
0.0898819444
0.1050446377
0.0956211082
0.1096864407
0.1073471564
0.1121299505
0.0000000000
0.0948701571
0.1217755376
0.0000000000
0.0990716238
0.1037812142
0.0020000000
0.0945730689
0.0980000000
0.1182780679
0.0026666667
0.0934512635
0.0000000000
0.1002778085
0.1190551905
0.0000000000
0.0
0.0000000000
0.1211243316
0.0
0.1001669431
0.1028972175
0.1149029803
0.1048622685
0.1088300300
0.0886940773
0.0
0.0000000000
0.0040000000
0.0825521640
0.0726260521
0.0000000000
0.1051665699
0.0000000000
0.1020856338
0.1203200531
0.0000000000
0.1036624714
0.1003333333
0.1165286174
0.0000000000
0.1108947368
0.1131805122
0.1225994587
0.1012867524
0.0040000000
0.0
0.1003889197
0.0914699647
0.0000000000
0.0
0.0930672830
0.1166786864
0.0914699647
0.0000000000
0.0999459459
0.1031314741
0.1126177750
0.0955202952
0.0737793160
0.0020000000
0.0026666667
0.1046200924
0.0000000000
0.0
0.0996710671
0.1138918919
0.0851113199
0.0000000000
0.0951691176
0.1084392579
0.0000000000
0.1237718579
0.0825145719
0.0000000000
0.1010607920
0.0000000000
0.0000000000
0.0861226236
0.1113034398
0.0000000000
0.1095538089
0.0814391011
0.0000000000
0.0894824691
0.0883912195
0.0000000000
0.0800362191
0.0870744834
0.1135350877
0.0000000000
0.0820289724
0.0000000000
0.0000000000
0.0000000000
0.0020000000
0.0000000000
0.0000000000
0.0000000000
0.0020000000
0.1154888464
0.0880904229
0.0026666667
0.1200808482
0.0902850025
0.0880048567
0.1120606061
0.0000000000
0.0000000000
0.0922617108
0.0000000000
0.0
0.0000000000
0.0800362191
0.1260097357
0.0000000000
0.0000000000
0.0026666667
0.0860817102
0.1020856338
0.1188209836
0.0893941786
0.0935960744
0.0000000000
0.0891303492
0.0883912195
0.0026666667
0.0020000000
0.0000000000
0.0000000000
0.0000000000
0.0000000000
0.0040000000
0.0
0.0
0.0000000000
0.0000000000
0.0000000000
0.0000000000
0.0000000000
0.1077300832
0.1024318824
0.0999459459
0.0000000000
0.0026666667
0.0045000000
0.0020000000
0.0020000000
0.0843192182
0.0000000000
0.0020000000
0.1146848101
0.0900158967
0.0000000000
0.0907371057
0.0000000000
0.0798246696
0.0000000000
0.1124081886
0.1117151665
0.1108269113
0.0798246696
0.0000000000
0.0000000000
0.0000000000
0.0838509949
0.0020000000
0.0000000000
0.0000000000
0.0798246696
0.0000000000
0.0000000000
0.0026666667
0.0873262651
0.0000000000
0.0000000000
0.0000000000
0.0000000000
0.0020000000
0.0000000000
0.0000000000
0.0000000000
0.0000000000
0.0020000000
0.0000000000
0.0994522503
0.0000000000
0.0000000000
0.0000000000
0.0976830189
0.0000000000
0.0000000000
0.0000000000
0.0000000000
0.0000000000
0.0000000000
0.0000000000
0.0000000000
0.0000000000
0.1027222222
0.0000000000
0.0000000000
0.0000000000
0.0020000000
0.0000000000
0.0000000000
0.0000000000
0.0000000000
0.0026666667
0.0000000000
0.0000000000
0.0000000000
0.0000000000
0.0000000000
0.0991258206
0.0000000000
0.0000000000
0.0000000000
0.0000000000
0.0000000000
0.0000000000
0.0020000000
0.0000000000
0.0000000000
0.0000000000
0.0026666667
0.0000000000
0.0858777251
0.0020000000
0.0000000000
0.0000000000
0.0000000000
0.0020000000
0.0000000000
0.0000000000
0.0000000000
0.0000000000
0.0000000000
0.0000000000
0.0000000000
0.0000000000
0.0000000000
0.0000000000
0.0000000000
0.0000000000
0.0000000000
0.0000000000
0.0000000000
0.0000000000
0.0000000000
0.0000000000
0.0000000000
0.0000000000
0.0000000000
0.0000000000
0.0000000000
0.0030000000
0.0000000000
0.0000000000
0.0000000000
0.0000000000
0.0000000000
0.0000000000
0.0000000000
0.0000000000
0.0000000000
0.0000000000
0.0000000000
0.0778693597
0.0000000000
0.0000000000
0.0000000000
0.0000000000
0.0000000000
0.0000000000
0.0000000000
0.0000000000
0.0000000000
