0.0
0.0
0.0
0.0
0.1340532489
0.0
0.1314876365
0.0
0.0
0.1159532322
0.0
0.1334025050
0.0
0.1179438456
0.0
0.0995685363
0.0203562341
0.1266401660
0.0
0.1431297710
0.0076335878
0.0000000000
0.0
0.0
0.0
0.1215969736
0.0957523207
0.1243480363
0.0947617794
0.1040943789
0.0
0.0
0.1237879100
0.1423881660
0.1254836348
0.1402087553
0.1200040001
0.1210613041
0.0152671756
0.0
0.0
0.1477468604
0.1094857212
0.0152671756
0.0
0.0076335878
0.0000000000
0.1094857212
0.0076335878
0.1121670042
0.1037015699
0.0135708227
0.0152671756
0.0710101189
0.1254836348
0.0101781170
0.0820325852
0.1655476869
0.0000000000
0.0000000000
0.0
0.1014055942
0.0000000000
0.1094857212
0.0
0.1090512541
0.0
0.1126267050
0.1081925828
0.1037015699
0.1221374046
0.0934725035
0.0076335878
0.1194822436
0.0992090831
0.1266401660
0.0101781170
0.0906960925
0.0763358779
0.0101781170
0.1215969736
0.0909964107
0.0787418797
0.0
0.0000000000
0.1014055942
0.1179438456
0.0101781170
0.1145038168
0.0000000000
0.1130901894
0.0
0.0101781170
0.0957523207
0.0000000000
0.1040943789
0.0152671756
0.1121670042
0.0000000000
0.0954198473
0.0000000000
0.0000000000
0.0000000000
0.0912987244
0.0837832806
0.1477468604
0.0076335878
0.0152671756
0.1040943789
0.0244274809
0.0950896748
0.0000000000
0.0000000000
0.0000000000
0.0000000000
0.0000000000
0.0152671756
0.0000000000
0.0000000000
0.0000000000
0.0000000000
0.0101781170
0.0000000000
0.0000000000
0.0000000000
0.0101781170
0.0000000000
0.0000000000
0.0000000000
0.0848176421
0.0000000000
0.0000000000
0.0000000000
0.0000000000
0.0000000000
0.0000000000
0.0000000000
0.0076335878
0.0000000000
0.0000000000
0.0076335878
0.0000000000
0.0877984538
0.0101781170
0.1094857212
0.0850802354
0.0000000000
0.0000000000
0.0000000000
0.0000000000
0.0000000000
0.0000000000
0.0000000000
0.0000000000
0.0076335878
0.0000000000
