0.0
0.0
0.0
0.0
0.0
0.0
0.0
0.0
0.0
0.0
0.0
0.0
0.0
0.0
0.0
0.0
0.0
0.0
0.0
0.0
0.0
0.0
0.0
0.0
0.0
0.0
0.0
0.0
0.0
0.0
0.0
0.0
0.0
0.0
0.0
0.0
0.0
0.0
0.0
0.0
0.0
0.0
0.0
0.0
0.0
0.0
0.0
0.0
0.0
0.0
0.0
0.0
0.0578587456
0.0
0.0
0.0
0.0
0.0
0.0
0.0
0.0
0.0677976712
0.0
0.0
0.0
0.0
0.0
0.0
0.0
0.0
0.0
0.0
0.0
0.0
0.0
0.0
0.0
0.0
0.0
0.0
0.0
0.0
0.0
0.0
0.0
0.0000000000
0.0
0.0
0.0
0.0
0.0
0.0
0.0
0.0
0.0
0.0
0.0566718995
0.0
0.0
0.0
0.0
0.0
0.0
0.0
0.0
0.0
0.0
0.0
0.0
0.0
0.0
0.0068027211
0.0
0.0
0.0
0.0
0.0
0.0
0.0
0.0
0.0789358601
0.0
0.0403321913
0.0
0.0587820234
0.0
0.0000000000
0.0
0.0731855656
0.0
0.0
0.0
0.0
0.0
0.0
0.0
0.0495561453
0.0
0.0136054422
0.0
0.0
0.0581632653
0.0
0.0
0.0
0.0
0.0495561453
0.0
0.0
0.0
0.0068027211
0.0552551020
0.0
0.0
0.0
0.0
0.0
0.0
0.0000000000
0.0516402823
0.0
0.0000000000
0.0
0.0
0.0
0.0
0.0
0.0
0.0497793712
0.0
0.0
0.0
0.0
0.0
0.0
0.0
0.0
0.0
0.0
0.0
0.0
0.0
0.0
0.0
0.0
0.0
0.0
0.0734287070
0.0000000000
0.0
0.0
0.0
0.0090702948
0.0
0.0
0.0
0.0
0.0000000000
0.0
0.0
0.0
0.0212585034
0.0
0.0
0.0
0.0
0.0
0.0
0.0
0.0000000000
0.0
0.0
0.0
0.0655846908
0.0
0.0
0.0449228472
0.0
0.0136054422
0.0000000000
0.0068027211
0.0181405896
0.0382388249
0.0764776499
0.0421794672
0.0690688776
0.0090702948
0.0000000000
0.0
0.0
0.0812575030
0.0000000000
0.0502319109
0.0
0.0
0.0541716687
0.0000000000
0.0
0.0000000000
0.0514000949
0.0
0.0000000000
0.0
0.0000000000
0.0
0.0541716687
0.0121477162
0.0136054422
0.0533865720
0.0000000000
0.0348612631
0.0
0.0
0.0620843843
0.0000000000
0.0677976712
0.0068027211
0.0
0.0000000000
0.0068027211
0.0624351435
0.0511621315
0.0
0.0722288916
0.0
0.0
0.0
0.0
0.0
0.0
0.0
0.0552551020
0.0
0.0
0.0677976712
0.0068027211
0.0
0.0456653736
0.0
0.0
0.0188964475
0.0113378685
0.0000000000
0.0
0.0000000000
0.0170068027
0.0000000000
0.0212585034
0.0
0.0000000000
0.0
0.0
0.0
0.0464328589
0.0000000000
0.0000000000
0.0
0.0
0.0068027211
0.0590963658
0.0
0.0068027211
0.0
0.0154607297
0.0000000000
0.0511621315
0.0677976712
0.0587820234
0.0000000000
0.0
0.0
0.0
0.0000000000
0.0
0.0
0.0068027211
0.0000000000
0.0068027211
0.0000000000
0.0348612631
0.0
0.0154607297
0.0
0.0090702948
0.0000000000
0.0442040816
0.0000000000
0.0425039246
0.0626120136
0.0000000000
0.0415451895
0.0403321913
0.0141723356
0.0
0.0382388249
0.0476337087
0.0000000000
0.0566718995
0.0217687075
0.0425039246
0.0000000000
0.0000000000
0.0536457301
0.0
0.0000000000
0.0
0.0000000000
0.0
0.0188964475
0.0
0.0603880897
0.0
0.0578587456
0.0686398783
0.0000000000
0.0090702948
0.0425039246
0.0136054422
0.0000000000
0.0642501187
0.0000000000
0.0113378685
0.0068027211
0.0141723356
0.0506927542
0.0000000000
0.0068027211
0.0000000000
0.0456653736
0.0000000000
0.0000000000
0.0120937264
0.0000000000
0.0000000000
0.0000000000
0.0000000000
0.0000000000
0.0000000000
0.0
0.0000000000
0.0000000000
0.0000000000
0.0000000000
0.0000000000
0.0000000000
