0.0
0.0
0.0
0.0
0.0
0.0
0.0
0.0
0.0
0.0
0.0
0.0
0.0
0.0
0.0
0.0
0.0
0.0
0.0
0.0
0.0
0.0
0.0
0.0
0.0
0.0
0.0
0.0
0.0
0.0776257380
0.0
0.1108745243
0.0
0.0
0.0
0.0
0.0
0.0860518696
0.0
0.0
0.1108745243
0.0
0.0
0.0
0.0848431143
0.0
0.0
0.0
0.0
0.1201140680
0.0
0.0
0.1118522538
0.0
0.1218448183
0.0
0.0
0.0
0.0
0.0
0.0
0.0
0.0
0.0
0.0
0.0
0.0
0.0
0.0
0.0
0.1283810282
0.1097235777
0.1087825522
0.0
0.0952255674
0.0
0.1047402608
0.0
0.0806873129
0.0
0.0
0.1017164842
0.0
0.0
0.1107776907
0.1257090742
0.0
0.0918468181
0.0
0.1028714159
0.0
0.0
0.0
0.0
0.0
0.0
0.0000000000
0.0833380130
0.0
0.0
0.0
0.0970470205
0.0688601823
0.0787828918
0.0
0.0
0.0
0.0
0.0
0.1235057993
0.0934023975
0.0
0.0932650411
0.1024559417
0.1119509760
0.1024559417
0.0
0.0
0.0
0.0
0.0
0.0
0.1025387679
0.1131493808
0.0
0.0956564524
0.0
0.0
0.0
0.0
0.0
0.0
0.0
0.0
0.0
0.0943753392
0.1074919117
0.0
0.0
0.1314408869
0.0
0.0
0.0931280880
0.0
0.1076744107
0.0
0.0028490028
0.0
0.1099137399
0.1032062293
0.0056980057
0.0
0.0
0.0
0.0
0.1216111753
0.1034587731
0.0
0.1059652931
0.1144769457
0.0
0.0
0.1212623861
0.0
0.1033744546
0.0931965142
0.0000000000
0.0
0.0
0.1045675646
0.0
0.0955843676
0.0
0.0
0.1002691351
0.0989395131
0.0
0.0
0.0883905616
0.0844477070
0.0859935294
0.0
0.1050003774
0.0000000000
0.0981737274
0.0
0.0
0.1079493241
0.1012294141
0.1243533881
0.0
0.1218448183
0.1179911217
0.0
0.0
0.0899577701
0.0902136955
0.0928553849
0.0
0.0
0.1337979492
0.1087825522
0.0
0.1116553308
0.0888238486
0.0
0.0
0.0
0.0000000000
0.0
0.0921136208
0.0
0.0
0.0
0.0037986705
0.0
0.0
0.0
0.0000000000
0.0
0.0
0.0867581777
0.0028490028
0.0000000000
0.0
0.1099137399
0.0
0.0766870954
0.0
0.0997173395
0.0
0.1001108570
0.0
0.1043954369
0.0829564786
0.0872355267
0.1036278234
0.0000000000
0.0
0.1229074185
0.1135545710
0.0
0.0
0.0000000000
0.1265872813
0.0825784218
0.0
0.0867581777
0.0
0.1100090684
0.1102002223
0.0
0.0
0.0
0.0
0.1103920416
0.0
0.1319879873
0.0879005238
0.0992491830
0.0933336688
0.0056980057
0.0
0.1094395650
0.0037986705
0.0833928046
0.0
0.0000000000
0.0
0.0
0.0091168091
0.0
0.0656184459
0.1050873702
0.1204562734
0.0904710812
0.1057003799
0.0818325522
0.0874158896
0.0744805965
0.0728131205
0.0960185131
0.1154144275
0.1120498727
0.0888860938
0.0
0.0
0.1353686829
0.0000000000
0.0
0.0
0.0
0.0909250580
0.0879614812
0.0
0.0
0.0931965142
0.0990167493
0.1048268230
0.0
0.0
0.1012294141
0.0946570566
0.0891359493
0.0
0.0
0.0
0.0
0.0
0.0
0.0655506232
0.1062315376
0.0
0.1036278234
0.1179911217
0.0944456112
0.1102960486
0.0
0.0000000000
0.0
0.1166885518
0.1076744107
0.0028490028
0.0000000000
0.1202279202
0.0963833251
0.1057885370
0.0965300273
0.1119509760
0.1130485346
0.0952255674
0.0
0.0028490028
0.1122481910
0.1129478681
0.0877181576
0.0968987440
0.0903422050
0.1060538928
0.1009876241
0.0
0.1122481910
0.0891359493
0.1042238750
0.1050003774
0.0
0.0893872134
0.0028490028
0.0
0.0050648940
0.1040528760
0.0
0.0
0.0000000000
0.0
0.0919133738
0.0
0.0
0.1022906902
0.0000000000
0.0965300273
0.0000000000
0.0
0.0836126934
0.0
0.0000000000
0.0
0.0767799369
0.0000000000
0.0
0.0028490028
0.0000000000
0.0902779045
0.0
0.0037986705
0.0976446927
0.0650463876
0.0028490028
0.0000000000
0.0028490028
0.0028490028
0.0587224333
0.0000000000
0.0903422050
0.0000000000
0.0000000000
0.0802279923
0.0808931479
0.0000000000
0.0928553849
0.0713388391
0.0732335195
0.1026217280
0.0
0.0735306990
0.0952971118
0.0591882668
0.1118522538
0.0947277489
0.0000000000
0.0915154804
0.0075973409
0.0
0.0980219906
0.0808415907
0.0
0.0
0.0987085259
0.0684514063
0.0000000000
0.0
0.1050003774
0.0
0.0000000000
0.0000000000
0.0000000000
0.0903422050
0.0765944782
0.0000000000
0.0000000000
0.0878396509
0.0729387325
0.0000000000
0.1120498727
0.0000000000
0.0028490028
0.0000000000
0.1021259709
0.0000000000
0.0936783278
0.0696925582
0.1156248458
0.0768730035
0.0028490028
0.0000000000
0.0818325522
0.0825784218
0.0000000000
0.0786851463
0.0855873521
0.0000000000
0.0000000000
0.0028490028
0.1025387679
0.0000000000
0.0
0.1095340724
0.0776732736
0.0952971118
0.0743932292
0.0931965142
0.1172277780
0.0028490028
0.0028490028
0.0708210250
0.0894502509
0.1138603733
0.0000000000
0.0
0.0000000000
0.0000000000
0.0000000000
0.0902136955
0.0000000000
0.0894502509
0.0000000000
0.0000000000
0.0915815566
0.0681937935
0.0000000000
0.0056980057
0.0772005209
0.0000000000
0.0000000000
0.0056980057
0.0028490028
0.1031223218
0.1027880517
0.0921805638
0.0000000000
0.0000000000
0.0912521265
0.0797237309
0.0000000000
0.0000000000
0.0000000000
0.0000000000
0.0000000000
0.0000000000
0.0000000000
0.0883290082
0.0786851463
0.0893242647
0.0888860938
0.0894502509
0.0037986705
0.0785389819
0.0000000000
0.0028490028
0.0000000000
0.0000000000
0.0028490028
0.0000000000
0.0000000000
0.0000000000
0.0000000000
0.0000000000
0.0000000000
0.0000000000
0.0000000000
0.0000000000
0.0000000000
0.0000000000
0.0000000000
0.0000000000
0.0000000000
0.0000000000
0.0663044725
0.0000000000
0.0000000000
0.0000000000
0.0000000000
0.0028490028
0.0000000000
0.0000000000
0.0794739698
0.0000000000
0.0000000000
0.0000000000
0.0000000000
0.0000000000
0.0807386734
0.0000000000
0.0000000000
0.0000000000
0.0000000000
0.0000000000
0.0000000000
0.0000000000
0.0000000000
0.0000000000
0.0000000000
0.0000000000
0.0000000000
0.0000000000
0.0000000000
0.0000000000
0.0000000000
0.0000000000
0.0618130876
0.0000000000
0.0000000000
0.0000000000
0.0000000000
0.0000000000
0.0000000000
0.0000000000
