0.0
0.0
0.0
0.0
0.0
0.0
0.0
0.0
0.0
0.0
0.0
0.0
0.0
0.0
0.0
0.0
0.0
0.0
0.0
0.0
0.0
0.0
0.0
0.0
0.0
0.0
0.0
0.0
0.0
0.0
0.0
0.0162601626
0.0
0.0
0.0
0.0
0.0
0.0
0.0
0.0
0.0
0.0
0.0
0.0121951220
0.0
0.0
0.0
0.0
0.0
0.0
0.0
0.0
0.0000000000
0.0
0.0
0.0
0.0
0.0
0.0
0.0
0.0
0.0487804878
0.0
0.0
0.0390243902
0.0
0.0
0.0
0.0
0.0
0.0435109907
0.0
0.0
0.0
0.0
0.0
0.0
0.0
0.0538267452
0.0
0.0
0.0
0.0
0.0
0.0
0.0121951220
0.0
0.0
0.0
0.0
0.0
0.0000000000
0.0
0.0
0.0
0.0
0.0000000000
0.0
0.0
0.0
0.0000000000
0.0
0.0343071563
0.0
0.0
0.0
0.0
0.0
0.0
0.0
0.0693766938
0.0578139115
0.0
0.0
0.0
0.0
0.0
0.0
0.0
0.0
0.0000000000
0.0
0.0526028395
0.0577768892
0.0559427023
0.0363339200
0.0000000000
0.0
0.0121951220
0.0
0.0
0.0
0.0
0.0726035167
0.0274390244
0.0
0.0274390244
0.0
0.0749870265
0.0
0.0
0.0821566110
0.0457713019
0.0618314078
0.0
0.0
0.0000000000
0.0162601626
0.0
0.0
0.0526028395
0.0000000000
0.0589047400
0.0
0.0
0.0
0.0
0.0
0.0410783055
0.0600375235
0.0
0.0162601626
0.0
0.0
0.0
0.0
0.0
0.0
0.0000000000
0.0
0.0
0.0
0.0182926829
0.0487804878
0.0
0.0
0.0
0.0
0.0691056911
0.0
0.0
0.0749870265
0.0
0.0000000000
0.0482793184
0.0243902439
0.0
0.0480300188
0.0182926829
0.0000000000
0.0
0.0424625331
0.0000000000
0.0
0.0000000000
0.0
0.0121951220
0.0000000000
0.0000000000
0.0
0.0243902439
0.0000000000
0.0000000000
0.0
0.0
0.0121951220
0.0000000000
0.0000000000
0.0495547813
0.0000000000
0.0000000000
0.0390243902
0.0
0.0424625331
0.0000000000
0.0000000000
0.0637132902
0.0589047400
0.0424625331
0.0121951220
0.0000000000
0.0121951220
0.0000000000
0.0496392992
0.0000000000
0.0000000000
0.0640798226
0.0559427023
0.0162601626
0.0000000000
0.0121951220
0.0000000000
0.0000000000
