0.0
0.0
0.0
0.0
0.0
0.0
0.0000000000
0.0
0.0
0.0000000000
0.0
0.0
0.0
0.0
0.0
0.0
0.0
0.0
0.0
0.0
0.0
0.0
0.0
0.0000000000
0.0
0.0
0.0
0.0
0.0
0.0
0.0
0.0
0.0
0.0
0.0
0.0
0.0
0.0
0.0
0.0
0.0
0.0
0.0000000000
0.0
0.0
0.0
0.0
0.0
0.0
0.0
0.0
0.0
0.0000000000
0.0
0.0031948882
0.0
0.0
0.0
0.0031948882
0.0
0.0
0.0000000000
0.0
0.0
0.0
0.0000000000
0.0
0.0088473826
0.0000000000
0.0
0.0000000000
0.0092087953
0.0
0.0
0.0188433201
0.0
0.0
0.0
0.0
0.0
0.0
0.0
0.0
0.0000000000
0.0
0.0120422708
0.0
0.0
0.0
0.0
0.0
0.0
0.0000000000
0.0
0.0000000000
0.0
0.0
0.0
0.0042598509
0.0
0.0
0.0
0.0
0.0
0.0
0.0
0.0
0.0
0.0
0.0
0.0
0.0000000000
0.0
0.0
0.0
0.0
0.0
0.0000000000
0.0
0.0000000000
0.0
0.0209846064
0.0
0.0000000000
0.0
0.0042598509
0.0
0.0
0.0097843450
0.0
0.0
0.0
0.0
0.0
0.0102236422
0.0063897764
0.0
0.0
0.0
0.0225200655
0.0099533055
0.0
0.0
0.0
0.0142317746
0.0
0.0181043663
0.0031948882
0.0000000000
0.0000000000
0.0000000000
0.0
0.0075730683
0.0
0.0056798012
0.0
0.0
0.0
0.0117629974
0.0
0.0
0.0169242725
0.0
0.0
0.0
0.0
0.0063897764
0.0031948882
0.0249546671
0.0
0.0000000000
0.0
0.0
0.0
0.0031948882
0.0
0.0
0.0063897764
0.0
0.0063897764
0.0
0.0000000000
0.0
0.0
0.0
0.0
0.0
0.0
0.0000000000
0.0031948882
0.0000000000
0.0128239262
0.0170394036
0.0
0.0054769512
0.0
0.0
0.0
0.0085197018
0.0
0.0129392971
0.0076113512
0.0
0.0
0.0
0.0130457934
0.0000000000
0.0031948882
0.0
0.0000000000
0.0142049644
0.0
0.0
0.0167876852
0.0031948882
0.0
0.0
0.0042598509
0.0031948882
0.0000000000
0.0
0.0
0.0
0.0
0.0
0.0000000000
0.0
0.0
0.0031948882
0.0
0.0
0.0
0.0153887114
0.0
0.0000000000
0.0
0.0000000000
0.0031948882
0.0
0.0
0.0000000000
0.0085197018
0.0
0.0
0.0
0.0219838734
0.0
0.0071884984
0.0
0.0000000000
0.0
0.0107617286
0.0092087953
0.0
0.0
0.0000000000
0.0174211827
0.0
0.0
0.0000000000
0.0
0.0088473826
0.0
0.0
0.0
0.0
0.0000000000
0.0107617286
0.0000000000
0.0000000000
0.0
0.0000000000
0.0056798012
0.0000000000
0.0
0.0
0.0
0.0
0.0000000000
0.0
0.0
0.0
0.0031948882
0.0071884984
0.0031948882
0.0
0.0149094782
0.0000000000
0.0085197018
0.0031948882
0.0042598509
0.0000000000
0.0000000000
0.0099533055
0.0042598509
0.0
0.0
0.0000000000
0.0133814882
0.0
0.0076113512
0.0102655423
0.0
0.0
0.0
0.0000000000
0.0
0.0095846645
0.0042598509
0.0
0.0
0.0
0.0
0.0
0.0073026016
0.0
0.0107617286
0.0071884984
0.0000000000
0.0000000000
0.0000000000
0.0000000000
0.0
0.0164879051
0.0
0.0115962608
0.0000000000
0.0
0.0074547391
0.0
0.0152731240
0.0
0.0102236422
0.0068065009
0.0
0.0031948882
0.0
0.0
0.0047923323
0.0102236422
0.0
0.0000000000
0.0195686901
0.0
0.0
0.0
0.0
0.0
0.0000000000
0.0047923323
0.0
0.0
0.0000000000
0.0000000000
0.0085197018
0.0000000000
0.0
0.0042598509
0.0
0.0
0.0031948882
0.0
0.0063897764
0.0
0.0000000000
0.0
0.0
0.0
0.0063897764
0.0
0.0
0.0000000000
0.0031948882
0.0000000000
0.0
0.0000000000
0.0000000000
0.0063897764
0.0063897764
0.0
0.0000000000
0.0031948882
0.0097843450
0.0031948882
0.0
0.0142049644
0.0130045448
0.0063897764
0.0000000000
0.0031948882
0.0071884984
0.0063897764
0.0000000000
0.0178913738
0.0
0.0
0.0
0.0000000000
0.0031948882
0.0
0.0092087953
0.0031948882
0.0
0.0073026016
0.0031948882
0.0000000000
0.0
0.0000000000
0.0
0.0071884984
0.0
0.0000000000
0.0000000000
0.0000000000
0.0000000000
0.0000000000
0.0031948882
0.0042598509
0.0031948882
0.0031948882
0.0000000000
0.0076113512
0.0042598509
0.0000000000
0.0031948882
0.0
0.0
0.0031948882
0.0130457934
0.0000000000
0.0000000000
0.0
0.0000000000
0.0
0.0000000000
0.0000000000
0.0130457934
0.0031948882
0.0042598509
0.0
0.0000000000
0.0000000000
0.0031948882
0.0000000000
0.0
0.0102655423
0.0136315229
0.0051118211
0.0000000000
0.0000000000
0.0031948882
0.0042598509
0.0
0.0000000000
0.0000000000
0.0000000000
0.0122783938
0.0063897764
0.0000000000
0.0000000000
0.0000000000
0.0000000000
0.0000000000
0.0000000000
0.0
0.0000000000
0.0000000000
0.0031948882
0.0
0.0000000000
0.0
0.0031948882
0.0000000000
0.0031948882
0.0000000000
0.0000000000
0.0000000000
0.0
0.0042598509
0.0000000000
0.0
0.0120278143
0.0
0.0000000000
0.0236749406
0.0
0.0104366347
0.0
0.0000000000
0.0042598509
0.0000000000
0.0031948882
0.0000000000
0.0
0.0000000000
0.0000000000
0.0000000000
0.0115962608
0.0042598509
0.0000000000
0.0000000000
0.0099533055
0.0000000000
0.0000000000
0.0031948882
0.0051118211
0.0159193566
0.0000000000
0.0
0.0000000000
0.0047923323
0.0054769512
0.0000000000
0.0031948882
0.0047923323
0.0000000000
0.0137809356
0.0000000000
0.0000000000
0.0000000000
0.0000000000
0.0000000000
0.0000000000
0.0129392971
0.0031948882
0.0000000000
0.0000000000
0.0000000000
0.0031948882
0.0000000000
0.0076113512
0.0000000000
0.0000000000
0.0000000000
0.0000000000
0.0000000000
0.0071884984
0.0031948882
0.0000000000
0.0000000000
0.0000000000
0.0000000000
0.0000000000
0.0000000000
0.0
0.0000000000
0.0000000000
0.0000000000
0.0000000000
0.0000000000
0.0031948882
0.0000000000
0.0000000000
0.0
0.0031948882
0.0000000000
0.0000000000
0.0000000000
0.0000000000
0.0000000000
0.0000000000
0.0000000000
0.0000000000
0.0000000000
0.0000000000
0.0000000000
0.0000000000
0.0000000000
0.0000000000
0.0000000000
0.0000000000
0.0000000000
0.0000000000
0.0000000000
