0.0
0.0
0.0
0.0
0.1902748414
0.0
0.1859504132
0.0
0.0
0.1239669421
0.0
0.1309090909
0.0
0.1859504132
0.0
0.1461038961
0.0181818182
0.1448109413
0.0
0.1778656126
0.1573426573
0.0000000000
0.0
0.1298701299
0.0
0.1759530792
0.1152368758
0.1474201474
0.0000000000
0.1422924901
0.0
0.1330376940
0.1341281669
0.1778656126
0.1410658307
0.1529311810
0.1740812379
0.1588702560
0.0242424242
0.0
0.0363636364
0.1558441558
0.1152368758
0.0000000000
0.0
0.0000000000
0.0242424242
0.0000000000
0.0000000000
0.1375095493
0.1386748844
0.0181818182
0.0000000000
0.0000000000
0.1016374929
0.0000000000
0.1177240026
0.1448109413
0.0000000000
0.0000000000
0.0000000000
0.0000000000
0.0000000000
0.0000000000
0.0974025974
0.1448109413
0.0000000000
0.0000000000
0.0000000000
0.1105651106
0.0000000000
0.0000000000
