0.0
0.0
0.0
0.0
0.0
0.0
0.0
0.0
0.0
0.2084009374
0.1680232558
0.0
0.0
0.0
0.0
0.1649308033
0.0
0.0
0.1828824553
0.0
0.0
0.0000000000
0.0
0.0
0.2358221134
0.0
0.2100290698
0.0
0.0
0.0
0.2489233419
0.1906646874
0.0
0.0
0.0
0.1906646874
0.2584973166
0.0
0.0
0.0
0.0
0.2116828420
0.0
0.2584973166
0.0
0.0
0.2379090348
0.0
0.0
0.1991386736
0.1991386736
0.0
0.1400193798
0.1680232558
0.0
0.0
0.2800387597
0.0
0.2185668368
0.2052192437
0.2116828420
0.2052192437
0.2358221134
0.0
0.1200166113
0.0
0.1690800059
0.0
0.2400332226
0.0000000000
0.2203583683
0.1407524656
0.0
0.0
0.1962315396
0.0
0.0
0.1581395349
0.1745696164
0.1545041433
0.1371618415
0.0
0.1581395349
0.0000000000
0.2036645525
0.0000000000
0.0000000000
0.0000000000
0.0000000000
0.0000000000
0.0000000000
