0.0738916256
0.0
0.0
0.0
0.0000000000
0.0
0.0270562771
0.0
0.0
0.0695732839
0.0
0.0714285714
0.0
0.0
0.0
0.0
0.0119047619
0.0799573561
0.0
0.0
0.0
0.0
0.0
0.0811688312
0.0
0.0
0.0525210084
0.0738916256
0.0
0.0
0.0238095238
0.0
0.0
0.0
0.0
0.0714285714
0.0
0.0
0.0665483585
0.0
0.0
0.0
0.0582298137
0.0119047619
0.0
0.0
0.0
0.0
0.0
0.0
0.0695732839
0.0585480094
0.0270562771
0.0000000000
0.0000000000
0.0
0.0843644544
0.0
0.0000000000
0.0
0.0776397516
0.0000000000
0.0
0.0885478158
0.0612244898
0.0425170068
0.0
0.0270562771
0.0119047619
0.0
0.0759878419
0.0691244240
0.0517598344
0.0956632653
0.0817884406
0.0000000000
0.0
0.0
0.0
0.0
0.0270562771
0.0
0.0
0.0793650794
0.0119047619
0.0119047619
0.0837053571
0.0
0.0649350649
0.0552282769
0.0000000000
0.0000000000
0.0000000000
0.0000000000
0.0000000000
0.0000000000
0.0
0.0000000000
0.0000000000
0.0158730159
0.0595238095
0.0000000000
0.0425170068
0.0
0.0000000000
0.0
0.0453995157
0.0000000000
0.0
0.0
0.0
0.0000000000
0.0158730159
0.0000000000
0.0
0.0
0.0
0.0686813187
0.0000000000
0.0000000000
0.0885478158
0.0000000000
0.0000000000
0.0000000000
0.0000000000
0.0000000000
0.0000000000
0.0119047619
0.0000000000
0.0000000000
0.0000000000
0.0000000000
0.0615763547
0.0000000000
0.0000000000
0.0525210084
0.0000000000
0.0000000000
0.0000000000
0.0000000000
0.0000000000
0.0000000000
