0.0
0.0
0.0
0.0
0.0
0.0
0.0038297872
0.0
0.0
0.0068634180
0.0
0.0
0.0
0.0
0.0
0.0
0.0
0.0
0.0
0.0
0.0
0.0
0.0
0.0090780142
0.0
0.0
0.0
0.0
0.0
0.0
0.0
0.0
0.0
0.0
0.0
0.0
0.0
0.0
0.0
0.0
0.0
0.0
0.0000000000
0.0
0.0
0.0
0.0
0.0
0.0
0.0
0.0
0.0
0.0081833061
0.0
0.0021276596
0.0
0.0
0.0
0.0021276596
0.0
0.0
0.0000000000
0.0
0.0
0.0
0.0055593686
0.0
0.0047872340
0.0021276596
0.0
0.0038297872
0.0021276596
0.0
0.0
0.0
0.0
0.0
0.0
0.0
0.0
0.0
0.0
0.0
0.0031914894
0.0
0.0063829787
0.0
0.0
0.0
0.0
0.0
0.0
0.0043925875
0.0
0.0000000000
0.0
0.0
0.0
0.0068197830
0.0
0.0
0.0
0.0
0.0
0.0
0.0
0.0
0.0
0.0
0.0
0.0
0.0000000000
0.0
0.0
0.0
0.0
0.0
0.0059101655
0.0
0.0
0.0
0.0078802206
0.0
0.0000000000
0.0
0.0000000000
0.0
0.0
0.0000000000
0.0
0.0
0.0
0.0
0.0
0.0
0.0042553191
0.0
0.0
0.0
0.0106382979
0.0044326241
0.0
0.0
0.0
0.0
0.0
0.0038297872
0.0038297872
0.0075719650
0.0000000000
0.0021276596
0.0
0.0000000000
0.0
0.0
0.0
0.0
0.0
0.0000000000
0.0
0.0
0.0
0.0
0.0
0.0
0.0
0.0000000000
0.0091945289
0.0111982083
0.0
0.0078014184
0.0
0.0
0.0
0.0021276596
0.0
0.0
0.0053634752
0.0
0.0000000000
0.0
0.0000000000
0.0
0.0
0.0
0.0
0.0
0.0
0.0000000000
0.0
0.0000000000
0.0
0.0
0.0
0.0000000000
0.0
0.0
0.0
0.0115706431
0.0
0.0044326241
0.0149244527
0.0
0.0
0.0
0.0
0.0000000000
0.0082066869
0.0
0.0
0.0000000000
0.0
0.0
0.0021276596
0.0059855039
0.0
0.0
0.0028368794
0.0070921986
0.0081295649
0.0
0.0
0.0
0.0
0.0
0.0000000000
0.0
0.0
0.0000000000
0.0
0.0
0.0
0.0059101655
0.0
0.0021276596
0.0
0.0
0.0046253469
0.0
0.0
0.0049240122
0.0089546716
0.0
0.0
0.0
0.0064361702
0.0
0.0
0.0
0.0038297872
0.0
0.0076715613
0.0028368794
0.0
0.0
0.0021276596
0.0000000000
0.0
0.0
0.0038297872
0.0
0.0000000000
0.0
0.0
0.0
0.0
0.0021276596
0.0038297872
0.0021276596
0.0000000000
0.0
0.0042553191
0.0063829787
0.0097264438
0.0
0.0
0.0
0.0
0.0
0.0
0.0
0.0
0.0068936170
0.0021276596
0.0
0.0
0.0095558044
0.0
0.0
0.0021276596
0.0
0.0
0.0021276596
0.0
0.0028368794
0.0
0.0
0.0021276596
0.0
0.0
0.0059101655
0.0
0.0
0.0
0.0
0.0000000000
0.0
0.0031914894
0.0028368794
0.0
0.0
0.0
0.0
0.0
0.0099018003
0.0
0.0000000000
0.0038297872
0.0
0.0042553191
0.0000000000
0.0106163632
0.0
0.0101959132
0.0
0.0047872340
0.0000000000
0.0
0.0047675335
0.0
0.0031914894
0.0
0.0066489362
0.0042553191
0.0
0.0000000000
0.0
0.0
0.0000000000
0.0021276596
0.0
0.0000000000
0.0128723404
0.0
0.0
0.0
0.0
0.0
0.0085815603
0.0063829787
0.0
0.0
0.0078802206
0.0
0.0000000000
0.0000000000
0.0
0.0
0.0
0.0
0.0057504313
0.0
0.0042553191
0.0
0.0021276596
0.0
0.0
0.0
0.0000000000
0.0
0.0
0.0000000000
0.0000000000
0.0
0.0
0.0059427733
0.0
0.0059871351
0.0096711799
0.0
0.0000000000
0.0
0.0111159357
0.0000000000
0.0
0.0021276596
0.0000000000
0.0
0.0042553191
0.0106382979
0.0047872340
0.0021276596
0.0000000000
0.0
0.0
0.0
0.0
0.0028368794
0.0021276596
0.0
0.0
0.0059101655
0.0
0.0132024004
0.0
0.0
0.0
0.0
0.0
0.0000000000
0.0
0.0021276596
0.0
0.0031914894
0.0000000000
0.0021276596
0.0067749160
0.0021276596
0.0000000000
0.0
0.0000000000
0.0
0.0071513002
0.0000000000
0.0
0.0
0.0
0.0021276596
0.0
0.0063829787
0.0
0.0
0.0000000000
0.0
0.0
0.0000000000
0.0000000000
0.0
0.0021276596
0.0
0.0021276596
0.0000000000
0.0
0.0
0.0
0.0000000000
0.0000000000
0.0085815603
0.0000000000
0.0
0.0000000000
0.0
0.0
0.0047872340
0.0061895551
0.0
0.0123791103
0.0044326241
0.0
0.0046253469
0.0000000000
0.0000000000
0.0000000000
0.0
0.0
0.0000000000
0.0056737589
0.0076280536
0.0
0.0
0.0
0.0021276596
0.0031914894
0.0078802206
0.0000000000
0.0072520228
0.0000000000
0.0
0.0021276596
0.0
0.0
0.0102978723
0.0
0.0021276596
0.0075987842
0.0
0.0058510638
0.0
0.0000000000
0.0068634180
0.0000000000
0.0
0.0
0.0
0.0000000000
0.0000000000
0.0000000000
0.0021276596
0.0044387381
0.0
0.0000000000
0.0000000000
0.0047872340
0.0000000000
0.0090705487
0.0085106383
0.0
0.0
0.0
0.0
0.0078939254
0.0
0.0031914894
0.0
0.0028368794
0.0000000000
0.0
0.0
0.0076715613
0.0000000000
0.0000000000
0.0
0.0000000000
0.0066489362
0.0
0.0000000000
0.0000000000
0.0000000000
0.0057504313
0.0
0.0021276596
0.0066489362
0.0000000000
0.0000000000
0.0
0.0037993921
0.0021276596
0.0021276596
0.0042553191
0.0
0.0000000000
0.0
0.0047872340
0.0
0.0
0.0000000000
0.0059101655
0.0000000000
0.0000000000
0.0068634180
0.0021276596
0.0083797054
0.0000000000
0.0
0.0021276596
0.0
0.0000000000
0.0000000000
0.0082066869
0.0056737589
0.0000000000
0.0
0.0000000000
0.0114420804
0.0028368794
0.0000000000
0.0000000000
0.0050433412
0.0
0.0
0.0
0.0000000000
0.0000000000
0.0021276596
0.0064361702
0.0028368794
0.0063829787
0.0059101655
0.0
0.0097264438
0.0000000000
0.0
0.0037825059
0.0000000000
0.0
0.0070921986
0.0
0.0072520228
0.0053191489
0.0021276596
0.0042553191
0.0000000000
0.0068085106
0.0100866824
0.0000000000
0.0028368794
0.0059101655
0.0000000000
0.0075650118
0.0
0.0000000000
0.0000000000
0.0093617021
0.0
0.0
0.0000000000
0.0108398656
0.0047872340
0.0000000000
0.0059855039
0.0000000000
0.0
0.0028368794
0.0000000000
0.0118366349
0.0028368794
0.0000000000
0.0028368794
0.0000000000
0.0135498320
0.0038297872
0.0121040189
0.0000000000
0.0
0.0000000000
0.0000000000
0.0042553191
0.0000000000
0.0000000000
0.0021276596
0.0028368794
0.0
0.0
0.0068085106
0.0021276596
0.0044189853
0.0000000000
0.0
0.0000000000
0.0
0.0090332214
0.0071668533
0.0053191489
0.0000000000
0.0000000000
0.0000000000
0.0
0.0028368794
0.0000000000
0.0000000000
0.0
0.0
0.0000000000
0.0021276596
0.0
0.0000000000
0.0000000000
0.0000000000
0.0000000000
0.0000000000
0.0000000000
0.0078802206
0.0000000000
0.0000000000
0.0031914894
0.0054555374
0.0000000000
0.0000000000
0.0000000000
0.0000000000
0.0021276596
0.0
0.0000000000
0.0021276596
0.0021276596
0.0000000000
0.0000000000
0.0000000000
0.0000000000
0.0000000000
0.0000000000
0.0000000000
0.0021276596
0.0042553191
0.0044326241
0.0000000000
0.0000000000
0.0
0.0000000000
0.0000000000
0.0021276596
0.0047872340
0.0000000000
0.0000000000
0.0000000000
0.0066489362
0.0000000000
0.0000000000
0.0000000000
0.0000000000
0.0085106383
0.0000000000
0.0037993921
0.0000000000
0.0000000000
0.0000000000
0.0
0.0000000000
0.0000000000
0.0000000000
0.0000000000
0.0000000000
0.0000000000
0.0000000000
0.0000000000
0.0000000000
0.0000000000
0.0
0.0000000000
0.0000000000
0.0
0.0000000000
0.0021276596
0.0054555374
0.0000000000
0.0000000000
0.0088774762
0.0000000000
0.0000000000
0.0000000000
0.0000000000
0.0000000000
0.0000000000
0.0000000000
0.0000000000
0.0000000000
0.0000000000
0.0000000000
0.0000000000
0.0000000000
0.0021276596
0.0066424494
0.0000000000
0.0000000000
0.0071668533
0.0031914894
0.0
0.0000000000
0.0028368794
0.0000000000
0.0000000000
0.0028368794
0.0000000000
0.0000000000
0.0000000000
0.0000000000
0.0000000000
0.0000000000
0.0000000000
0.0000000000
0.0
0.0000000000
0.0000000000
0.0000000000
0.0000000000
0.0000000000
0.0000000000
0.0000000000
0.0000000000
0.0021276596
0.0000000000
0.0061895551
0.0000000000
0.0000000000
0.0000000000
0.0000000000
0.0000000000
0.0021276596
0.0000000000
0.0000000000
0.0021276596
0.0000000000
0.0000000000
0.0000000000
0.0000000000
0.0000000000
0.0000000000
0.0
0.0021276596
0.0000000000
0.0000000000
0.0000000000
0.0000000000
0.0000000000
0.0000000000
0.0000000000
0.0000000000
0.0000000000
0.0000000000
0.0000000000
0.0000000000
0.0000000000
0.0021276596
0.0000000000
0.0
0.0000000000
0.0000000000
0.0000000000
0.0000000000
0.0000000000
0.0000000000
0.0
0.0000000000
0.0000000000
0.0000000000
0.0000000000
0.0000000000
0.0000000000
0.0000000000
0.0000000000
0.0000000000
0.0000000000
0.0000000000
0.0000000000
0.0000000000
0.0000000000
0.0000000000
0.0000000000
0.0000000000
0.0000000000
0.0000000000
