0.0091743119
0.0
0.0
0.0
0.0
0.0
0.0266889074
0.0
0.0
0.0091743119
0.0
0.0
0.0
0.0
0.0
0.0
0.0091743119
0.0382262997
0.0
0.0
0.0
0.0
0.0
0.0419042896
0.0
0.0
0.0224704162
0.0
0.0
0.0
0.0000000000
0.0
0.0
0.0
0.0
0.0091743119
0.0
0.0
0.0000000000
0.0
0.0
0.0
0.0458715596
0.0091743119
0.0
0.0
0.0
0.0
0.0
0.0
0.0419397117
0.0345385861
0.0316420146
0.0000000000
0.0000000000
0.0
0.0391437309
0.0
0.0000000000
0.0
0.0304011513
0.0000000000
0.0
0.0091743119
0.0272010301
0.0397553517
0.0
0.0304011513
0.0183486239
0.0
0.0000000000
0.0539665407
0.0278009452
0.0
0.0278009452
0.0000000000
0.0
0.0
0.0
0.0
0.0339789331
0.0
0.0
0.0360571794
0.0122324159
0.0091743119
0.0469835974
0.0
0.0254173560
0.0212391605
0.0
0.0000000000
0.0091743119
0.0000000000
0.0000000000
0.0254841998
0.0
0.0
0.0000000000
0.0
0.0382262997
0.0316355584
0.0
0.0
0.0000000000
0.0
0.0254173560
0.0000000000
0.0
0.0
0.0
0.0091743119
0.0000000000
0.0000000000
0.0
0.0
0.0
0.0266889074
0.0000000000
0.0000000000
0.0397553517
0.0091743119
0.0
0.0000000000
0.0
0.0000000000
0.0000000000
0.0091743119
0.0000000000
0.0
0.0266889074
0.0000000000
0.0
0.0000000000
0.0000000000
0.0329884833
0.0091743119
0.0000000000
0.0000000000
0.0000000000
0.0000000000
0.0
0.0
0.0000000000
0.0000000000
0.0000000000
0.0000000000
0.0000000000
0.0000000000
0.0122324159
0.0000000000
0.0000000000
0.0000000000
0.0000000000
0.0000000000
0.0278009452
0.0000000000
0.0000000000
0.0266889074
0.0
0.0000000000
0.0382262997
0.0000000000
0.0
0.0000000000
0.0000000000
0.0000000000
0.0202467574
0.0279598078
0.0000000000
0.0000000000
0.0000000000
0.0000000000
0.0000000000
0.0000000000
0.0000000000
0.0000000000
0.0000000000
0.0000000000
0.0000000000
0.0000000000
0.0000000000
0.0000000000
