0.0
0.0
0.0
0.0
0.0
0.0
0.0
0.1649368864
0.0
0.0
0.0
0.0
0.0
0.0
0.0
0.0
0.0
0.0
0.0
0.0
0.1660079051
0.0
0.0
0.1291172596
0.0
0.0
0.0144927536
0.0
0.0
0.0
0.0
0.1879795396
0.1660079051
0.1800367422
0.0
0.0
0.0
0.1763118441
0.0
0.0000000000
0.0
0.0
0.0
0.2112827884
0.0
0.1951543312
0.0
0.0
0.0
0.0
0.0
0.0
0.1715786402
0.1922196796
0.1936758893
0.0
0.1503836317
0.1670929241
0.0
0.1681922197
0.0
0.1893719807
0.0
0.2061711080
0.1618051734
0.1638795987
0.0144927536
0.0
0.0000000000
0.0000000000
0.1893719807
0.1136231884
0.1715786402
0.0
0.0
0.0000000000
0.1997282609
0.0144927536
0.0
0.0
0.0
0.1660079051
0.1374474053
0.0
0.1420289855
0.1618051734
0.1291172596
0.0
0.1879795396
0.0000000000
0.0
0.1352657005
0.1587901701
0.1727379553
0.0
0.1578099839
0.1304347826
0.1069674368
0.0144927536
0.1893719807
0.0000000000
0.0000000000
0.0144927536
0.1284684291
0.0
0.0000000000
0.0000000000
0.0000000000
0.1649368864
0.1628357796
0.1397006415
0.0144927536
0.0000000000
0.1284684291
0.1452569170
0.0
0.0000000000
0.0144927536
0.0144927536
0.0000000000
0.0000000000
0.0
0.0144927536
0.0144927536
0.0961098398
0.0000000000
0.0000000000
0.0000000000
