0.0
0.0
0.0
0.0
0.0
0.0
0.0
0.0
0.0
0.0
0.0
0.0
0.0
0.0
0.0
0.1155422786
0.0
0.0
0.0
0.0
0.0
0.0
0.0
0.0
0.0
0.0
0.0
0.0
0.0
0.0783224021
0.0
0.1211330341
0.0
0.0
0.0
0.0
0.1268146961
0.1202708772
0.0
0.0
0.1179620122
0.0
0.0
0.0087378641
0.1117226992
0.0
0.0
0.0
0.0
0.1001366415
0.0
0.0
0.0753536600
0.0
0.1263406224
0.0
0.0
0.0
0.0
0.0
0.0
0.0
0.0
0.0
0.0
0.0
0.0
0.0
0.0
0.0
0.1130304900
0.1134097869
0.1031942489
0.0
0.0569437515
0.0
0.0906062105
0.0
0.0927191125
0.0
0.1228949691
0.0981019347
0.0
0.1106255859
0.1147576112
0.0000000000
0.0
0.1179620122
0.1137916381
0.0238984317
0.0
0.0
0.0
0.0
0.0
0.0
0.0000000000
0.0923391161
0.0
0.0
0.0
0.0623544585
0.0000000000
0.0920875109
0.0
0.0
0.0
0.0
0.0
0.1251708019
0.1095498104
0.0000000000
0.1095498104
0.1001366415
0.0145631068
0.1200572522
0.1209163381
0.0
0.0
0.0
0.0
0.0
0.1025678801
0.0961482689
0.0
0.0914644560
0.0
0.0
0.0
0.0
0.0
0.1001366415
0.0894077156
0.0
0.0
0.0862145829
0.0995467349
0.0
0.0
0.0087378641
0.1066123549
0.0
0.0798962565
0.0
0.0097087379
0.0
0.1043090016
0.0
0.1122794568
0.0838613313
0.0000000000
0.0000000000
0.0883558601
0.0908497756
0.0
0.0622396252
0.1071192282
0.0
0.1066123549
0.0172599784
0.1035103109
0.0
0.1099060699
0.0932306662
0.1074598299
0.0995467349
0.0986747927
0.0995467349
0.0
0.0667907441
0.0
0.1222282695
0.0
0.0
0.0803712640
0.0834472012
0.0
0.0
0.0743588922
0.0000000000
0.0707031726
0.0
0.0875547060
0.0048543689
0.0000000000
0.0
0.0
0.0172599784
0.1008839299
0.0950664318
0.0
0.1190004102
0.0940086690
0.0
0.0064724919
0.0983875299
0.1071192282
0.0953346023
0.0
0.0750191265
0.0048543689
0.0998408169
0.0
0.0858859378
0.1093725453
0.0
0.0
0.0697546264
0.0785043357
0.0
0.0000000000
0.0969759441
0.0
0.0
0.1074598299
0.0
0.1008839299
0.0
0.1117226992
0.0
0.0
0.0000000000
0.0569437515
0.0110957004
0.0631703112
0.0875547060
0.0
0.0000000000
0.0
0.0798019280
0.0786871164
0.1086691849
0.0760317582
0.0849148656
0.0648677860
0.0730726843
0.0838613313
0.0861047554
0.0048543689
0.0124271845
0.0064724919
0.0
0.0000000000
0.0876682659
0.0816331317
0.0631703112
0.0
0.0000000000
0.0
0.0760317582
0.0598691169
0.0
0.1066123549
0.0048543689
0.0000000000
0.0064724919
0.0
0.0048543689
0.0000000000
0.0000000000
0.0048543689
0.0097087379
0.0
0.0048543689
0.1093725453
0.0816331317
0.0
0.0936180513
0.0
0.0194174757
0.0000000000
0.0
0.1039880508
0.0982445247
0.0048543689
0.0945345916
0.0928464739
0.0048543689
0.0798962565
0.0849148656
0.0707772073
0.0048543689
0.0562799609
0.0839655068
0.0000000000
0.0877821208
0.0906062105
0.0000000000
0.0000000000
0.0
0.0048543689
0.0064724919
0.0913408554
0.0124271845
0.0
0.0
0.0000000000
0.0629936934
0.0048543689
0.0000000000
0.0000000000
0.0986747927
0.0048543689
0.0000000000
0.0048543689
0.0147942672
0.0000000000
0.0849148656
0.0
0.0695393344
0.0048543689
0.0000000000
0.0000000000
0.0000000000
0.0000000000
0.0000000000
0.0000000000
0.0925921000
0.0000000000
0.0000000000
0.0000000000
0.0000000000
0.0000000000
0.0000000000
0.0048543689
0.0087378641
0.0155339806
0.0048543689
0.0871033931
0.0097087379
0.0064724919
0.0064724919
0.0048543689
0.0947997658
0.0000000000
0.0000000000
0.0000000000
0.0000000000
0.0000000000
0.0000000000
0.0000000000
0.0000000000
0.0000000000
0.0000000000
0.0000000000
