0.0
0.0
0.0
0.0
0.1240216073
0.0
0.1430092320
0.0
0.0
0.1137110224
0.0
0.1113957892
0.0
0.1343784994
0.0
0.1253202629
0.0
0.1307987443
0.0
0.0
0.1460635863
0.0997340426
0.0
0.0
0.0
0.1245864422
0.1210425801
0.1206612235
0.1307094619
0.1288622892
0.0
0.0
0.1427959446
0.1267302195
0.1360976274
0.1339086445
0.1435452487
0.1161245371
0.1330711339
0.0
0.0
0.1453981486
0.1373668305
0.1370718409
0.0
0.1408010013
0.1489030806
0.1298232961
0.1189374917
0.1162655505
0.1115255455
0.1101146416
0.1391637803
0.0
0.1354238767
0.0
0.1242630511
0.0
0.1053876509
0.1404910944
0.0
0.0
0.1286026606
0.1282581123
0.0
0.1412163434
0.0
0.0910553313
0.1193823951
0.1339086445
0.1368758840
0.1411122783
0.1141176172
0.1387604070
0.1249115210
0.1199808031
0.0
0.0869220888
0.0921951669
0.1264791028
0.1261458246
0.1327022604
0.1358080579
0.0
0.1341901624
0.1316078087
0.1270665970
0.0
0.0962258099
0.1063829787
0.1324269445
0.0
0.1273200543
0.1131065338
0.0021276596
0.0
0.0939594513
0.1293847039
0.1225139870
0.1304423445
0.1334420639
0.1315174188
0.1150086256
0.1076993035
0.1221233174
0.1357118084
0.0
0.0980990582
0.1379606352
0.0
0.1254023325
0.1357118084
0.1164777139
0.1187162813
0.1147329908
0.1145956683
0.1349466961
0.0
0.1267302195
0.1395695056
0.1200560261
0.1257316886
0.0973015049
0.1227495908
0.0028368794
0.1422654990
0.0
0.1100513573
0.0000000000
0.1346619984
0.0
0.0
0.1155638876
0.0021276596
0.1340961917
0.1053296819
0.1105596777
0.1254845096
0.1319706145
0.1320616288
0.1258970162
0.1120476078
0.1252383007
0.0
0.1039573082
0.1403880951
0.1157035418
0.0000000000
0.1430092320
0.1129064633
0.1231442841
0.1391637803
0.1223574196
0.1191595281
0.1320616288
0.1158435340
0.0000000000
0.0000000000
0.1156336725
0.1107515105
0.1398753555
0.0000000000
0.1144586741
0.0946093684
0.1210425801
0.1055619414
0.1225139870
0.1003613007
0.1110727156
0.1330711339
0.0
0.0
0.0765345171
0.0
0.1052139350
0.1110727156
0.0
0.1313370108
0.1137785869
0.0
0.0968095863
0.1199808031
0.1108797694
0.1363884343
0.1048108165
0.1181303897
0.1327022604
0.0
0.0966142087
0.1100513573
0.1162655505
0.1331636730
0.1187162813
0.1056201664
0.1344728664
0.1062649066
0.1139139570
0.1441937965
0.1143220070
0.0
0.0
0.1152855880
0.1274047649
0.0
0.1169757860
0.0830036245
0.0
0.1237811000
0.0
0.1009964988
0.1061470963
0.1340023525
0.0
0.1050984422
0.0960809642
0.1250746974
0.1061470963
0.1122446434
0.0
0.1322440343
0.0000000000
0.1341901624
0.1335351197
0.0000000000
0.0
0.1265626978
0.0042553191
0.0000000000
0.1180575596
0.1388610310
0.1059122576
0.1307987443
0.0
0.1453981486
0.1242630511
0.1089865462
0.1351371642
0.0
0.1265626978
0.0
0.1266464032
0.0000000000
0.0964681923
0.0000000000
0.1235415237
0.0908824688
0.1268141468
0.0021276596
0.1268981854
0.1241824654
0.0945626478
0.0000000000
0.1148706429
0.1267302195
0.0840972164
0.0835468419
0.1249930559
0.1119820829
0.1417389798
0.0000000000
0.0
0.0000000000
0.1012100220
0.1067983055
0.1241019843
0.1099881457
0.1154941868
0.1145956683
0.0865293094
0.0000000000
0.0820082919
0.1410083665
0.1059122576
0.1120476078
0.0
0.0
0.1169043722
0.0000000000
0.0000000000
0.1144586741
0.0999422556
0.1151469403
0.1048682156
0.0762298414
0.1323354262
0.1133073146
0.1205852404
0.0021276596
0.0042553191
0.1293847039
0.0
0.0946561353
0.1124423733
0.0997860144
0.1156336725
0.1143902997
0.1199056742
0.0000000000
0.0984015219
0.1254023325
0.0000000000
0.1035637435
0.0979986498
0.1091107474
0.1009964988
0.1059122576
0.1270665970
0.0028368794
0.1105596777
0.0000000000
0.1060295469
0.1202067556
0.0000000000
0.0
0.0000000000
0.1299995667
0.0951736390
0.1048108165
0.1108156028
0.1202067556
0.1119166345
0.1135088095
0.0942832899
0.0
0.0000000000
0.0021276596
0.0735366212
0.0659625772
0.0000000000
0.1088626275
0.0000000000
0.1121132094
0.1270665970
0.0000000000
0.1093600010
0.1060295469
0.1237011381
0.0000000000
0.1135088095
0.1012100220
0.1174061077
0.1046389955
0.0021276596
0.0
0.1061470963
0.0983004937
0.0000000000
0.0
0.0973509719
0.1274047649
0.0983004937
0.0000000000
0.1032844454
0.0021276596
0.1227495908
0.1018018935
0.0765345171
0.0000000000
0.0838394754
0.1094850553
0.0000000000
0.0
0.0930463371
0.1185692642
0.0907102613
0.0000000000
0.0965654875
0.1158435340
0.0000000000
0.1333491377
0.0906673114
0.0000000000
0.0000000000
0.0000000000
0.0000000000
0.0910553313
0.1152855880
0.0000000000
0.1169043722
0.0840972164
0.0000000000
0.0000000000
0.0904531704
0.0000000000
0.0836563398
0.0021276596
0.1240216073
0.0000000000
0.0934094447
0.0000000000
0.0000000000
0.0000000000
0.0932275373
0.0000000000
0.0000000000
0.0000000000
0.0000000000
0.1199808031
0.0021276596
0.0028368794
0.1253202629
0.0947967137
0.0939133701
0.1156336725
0.0000000000
0.0000000000
0.0962258099
0.0000000000
0.0
0.0000000000
0.0836563398
0.1140496496
0.0000000000
0.0000000000
0.0021276596
0.0910553313
0.1029512697
0.1231442841
0.0940517494
0.0000000000
0.0000000000
0.0945159732
0.0904531704
0.0021276596
0.0000000000
0.0000000000
0.0000000000
0.0000000000
0.0000000000
0.0042553191
0.0
0.0
0.0000000000
0.0000000000
0.0000000000
0.0000000000
0.0000000000
0.0000000000
0.1084311221
0.1065605797
0.0000000000
0.0028368794
0.0028368794
0.0000000000
0.0021276596
0.0000000000
0.0000000000
0.0021276596
0.1101779987
0.0000000000
0.0000000000
0.0936836408
0.0976986539
0.0000000000
0.0000000000
0.1164069068
0.1169043722
0.1143220070
0.0908824688
0.0000000000
0.0000000000
0.0000000000
0.0873981569
0.0000000000
0.0000000000
0.0000000000
0.0000000000
0.0000000000
0.0000000000
0.0000000000
0.0886935441
0.0000000000
0.0000000000
0.0000000000
0.0000000000
0.0000000000
0.0000000000
0.0000000000
0.0000000000
0.0000000000
0.0021276596
0.0000000000
0.1012100220
0.0000000000
0.0000000000
0.0000000000
0.0000000000
0.0000000000
0.0000000000
0.0000000000
0.0000000000
0.0000000000
0.0000000000
0.0000000000
0.1014781991
0.0000000000
0.0000000000
0.0000000000
0.0000000000
0.0000000000
0.0000000000
0.0000000000
0.0000000000
0.0000000000
0.0000000000
0.0028368794
0.0000000000
0.0000000000
0.0000000000
0.0000000000
0.0000000000
0.1056784557
0.0000000000
0.0000000000
0.0000000000
0.0000000000
0.0000000000
0.0000000000
0.0000000000
0.0000000000
0.0000000000
0.0000000000
0.0838394754
0.0000000000
0.0000000000
0.0971041388
0.0000000000
0.0000000000
0.0000000000
0.0000000000
0.0000000000
0.0000000000
0.0000000000
0.0000000000
0.0000000000
0.0000000000
0.0000000000
0.0000000000
0.0000000000
0.0000000000
