0.0041841004
0.0
0.0
0.0
0.0
0.0
0.0055788006
0.0
0.0
0.0000000000
0.0
0.0
0.0
0.0
0.0
0.0
0.0
0.0134439948
0.0
0.0
0.0
0.0
0.0
0.0000000000
0.0
0.0
0.0000000000
0.0
0.0
0.0
0.0
0.0
0.0
0.0
0.0
0.0
0.0
0.0
0.0
0.0
0.0
0.0
0.0151150628
0.0000000000
0.0
0.0
0.0
0.0
0.0
0.0
0.0
0.0
0.0000000000
0.0000000000
0.0000000000
0.0
0.0041841004
0.0
0.0172743574
0.0
0.0
0.0000000000
0.0
0.0
0.0069735007
0.0000000000
0.0
0.0000000000
0.0000000000
0.0
0.0041841004
0.0170850767
0.0041841004
0.0
0.0274819323
0.0
0.0
0.0
0.0
0.0
0.0
0.0
0.0
0.0000000000
0.0
0.0256276151
0.0
0.0
0.0
0.0111576011
0.0
0.0
0.0094142259
0.0170850767
0.0000000000
0.0000000000
0.0
0.0
0.0190717135
0.0
0.0234309623
0.0000000000
0.0
0.0
0.0
0.0
0.0
0.0
0.0
0.0
0.0
0.0163406084
0.0
0.0
0.0
0.0
0.0
0.0062761506
0.0000000000
0.0134356113
0.0
0.0195033068
0.0
0.0000000000
0.0
0.0041841004
0.0
0.0
0.0000000000
0.0
0.0
0.0146443515
0.0
0.0
0.0087168759
0.0000000000
0.0
0.0
0.0000000000
0.0232539427
0.0134356113
0.0
0.0
0.0
0.0221644238
0.0
0.0195033068
0.0000000000
0.0188938285
0.0041841004
0.0000000000
0.0
0.0074716079
0.0
0.0041841004
0.0
0.0
0.0
0.0094142259
0.0
0.0
0.0000000000
0.0
0.0
0.0
0.0
0.0041841004
0.0041841004
0.0262870657
0.0
0.0000000000
0.0
0.0000000000
0.0
0.0094142259
0.0
0.0000000000
0.0000000000
0.0
0.0000000000
0.0
0.0041841004
0.0
0.0000000000
0.0
0.0
0.0095093191
0.0095636581
0.0041841004
0.0000000000
0.0041841004
0.0000000000
0.0000000000
0.0
0.0104602510
0.0
0.0
0.0
0.0041841004
0.0
0.0094142259
0.0041841004
0.0
0.0
0.0
0.0232539427
0.0116225012
0.0000000000
0.0
0.0095093191
0.0223926856
0.0055788006
0.0
0.0177824268
0.0069735007
0.0
0.0000000000
0.0177824268
0.0083682008
0.0116225012
0.0
0.0
0.0
0.0
0.0
0.0000000000
0.0130753138
0.0195258020
0.0000000000
0.0
0.0
0.0083682008
0.0000000000
0.0
0.0000000000
0.0
0.0000000000
0.0000000000
0.0
0.0
0.0000000000
0.0000000000
0.0
0.0
0.0
0.0094142259
0.0
0.0041841004
0.0000000000
0.0055788006
0.0062761506
0.0041841004
0.0182240818
0.0041841004
0.0
0.0055788006
0.0000000000
0.0
0.0132271562
0.0130753138
0.0
0.0000000000
0.0
0.0066945607
0.0
0.0
0.0000000000
0.0000000000
0.0000000000
0.0055788006
0.0041841004
0.0000000000
0.0000000000
0.0000000000
0.0
0.0
0.0041841004
0.0
0.0000000000
0.0
0.0062761506
0.0
0.0041841004
0.0000000000
0.0000000000
0.0
0.0160800722
0.0000000000
0.0041841004
0.0062761506
0.0000000000
0.0109344491
0.0151150628
0.0066945607
0.0000000000
0.0
0.0062761506
0.0000000000
0.0000000000
0.0000000000
0.0000000000
0.0177824268
0.0000000000
0.0
0.0095636581
0.0000000000
0.0000000000
0.0000000000
0.0000000000
0.0134439948
0.0000000000
0.0000000000
0.0
0.0041841004
0.0087168759
0.0000000000
0.0000000000
0.0041841004
0.0000000000
0.0170850767
0.0000000000
0.0055788006
0.0000000000
0.0000000000
0.0041841004
0.0000000000
0.0000000000
0.0000000000
0.0000000000
0.0000000000
0.0000000000
0.0
0.0000000000
0.0000000000
0.0
0.0000000000
0.0
0.0041841004
0.0041841004
0.0094142259
0.0041841004
0.0000000000
0.0041841004
0.0000000000
0.0
0.0000000000
0.0
0.0
0.0000000000
0.0083682008
0.0000000000
0.0
0.0000000000
0.0000000000
0.0000000000
0.0055788006
0.0000000000
0.0000000000
0.0083682008
0.0000000000
0.0055788006
0.0000000000
0.0143952979
0.0000000000
0.0000000000
0.0
0.0
0.0000000000
0.0000000000
0.0000000000
0.0000000000
0.0000000000
0.0000000000
0.0000000000
0.0000000000
0.0000000000
0.0000000000
0.0041841004
0.0041841004
0.0000000000
0.0000000000
0.0000000000
0.0000000000
0.0000000000
0.0000000000
0.0000000000
0.0000000000
0.0000000000
0.0000000000
0.0000000000
0.0000000000
0.0062761506
0.0000000000
0.0000000000
0.0000000000
0.0000000000
0.0000000000
0.0000000000
0.0000000000
0.0000000000
0.0000000000
0.0000000000
0.0000000000
0.0000000000
0.0000000000
0.0000000000
0.0000000000
0.0000000000
0.0000000000
