0.0
0.0
0.0
0.0
0.0
0.0
0.0
0.0
0.0
0.0
0.0
0.0
0.0
0.0
0.0
0.0
0.0
0.0
0.0
0.0
0.0
0.0
0.0
0.0
0.0
0.0
0.0
0.0
0.0
0.0929309755
0.0
0.1196247971
0.0
0.0
0.0
0.0
0.0
0.0920380217
0.0
0.0
0.1176310505
0.0
0.0
0.0
0.0866835149
0.0
0.0
0.0
0.0
0.0975978148
0.0
0.0
0.1154039566
0.0
0.1239365967
0.0
0.0
0.0
0.0
0.0
0.0
0.0
0.0
0.0
0.0
0.0
0.0
0.0
0.0
0.0
0.1334322364
0.1125939526
0.1075376083
0.0
0.0973145120
0.0
0.1112858071
0.0
0.0978113768
0.0
0.0
0.1036316828
0.0
0.0
0.1203764790
0.1322479266
0.0
0.1116564509
0.0
0.1035516584
0.0
0.0
0.0
0.0
0.0
0.0
0.0000000000
0.1018218661
0.0
0.0
0.0
0.0966830552
0.0000000000
0.0852507296
0.0
0.0
0.0
0.0
0.0
0.1294395730
0.1042763589
0.0
0.0982413169
0.1077969434
0.1172197531
0.1131640486
0.0
0.0
0.0
0.0
0.0
0.0
0.1093796065
0.1162039840
0.0
0.0952410494
0.0
0.0
0.0
0.0
0.0
0.0
0.0
0.0
0.0
0.0977400857
0.1148111281
0.0
0.0
0.1369758913
0.0
0.0
0.0848193533
0.0
0.1096479130
0.0
0.0030120482
0.0
0.1161033745
0.1085825082
0.0652551813
0.0
0.0
0.0
0.0
0.1221305989
0.1103698746
0.0
0.1126885694
0.1134512670
0.0
0.0
0.1211376672
0.1205929834
0.1115635587
0.0977400857
0.0839695664
0.0
0.0
0.1165068615
0.0
0.0955123914
0.0
0.0
0.1039530214
0.0635542169
0.0
0.0
0.0933189962
0.0881073572
0.0893995984
0.0
0.1098275165
0.0000000000
0.1022099067
0.0
0.0
0.1098275165
0.1062594276
0.1305739022
0.0
0.1150080597
0.1225771459
0.0
0.0
0.0976688985
0.0934490576
0.0957169148
0.0
0.0
0.1382468016
0.1145169920
0.0
0.1113782372
0.0811248624
0.0
0.0
0.0
0.0000000000
0.0
0.0891025898
0.0
0.0
0.0
0.0726038969
0.0
0.0
0.0
0.0000000000
0.0
0.0
0.0912861794
0.0958537510
0.0000000000
0.0
0.1136435573
0.0
0.0030120482
0.0
0.1048470661
0.0
0.1085825082
0.0
0.1099175390
0.0792549631
0.0705786303
0.1030740950
0.0000000000
0.0
0.1266283263
0.1097376412
0.0
0.0
0.0000000000
0.1335651370
0.0847657380
0.0
0.0914106323
0.0
0.1154039566
0.1167096585
0.0
0.0
0.1019767282
0.0
0.1083193842
0.0
0.1304468848
0.0000000000
0.1025224752
0.0988204846
0.0878188589
0.0
0.1077969434
0.0030120482
0.0702091087
0.0
0.0000000000
0.0
0.0
0.1018218661
0.0
0.0576523635
0.1121232421
0.1256789106
0.0982413169
0.1153047271
0.0040160643
0.0829823005
0.0763229355
0.0749996631
0.0922279213
0.1137399471
0.1200531760
0.0857413028
0.0
0.0
0.1416044325
0.0000000000
0.0
0.0
0.0
0.0952410494
0.0965438428
0.0
0.0
0.0986750534
0.1036316828
0.1106430673
0.0
0.0
0.0958537510
0.0060240964
0.1070226637
0.0
0.0
0.0
0.0
0.0
0.0
0.0576523635
0.1105518529
0.0
0.1072795181
0.1159026773
0.0990394369
0.1115635587
0.0
0.0000000000
0.0
0.1185671066
0.0980975842
0.0833433173
0.0000000000
0.1211376672
0.1017446112
0.1116564509
0.1028369613
0.1198386037
0.1210283372
0.1108259484
0.0
0.0000000000
0.1159026773
0.1162039840
0.0901205629
0.0966830552
0.0928023513
0.1084069504
0.1084946582
0.0
0.1140301000
0.0939071412
0.0990394369
0.1106430673
0.0
0.0933839816
0.0000000000
0.0
0.0774693227
0.0846587106
0.0
0.0
0.0000000000
0.0
0.0830851286
0.0
0.0
0.1072795181
0.0000000000
0.0963357741
0.0000000000
0.0
0.0839695664
0.0
0.0000000000
0.0
0.0838645388
0.0000000000
0.1026009163
0.0030120482
0.0000000000
0.0959223159
0.0
0.0000000000
0.1020543361
0.0671840669
0.0030120482
0.0000000000
0.0030120482
0.0711402640
0.0607884849
0.0000000000
0.0942371030
0.0000000000
0.0000000000
0.0785125279
0.0000000000
0.0000000000
0.0957169148
0.0000000000
0.0000000000
0.1037921034
0.0
0.0633740064
0.1013600889
0.0000000000
0.1154039566
0.0632544328
0.0000000000
0.0935794819
0.0880495060
0.0
0.0918489025
0.0855771523
0.0
0.0
0.0000000000
0.0000000000
0.0000000000
0.0
0.1049291061
0.0
0.0000000000
0.0000000000
0.0000000000
0.0734388815
0.0790680410
0.0000000000
0.0000000000
0.0030120482
0.0705044151
0.0000000000
0.1217978180
0.0000000000
0.0030120482
0.0000000000
0.1071937631
0.0000000000
0.0993328871
0.0752099818
0.1188824447
0.0839695664
0.0000000000
0.0000000000
0.0040160643
0.0828797266
0.0000000000
0.0851424747
0.0888075481
0.0703564520
0.0000000000
0.0000000000
0.1076239146
0.0000000000
0.0
0.1136435573
0.0818677641
0.0983133413
0.0000000000
0.0986750534
0.1225771459
0.0000000000
0.0000000000
0.0699162657
0.0937102709
0.1214668456
0.0000000000
0.0
0.0000000000
0.0000000000
0.0000000000
0.0951059557
0.0000000000
0.0943033738
0.0000000000
0.0000000000
0.0937102709
0.0742110667
0.0000000000
0.0878188589
0.0817180973
0.0000000000
0.0000000000
0.0030120482
0.0030120482
0.0833433173
0.1048470661
0.0920380217
0.0000000000
0.0000000000
0.0973145120
0.0950385525
0.0000000000
0.0000000000
0.0000000000
0.0000000000
0.0000000000
0.0000000000
0.0000000000
0.0941048404
0.0851424747
0.0943033738
0.0857413028
0.0000000000
0.0592050320
0.0833951478
0.0000000000
0.0000000000
0.0000000000
0.0000000000
0.0800593418
0.0000000000
0.0000000000
0.0000000000
0.0000000000
0.0000000000
0.0000000000
0.0000000000
0.0000000000
0.0000000000
0.0000000000
0.0000000000
0.0000000000
0.0000000000
0.0000000000
0.0000000000
0.0000000000
0.0000000000
0.0690877886
0.0000000000
0.0000000000
0.0000000000
0.0000000000
0.0000000000
0.0000000000
0.0879340312
0.0000000000
0.0000000000
0.0000000000
0.0000000000
0.0000000000
0.0000000000
0.0000000000
0.0000000000
