0.0
0.0
0.0
0.0
0.1195483055
0.0
0.1417102370
0.0
0.0
0.1178993633
0.0
0.1093946972
0.0
0.1310449370
0.0
0.1240431956
0.0
0.1356778388
0.0
0.0
0.1433303998
0.0958946887
0.0
0.0
0.0
0.1211659050
0.1223483959
0.1181215355
0.1270604625
0.1262924678
0.0
0.0
0.1391928087
0.1246186114
0.1350930205
0.1297788023
0.1406503250
0.1120008842
0.1253663230
0.0
0.0
0.1455491366
0.1386795609
0.1316873141
0.0
0.1366638696
0.1439888856
0.1281864244
0.1165836854
0.1141769791
0.1108782338
0.1073954795
0.1393991731
0.0
0.1310449370
0.0
0.1256175581
0.0
0.1018134729
0.1351901399
0.0
0.0
0.1229081598
0.1056457778
0.0
0.1336527964
0.0
0.0911092464
0.1132146204
0.1312278329
0.1356778388
0.1417102370
0.1139693846
0.1362677424
0.1116683400
0.1178993633
0.0
0.0853606376
0.0907574732
0.1157227597
0.1216361478
0.1280119023
0.1342251853
0.0
0.1314112401
0.1209321444
0.1253663230
0.0
0.0947352567
0.0950224783
0.1291548658
0.0
0.1222688456
0.1115358746
0.0790123885
0.0
0.0916420490
0.1274911760
0.1237167661
0.1233111374
0.1308625501
0.1262924678
0.0900620137
0.1061826564
0.1193964981
0.1330852686
0.0
0.0936968035
0.1376643371
0.0
0.1215575207
0.1317795967
0.1148043251
0.1168735143
0.1110747103
0.1108782338
0.1337478553
0.0
0.1112718843
0.1379673401
0.1189433805
0.1238797658
0.0963368261
0.1224280498
0.0027491409
0.1306806703
0.0
0.1063628306
0.0000000000
0.1325225402
0.0
0.0
0.1143157961
0.0020618557
0.1281864244
0.1064832868
0.1108128960
0.1205445414
0.1298684285
0.1285368999
0.1218726407
0.1277510085
0.1275776693
0.0
0.0911976162
0.1400219542
0.1275776693
0.0020618557
0.1382716798
0.1027592812
0.1238797658
0.1390898554
0.1199295182
0.1194723536
0.1251993905
0.1102283028
0.0000000000
0.0000000000
0.1155095114
0.1076413764
0.1268034285
0.0000000000
0.1139003540
0.0977896435
0.1166560078
0.1017583791
0.1217148767
0.0986618492
0.1093946972
0.1295999204
0.0
0.0
0.0750996344
0.0
0.1210099643
0.1066644836
0.0
0.1220308141
0.1163672553
0.0
0.0983008283
0.1141076969
0.1085736054
0.1318720088
0.1034944879
0.1132828220
0.1290662214
0.0
0.0980957144
0.1139693846
0.1157940176
0.1337478553
0.1150853639
0.1030973051
0.1295999204
0.1055864596
0.1100992298
0.1374630735
0.1139693846
0.0
0.0
0.1095221226
0.1270604625
0.0
0.1136937633
0.0813714775
0.0
0.1264623299
0.0
0.1021452931
0.1038373741
0.1288892971
0.0
0.1034944879
0.0883276113
0.1203131699
0.1066644836
0.1110747103
0.0
0.1315031360
0.0000000000
0.1281864244
0.1276642801
0.0000000000
0.0
0.1228278802
0.0041237113
0.0000000000
0.1126044818
0.1393991731
0.1029280156
0.1262924678
0.0
0.1427862449
0.1210099643
0.1044719359
0.0
0.0
0.1249498236
0.0
0.1258698022
0.0000000000
0.0930938042
0.0000000000
0.1158653632
0.0883691187
0.1216361478
0.0020618557
0.1228278802
0.1200060527
0.0917762248
0.0000000000
0.1121344571
0.1230690344
0.0849365332
0.0773866192
0.1263773418
0.1097138183
0.1348024979
0.0000000000
0.0
0.0000000000
0.1000263216
0.1035514783
0.1067856244
0.1065436173
0.1143157961
0.1105523131
0.0020618557
0.0000000000
0.0799870202
0.1399177712
0.0946399016
0.1104873587
0.0
0.0
0.1243713522
0.0000000000
0.0000000000
0.0
0.0958946887
0.1143853312
0.1025910990
0.0020618557
0.1294215310
0.1091407339
0.0
0.0020618557
0.0041237113
0.1262077077
0.0
0.0943076653
0.1088879470
0.0993394002
0.1129426334
0.1120676308
0.1182701161
0.0000000000
0.0965346430
0.1227477053
0.0000000000
0.1031538588
0.1059433716
0.1022008068
0.0994444656
0.1027592812
0.1225876692
0.0027491409
0.0943076653
0.0000000000
0.1044139281
0.1224280498
0.0000000000
0.0
0.0000000000
0.1256175581
0.0933711443
0.1025910990
0.1064230246
0.1180473851
0.1080744164
0.1128071293
0.0819387732
0.0
0.0000000000
0.0020618557
0.0720496109
0.0645996168
0.0000000000
0.1080744164
0.0000000000
0.1052319443
0.1243713522
0.0000000000
0.1078265393
0.1037228266
0.1204673187
0.0000000000
0.1149446727
0.1158653632
0.1250329020
0.1040096707
0.0020618557
0.0
0.1045300081
0.0949744871
0.0000000000
0.0
0.0956021782
0.1221100549
0.0949744871
0.0000000000
0.1033806952
0.0020618557
0.1180473851
0.0983008283
0.0750996344
0.0020618557
0.0810208895
0.1066040162
0.0000000000
0.0
0.1030973051
0.1167284199
0.0882861430
0.0000000000
0.0991822176
0.1117346908
0.0000000000
0.1279248194
0.0884938751
0.0000000000
0.1044139281
0.0000000000
0.0000000000
0.0890385817
0.1143853312
0.0000000000
0.1128071293
0.0849365332
0.0000000000
0.0000000000
0.0909770124
0.0000000000
0.0822613668
0.0904518925
0.1180473851
0.0000000000
0.0845546243
0.0000000000
0.0000000000
0.0000000000
0.0878325477
0.0000000000
0.0000000000
0.0000000000
0.0020618557
0.1186432079
0.0020618557
0.0027491409
0.1227477053
0.0927265703
0.0908890694
0.1155095114
0.0000000000
0.0000000000
0.0947352567
0.0000000000
0.0
0.0000000000
0.0822613668
0.1118676291
0.0000000000
0.0000000000
0.0020618557
0.0895473736
0.1019791131
0.1214789952
0.0917314559
0.0000000000
0.0000000000
0.0924985167
0.0909770124
0.0020618557
0.0020618557
0.0000000000
0.0000000000
0.0000000000
0.0000000000
0.0041237113
0.0
0.0
0.0000000000
0.0000000000
0.0000000000
0.0000000000
0.0000000000
0.1104873587
0.1057646145
0.1052319443
0.0000000000
0.0027491409
0.0027491409
0.0020618557
0.0020618557
0.0882447135
0.0000000000
0.0020618557
0.1073341807
0.0936035264
0.0000000000
0.0933711443
0.0000000000
0.0821894600
0.0000000000
0.1165114526
0.1155095114
0.1137625436
0.0821894600
0.0000000000
0.0000000000
0.0000000000
0.0862216802
0.0000000000
0.0000000000
0.0000000000
0.0000000000
0.0000000000
0.0000000000
0.0000000000
0.0876687574
0.0000000000
0.0000000000
0.0000000000
0.0000000000
0.0000000000
0.0000000000
0.0000000000
0.0000000000
0.0000000000
0.0020618557
0.0000000000
0.1023677107
0.0000000000
0.0000000000
0.0000000000
0.1009932785
0.0000000000
0.0000000000
0.0000000000
0.0000000000
0.0000000000
0.0000000000
0.0000000000
0.0000000000
0.0000000000
0.0000000000
0.0000000000
0.0000000000
0.0000000000
0.0020618557
0.0000000000
0.0000000000
0.0000000000
0.0000000000
0.0027491409
0.0000000000
0.0000000000
0.0000000000
0.0000000000
0.0000000000
0.1026470985
0.0000000000
0.0000000000
0.0000000000
0.0000000000
0.0000000000
0.0000000000
0.0020618557
0.0000000000
0.0000000000
0.0000000000
0.0810208895
0.0000000000
0.0887863478
0.0963368261
0.0000000000
0.0000000000
0.0000000000
0.0020618557
0.0000000000
0.0000000000
0.0000000000
0.0000000000
0.0000000000
0.0000000000
0.0000000000
0.0000000000
0.0000000000
0.0000000000
0.0000000000
0.0000000000
0.0000000000
0.0000000000
0.0000000000
0.0000000000
0.0000000000
0.0000000000
0.0000000000
0.0000000000
0.0000000000
0.0000000000
0.0000000000
0.0000000000
0.0000000000
0.0000000000
0.0000000000
0.0000000000
