0.0
0.0
0.0
0.0
0.0
0.0
0.0
0.0
0.0
0.0
0.0
0.0
0.0
0.0
0.0
0.0
0.0
0.0
0.0
0.0
0.0
0.0
0.0
0.0
0.0
0.0
0.0
0.0
0.0
0.0
0.0
0.0000000000
0.0
0.0
0.0
0.0
0.0
0.0
0.0
0.0
0.0
0.0
0.0
0.0
0.0
0.0
0.0
0.0
0.0
0.0
0.0
0.0
0.0765217391
0.0
0.0
0.0
0.0
0.0
0.0
0.0
0.0
0.0684098940
0.0
0.0
0.0
0.0
0.0
0.0
0.0
0.0
0.0000000000
0.0
0.0
0.0
0.0
0.0
0.0
0.0
0.0
0.0
0.0
0.0
0.0
0.0
0.0
0.1069613260
0.0
0.0
0.0
0.0
0.0
0.0228571429
0.0
0.0
0.0
0.0
0.0000000000
0.0
0.0
0.0
0.0160000000
0.0
0.0926315789
0.0
0.0
0.0
0.0
0.0
0.0
0.0
0.0
0.1063736264
0.0
0.0
0.0
0.0
0.0
0.0
0.0
0.0
0.0100000000
0.0
0.0953694581
0.0827350427
0.1035294118
0.0
0.0000000000
0.0
0.0228571429
0.0
0.0
0.0
0.0
0.0
0.0
0.0
0.0992820513
0.0
0.0100000000
0.0
0.0
0.0000000000
0.0744615385
0.1029787234
0.0
0.0
0.0663013699
0.0
0.0
0.0
0.0000000000
0.1106285714
0.0
0.0
0.0
0.0
0.0
0.0
0.0100000000
0.0225000000
0.0
0.0756250000
0.0
0.0
0.0
0.0
0.0
0.0
0.0000000000
0.0
0.0
0.0
0.0
0.0
0.0
0.0
0.0
0.0
0.0864285714
0.0
0.0
0.0908920188
0.0
0.0908920188
0.0
0.0
0.0
0.1100000000
0.0762204724
0.0852863436
0.0
0.0
0.0000000000
0.0
0.0000000000
0.0
0.0
0.0000000000
0.0762204724
0.0
0.0000000000
0.0000000000
0.0896296296
0.0
0.0
0.0
0.0
0.0
0.0100000000
0.0000000000
0.0
0.0581381381
0.0
0.1052173913
0.0000000000
0.0000000000
0.0266666667
0.0
0.1138823529
0.0000000000
0.0000000000
0.0100000000
0.0000000000
0.0160000000
0.0786991870
0.0000000000
0.0806666667
0.0841739130
0.0
0.0
0.0000000000
0.0926315789
0.1081564246
0.0
0.0
0.0150000000
0.0000000000
0.0651851852
0.0000000000
0.0100000000
0.0
0.0000000000
0.0
0.0514893617
0.0
0.0892165899
0.0000000000
0.0000000000
0.0774400000
0.0000000000
0.0660750853
0.0000000000
0.0651851852
0.0000000000
0.0000000000
0.0000000000
0.0747490347
0.0860444444
0.0756250000
0.0000000000
0.0774400000
0.0684098940
0.0
0.0896296296
0.0000000000
0.0225000000
0.0
0.0000000000
0.0900465116
0.0000000000
0.0150000000
0.0000000000
0.0684098940
0.0660750853
0.0000000000
0.0000000000
0.0000000000
0.0000000000
0.0000000000
0.0000000000
