0.0
0.0
0.0
0.0
0.0
0.0
0.0
0.2675925926
0.0
0.0
0.0
0.0
0.0
0.0
0.0
0.0
0.0
0.0
0.0
0.0
0.1614525140
0.0
0.0
0.2042402827
0.0
0.0
0.0
0.0
0.0
0.0
0.0
0.2240310078
0.1489690722
0.1913907285
0.0
0.0
0.0
0.1695014663
0.0
0.1399515738
0.0
0.0
0.0
0.0
0.0
0.2257812500
0.0
0.0
0.0
0.0
0.0
0.0
0.0
0.2312000000
0.0
0.0
0.0
0.2006944444
0.0
0.1959322034
0.0
0.1270329670
0.0
0.2459574468
0.1789473684
0.2330645161
0.0000000000
0.0
0.2214559387
0.0
0.2223076923
0.1858520900
0.2275590551
0.0
0.0
0.1965986395
0.2688372093
0.1680232558
0.0
0.0
0.0
0.0000000000
0.2101818182
0.0
0.1366430260
0.2688372093
0.1670520231
0.0
0.2627272727
0.1965986395
0.0
0.2086642599
0.2293650794
0.2557522124
0.0
0.2042402827
0.1623595506
0.1399515738
0.2675925926
0.1789473684
0.2378600823
0.0
0.1913907285
0.2109489051
0.0
0.0
0.0
0.1423645320
0.0
0.0
0.1882736156
0.2042402827
0.0
0.2312000000
0.1601108033
0.0
0.1823343849
0.1660919540
0.0
0.2056939502
0.1695014663
0.0
0.0
0.2321285141
0.1369668246
0.1773006135
0.1773006135
0.1795031056
0.2101818182
0.1858520900
0.1858520900
0.1705014749
0.1632768362
0.1619047619
0.1179591837
0.0000000000
0.1545454545
0.0000000000
0.1628169014
0.0000000000
0.1789473684
0.2000000000
0.1846645367
0.0000000000
0.1993103448
0.0
0.1834920635
0.0000000000
0.0000000000
0.1372921615
0.0000000000
0.0000000000
0.0000000000
0.0000000000
