0.0
0.0
0.0
0.0
0.1513105242
0.0
0.1270261191
0.0
0.0
0.1201064083
0.0
0.1476906552
0.0
0.1462907438
0.0
0.1173663382
0.1390421033
0.1484007064
0.0
0.1378006560
0.0102040816
0.1053493070
0.0
0.0
0.0
0.1543367347
0.0986177218
0.1498414900
0.0000000000
0.1205755740
0.0
0.0
0.1456006931
0.1677573203
0.1462907438
0.1686740270
0.1319117391
0.1505724241
0.0282574568
0.0
0.0
0.1491176181
0.1275510204
0.0000000000
0.0
0.0102040816
0.0102040816
0.0000000000
0.0102040816
0.1307938430
0.1173663382
0.1291520792
0.0102040816
0.0876913265
0.1259891712
0.0102040816
0.0973733342
0.1582940869
0.0000000000
0.0000000000
0.0995720869
0.0992519194
0.0000000000
0.0970671287
0.1053493070
0.1275510204
0.0
0.1347919080
0.1169217687
0.1064391274
0.1182656971
0.0262390671
0.0102040816
0.1259891712
0.0333951763
0.1239652488
0.1110336221
0.1090718973
0.0000000000
0.0000000000
0.0000000000
0.0946851133
0.0841072124
0.0244897959
0.1296947350
0.1254770201
0.1182656971
0.0367346939
0.1191789457
0.0102040816
0.1134828932
0.0
0.0204081633
0.0986177218
0.0000000000
0.1196408796
0.0000000000
0.1126545509
0.0000000000
0.0000000000
0.0000000000
0.0000000000
0.0000000000
0.1090718973
0.1035817011
0.1403061224
0.0000000000
0.0000000000
0.0193340494
0.1118382135
0.0000000000
0.0000000000
0.0000000000
0.0000000000
0.0000000000
0.0000000000
0.0000000000
0.0000000000
0.0000000000
0.0000000000
