0.0
0.0
0.0
0.0
0.0
0.0
0.0
0.0
0.0
0.0
0.0
0.0
0.0
0.0
0.0
0.0
0.0
0.0
0.0
0.0
0.0
0.0
0.0
0.0
0.0
0.0
0.0
0.0
0.0
0.0
0.0
0.0710322858
0.0
0.0
0.0
0.0
0.0
0.0
0.0
0.0
0.0
0.0
0.0
0.0
0.0
0.0
0.0
0.0
0.0
0.0
0.0
0.0
0.0968237705
0.0
0.0
0.0
0.0
0.0
0.0
0.0
0.0
0.0000000000
0.0
0.0
0.0
0.0
0.0
0.0
0.0
0.0
0.1013482457
0.0
0.0
0.0
0.0
0.0
0.0
0.0
0.0
0.0
0.0
0.0
0.0
0.0
0.0
0.0618494047
0.0
0.0
0.0
0.0
0.0
0.0718163066
0.0
0.0
0.0
0.0
0.0791551992
0.0
0.0
0.0
0.0000000000
0.0
0.0477720806
0.0
0.0
0.0
0.0
0.0
0.0
0.0
0.0
0.0000000000
0.0
0.0
0.0
0.0
0.0
0.0
0.0
0.0
0.0000000000
0.0
0.0081967213
0.0
0.1265867194
0.0
0.0622041814
0.0
0.0000000000
0.0
0.0
0.0
0.0
0.0
0.0
0.0
0.0000000000
0.0
0.0000000000
0.0
0.0
0.0109289617
0.0163934426
0.0689253959
0.0
0.0
0.0932171544
0.0
0.0
0.0
0.0948477752
0.1016649590
0.0
0.0
0.0
0.0
0.0
0.0
0.0109289617
0.0811291444
0.0
0.0000000000
0.0
0.0
0.0
0.0
0.0
0.0
0.0000000000
0.0
0.0
0.0
0.0
0.0
0.0
0.0
0.0
0.0
0.0553278689
0.0
0.0
0.1013482457
0.0
0.0
0.0
0.0
0.0
0.0690717344
0.0000000000
0.1010334996
0.0
0.0
0.0000000000
0.0
0.0
0.0
0.0
0.0000000000
0.0731073863
0.0
0.1059699899
0.0000000000
0.0821535022
0.0
0.0
0.0
0.0
0.0
0.0
0.1166049709
0.0
0.0649357024
0.0
0.0557068269
0.0789630750
0.0803278689
0.0081967213
0.0
0.1166049709
0.0000000000
0.0000000000
0.0817406706
0.0000000000
0.0631704600
0.0581981876
0.0163934426
0.0954040671
0.1019836579
0.0
0.0
0.0934850198
0.0926860025
0.0795422662
0.0
0.0
0.0644213602
0.0811291444
0.0
0.0686345715
0.0000000000
0.0
0.0702651985
0.0
0.0000000000
0.0
0.0000000000
0.0000000000
0.0000000000
0.1102806335
0.0460804347
0.0000000000
0.0000000000
0.0
0.0913842328
0.0641672325
0.0505167498
0.0827806282
0.0
0.0000000000
0.0705700366
0.0525570063
0.0827806282
0.0
0.0109289617
0.0
0.0734374422
0.0
0.0
0.0000000000
0.0
0.0919005279
0.0000000000
0.0
0.0690717344
0.0879264510
0.0000000000
0.0000000000
0.0954040671
0.0
0.0
0.0000000000
0.0000000000
0.1117965185
0.0000000000
0.0000000000
0.0000000000
0.0815358067
0.0959669230
0.0
0.0774590164
0.0163934426
0.0109289617
0.0081967213
0.0817406706
0.0109289617
0.0937544291
0.0686345715
0.0000000000
0.0000000000
0.0617320434
0.0000000000
0.0000000000
0.0000000000
0.0000000000
0.0000000000
0.0000000000
0.0081967213
0.0109289617
0.0705700366
0.0699629825
0.0
0.0000000000
0.0817406706
0.0000000000
0.0000000000
0.0000000000
0.0000000000
