0.0
0.0
0.0
0.0
0.0
0.0
0.0
0.0
0.0
0.0
0.0
0.0
0.0
0.0
0.0
0.0
0.0
0.0
0.0
0.0
0.0
0.0
0.0
0.0
0.0
0.0
0.0
0.0
0.0
0.0
0.0
0.0
0.0
0.0
0.0
0.0
0.0
0.0
0.0
0.0
0.0
0.0
0.0
0.0
0.0
0.0
0.0
0.0
0.0
0.0
0.0
0.0
0.0
0.0
0.0
0.0
0.0
0.0
0.0
0.0
0.1160628019
0.0
0.0
0.0
0.0
0.0
0.0
0.0
0.0
0.0
0.0
0.0
0.0
0.0
0.0
0.1588955026
0.0
0.0
0.0
0.1409917840
0.0
0.0
0.0
0.0
0.0
0.0
0.0000000000
0.0
0.0
0.0
0.0
0.1748544396
0.0
0.0
0.0
0.0
0.0
0.0
0.0
0.0
0.0
0.0
0.0
0.0
0.0
0.0
0.0
0.0
0.0
0.1828386606
0.0
0.0
0.0
0.0
0.0
0.0
0.0
0.0
0.1627710027
0.1419917258
0.0
0.1195273632
0.0
0.0
0.0
0.0
0.0
0.0
0.0
0.0
0.0
0.0
0.0
0.1614583333
0.0
0.0
0.0
0.1582674572
0.1224515800
0.1871105919
0.0
0.1546010296
0.0
0.0
0.0
0.0
0.0
0.0
0.0
0.0
0.0000000000
0.0
0.1357344633
0.0
0.0
0.0
0.1466727717
0.0
0.1088088768
0.1430059524
0.0
0.0000000000
0.1070632799
0.0933372183
0.1811840121
0.0
0.0
0.1461374696
0.0
0.0
0.0
0.1528307888
0.0
0.1456060606
0.0
0.1499687890
0.1279286475
0.1361961451
0.0
0.1516729798
0.0
0.0
0.1601666667
0.1621120108
0.1109187442
0.0
0.1595285525
0.0
0.1312841530
0.1206074297
0.0104166667
0.1300054113
0.1522496831
0.0
0.0
0.0
0.0
0.1424970344
0.1167395530
0.0
0.0
0.0
0.0
0.0
0.0885877581
0.1334722222
0.1621120108
0.1505325815
0.0
0.0000000000
0.1275212314
0.0
0.1634353741
0.0000000000
0.1588955026
0.1291666667
0.1295846818
0.1634353741
0.0000000000
0.0
0.0000000000
0.0
0.1167395530
0.1733405483
0.1016285956
0.0000000000
0.0
0.1124765918
0.1440347722
0.1202452452
0.1540064103
0.0
0.1308551198
0.0000000000
0.0000000000
0.1456060606
0.0104166667
0.1024083546
0.0
0.0
0.0000000000
0.1079290207
0.0000000000
0.0000000000
0.0000000000
0.0000000000
0.0996061360
0.1181170108
0.1174242424
0.0000000000
0.0000000000
0.1279286475
0.1275212314
0.0000000000
0.0000000000
0.0000000000
0.0000000000
0.0000000000
0.0000000000
0.0000000000
0.0000000000
0.0000000000
0.0000000000
0.0000000000
0.0
0.0000000000
0.0000000000
0.0000000000
0.0000000000
