0.0
0.0
0.0
0.0
0.1307427045
0.0
0.1598444249
0.0
0.0
0.0923230624
0.0
0.1298113228
0.0
0.1412578639
0.0
0.1349797366
0.1034621118
0.1379168548
0.0
0.0
0.1367524536
0.0861063884
0.0
0.0
0.0
0.1308600678
0.1113660164
0.1214817629
0.1472506217
0.1290071819
0.0
0.0
0.1489051231
0.1346058315
0.1343577101
0.1447647622
0.1399022222
0.1250241128
0.1040529019
0.0
0.0
0.1492099442
0.1520105480
0.1296958323
0.0
0.1330092295
0.1359870480
0.1291214486
0.1135343579
0.1197848114
0.1194902586
0.1221945645
0.1449086635
0.1343577101
0.1216845705
0.1430599760
0.1222970768
0.0
0.1103543645
0.1596693489
0.0
0.0999164602
0.0862082292
0.1433413132
0.0
0.1493628233
0.0
0.0888890948
0.1407124667
0.1294654667
0.1447647622
0.1427797409
0.1288931172
0.1454871412
0.1357338133
0.1251314296
0.1054071696
0.0060790274
0.0962867341
0.1254544884
0.1321651092
0.1550831016
0.1384407555
0.0
0.1516941889
0.1321651092
0.1349797366
0.0
0.0980350474
0.0980350474
0.1486015449
0.0
0.1167158651
0.1148763716
0.1029506465
0.0
0.1033154610
0.1236455602
0.1262148186
0.1423614409
0.1314500591
0.1055598230
0.1148763716
0.1029506465
0.1268739038
0.1395005890
0.0
0.1120508190
0.1471020338
0.0
0.1142461720
0.1152396170
0.0030395137
0.1230195068
0.0706289319
0.1295805471
0.1207772291
0.0
0.0901534419
0.1453420892
0.1195882818
0.1279878099
0.0638817333
0.1296958323
0.0000000000
0.1294654667
0.0788842616
0.1258878372
0.0000000000
0.1312134253
0.0
0.0
0.0746049721
0.0030395137
0.1589728631
0.0030395137
0.1324051912
0.1129187572
0.0971854103
0.1359870480
0.1170908558
0.1299270192
0.1096076056
0.0
0.1096900794
0.1459240395
0.1158808549
0.0000000000
0.1281002772
0.1269844212
0.0999164602
0.1318066144
0.1193923960
0.1313316356
0.1153307876
0.0959697930
0.0000000000
0.0000000000
0.1176578818
0.1084658597
0.1325255595
0.0000000000
0.1101043168
0.0892154930
0.1343577101
0.1202789732
0.1299270192
0.0040526849
0.0869279162
0.1441920035
0.0
0.0
0.0040526849
0.0
0.0985653249
0.0881900275
0.0
0.1351048336
0.1043508343
0.0
0.1067971542
0.0000000000
0.1084658597
0.1388363005
0.0000000000
0.0988326207
0.1175629964
0.0
0.0000000000
0.1138891527
0.1073476550
0.1268739038
0.1262148186
0.1128313587
0.1276515898
0.0000000000
0.1054834410
0.1356075493
0.1207772291
0.1233317390
0.0
0.1136228492
0.1276515898
0.0
0.1178481128
0.0060790274
0.0
0.0950933565
0.1195882818
0.0924988043
0.0000000000
0.1195882818
0.0
0.1074267616
0.1068754512
0.1117930334
0.1025162556
0.1118788300
0.0
0.1135343579
0.0000000000
0.1178481128
0.1332523908
0.0000000000
0.0
0.1248100304
0.0000000000
0.0000000000
0.1243840576
0.1373969043
0.0959066549
0.1302753490
0.0
0.1456324830
0.1258878372
0.0763636016
0.1286655918
0.0
0.1185187931
0.0760052740
0.1098553998
0.0000000000
0.0000000000
0.0000000000
0.1138891527
0.0839735688
0.1154221025
0.0000000000
0.1129187572
0.0957806278
0.1251314296
0.0000000000
0.1074267616
0.1116218342
0.0920897761
0.0921479870
0.1198833187
0.1154221025
0.1320453945
0.1190025433
0.0
0.0000000000
0.1014461486
0.0000000000
0.0857518326
0.1180389599
0.0943547673
0.1071897908
0.0030395137
0.0000000000
0.0000000000
0.1521692229
0.0794431147
0.0000000000
0.0030395137
0.0
0.0000000000
0.0000000000
0.0000000000
0.1145154089
0.0030395137
0.1197848114
0.0000000000
0.0000000000
0.1108578825
0.0000000000
0.0966057757
0.0030395137
0.0030395137
0.1088708854
0.0
0.1015875369
0.1149669681
0.0888890948
0.0000000000
0.1097726773
0.0966057757
0.0895993334
0.0913396714
0.0000000000
0.0000000000
0.0000000000
0.0987656609
0.1123963882
0.0000000000
0.0000000000
0.0000000000
0.0030395137
0.0982332315
0.0000000000
0.0000000000
0.0030395137
0.0000000000
0.0030395137
0.0030395137
0.0983657999
0.0040526849
0.0000000000
0.1067189718
0.0936275629
0.0030395137
0.1205774322
0.0856510667
0.0000000000
0.0000000000
0.0000000000
0.0040526849
0.0000000000
0.0000000000
0.0000000000
0.0000000000
0.0000000000
0.1084658597
0.0000000000
0.0000000000
0.0000000000
0.0000000000
0.0000000000
0.0000000000
0.0000000000
0.1103543645
0.0030395137
0.0000000000
0.0000000000
0.1123097962
0.0000000000
0.0000000000
0.1057896339
0.0000000000
0.0848533850
0.0000000000
0.0000000000
0.0000000000
0.0000000000
0.1123963882
0.0030395137
0.0000000000
0.0000000000
0.0000000000
0.0000000000
0.0030395137
0.0980350474
0.0869279162
0.0000000000
0.0000000000
0.0000000000
0.0000000000
0.0000000000
0.0000000000
0.0000000000
0.0000000000
0.0000000000
0.0000000000
0.0000000000
0.0000000000
0.0000000000
0.0000000000
0.0000000000
0.0000000000
0.0000000000
0.0000000000
