0.0
0.0
0.0
0.0
0.1355838406
0.0
0.1444745843
0.0
0.0
0.1361073304
0.0
0.1350643623
0.0
0.1203133057
0.0
0.1042952620
0.0742143128
0.1355838406
0.0
0.1450691299
0.0071942446
0.0000000000
0.0
0.0
0.0
0.1268050308
0.1091386952
0.1325255585
0.1036817605
0.1071483239
0.0
0.0
0.1382423473
0.1415734882
0.1300804375
0.1468824940
0.1245646592
0.1268050308
0.0143884892
0.0
0.0
0.1632027711
0.1155796674
0.0071942446
0.0
0.0071942446
0.0000000000
0.1129865338
0.0071942446
0.1108547125
0.1068236320
0.0648011003
0.0071942446
0.1112044119
0.1371665314
0.0071942446
0.0866137557
0.1662820687
0.0000000000
0.1030754344
0.0
0.1241260513
0.0000000000
0.1300804375
0.0
0.1167278098
0.0
0.1178989918
0.1291274673
0.1058612569
0.1361073304
0.0968456004
0.0071942446
0.1215579261
0.1049160671
0.1291274673
0.0095923261
0.0957929309
0.0851492719
0.0095923261
0.1281883584
0.0930126611
0.1101618705
0.0
0.0000000000
0.1115563246
0.1281883584
0.0095923261
0.1296022006
0.0000000000
0.1137154792
0.0
0.0095923261
0.1152019561
0.0000000000
0.1071483239
0.0739031416
0.1129865338
0.0000000000
0.1144538914
0.0000000000
0.1081343514
0.0000000000
0.1021791263
0.1049160671
0.1450691299
0.0839328537
0.1021791263
0.1068236320
0.0864014671
0.0981944250
0.0000000000
0.0000000000
0.0000000000
0.0000000000
0.0000000000
0.0143884892
0.0000000000
0.0071942446
0.0000000000
0.0000000000
0.0000000000
0.1015901976
0.0000000000
0.0000000000
0.0071942446
0.0000000000
0.0000000000
0.0000000000
0.0876910412
0.0000000000
0.0000000000
0.0000000000
0.0000000000
0.0000000000
0.0000000000
0.0000000000
0.0071942446
0.0000000000
0.0000000000
0.1004324745
0.0000000000
0.1033777084
0.0071942446
0.1129865338
0.0883503723
0.0000000000
0.0000000000
0.0000000000
0.0000000000
0.0000000000
0.0000000000
0.0000000000
0.0000000000
0.0071942446
0.0000000000
0.0000000000
0.0000000000
0.0000000000
0.0000000000
0.0000000000
0.0000000000
0.0000000000
0.0000000000
