0.0093457944
0.0
0.0
0.0
0.0
0.0
0.0271877655
0.0
0.0
0.0093457944
0.0
0.0
0.0
0.0
0.0
0.0
0.0093457944
0.0396786358
0.0
0.0
0.0
0.0
0.0
0.0525972615
0.0
0.0
0.0356170432
0.0
0.0
0.0
0.0000000000
0.0
0.0
0.0
0.0
0.0093457944
0.0
0.0
0.0000000000
0.0
0.0
0.0
0.0551629815
0.0093457944
0.0
0.0
0.0
0.0
0.0
0.0
0.0427236315
0.0351841671
0.0422744344
0.0000000000
0.0000000000
0.0
0.0398753894
0.0
0.0000000000
0.0
0.0383335973
0.0000000000
0.0
0.0093457944
0.0426732499
0.0514018692
0.0
0.0414987568
0.0186915888
0.0
0.0000000000
0.0476143630
0.0335064036
0.0
0.0335064036
0.0000000000
0.0
0.0
0.0
0.0
0.0447857870
0.0
0.0
0.0447857870
0.0124610592
0.0093457944
0.0619638971
0.0
0.0330172590
0.0286288892
0.0
0.0000000000
0.0093457944
0.0000000000
0.0000000000
0.0370767581
0.0
0.0
0.0000000000
0.0
0.0396786358
0.0603115265
0.0
0.0
0.0000000000
0.0
0.0353387850
0.0000000000
0.0
0.0
0.0
0.0093457944
0.0000000000
0.0000000000
0.0
0.0
0.0
0.0271877655
0.0000000000
0.0000000000
0.0646194927
0.0093457944
0.0
0.0000000000
0.0
0.0000000000
0.0000000000
0.0093457944
0.0000000000
0.0
0.0271877655
0.0000000000
0.0
0.0000000000
0.0000000000
0.0519926952
0.0093457944
0.0000000000
0.0000000000
0.0000000000
0.0000000000
0.0
0.0
0.0000000000
0.0000000000
0.0000000000
0.0000000000
0.0000000000
0.0000000000
0.0124610592
0.0000000000
0.0000000000
0.0000000000
0.0000000000
0.0000000000
0.0000000000
0.0000000000
0.0000000000
0.0271877655
0.0
0.0000000000
0.0000000000
0.0000000000
0.0
0.0000000000
0.0000000000
0.0000000000
0.0206252014
0.0284824210
0.0000000000
0.0000000000
0.0000000000
0.0000000000
0.0000000000
0.0000000000
0.0000000000
0.0000000000
0.0000000000
0.0000000000
0.0000000000
0.0000000000
