0.0
0.0
0.0
0.0
0.0
0.0
0.0
0.0
0.0
0.0
0.0
0.0
0.0
0.0
0.0
0.1116845562
0.0
0.0
0.0
0.0
0.0
0.0
0.0
0.0
0.0
0.0
0.0
0.0
0.0
0.0000000000
0.0
0.1107250669
0.0
0.0
0.0
0.0
0.0994475138
0.0892548323
0.1122682734
0.0
0.1124642041
0.0
0.0
0.1024514928
0.0876761754
0.0
0.0
0.0
0.0
0.0794599124
0.0
0.0
0.1041066057
0.0
0.1099692644
0.0
0.0
0.0
0.0
0.0
0.0
0.0
0.0
0.0
0.0
0.0
0.0
0.0
0.0
0.0
0.1026146321
0.1058160738
0.1070464933
0.0
0.0958958169
0.0
0.1186776960
0.0
0.0753707473
0.0
0.1248875755
0.1225132870
0.0
0.1008481830
0.1291422624
0.0000000000
0.0
0.1109156436
0.1186776960
0.0159246019
0.0
0.0
0.0
0.0
0.0
0.0
0.0000000000
0.0876761754
0.0
0.0
0.0
0.0824066355
0.0000000000
0.0099447514
0.0
0.0
0.0
0.0
0.0
0.1296619496
0.0000000000
0.0000000000
0.1097819233
0.0935297372
0.0877956253
0.1122682734
0.1150749803
0.0000000000
0.0
0.0
0.0
0.0
0.0833660918
0.1146654608
0.0
0.0839088398
0.0
0.0
0.0
0.0
0.0
0.0977875401
0.0605089098
0.0
0.0549846322
0.0902548865
0.1101572461
0.0
0.0
0.0766254328
0.0971975701
0.0
0.0669875145
0.0
0.0648309748
0.0
0.0724881765
0.0
0.1167427336
0.0852407261
0.0000000000
0.0000000000
0.0824066355
0.0867321520
0.0
0.0824066355
0.0991415215
0.0946284713
0.0876761754
0.0117703579
0.0980852191
0.0
0.1026146321
0.0939387594
0.1063399158
0.0000000000
0.0633647876
0.0636149940
0.0
0.0961820731
0.0
0.0994475138
0.0824066355
0.0
0.0753707473
0.0780169358
0.0
0.0
0.0751948529
0.0000000000
0.0669875145
0.0
0.0735639143
0.0000000000
0.0000000000
0.0758141046
0.0841279229
0.0180478821
0.0853536277
0.0879154010
0.0
0.0708153725
0.0903814712
0.0
0.0055248619
0.0989892303
0.0933941869
0.0929898830
0.0
0.0000000000
0.0165745856
0.0883977901
0.0
0.0692180332
0.0784920694
0.0
0.0
0.0954696133
0.0000000000
0.0
0.0000000000
0.0891313817
0.0
0.0
0.1010062523
0.0
0.0782062973
0.0
0.0966146761
0.0
0.0
0.0000000000
0.0000000000
0.0055248619
0.0000000000
0.0908913807
0.0
0.0000000000
0.1154874354
0.0000000000
0.0671270718
0.0902548865
0.0655564486
0.0575374901
0.0620828410
0.0692180332
0.1018040900
0.0872016089
0.0000000000
0.0180478821
0.0726516223
0.0
0.0000000000
0.1018040900
0.0767166535
0.0829369227
0.0055248619
0.0000000000
0.0
0.0655564486
0.0000000000
0.0
0.0910197584
0.0099447514
0.0000000000
0.0000000000
0.0
0.0000000000
0.0000000000
0.0000000000
0.0000000000
0.0055248619
0.0
0.0000000000
0.0900027779
0.0000000000
0.0159246019
0.0832583837
0.0991415215
0.0117703579
0.0000000000
0.0
0.0000000000
0.0128913444
0.0099447514
0.0876761754
0.0859226519
0.0000000000
0.0736479874
0.0575374901
0.0728981775
0.0000000000
0.0000000000
0.0100266012
0.0000000000
0.0843481531
0.0000000000
0.0000000000
0.0000000000
0.0000000000
0.0000000000
0.0000000000
0.0782062973
0.0000000000
0.0000000000
0.0
0.0000000000
0.0000000000
0.0000000000
0.0000000000
0.0000000000
0.0000000000
0.0000000000
0.0000000000
0.0000000000
0.0000000000
