0.0
0.0
0.0
0.0
0.0
0.2196610169
0.0
0.1620000000
0.0
0.0
0.0
0.1728000000
0.0
0.0
0.0
0.0
0.0
0.0
0.1775342466
0.0
0.1561445783
0.0
0.0
0.1515789474
0.0
0.0
0.0400000000
0.0
0.0
0.0
0.0
0.1739597315
0.1800000000
0.1920000000
0.0
0.0
0.0
0.1683116883
0.0
0.1716556291
0.0
0.0
0.0
0.2040944882
0.0
0.2335135135
0.0
0.2178151261
0.1329230769
0.0
0.0
0.0
0.1878260870
0.2073600000
0.1878260870
0.0
0.1393548387
0.1851428571
0.0
0.1600000000
0.0
0.1620000000
0.0
0.2142148760
0.1283168317
0.0266666667
0.0266666667
0.0
0.0000000000
0.1093670886
0.1570909091
0.1716556291
0.2253913043
0.0
0.0000000000
0.1264390244
0.1891970803
0.0000000000
0.0
0.0
0.1393548387
0.0000000000
0.1533727811
0.0
0.1322448980
0.1524705882
0.1126956522
0.1739597315
0.1506976744
0.0000000000
0.0000000000
0.0000000000
0.0000000000
0.0000000000
0.0000000000
0.0000000000
