0.0
0.0
0.0
0.0
0.0
0.0
0.0
0.2369057212
0.0
0.0
0.0
0.0
0.0
0.0
0.0
0.0
0.0
0.0
0.0
0.0
0.1820433437
0.0
0.0
0.1970839618
0.0
0.0
0.0
0.0
0.0
0.0
0.0
0.2128506787
0.2077371489
0.2231499051
0.0
0.0
0.0
0.2005115090
0.0
0.0
0.0
0.0
0.0
0.0
0.0
0.0
0.0
0.0
0.0
0.0
0.0
0.0
0.0
0.2245989305
0.0
0.0
0.0
0.2231499051
0.0
0.2175360710
0.0
0.0
0.0
0.2497345509
0.2071151814
0.2089923583
0.1666902906
0.0
0.1796791444
0.0
0.2488362251
0.2590879048
0.2427244582
0.0
0.0
0.2224323813
0.2571616007
0.2224323813
0.0
0.0
0.0
0.1910952226
0.1982133828
0.0
0.0
0.2121977625
0.1593927894
0.0
0.2640323305
0.2453066333
0.0
0.2488362251
0.2600619195
0.2275541796
0.0
0.0
0.2203072312
0.0
0.2321358073
0.2155030236
0.2224323813
0.0
0.1787505700
0.1900452489
0.0
0.0
0.0
0.1884917455
0.0
0.0
0.2210110881
0.1916245723
0.0
0.2148337596
0.2077371489
0.0
0.2210110881
0.0000000000
0.0
0.0
0.2010943912
0.0
0.0
0.2337042925
0.1999319959
0.2135076253
0.1982133828
0.1650989752
0.0
0.2040603852
0.2141686396
0.2083628632
0.1869634340
0.2712802768
0.2427244582
0.2168541398
0.1755747984
0.1769219197
0.2360971692
0.0
0.1554527429
0.2052714261
0.0
0.0000000000
0.2121977625
0.0
0.2571616007
0.1796791444
0.1970839618
0.0
0.2260668973
0.0
0.0
0.2016806723
0.0
0.1834919644
0.1742480367
0.0
0.0000000000
0.0
0.2337042925
0.1691356249
0.2290611609
0.2360971692
0.1389085755
0.2275541796
0.1432225064
0.0
0.2046641142
0.1921568627
0.0
0.1746880570
0.2290611609
0.0000000000
0.0
0.1459419211
0.0000000000
0.0000000000
0.2175360710
0.1729411765
0.0000000000
0.0000000000
0.0000000000
0.0000000000
0.1742480367
0.1725099017
0.0000000000
0.0000000000
0.0000000000
0.0000000000
0.0000000000
0.1879795396
0.0000000000
0.0000000000
0.0000000000
