0.0
0.0
0.0
0.0
0.1261977231
0.0
0.1458149974
0.0
0.0
0.1142354782
0.0
0.1207545565
0.0
0.1343004551
0.0
0.1281528991
0.0
0.1315814293
0.0
0.0
0.1489174441
0.1001525133
0.0
0.0
0.0
0.1249842835
0.1235418308
0.1257616563
0.1337083885
0.1297982287
0.0
0.0
0.1423921101
0.1257616563
0.1380706500
0.1295210795
0.1368248998
0.1227087773
0.1344989776
0.0
0.0
0.1464015420
0.1399823975
0.1347978642
0.0
0.1364146302
0.1399823975
0.1263729977
0.1210759260
0.1181669589
0.1265487599
0.1089031219
0.1398748015
0.1375488410
0.1358038184
0.0
0.1293369699
0.0
0.1092955656
0.1444262831
0.0
0.0022883295
0.1293369699
0.1374449522
0.0
0.1436283478
0.0
0.0933694801
0.1244713521
0.1374449522
0.1416164332
0.1408491615
0.1137356979
0.1384909564
0.1274349557
0.1273457780
0.1174045914
0.0896880812
0.0934653912
0.1244713521
0.1314863560
0.1343004551
0.1387020707
0.0
0.1351984522
0.1322508116
0.1297057140
0.0
0.0978371595
0.1019479645
0.1307306873
0.0
0.1310130430
0.1151025406
0.0022883295
0.0
0.0932259819
0.1311074328
0.1255880723
0.1333165690
0.1347978642
0.1328300122
0.1176322668
0.1092299620
0.1293369699
0.1366194570
0.0
0.1149571173
0.1427271504
0.0
0.1257616563
0.1325397791
0.1160568346
0.1192510594
0.1179372111
0.1159089915
0.1356014282
0.0
0.1286057362
0.1419478289
0.1210759260
0.1210759260
0.1112329564
0.1215612002
0.0000000000
0.1406314658
0.0
0.1113691045
0.0000000000
0.1314863560
0.0
0.0
0.1139493530
0.1138780455
0.1360068137
0.0907164091
0.1121239166
0.1243862725
0.1283336507
0.1343004551
0.1224610476
0.1142354782
0.1261977231
0.0
0.0000000000
0.1371342251
0.1205146468
0.0000000000
0.1405228700
0.1177083549
0.1198795235
0.1350980822
0.1255014598
0.1218052990
0.1291533830
0.1180136944
0.0000000000
0.0000000000
0.1156879318
0.1128890302
0.1393392930
0.0000000000
0.1117795557
0.1002628742
0.1226260894
0.1145951617
0.1246418608
0.1038682173
0.1094928500
0.1332189727
0.0
0.0
0.0787779726
0.0
0.1081909136
0.1100224406
0.0
0.1335121913
0.1190949717
0.0
0.1008183472
0.1056777681
0.1133813811
0.1314863560
0.1069824319
0.1184746854
0.1127491429
0.0
0.1005954211
0.1176322668
0.1153944938
0.1364146302
0.0960301407
0.1109616565
0.1363124470
0.1045244783
0.1133107825
0.1447709759
0.1150297830
0.0
0.0
0.1187840187
0.1246418608
0.0
0.1136646575
0.0883813097
0.0
0.1207545565
0.0
0.0979424740
0.1082552747
0.1308246705
0.0
0.1020051103
0.0997134886
0.1275242584
0.1090989908
0.1138068272
0.0
0.1330242081
0.0000000000
0.1323469940
0.1329270392
0.0000000000
0.0
0.1256748044
0.0000000000
0.0000000000
0.1218052990
0.1379659717
0.1064193665
0.1263729977
0.0
0.1395530036
0.1268133217
0.1078063488
0.1366194570
0.0
0.1286057362
0.0
0.1260229340
0.0000000000
0.0045766590
0.0000000000
0.1256748044
0.0913998577
0.1269017550
0.0000000000
0.1286057362
0.1249842835
0.0973660335
0.0000000000
0.1123315535
0.1271677964
0.0872373522
0.0864088873
0.1277032398
0.1128190432
0.1430637710
0.0000000000
0.0
0.0000000000
0.1021195941
0.1018908828
0.1224610476
0.1143072341
0.1140207498
0.1180136944
0.0869871495
0.0000000000
0.0022883295
0.1382804838
0.1072978282
0.1142354782
0.0
0.0
0.0000000000
0.0000000000
0.0000000000
0.1151025406
0.1003734786
0.1131698487
0.1023493345
0.0766865220
0.1256748044
0.0030511060
0.1043446770
0.0968478535
0.0045766590
0.1328300122
0.0
0.0940450216
0.1092955656
0.0933694801
0.1231238949
0.1169518745
0.1206744806
0.0000000000
0.1028700490
0.1215612002
0.0000000000
0.0971062522
0.1016064303
0.1108265023
0.0947304095
0.1072978282
0.0000000000
0.0030511060
0.1104900526
0.0000000000
0.1080624208
0.1193292569
0.0993867377
0.0
0.0022883295
0.1156879318
0.1021195941
0.1060472708
0.1135228426
0.1251562013
0.1124704059
0.1169518745
0.0943864713
0.0
0.0000000000
0.0000000000
0.0778345238
0.0694834352
0.0000000000
0.1067314467
0.0000000000
0.1151753903
0.1297982287
0.0000000000
0.0000000000
0.1081266291
0.1150297830
0.0000000000
0.1169518745
0.1007625231
0.1201962462
0.1052499229
0.0022883295
0.0000000000
0.1080624208
0.1031616308
0.0000000000
0.0987396184
0.0978371595
0.1281528991
0.0000000000
0.0000000000
0.1011545952
0.0000000000
0.1258486284
0.1031031823
0.0787779726
0.0000000000
0.0030511060
0.1112329564
0.0000000000
0.0
0.1042848806
0.1232072557
0.0849963179
0.0000000000
0.0971062522
0.1126096019
0.0000000000
0.1279726559
0.0000000000
0.0000000000
0.0000000000
0.0000000000
0.0000000000
0.0927508240
0.1131698487
0.0000000000
0.1016064303
0.0872373522
0.0000000000
0.0000000000
0.0795702303
0.0000000000
0.0849963179
0.0022883295
0.1230406469
0.0000000000
0.0000000000
0.0000000000
0.0000000000
0.0000000000
0.0946318860
0.0000000000
0.0000000000
0.0000000000
0.0000000000
0.1233743164
0.0000000000
0.0030511060
0.1268133217
0.0880392437
0.0950272150
0.1156879318
0.0000000000
0.0000000000
0.0978371595
0.0000000000
0.1058621970
0.0000000000
0.0849963179
0.0000000000
0.0000000000
0.0000000000
0.0022883295
0.0000000000
0.0000000000
0.1150297830
0.0022883295
0.0000000000
0.0000000000
0.0000000000
0.0795702303
0.0000000000
0.1048859462
0.0000000000
0.0000000000
0.0000000000
0.0000000000
0.0022883295
0.0000000000
0.0
0.0000000000
0.0000000000
0.0000000000
0.0000000000
0.0000000000
0.0000000000
0.0000000000
0.1017200205
0.0000000000
0.0022883295
0.0000000000
0.0000000000
0.0000000000
0.0000000000
0.0000000000
0.0000000000
0.0000000000
0.0000000000
0.0000000000
0.0000000000
0.0000000000
0.0000000000
0.0000000000
0.1187065341
0.0000000000
0.1117795557
0.0000000000
0.0000000000
0.0000000000
0.0000000000
0.0882099451
0.0000000000
0.0000000000
0.1057391730
0.0000000000
0.0000000000
0.0000000000
0.0000000000
0.0000000000
0.0000000000
0.0000000000
0.0000000000
0.0000000000
0.0000000000
0.0000000000
0.0000000000
0.0000000000
0.0000000000
0.0000000000
0.0000000000
0.1007625231
0.0000000000
0.0000000000
0.0000000000
0.0000000000
0.0000000000
0.0000000000
0.0000000000
0.0000000000
0.0000000000
0.0000000000
0.0000000000
0.0000000000
0.0000000000
0.0000000000
0.0000000000
0.0000000000
0.0000000000
