0.0
0.0
0.0
0.0
0.0
0.0
0.0
0.0
0.0
0.0
0.0
0.0
0.0
0.0
0.0
0.0
0.0
0.0
0.0
0.0
0.0
0.0
0.0
0.0
0.0
0.0
0.0658761528
0.0
0.0
0.0
0.0503252311
0.0260869565
0.0
0.0
0.0
0.0
0.0
0.0
0.0
0.0
0.0
0.0
0.0
0.0511304348
0.0
0.0
0.0
0.0
0.0
0.0386473430
0.0
0.0
0.1014492754
0.0
0.0
0.0
0.0
0.0
0.0
0.0
0.0
0.0603864734
0.0
0.0
0.0467508181
0.0
0.0
0.0
0.0
0.0
0.0000000000
0.0555765595
0.0
0.0
0.0
0.0
0.0
0.0
0.0809025867
0.0
0.0
0.0
0.0
0.0
0.0
0.0718124084
0.0
0.0
0.0
0.0
0.0
0.0000000000
0.0
0.0
0.0260869565
0.0
0.0331262940
0.0
0.0
0.0
0.0762776506
0.0
0.0900183711
0.0789049919
0.0
0.0
0.0
0.0
0.0
0.0257648953
0.0144927536
0.0789049919
0.0
0.0
0.0
0.0658761528
0.0467508181
0.0
0.0289855072
0.0451505017
0.0000000000
0.0434782609
0.0586358197
0.0597318163
0.0467508181
0.0144927536
0.0419254658
0.0
0.0652173913
0.0830039526
0.0362318841
0.0
0.0
0.0900183711
0.0632802411
0.0440779610
0.0687237027
0.0489130435
0.0579710145
0.0672768879
0.0
0.0463768116
0.0499750125
0.0586956522
0.0
0.0645586298
0.0000000000
0.1047754811
0.0
0.0391304348
0.0419254658
0.0331262940
0.0733695652
0.0702341137
0.0
0.0366847826
0.0533596838
0.0
0.0289855072
0.0000000000
0.0381388253
0.0718124084
0.0260869565
0.0000000000
0.0
0.0000000000
0.0579710145
0.0331262940
0.0331262940
0.0586358197
0.0000000000
0.0000000000
0.0000000000
0.0000000000
