0.0
0.0
0.0
0.0
0.0
0.0
0.0
0.0
0.0
0.0
0.0
0.0
0.0
0.0
0.0
0.0
0.0
0.0
0.0
0.0
0.0
0.0
0.0
0.0
0.0
0.0
0.0
0.0
0.0
0.0
0.0
0.0677248677
0.0
0.0
0.0
0.0
0.0
0.0
0.0
0.0
0.0
0.0
0.0
0.0250000000
0.0
0.0
0.0
0.0
0.0
0.0
0.0
0.0
0.0250000000
0.0
0.0
0.0
0.0
0.0
0.0
0.0
0.0
0.1025025025
0.0
0.0
0.0
0.0
0.0
0.0
0.0
0.0
0.0779299848
0.0
0.0
0.0
0.0
0.0
0.0
0.0
0.0000000000
0.0
0.0
0.0
0.0
0.0
0.0
0.0547008547
0.0
0.0
0.0
0.0
0.0
0.0166666667
0.0
0.0
0.0
0.0
0.0111111111
0.0
0.0
0.0
0.0000000000
0.0
0.0111111111
0.0
0.0
0.0
0.0
0.0
0.0
0.0
0.0111111111
0.0166666667
0.0
0.0
0.0
0.0
0.0
0.0
0.0
0.0
0.0166666667
0.0
0.0902998236
0.0818545164
0.0639200999
0.0972459639
0.0000000000
0.0
0.0476057648
0.0
0.0
0.0
0.0
0.0795648796
0.0642812304
0.0
0.0779299848
0.0
0.0544391281
0.0
0.0
0.0661498708
0.0902998236
0.0621736491
0.0
0.0
0.0166666667
0.0250000000
0.0
0.0
0.0111111111
0.0000000000
0.0560481664
0.0
0.0
0.0
0.0
0.0
0.0111111111
0.0653895275
0.0
0.0499025341
0.0
0.0
0.0
0.0
0.0
0.0
0.0000000000
0.0
0.0
0.0
0.0
0.0
0.0
0.0
0.0
0.0
0.0480075012
0.0
0.0
0.0948148148
0.0
0.0111111111
0.0111111111
0.0577552171
0.0
0.0148148148
0.0000000000
0.0711111111
0.0
0.0
0.0000000000
0.0
0.0111111111
0.0
0.0111111111
0.0111111111
0.0000000000
0.0
0.0250000000
0.0632098765
0.0250000000
0.0
0.0
0.0
0.0
0.0000000000
0.0111111111
0.0000000000
0.0571747627
0.0111111111
0.0
0.0000000000
0.0000000000
0.0111111111
0.0148148148
0.0
0.0763609247
0.0111111111
0.0166666667
0.0250000000
0.0111111111
0.0836601307
0.0753495217
0.0000000000
0.1083597884
0.0000000000
0.0642812304
0.0000000000
0.0000000000
0.0632098765
0.0222222222
0.0
0.0
0.0801251956
0.0000000000
0.0000000000
0.0166666667
0.0111111111
0.0
0.0000000000
0.0424543947
0.0000000000
0.0000000000
0.0000000000
0.0000000000
0.0000000000
0.0000000000
0.0000000000
0.0000000000
