0.0033222591
0.0
0.0
0.0
0.0
0.0
0.0000000000
0.0
0.0
0.0000000000
0.0
0.0
0.0
0.0
0.0
0.0
0.0
0.0
0.0
0.0
0.0
0.0
0.0
0.0238368369
0.0
0.0
0.0000000000
0.0
0.0
0.0
0.0
0.0
0.0
0.0
0.0
0.0
0.0
0.0
0.0
0.0
0.0
0.0
0.0000000000
0.0
0.0
0.0
0.0
0.0
0.0
0.0
0.0
0.0
0.0000000000
0.0
0.0033222591
0.0
0.0
0.0
0.0033222591
0.0
0.0
0.0000000000
0.0
0.0
0.0
0.0033222591
0.0
0.0044296788
0.0000000000
0.0
0.0000000000
0.0189167780
0.0
0.0
0.0285785732
0.0
0.0
0.0
0.0
0.0
0.0
0.0
0.0
0.0000000000
0.0
0.0259298274
0.0
0.0
0.0
0.0
0.0
0.0
0.0000000000
0.0
0.0000000000
0.0
0.0
0.0
0.0000000000
0.0
0.0288892099
0.0000000000
0.0
0.0
0.0
0.0
0.0
0.0
0.0
0.0
0.0
0.0066445183
0.0
0.0
0.0
0.0
0.0
0.0000000000
0.0
0.0044296788
0.0
0.0322158462
0.0
0.0000000000
0.0
0.0044296788
0.0
0.0
0.0066445183
0.0
0.0
0.0
0.0
0.0
0.0085429521
0.0066445183
0.0
0.0
0.0
0.0349711488
0.0000000000
0.0
0.0
0.0
0.0219653497
0.0
0.0258039545
0.0170372263
0.0033222591
0.0053156146
0.0000000000
0.0
0.0108728481
0.0
0.0059062385
0.0
0.0
0.0
0.0088593577
0.0
0.0
0.0207641196
0.0
0.0
0.0
0.0
0.0066445183
0.0033222591
0.0318300277
0.0
0.0000000000
0.0
0.0
0.0
0.0033222591
0.0
0.0
0.0033222591
0.0
0.0194711158
0.0
0.0000000000
0.0
0.0044296788
0.0
0.0
0.0066445183
0.0000000000
0.0000000000
0.0000000000
0.0000000000
0.0033222591
0.0259298274
0.0
0.0044296788
0.0
0.0
0.0
0.0125223614
0.0
0.0059062385
0.0066445183
0.0
0.0
0.0
0.0242722129
0.0000000000
0.0000000000
0.0
0.0000000000
0.0244959199
0.0
0.0
0.0318300277
0.0033222591
0.0
0.0
0.0210937088
0.0066445183
0.0044296788
0.0
0.0
0.0
0.0
0.0
0.0000000000
0.0108527132
0.0059062385
0.0044296788
0.0
0.0
0.0
0.0260569344
0.0
0.0000000000
0.0
0.0053156146
0.0000000000
0.0
0.0
0.0000000000
0.0000000000
0.0
0.0
0.0
0.0260569344
0.0
0.0119601329
0.0
0.0000000000
0.0
0.0217853058
0.0219653497
0.0033222591
0.0
0.0000000000
0.0066445183
0.0
0.0
0.0000000000
0.0
0.0033222591
0.0
0.0
0.0
0.0
0.0000000000
0.0217853058
0.0000000000
0.0000000000
0.0
0.0000000000
0.0173712896
0.0033222591
0.0
0.0
0.0
0.0
0.0000000000
0.0
0.0066445183
0.0
0.0075937352
0.0000000000
0.0000000000
0.0
0.0088593577
0.0000000000
0.0088593577
0.0033222591
0.0044296788
0.0000000000
0.0033222591
0.0106312292
0.0162061421
0.0
0.0
0.0000000000
0.0044296788
0.0
0.0066445183
0.0206031574
0.0193295077
0.0
0.0
0.0000000000
0.0
0.0033222591
0.0044296788
0.0
0.0
0.0
0.0
0.0
0.0147991543
0.0
0.0217853058
0.0092001022
0.0000000000
0.0044296788
0.0000000000
0.0154075786
0.0000000000
0.0033222591
0.0000000000
0.0049833887
0.0000000000
0.0
0.0000000000
0.0000000000
0.0074750831
0.0
0.0227163018
0.0189167780
0.0
0.0000000000
0.0
0.0
0.0079734219
0.0106312292
0.0
0.0000000000
0.0074750831
0.0033222591
0.0
0.0
0.0
0.0
0.0044296788
0.0066445183
0.0000000000
0.0
0.0000000000
0.0000000000
0.0197606491
0.0033222591
0.0000000000
0.0044296788
0.0
0.0
0.0044296788
0.0
0.0183931302
0.0
0.0000000000
0.0
0.0
0.0207641196
0.0066445183
0.0
0.0
0.0000000000
0.0000000000
0.0000000000
0.0000000000
0.0000000000
0.0000000000
0.0033222591
0.0033222591
0.0044296788
0.0000000000
0.0033222591
0.0066445183
0.0000000000
0.0
0.0236249539
0.0000000000
0.0066445183
0.0000000000
0.0077519380
0.0066445183
0.0066445183
0.0000000000
0.0049833887
0.0
0.0
0.0
0.0000000000
0.0033222591
0.0
0.0000000000
0.0000000000
0.0
0.0095759234
0.0033222591
0.0000000000
0.0
0.0000000000
0.0
0.0000000000
0.0
0.0000000000
0.0000000000
0.0193295077
0.0000000000
0.0000000000
0.0033222591
0.0033222591
0.0033222591
0.0225237908
0.0000000000
0.0000000000
0.0044296788
0.0000000000
0.0000000000
0.0000000000
0.0
0.0066445183
0.0180190326
0.0000000000
0.0000000000
0.0
0.0000000000
0.0000000000
0.0000000000
0.0000000000
0.0000000000
0.0194711158
0.0033222591
0.0
0.0000000000
0.0044296788
0.0000000000
0.0000000000
0.0000000000
0.0000000000
0.0062948068
0.0070778564
0.0000000000
0.0095759234
0.0044296788
0.0033222591
0.0
0.0000000000
0.0000000000
0.0000000000
0.0106312292
0.0194711158
0.0000000000
0.0000000000
0.0000000000
0.0033222591
0.0000000000
0.0000000000
0.0075937352
0.0000000000
0.0000000000
0.0088593577
0.0000000000
0.0000000000
0.0033222591
0.0000000000
0.0000000000
0.0000000000
0.0000000000
0.0000000000
0.0000000000
0.0000000000
0.0044296788
0.0000000000
0.0
0.0288892099
0.0000000000
0.0000000000
0.0044296788
0.0
0.0000000000
0.0000000000
0.0000000000
0.0000000000
0.0000000000
0.0000000000
0.0000000000
0.0
0.0000000000
0.0000000000
0.0000000000
0.0000000000
0.0000000000
0.0000000000
0.0000000000
0.0000000000
0.0000000000
0.0000000000
0.0000000000
0.0095759234
0.0000000000
0.0000000000
0.0000000000
0.0000000000
0.0000000000
0.0000000000
0.0000000000
0.0000000000
0.0000000000
0.0000000000
0.0000000000
0.0000000000
0.0000000000
0.0033222591
0.0000000000
0.0000000000
0.0000000000
0.0000000000
0.0000000000
0.0000000000
0.0000000000
0.0000000000
0.0000000000
