0.0
0.0
0.0
0.0
0.0
0.0
0.0
0.0
0.0
0.0
0.0
0.0
0.0
0.0
0.0
0.0
0.0
0.0
0.0
0.0
0.0
0.0
0.0
0.0
0.0
0.0
0.0
0.0
0.0
0.0928716556
0.0
0.1215623635
0.0
0.0
0.0
0.0
0.0
0.0926819926
0.0
0.0
0.1200615936
0.0
0.0
0.0
0.0863347160
0.0
0.0
0.0
0.0
0.0963551643
0.0
0.0
0.1145078613
0.0
0.1200615936
0.0
0.0
0.0
0.0
0.0
0.0
0.0
0.0
0.0
0.0
0.0
0.0
0.0
0.0
0.0
0.1320561078
0.1106909326
0.1023683061
0.0
0.0956108477
0.0
0.1119653348
0.0
0.0969728256
0.0
0.0
0.0985165319
0.0
0.0
0.1215623635
0.1284432520
0.0
0.1127068271
0.0
0.1127068271
0.0
0.0
0.0
0.0
0.0
0.0
0.0000000000
0.1003315012
0.0
0.0
0.0
0.0962870206
0.0000000000
0.0847757454
0.0
0.0
0.0
0.0
0.0
0.1291744280
0.1051350171
0.0
0.0988025015
0.1098868822
0.1159709089
0.1138376648
0.0
0.0
0.0
0.0
0.0
0.0
0.1102427912
0.1033787753
0.0
0.0911921280
0.0
0.0
0.0
0.0
0.0
0.0
0.0
0.0
0.0
0.0973194046
0.0892785883
0.0
0.0
0.1366966336
0.0
0.0
0.0843555434
0.0
0.1074584429
0.0
0.0030581040
0.0
0.1165666499
0.1082272234
0.0698921186
0.0
0.0
0.0750136899
0.0
0.1224369129
0.1125205348
0.0
0.1140283477
0.1116897843
0.0
0.0
0.1187008257
0.1201675614
0.1147007979
0.0994520432
0.0838361127
0.0
0.0
0.1093573069
0.0
0.0909484617
0.0
0.0
0.1062011288
0.0687625490
0.0
0.0
0.0950767089
0.0901057889
0.0912532487
0.0
0.1133637361
0.0000000000
0.1046501515
0.0
0.0
0.1144116362
0.1045697750
0.1297901307
0.0
0.1129874250
0.1115068363
0.0
0.0
0.0975984567
0.0877254169
0.0945485049
0.0
0.0
0.1390703239
0.1158722103
0.0
0.1056243965
0.0812349923
0.0
0.0
0.0
0.0000000000
0.0
0.0880658778
0.0
0.0
0.0
0.0782470386
0.0
0.0
0.0
0.0000000000
0.0
0.0
0.0902252134
0.0946800049
0.0000000000
0.0
0.1145078613
0.0
0.0030581040
0.0
0.0979495303
0.0
0.1037727493
0.0
0.1075433231
0.0837845213
0.0769208176
0.1036937145
0.0000000000
0.0
0.1294200067
0.1072890836
0.0
0.0
0.0000000000
0.1336112337
0.0836301272
0.0
0.0903449549
0.0
0.1174718267
0.1134582059
0.0
0.0
0.1001101817
0.0
0.1095332640
0.0
0.1276006065
0.0000000000
0.1039311810
0.0966973346
0.0886969688
0.0
0.1087458843
0.0030581040
0.0750550425
0.0
0.0000000000
0.0
0.0
0.1027546016
0.0
0.0700359296
0.1143155727
0.1258316517
0.0973890180
0.1138376648
0.0068807339
0.0800410624
0.0000000000
0.0742365578
0.0931257504
0.1128937372
0.1210220863
0.0848285652
0.0
0.0
0.1430145453
0.0000000000
0.0
0.0
0.0
0.0963551643
0.0972498908
0.0
0.0
0.0965601752
0.1028322108
0.1109615706
0.0
0.0
0.0946800049
0.0068807339
0.1024453327
0.0
0.0
0.0
0.0
0.0
0.0
0.0639201160
0.1098868822
0.0
0.1057885370
0.1159709089
0.0983741670
0.1137425623
0.0
0.0000000000
0.0
0.1126136039
0.0983741670
0.0826151985
0.0000000000
0.1181856312
0.0983741670
0.1134582059
0.1067841938
0.1201675614
0.1224369129
0.1174718267
0.0
0.0000000000
0.1166665356
0.1145078613
0.0935737781
0.0962870206
0.0927451274
0.1013019696
0.1108712110
0.0
0.1114155868
0.0923676032
0.0975984567
0.1109615706
0.0
0.0944173697
0.0000000000
0.0
0.0782920340
0.0838877678
0.0
0.0
0.0000000000
0.0
0.0797597230
0.0
0.0
0.1083133231
0.0000000000
0.0952763101
0.0000000000
0.0
0.0838361127
0.0
0.0000000000
0.0
0.0845651224
0.0000000000
0.0908271161
0.0030581040
0.0000000000
0.0971111606
0.0
0.0000000000
0.1023683061
0.0666747537
0.0030581040
0.0000000000
0.0030581040
0.0707271933
0.0604573033
0.0045871560
0.0939612471
0.0000000000
0.0000000000
0.0813320472
0.0000000000
0.0000000000
0.0945485049
0.0000000000
0.0000000000
0.1013019696
0.0
0.0709113787
0.0990901362
0.0000000000
0.1160697759
0.0672677110
0.0000000000
0.0921799913
0.0889287048
0.0
0.0909484617
0.0841470007
0.0
0.0
0.0000000000
0.0000000000
0.0000000000
0.0
0.0950767089
0.0
0.0000000000
0.0000000000
0.0000000000
0.0712453412
0.0818700223
0.0000000000
0.0000000000
0.0030581040
0.0741961020
0.0000000000
0.1130812684
0.0000000000
0.0030581040
0.0000000000
0.1077987705
0.0000000000
0.1013019696
0.0749723828
0.1157736795
0.0846703029
0.0000000000
0.0000000000
0.0045871560
0.0799470623
0.0000000000
0.0846703029
0.0903449549
0.0726907886
0.0000000000
0.0000000000
0.1077134866
0.0000000000
0.0
0.1145078613
0.0808490778
0.0891616549
0.0000000000
0.0965601752
0.1211297572
0.0000000000
0.0000000000
0.0722663732
0.0964917414
0.1219980709
0.0000000000
0.0
0.0000000000
0.0000000000
0.0000000000
0.0938964463
0.0000000000
0.0947458922
0.0000000000
0.0000000000
0.0972498908
0.0748899049
0.0000000000
0.0886969688
0.0852535048
0.0000000000
0.0000000000
0.0030581040
0.0030581040
0.0826151985
0.0891616549
0.0884089916
0.0000000000
0.0000000000
0.0784725343
0.0960154070
0.0000000000
0.0000000000
0.0000000000
0.0000000000
0.0000000000
0.0000000000
0.0000000000
0.0958801740
0.0846703029
0.0947458922
0.0848285652
0.0000000000
0.0630907540
0.0844602029
0.0000000000
0.0000000000
0.0000000000
0.0000000000
0.0793876659
0.0000000000
0.0000000000
0.0000000000
0.0000000000
0.0000000000
0.0000000000
0.0000000000
0.0000000000
0.0000000000
0.0000000000
0.0000000000
0.0000000000
0.0000000000
0.0000000000
0.0000000000
0.0000000000
0.0000000000
0.0698562581
0.0000000000
0.0000000000
0.0000000000
0.0000000000
0.0000000000
0.0000000000
0.0867196478
0.0000000000
0.0000000000
