0.0
0.0
0.0
0.0
0.0
0.0
0.0
0.0
0.0
0.0
0.0
0.0
0.0
0.0
0.0
0.0
0.0
0.0
0.0
0.0
0.0
0.0
0.0
0.0
0.0
0.0
0.0
0.0
0.0
0.0
0.0
0.0000000000
0.0
0.0
0.0
0.0
0.0
0.0
0.0
0.0
0.0
0.0
0.0
0.0
0.0
0.0
0.0
0.0
0.0
0.0
0.0
0.0
0.0873281443
0.0
0.0
0.0
0.0
0.0
0.0
0.0
0.0
0.0782594524
0.0
0.0
0.0
0.0
0.0
0.0
0.0
0.0
0.0000000000
0.0
0.0
0.0
0.0
0.0
0.0
0.0
0.0
0.0
0.0
0.0
0.0
0.0
0.0
0.1203991576
0.0
0.0
0.0
0.0
0.0
0.0869549471
0.0
0.0
0.0
0.0
0.1263817244
0.0
0.0
0.0
0.0000000000
0.0
0.0084745763
0.0
0.0
0.0
0.0
0.0
0.0
0.0
0.0
0.0000000000
0.0
0.0
0.0
0.0
0.0
0.0
0.0
0.0
0.0188751926
0.0
0.1027649375
0.0734565257
0.1038135593
0.0
0.0084745763
0.0
0.0000000000
0.0
0.0
0.0
0.0
0.0
0.0
0.0
0.0000000000
0.0
0.0000000000
0.0
0.0
0.0000000000
0.0000000000
0.0937670858
0.0
0.0
0.1088099338
0.0
0.0
0.0
0.0671533255
0.0937670858
0.0
0.0
0.0
0.0
0.0
0.0
0.0000000000
0.0830508475
0.0
0.0000000000
0.0
0.0
0.0
0.0
0.0
0.0
0.0000000000
0.0
0.0
0.0
0.0
0.0
0.0
0.0
0.0
0.0
0.0937670858
0.0
0.0
0.1082311576
0.0
0.0188751926
0.0
0.0
0.0
0.0680516977
0.0259533898
0.0880842322
0.0
0.0
0.0000000000
0.0
0.0000000000
0.0
0.0
0.0127118644
0.0729299557
0.0
0.0880842322
0.0000000000
0.0000000000
0.0
0.0
0.0
0.0
0.0
0.0
0.0734565257
0.0
0.0880842322
0.0
0.1043459365
0.0804247337
0.0000000000
0.0721541051
0.0
0.1189909803
0.0000000000
0.0000000000
0.0000000000
0.0000000000
0.0937670858
0.0729299557
0.0112994350
0.0959785737
0.0833912198
0.0
0.0
0.0539720361
0.0973562566
0.0804247337
0.0
0.0
0.0614726817
0.0346045198
0.0346045198
0.0675995270
0.0000000000
0.0
0.0259533898
0.0
0.0000000000
0.0
0.0586382064
0.0000000000
0.0000000000
0.0797939515
0.0704064278
0.0000000000
0.0230696798
0.0
0.0767828590
0.0000000000
0.0844292848
0.0112994350
0.0
0.0190677966
0.0084745763
0.0084745763
0.0873281443
0.0
0.0169491525
0.0804247337
0.0708970649
0.0
0.0000000000
0.0626075619
0.0084745763
0.0982968967
0.0000000000
0.0
0.0230696798
0.0478763709
0.0000000000
0.0675995270
0.0929107654
0.0
0.0000000000
0.0000000000
0.0084745763
0.0190677966
0.0000000000
0.0000000000
0.0000000000
0.0000000000
0.0626075619
0.0000000000
0.0000000000
0.0694452479
0.0000000000
0.0000000000
0.0724108812
0.0000000000
0.0127118644
0.0000000000
0.0000000000
0.0000000000
0.0000000000
0.0000000000
0.0000000000
0.0000000000
