0.0
0.0
0.0
0.0
0.1228578129
0.0
0.1428776871
0.0
0.0
0.1128620953
0.0
0.1107770387
0.0
0.1317391006
0.0
0.1242539244
0.0
0.1296261304
0.0
0.0
0.1443197756
0.0991380645
0.0
0.0
0.0
0.1225338635
0.1185483871
0.1199250780
0.1296261304
0.1265376930
0.0
0.0
0.1411418914
0.1241709225
0.1350900225
0.1292655570
0.1324902858
0.1218111867
0.1294455926
0.0
0.0
0.1446567089
0.1366793169
0.1336332645
0.0
0.1359794228
0.1400782750
0.1229390681
0.1175736059
0.1149560117
0.1107110607
0.1078212709
0.1390305692
0.0
0.1340186525
0.0
0.1232651664
0.0
0.1029827540
0.1411418914
0.0
0.0
0.1277552378
0.1281074231
0.0
0.1402897139
0.0
0.0892385362
0.1197705354
0.1308120133
0.1356816576
0.1396573035
0.1105793403
0.1377938258
0.1226956244
0.1186997899
0.0
0.0861770380
0.0914332863
0.1254277132
0.1229390681
0.1320197947
0.1344062697
0.0
0.1312739202
0.1302619979
0.1265376930
0.0
0.0952762024
0.1054361151
0.1293555122
0.0
0.1261084606
0.1119782355
0.0021505376
0.0
0.0921585875
0.1283728391
0.1222920204
0.1293555122
0.1323016875
0.1291757269
0.1138994307
0.1068298109
0.1206254841
0.1338256810
0.0
0.0973723787
0.1364786130
0.0
0.1232651664
0.1349919179
0.1153841533
0.1190037586
0.1141091903
0.1137600190
0.1349919179
0.0
0.1245035974
0.1406080718
0.1204691322
0.1246706043
0.0967137726
0.1218111867
0.0028673835
0.1394477652
0.0
0.1094078110
0.0000000000
0.1262798036
0.0
0.0
0.1143900744
0.0021505376
0.1334414006
0.1047823399
0.1103823462
0.1237575706
0.1314595976
0.1315526334
0.1218111867
0.1109092309
0.1222920204
0.0
0.1028118755
0.1382036215
0.1141792819
0.0000000000
0.1398674725
0.1121809722
0.1190037586
0.1372849859
0.1214133710
0.1188515799
0.1285503949
0.1150271479
0.0000000000
0.0821404644
0.1144605117
0.1103823462
0.1391346340
0.0000000000
0.1128620953
0.0928954877
0.1196934134
0.1043119366
0.1207822423
0.0995095669
0.1127936110
0.1313666933
0.0
0.0
0.0758709677
0.0
0.1043705059
0.1097955528
0.0
0.1302619979
0.1124524325
0.0
0.0957177502
0.1198477569
0.1085770274
0.1321136254
0.1039037848
0.1174992863
0.1314595976
0.0
0.0955210026
0.1087040181
0.1157433817
0.1315526334
0.1174992863
0.1053166408
0.1334414006
0.1056158358
0.1126568915
0.1436505958
0.1140391846
0.0
0.0
0.1144605117
0.1267102052
0.0
0.1157433817
0.0824684432
0.0
0.1220511300
0.0
0.1000451405
0.1057359903
0.1320197947
0.0
0.1041949949
0.0954229317
0.1235108777
0.1038457380
0.1113743984
0.0
0.1314595976
0.0000000000
0.1325847867
0.1317391006
0.0000000000
0.0
0.1252586732
0.0043010753
0.0000000000
0.1172029451
0.1339220972
0.1046054423
0.1286393571
0.0
0.1447693699
0.1231834798
0.1083870968
0.1329641423
0.0
0.1255972101
0.0
0.1230204308
0.0000000000
0.0943094221
0.0000000000
0.1225338635
0.0897989715
0.1255972101
0.0021505376
0.1267102052
0.1228578129
0.0935500106
0.0000000000
0.1146016467
0.1250900881
0.0831695172
0.0829468411
0.1223725286
0.1105135975
0.1397623090
0.0000000000
0.0
0.0000000000
0.1013543462
0.1061586927
0.1226956244
0.1089588927
0.1136209480
0.1136904410
0.0859777387
0.0000000000
0.0805389389
0.1395524557
0.1041949949
0.1109092309
0.0
0.0
0.1166147246
0.0000000000
0.0000000000
0.1134822167
0.0993500112
0.1134822167
0.1036719860
0.0757164444
0.1250900881
0.1106451613
0.1199250780
0.0021505376
0.0043010753
0.1289069840
0.0
0.0935971153
0.1093434535
0.0892385362
0.1152410855
0.1143900744
0.1193859158
0.0000000000
0.1017426770
0.1239225806
0.0000000000
0.1029257314
0.0967641182
0.1081978294
0.0000000000
0.1056158358
0.1224531429
0.0028673835
0.1094078110
0.0000000000
0.1054959540
0.1196163906
0.0000000000
0.0
0.0000000000
0.1147431302
0.0945973898
0.1043119366
0.1090867787
0.1190799942
0.1112410957
0.1123165383
0.0933151963
0.0
0.0000000000
0.0021505376
0.0730388491
0.0654981927
0.0000000000
0.1076963331
0.0000000000
0.1105135975
0.1267102052
0.0000000000
0.0021505376
0.1056158358
0.1193092882
0.0000000000
0.1123165383
0.1006409697
0.1143197238
0.1039037848
0.0021505376
0.0
0.1056158358
0.1021901435
0.0000000000
0.1030398398
0.0966132385
0.1267966378
0.1021901435
0.0000000000
0.1002069385
0.0000000000
0.1217314152
0.1006954881
0.0758709677
0.0000000000
0.0821041833
0.1089588927
0.0000000000
0.0
0.0917945042
0.1175736059
0.0899728320
0.0000000000
0.0958164283
0.1153841533
0.0000000000
0.1321136254
0.0903225806
0.0000000000
0.0000000000
0.0000000000
0.0000000000
0.0906308488
0.1134822167
0.0000000000
0.1158877001
0.0831695172
0.0000000000
0.0000000000
0.0899293038
0.0000000000
0.0828359496
0.0021505376
0.1228578129
0.0000000000
0.0021505376
0.0000000000
0.0000000000
0.0000000000
0.0924335510
0.0000000000
0.0000000000
0.0000000000
0.0000000000
0.1203131851
0.0000000000
0.0028673835
0.1248380597
0.0942615979
0.0933151963
0.1144605117
0.0000000000
0.0000000000
0.0952762024
0.0000000000
0.0943572949
0.0000000000
0.0828359496
0.1132057679
0.0000000000
0.0000000000
0.0021505376
0.0905425577
0.0000000000
0.1219710439
0.0922500600
0.0000000000
0.0000000000
0.0927101601
0.0899293038
0.0021505376
0.0000000000
0.0000000000
0.0000000000
0.0000000000
0.0000000000
0.0043010753
0.0
0.0
0.0000000000
0.0000000000
0.0000000000
0.0000000000
0.0000000000
0.0000000000
0.1071376778
0.1071376778
0.0000000000
0.0028673835
0.0028673835
0.0000000000
0.0021505376
0.0000000000
0.0000000000
0.0021505376
0.1088313062
0.0000000000
0.0000000000
0.0932683748
0.0000000000
0.0000000000
0.0000000000
0.1155994222
0.0000000000
0.1128620953
0.0894963269
0.0000000000
0.0000000000
0.0000000000
0.0873925110
0.0000000000
0.0000000000
0.0000000000
0.0000000000
0.0000000000
0.0000000000
0.0000000000
0.0000000000
0.0000000000
0.0000000000
0.0000000000
0.0000000000
0.0000000000
0.0000000000
0.0000000000
0.0000000000
0.0000000000
0.0021505376
0.0000000000
0.1006409697
0.0000000000
0.0000000000
0.0000000000
0.0000000000
0.0000000000
0.0000000000
0.0000000000
0.0000000000
0.0000000000
0.0000000000
0.0000000000
0.1008593982
0.0000000000
0.0000000000
0.0000000000
0.0000000000
0.0000000000
0.0000000000
0.0000000000
0.0000000000
0.0000000000
0.0000000000
0.0028673835
0.0000000000
0.0000000000
0.0000000000
0.0000000000
0.0000000000
0.1046054423
0.0000000000
0.0000000000
0.0000000000
0.0000000000
0.0000000000
0.0000000000
0.0000000000
0.0000000000
0.0000000000
0.0000000000
0.0000000000
0.0000000000
0.0000000000
0.0000000000
0.0000000000
0.0000000000
0.0000000000
0.0000000000
0.0000000000
0.0000000000
0.0000000000
