0.0
0.0
0.0
0.0
0.1434802571
0.0
0.1495215311
0.0
0.0
0.1300187227
0.0
0.1406390639
0.0
0.1166697779
0.0
0.1221896383
0.0859579150
0.1000320102
0.0
0.1548179341
0.0056818182
0.0056818182
0.0
0.0
0.0
0.1183712121
0.1023751024
0.1227174553
0.1276813075
0.1147842057
0.0
0.0
0.1111901797
0.1340051458
0.1365821678
0.1219274288
0.1306165099
0.1038723616
0.0127840909
0.0
0.0
0.1582679159
0.1127344877
0.0075757576
0.0
0.1327527613
0.0000000000
0.1219274288
0.0056818182
0.1125112511
0.1129586120
0.0747607656
0.0956535047
0.1114081996
0.1392602496
0.1111901797
0.1007414571
0.1759076836
0.0956535047
0.1227174553
0.0
0.1159554731
0.0000000000
0.1303169308
0.0
0.1282577468
0.0
0.1468170073
0.1176359872
0.1014610390
0.1294263823
0.1343219428
0.1196172249
0.1309174696
0.1157193112
0.1409880442
0.0000000000
0.1169098391
0.0991591306
0.0056818182
0.1147842057
0.1336898396
0.1216663422
0.0
0.1188664892
0.1147842057
0.1333760137
0.0127840909
0.0871444506
0.0000000000
0.1340051458
0.0
0.0085227273
0.1027453559
0.0000000000
0.1152498617
0.0856986151
0.1254264499
0.0075757576
0.1056100034
0.0959766585
0.1143222974
0.1003854802
0.1198695819
0.0932975071
0.1543972332
0.0838026281
0.1164307004
0.1294263823
0.1007414571
0.0838026281
0.0000000000
0.0000000000
0.0761637826
0.0000000000
0.1084316447
0.0056818182
0.0000000000
0.0819887184
0.0878179008
0.0761637826
0.0000000000
0.0000000000
0.0000000000
0.0731250731
0.0113636364
0.0000000000
0.1084316447
0.1240571655
0.0862187888
0.0
0.0
0.0000000000
0.0000000000
0.1191156852
0.0000000000
0.0075757576
0.0824647051
0.0000000000
0.0964655039
0.0977937725
0.0000000000
0.0939143501
0.0956535047
0.1219274288
0.1196172249
0.0000000000
0.0000000000
0.1103265666
0.0979623824
0.0000000000
0.1084316447
0.0000000000
0.0113636364
0.0721042916
0.0000000000
0.0000000000
0.0000000000
0.1088470916
0.0000000000
0.0075757576
0.0000000000
0.0000000000
0.0000000000
0.0931445604
0.0836792074
0.0000000000
0.0085227273
0.0000000000
0.0000000000
0.0
0.0000000000
0.0000000000
0.0000000000
0.0000000000
0.0000000000
0.0
0.1086389710
0.0000000000
0.0000000000
0.0000000000
0.0000000000
0.0000000000
0.0000000000
0.0000000000
0.0056818182
0.0056818182
0.0000000000
0.1048305938
0.0000000000
0.0000000000
0.0959766585
0.0056818182
0.0000000000
0.0731250731
0.0000000000
0.0000000000
0.0000000000
0.0000000000
0.0000000000
0.0000000000
0.0000000000
0.0000000000
0.0000000000
0.0000000000
