0.0
0.0
0.0
0.0
0.0
0.0
0.0
0.0
0.0
0.0
0.0
0.0
0.0
0.0
0.0
0.0
0.0
0.0
0.0
0.0
0.0
0.0
0.0
0.0
0.0
0.0
0.0
0.0
0.0
0.0964768369
0.0
0.1254474791
0.0
0.0
0.0
0.0
0.0
0.1040271981
0.0
0.0
0.1408933679
0.0
0.0
0.0
0.1048561001
0.0
0.0
0.0
0.0
0.1209507404
0.0
0.0
0.0987204843
0.0
0.1401431369
0.0
0.0
0.0
0.0
0.0
0.0
0.0
0.0
0.0
0.0
0.0
0.0
0.0
0.0
0.0
0.1191978312
0.1358043401
0.1003771210
0.0
0.1025677362
0.0
0.1110501313
0.0
0.1163522596
0.0
0.1457302388
0.1220727325
0.0
0.1299056324
0.1239118697
0.1124738509
0.0
0.1122819160
0.0
0.1242628948
0.0
0.0
0.0
0.0
0.0
0.0
0.0000000000
0.1118049325
0.0
0.0
0.0
0.1101208415
0.0000000000
0.0000000000
0.0
0.0
0.0
0.0
0.0
0.1446092369
0.1128596961
0.0
0.0900098533
0.1146292732
0.1024080977
0.1087557071
0.0000000000
0.0
0.0
0.0
0.0
0.0
0.1341431250
0.1142312549
0.0
0.0915757868
0.0
0.0
0.0
0.0
0.0
0.0
0.1013043923
0.0
0.0
0.0944005779
0.1041919284
0.0
0.0
0.1202873909
0.0
0.0
0.0993915450
0.0
0.1079527527
0.0
0.1028885110
0.0
0.1036992952
0.1123778015
0.0000000000
0.0
0.1207288125
0.0791783427
0.0
0.1116152719
0.1232157356
0.0
0.1168689215
0.1308095483
0.0
0.0
0.1191978312
0.1250897392
0.1155350356
0.0948086496
0.0950826630
0.0
0.0
0.1092976791
0.0
0.1262902165
0.0
0.0
0.0987204843
0.0788935285
0.0
0.0
0.0964768369
0.0935948831
0.0863480352
0.0
0.1236789526
0.0000000000
0.1084867317
0.0
0.0
0.1094795388
0.1105835341
0.1246159144
0.0
0.1333276652
0.1285101617
0.0
0.0798994569
0.1163522596
0.1166617071
0.1132481976
0.0
0.0951514140
0.1360852178
0.1016173016
0.0
0.1054442353
0.1055287936
0.0
0.0
0.0
0.0000000000
0.0
0.0982781222
0.0
0.0
0.0
0.0709403804
0.0
0.1191978312
0.0
0.0000000000
0.0
0.0
0.0952202645
0.1025677362
0.0000000000
0.1205076974
0.1134434531
0.0
0.0000000000
0.0
0.1000717913
0.0
0.1248523772
0.0792260118
0.0966894971
0.1018532551
0.0892165462
0.1035361177
0.0000000000
0.0
0.1000717913
0.0968317922
0.0
0.0
0.0000000000
0.1295220528
0.1205076974
0.0
0.0952202645
0.0
0.1101208415
0.1037810770
0.0
0.0
0.0908801144
0.0
0.0939960040
0.0
0.1236789526
0.0766420533
0.1172855665
0.0034965035
0.0905050933
0.0
0.0929339023
0.0937950147
0.1058683874
0.0
0.0000000000
0.0
0.0
0.1041919284
0.0
0.0710169485
0.1283847859
0.1134434531
0.1107697017
0.1234469096
0.0744312249
0.0808319445
0.0000000000
0.1028885110
0.0817864547
0.1313317421
0.1225273795
0.0982781222
0.0
0.0
0.1394008534
0.0000000000
0.0
0.0
0.0
0.0902567940
0.0939289119
0.0
0.0
0.0900714617
0.0000000000
0.0000000000
0.0000000000
0.0922175232
0.1256871114
0.0831297572
0.1045229592
0.0
0.0000000000
0.0
0.0672429257
0.0
0.0
0.0759782942
0.1014606057
0.0
0.1096620047
0.0976219626
0.0000000000
0.0931971711
0.0
0.0000000000
0.0
0.1317261317
0.0855064364
0.0891561014
0.0900098533
0.1048561001
0.0890354571
0.1260482812
0.1064679657
0.1312008032
0.0995419104
0.1165583752
0.0000000000
0.0000000000
0.1020111671
0.1254474791
0.0966894971
0.1104906848
0.0964768369
0.1162494749
0.0987945988
0.0
0.0891561014
0.0846810847
0.1148293243
0.0000000000
0.1125700647
0.0798025504
0.0000000000
0.0
0.0034965035
0.1027278732
0.0000000000
0.1163522596
0.0000000000
0.0
0.0000000000
0.0
0.0
0.1020903069
0.0000000000
0.0000000000
0.0000000000
0.0
0.1160444494
0.0
0.0000000000
0.0
0.0825560888
0.0000000000
0.0913215861
0.0000000000
0.0612067003
0.0999198220
0.1065541746
0.0000000000
0.0714410454
0.0896419657
0.0893983734
0.0000000000
0.0000000000
0.0000000000
0.0792260118
0.0671057652
0.0000000000
0.0000000000
0.0000000000
0.0917673679
0.0000000000
0.0000000000
0.1132481976
0.0964768369
0.0000000000
0.1162494749
0.0
0.0916395582
0.0901949319
0.0643178913
0.1121861940
0.0000000000
0.0000000000
0.0000000000
0.0034965035
0.0893983734
0.0944683457
0.0034965035
0.0
0.0
0.0000000000
0.0000000000
0.0000000000
0.0950826630
0.0000000000
0.0
0.0000000000
0.0993915450
0.0000000000
0.0722649125
0.0846810847
0.0000000000
0.0000000000
0.0000000000
0.0886157613
0.0000000000
0.0966894971
0.0000000000
0.0000000000
0.0871486130
0.0000000000
0.0000000000
0.1167652224
0.0612067003
0.0000000000
0.0000000000
0.0000000000
0.0000000000
0.0000000000
0.0000000000
0.0000000000
0.1070743740
0.0812311146
0.0000000000
0.0000000000
0.0000000000
0.0000000000
0.0000000000
0.0
0.0000000000
0.0000000000
0.0978397068
0.0000000000
0.0000000000
0.0000000000
0.0000000000
0.0000000000
0.0808816261
0.1046892646
0.1059536277
0.0000000000
0.0000000000
0.0000000000
0.0000000000
0.0000000000
0.0796576305
0.0000000000
0.0000000000
0.0000000000
