0.0
0.0
0.0
0.0
0.1335080310
0.0
0.1598463500
0.0
0.0
0.0936151930
0.0
0.1375266673
0.0
0.1417947363
0.0
0.1397467240
0.0
0.1427794220
0.0
0.0
0.1440296796
0.0891017845
0.0
0.0
0.0
0.1230231071
0.1253672974
0.1366128689
0.1488523929
0.1333997519
0.0
0.0
0.1534346028
0.1322201721
0.1405828155
0.1401038281
0.1426555890
0.1281011637
0.1151833993
0.0
0.0
0.1565003750
0.1569483723
0.1354875570
0.0
0.1449179684
0.1436523093
0.1303343060
0.1188452992
0.1192762104
0.1287025776
0.1238568480
0.1480485096
0.1368401782
0.1323265440
0.1465970536
0.1295133025
0.0
0.1164061530
0.1563516104
0.0
0.1071543284
0.0891984242
0.1442823633
0.0
0.1518761719
0.0
0.0963572901
0.1375266673
0.1383363281
0.1502117755
0.1407030746
0.0000000000
0.1570982752
0.1336164859
0.1295133025
0.1087843215
0.0880995684
0.1106876811
0.1279019395
0.1404627619
0.1566494230
0.1424085664
0.0
0.1531488772
0.1342709340
0.1359354497
0.0
0.1004776385
0.0977313691
0.1511782115
0.0
0.1230231071
0.1179081678
0.1109115942
0.0
0.1047655377
0.1297175821
0.1299225072
0.1440296796
0.1364994972
0.1255586978
0.1179081678
0.1180774545
0.1297175821
0.1463362048
0.0
0.1140651138
0.1511782115
0.0
0.1249862418
0.1290054072
0.0999889934
0.1273079676
0.1030588309
0.1316908680
0.1224734878
0.0
0.0986102483
0.1455591984
0.1200597768
0.1321139712
0.0894896051
0.1342709340
0.0000000000
0.1355992532
0.0993248153
0.1273079676
0.0000000000
0.1376417524
0.0
0.0
0.1305411858
0.0027855153
0.1598463500
0.0027855153
0.1366128689
0.1188452992
0.1187594904
0.1376417524
0.1268171890
0.1331837200
0.1266219355
0.0
0.1144620001
0.1525806068
0.1155881196
0.0984921522
0.1385694138
0.1247965813
0.1216582057
0.1382200791
0.1232997707
0.1357111338
0.1247019668
0.0976733338
0.0000000000
0.0000000000
0.1165711511
0.1198847625
0.1352647156
0.0000000000
0.1148616579
0.1066678950
0.1395096642
0.1232074113
0.1286019501
0.1010952023
0.1031881394
0.1489872230
0.0
0.0
0.0779904666
0.0
0.1085689070
0.0027855153
0.0
0.1425319707
0.1089284067
0.0
0.1116645581
0.0037140204
0.1149419246
0.1462061281
0.1159139494
0.1025448218
0.1222005157
0.0
0.0000000000
0.1151833993
0.1099477902
0.1331837200
0.1283010095
0.1175710466
0.1358231991
0.0000000000
0.1186738053
0.1407030746
0.1247965813
0.1313753148
0.0
0.1172358476
0.1309569221
0.0
0.1192762104
0.0984921522
0.0
0.1189312322
0.0
0.0946386042
0.0986694026
0.1371825639
0.0
0.1106132442
0.1055724609
0.1242310379
0.1122743305
0.1164885936
0.0
0.1368401782
0.0000000000
0.1290054072
0.1395096642
0.0000000000
0.0
0.1235776816
0.0000000000
0.0000000000
0.1300252128
0.1445359351
0.1053021089
0.1352647156
0.0
0.1527222787
0.1315855153
0.0788503807
0.1281011637
0.0
0.1296153618
0.0760785819
0.1322201721
0.0000000000
0.0000000000
0.0000000000
0.1156694052
0.1125047156
0.1202353027
0.0000000000
0.1167366176
0.1239501840
0.1273079676
0.0000000000
0.1106132442
0.1170689638
0.0959078100
0.0913788301
0.1289043058
0.1204113427
0.1355992532
0.0000000000
0.0
0.1043005036
0.1020359145
0.1019094759
0.0856676532
0.1204113427
0.1147815032
0.1132015789
0.0055710306
0.0000000000
0.0000000000
0.1596911594
0.0861161749
0.0000000000
0.0815477909
0.0
0.0000000000
0.0000000000
0.0000000000
0.1138283005
0.0037140204
0.1246074956
0.0000000000
0.0037140204
0.1233922687
0.0000000000
0.1011573765
0.0027855153
0.0027855153
0.1360478860
0.0
0.0027855153
0.1203232583
0.0963572901
0.1008472680
0.1121212639
0.0996256173
0.0000000000
0.0037140204
0.1156694052
0.0000000000
0.0000000000
0.0987879244
0.1179927505
0.0000000000
0.0000000000
0.0000000000
0.0027855153
0.0979058894
0.0000000000
0.0000000000
0.0871658157
0.0000000000
0.0000000000
0.0926658559
0.1214785038
0.1148616579
0.0000000000
0.1054371116
0.1133576114
0.0990258243
0.1236705971
0.0855785089
0.1013443587
0.0000000000
0.0000000000
0.0861161749
0.0764321069
0.0000000000
0.0000000000
0.0000000000
0.0000000000
0.1152641164
0.0881940451
0.0000000000
0.0000000000
0.1224734878
0.0000000000
0.0000000000
0.0000000000
0.1218384401
0.0027855153
0.0000000000
0.0000000000
0.1132795414
0.0000000000
0.0000000000
0.0055710306
0.1179927505
0.1121977450
0.0000000000
0.0000000000
0.0000000000
0.0000000000
0.1178237064
0.1159139494
0.0000000000
0.0000000000
0.0000000000
0.1144620001
0.0000000000
0.1004776385
0.1084972917
0.1184174904
0.0000000000
0.0000000000
0.0000000000
0.1021626672
0.0000000000
0.0000000000
0.0000000000
0.0000000000
0.0000000000
0.0000000000
0.0000000000
0.0861612856
0.1246074956
0.0000000000
0.0000000000
0.0959078100
0.0000000000
0.0000000000
0.0000000000
0.0000000000
0.0000000000
0.0953518227
0.1188452992
0.0000000000
0.0000000000
0.0000000000
0.0000000000
0.0000000000
0.1005390551
0.0000000000
0.0000000000
0.0000000000
0.0000000000
0.0000000000
0.0000000000
0.0000000000
0.0000000000
0.0000000000
0.0000000000
0.0000000000
0.0000000000
0.0000000000
0.0000000000
0.0000000000
0.0000000000
0.0000000000
0.0000000000
0.0000000000
0.0000000000
