0.0
0.0
0.0
0.0
0.0
0.0976562500
0.0
0.0500000000
0.0
0.0
0.0
0.0000000000
0.0000000000
0.0
0.0
0.0
0.0
0.0
0.0277777778
0.0
0.1562500000
0.0
0.0000000000
0.0976562500
0.0
0.1488095238
0.0946969697
0.0
0.1736111111
0.0000000000
0.0
0.1250000000
0.0000000000
0.1157407407
0.0
0.0500000000
0.0
0.0976562500
0.0
0.0277777778
0.1602564103
0.0500000000
0.0
0.0000000000
0.1602564103
0.1225490196
0.0
0.1488095238
0.1201923077
0.1157407407
0.0
0.0000000000
0.0277777778
0.0833333333
0.0000000000
0.0277777778
0.0277777778
0.0961538462
0.0
0.0000000000
0.0000000000
0.0277777778
0.0000000000
