0.0
0.0
0.0
0.0
0.0
0.0
0.0780370315
0.0
0.0
0.0
0.0
0.0
0.0
0.0
0.0
0.0852071006
0.0
0.0
0.0
0.0
0.0
0.0
0.0
0.0
0.0
0.0
0.0
0.0
0.0
0.0000000000
0.0
0.0906293706
0.0
0.0
0.0
0.0
0.0799136735
0.0000000000
0.0000000000
0.0
0.0979776980
0.0626011351
0.0
0.0844850065
0.0745363048
0.0
0.0
0.0
0.0
0.0574595433
0.0
0.0
0.0717210847
0.0
0.0972607880
0.0
0.0989501813
0.0000000000
0.0
0.0
0.0
0.0
0.0
0.0
0.0
0.0
0.0
0.0
0.0
0.0
0.0859416446
0.0795946568
0.1077754678
0.0
0.0153846154
0.0
0.1069086410
0.0
0.0000000000
0.0
0.1083612040
0.0989501813
0.0
0.0660213958
0.1193919853
0.0635995583
0.0
0.1022485207
0.0970241437
0.0841285297
0.0
0.0
0.0
0.0
0.0
0.0
0.0000000000
0.0076923077
0.0
0.0
0.0
0.0000000000
0.0872580374
0.0076923077
0.0
0.0000000000
0.0
0.0
0.0
0.1176310415
0.0914608327
0.0000000000
0.0789642041
0.0590769231
0.0912515402
0.1104623908
0.0979776980
0.0000000000
0.0649461288
0.0
0.0
0.0000000000
0.0102564103
0.0987052551
0.0
0.0729011391
0.1077754678
0.0
0.0
0.0000000000
0.0
0.0797538462
0.0585564216
0.0
0.0653720050
0.0640079022
0.1033080909
0.0
0.0734381640
0.0784978801
0.0837750485
0.0633973340
0.0996923077
0.0
0.0963210702
0.0
0.0737096545
0.0
0.0923076923
0.0742587022
0.0000000000
0.0000000000
0.0848445172
0.0102564103
0.0
0.0000000000
0.0898128898
0.0994436984
0.0000000000
0.0737096545
0.0655870445
0.0
0.0827322056
0.0694719914
0.0000000000
0.0000000000
0.0000000000
0.0000000000
0.0
0.0714640199
0.0
0.0076923077
0.0745363048
0.0
0.0000000000
0.0841285297
0.0
0.0
0.0692307692
0.0844850065
0.0000000000
0.0000000000
0.0000000000
0.0102564103
0.0755244755
0.0000000000
0.0698369931
0.0872580374
0.0076923077
0.0076923077
0.0
0.1145888594
0.0618246869
0.0000000000
0.0000000000
0.0153846154
0.0102564103
0.0702058505
0.0000000000
0.0000000000
0.0076923077
0.0076923077
0.0822204600
0.0784978801
0.0563233377
0.0
0.0000000000
0.0000000000
0.0000000000
0.0000000000
0.0000000000
0.0000000000
0.0000000000
0.0
0.0923076923
0.0000000000
0.0076923077
0.0
0.0000000000
0.0000000000
0.0574595433
0.0000000000
0.0000000000
0.0000000000
0.0000000000
0.0000000000
