0.0
0.0
0.0
0.0
0.0
0.0
0.0
0.2362236358
0.0
0.0
0.0
0.0
0.0
0.0
0.0
0.0
0.0
0.0
0.0
0.0
0.1761050241
0.0
0.0
0.1985647953
0.0
0.0
0.0
0.0
0.0
0.0
0.0
0.2088562633
0.2069633063
0.2216985578
0.0
0.0
0.0
0.2014848658
0.0
0.0
0.0
0.0
0.0
0.0
0.0
0.0
0.0
0.0
0.0
0.0
0.0
0.0
0.0
0.2231428481
0.0
0.0
0.0
0.2188653494
0.0
0.2107841673
0.0
0.0
0.0
0.2437895173
0.2127479949
0.2088562633
0.1708350483
0.0
0.1817104890
0.0
0.2446601942
0.2575370465
0.2420666232
0.0
0.0
0.2378640777
0.2518560822
0.2188653494
0.0
0.0
0.0
0.0
0.1968530298
0.0
0.0
0.2101375901
0.1918903484
0.0
0.2518560822
0.2395274628
0.0
0.2437895173
0.2604747314
0.2291132253
0.0
0.0
0.2082214419
0.0
0.2275908783
0.2134107613
0.2275908783
0.0
0.1615680528
0.1897641395
0.0
0.0
0.0
0.1856500118
0.0
0.0
0.2224183583
0.1882001494
0.0
0.1779346867
0.2026770839
0.0
0.2167875138
0.0000000000
0.0
0.0
0.2088562633
0.0
0.0
0.2260886283
0.1929714208
0.2114347357
0.1968530298
0.1654706627
0.0
0.2314353188
0.2107841673
0.2063399228
0.1892399292
0.2697041511
0.2403679101
0.2134107613
0.1774737160
0.1738701888
0.2260886283
0.0
0.1522330097
0.2063399228
0.0
0.0000000000
0.2216985578
0.0
0.2634802091
0.1836591270
0.2069633063
0.0
0.2216985578
0.0
0.0
0.2044921026
0.0
0.1882001494
0.1683165955
0.0
0.0000000000
0.0
0.2291132253
0.1747572816
0.2362236358
0.2386928724
0.1415389553
0.2268372661
0.0000000000
0.0
0.2032784996
0.1892399292
0.0
0.1716913643
0.2330097087
0.0000000000
0.0
0.1436160469
0.0000000000
0.0000000000
0.2161036415
0.1695664712
0.0000000000
0.0000000000
0.1532547078
0.1415389553
0.1662739184
0.1712621359
0.0000000000
0.0000000000
0.0000000000
0.0000000000
0.0000000000
0.1871717332
0.0000000000
0.0000000000
0.0000000000
0.0000000000
0.0000000000
