0.0
0.0
0.0
0.0
0.0
0.0
0.0
0.0
0.0
0.0
0.0
0.0
0.0
0.0
0.0
0.0
0.0
0.0
0.0
0.0
0.0
0.0
0.0
0.0
0.0
0.0
0.0
0.0
0.0
0.0
0.0
0.0000000000
0.0
0.0
0.0
0.0
0.0
0.0
0.0
0.0
0.0
0.0
0.0
0.0
0.0
0.0
0.0
0.0
0.0
0.0
0.0
0.0
0.0699612403
0.0
0.0
0.0
0.0
0.0
0.0
0.0
0.0
0.0576309068
0.0
0.0
0.0
0.0
0.0
0.0
0.0
0.0
0.0000000000
0.0
0.0
0.0
0.0
0.0
0.0
0.0
0.0
0.0
0.0
0.0
0.0
0.0
0.0
0.0996136865
0.0
0.0
0.0
0.0
0.0
0.0238095238
0.0
0.0
0.0
0.0
0.0000000000
0.0
0.0
0.0
0.0166666667
0.0
0.0740968801
0.0
0.0
0.0
0.0
0.0
0.0
0.0
0.0
0.0653985507
0.0
0.0
0.0
0.0
0.0
0.0
0.0
0.0
0.0104166667
0.0
0.0779360967
0.0648347701
0.0946016771
0.0
0.0000000000
0.0
0.0238095238
0.0
0.0
0.0
0.0
0.0
0.0
0.0
0.0859523810
0.0
0.0104166667
0.0
0.0
0.0000000000
0.0000000000
0.0940104167
0.0
0.0
0.0601666667
0.0
0.0
0.0
0.0104166667
0.0771367521
0.0
0.0
0.0
0.0
0.0
0.0
0.0104166667
0.0104166667
0.0
0.0569760101
0.0
0.0
0.0
0.0
0.0
0.0
0.0000000000
0.0
0.0
0.0
0.0
0.0
0.0
0.0
0.0
0.0
0.0800088652
0.0
0.0
0.0674514200
0.0
0.0662628488
0.0
0.0
0.0
0.0783420139
0.0104166667
0.0771367521
0.0
0.0
0.0000000000
0.0
0.0000000000
0.0
0.0
0.0000000000
0.0583010336
0.0
0.0000000000
0.0000000000
0.0826465201
0.0
0.0
0.0
0.0
0.0569760101
0.0104166667
0.0104166667
0.0
0.0524099884
0.0
0.0976731602
0.0000000000
0.0000000000
0.0277777778
0.0
0.0906124498
0.0000000000
0.0000000000
0.0104166667
0.0000000000
0.0166666667
0.0653985507
0.0000000000
0.0671502976
0.0000000000
0.0
0.0
0.0000000000
0.0755862647
0.0656841339
0.0
0.0
0.0104166667
0.0000000000
0.0104166667
0.0000000000
0.0104166667
0.0
0.0000000000
0.0
0.0000000000
0.0
0.0662628488
0.0000000000
0.0000000000
0.0642806268
0.0000000000
0.0104166667
0.0000000000
0.0509887006
0.0000000000
0.0000000000
0.0000000000
0.0563358302
0.0563358302
0.0578525641
0.0000000000
0.0104166667
0.0576309068
0.0
0.0653985507
0.0000000000
0.0104166667
0.0
0.0000000000
0.0656841339
0.0000000000
0.0104166667
0.0000000000
0.0576309068
0.0555043050
0.0000000000
