0.0
0.0
0.0
0.0
0.0
0.0
0.0
0.0
0.0
0.0
0.0
0.0
0.0
0.0
0.0
0.0
0.0
0.0
0.0
0.0
0.0
0.0
0.0
0.0
0.0
0.0
0.0
0.0
0.0
0.0
0.0
0.0000000000
0.0
0.0
0.0
0.0
0.0
0.0
0.0
0.0
0.0
0.0
0.0
0.0
0.0
0.0
0.0
0.0
0.0
0.0
0.0
0.0
0.0206896552
0.0
0.0
0.0
0.0
0.0
0.0
0.0
0.0
0.0681210415
0.0
0.0
0.0
0.0
0.0
0.0
0.0
0.0
0.0460757351
0.0
0.0
0.0
0.0
0.0
0.0
0.0
0.0
0.0
0.0
0.0
0.0
0.0
0.0
0.0486894316
0.0
0.0
0.0
0.0
0.0
0.0
0.0
0.0
0.0
0.0
0.0137931034
0.0
0.0
0.0
0.0
0.0
0.0670566502
0.0
0.0
0.0
0.0
0.0
0.0
0.0
0.0
0.0137931034
0.0
0.0
0.0
0.0
0.0
0.0
0.0
0.0
0.0000000000
0.0
0.0590203916
0.0
0.0571128884
0.0
0.0000000000
0.0
0.0000000000
0.0
0.0
0.0
0.0
0.0
0.0
0.0
0.0000000000
0.0
0.0000000000
0.0
0.0
0.0000000000
0.0
0.0538375973
0.0
0.0
0.0091954023
0.0
0.0
0.0
0.0000000000
0.0725637181
0.0
0.0
0.0
0.0
0.0
0.0
0.0752916775
0.0403781980
0.0
0.0687445751
0.0
0.0
0.0
0.0
0.0
0.0
0.0091954023
0.0
0.0
0.0
0.0
0.0
0.0
0.0
0.0
0.0
0.0
0.0
0.0
0.0000000000
0.0
0.0
0.0
0.0
0.0
0.0541286114
0.0068965517
0.0632450091
0.0
0.0
0.0000000000
0.0
0.0
0.0
0.0
0.0000000000
0.0660250095
0.0
0.0124137931
0.0613089374
0.0
0.0
0.0
0.0
0.0
0.0
0.0
0.0640541137
0.0
0.0600827586
0.0
0.0443088190
0.0648841886
0.0000000000
0.0673573527
0.0
0.0703545183
0.0000000000
0.0739935451
0.0487684729
0.0479128857
0.0772271962
0.0534544116
0.0155172414
0.0610597140
0.0510040396
0.0
0.0
0.0807563960
0.0000000000
0.0000000000
0.0
0.0
0.0511778182
0.0558389950
0.0
0.0616866105
0.0529830323
0.0
0.0068965517
0.0
0.0000000000
0.0
0.0498198662
0.0558389950
0.0397372742
0.0687445751
0.0372721828
0.0000000000
0.0585601936
0.0
0.0729159692
0.0667586207
0.0405416725
0.0000000000
0.0
0.0000000000
0.0000000000
0.0599628330
0.0599628330
0.0
0.0155172414
0.0
0.0
0.0
0.0
0.0000000000
0.0
0.0
0.0573308765
0.0
0.0
0.0124137931
0.0000000000
0.0000000000
0.0442435630
0.0
0.0
0.0091954023
0.0000000000
0.0511778182
0.0
0.0091954023
0.0000000000
0.0532648569
0.0635124298
0.0
0.0000000000
0.0478365913
0.0
0.0
0.0523368978
0.0434752233
0.0462175066
0.0591365734
0.0000000000
0.0000000000
0.0000000000
0.0091954023
0.0000000000
0.0479128857
0.0000000000
0.0000000000
0.0068965517
0.0758620690
0.0593703148
0.0477605394
0.0000000000
0.0
0.0000000000
0.0124137931
0.0
0.0
0.0711881026
0.0000000000
0.0000000000
0.0583327754
0.0441136260
0.0
0.0000000000
0.0
0.0068965517
0.0000000000
0.0000000000
0.0000000000
0.0103448276
0.0000000000
0.0000000000
0.0000000000
0.0587893920
0.0657360598
0.0000000000
0.0000000000
0.0137931034
0.0068965517
0.0000000000
0.0539342537
0.0091954023
0.0000000000
0.0530766419
0.0661704390
0.0000000000
0.0000000000
0.0000000000
0.0000000000
0.0000000000
0.0103448276
0.0000000000
0.0000000000
0.0068965517
0.0000000000
0.0460757351
0.0000000000
