0.0
0.0
0.0
0.0
0.1225546361
0.0
0.1476482618
0.0
0.0
0.1213190506
0.0
0.1108424487
0.0
0.1347329135
0.0
0.1260860074
0.0
0.1286987522
0.0
0.0
0.1451985923
0.0989379925
0.0
0.0
0.0
0.1239751020
0.1208621050
0.1196602445
0.1297394429
0.1279291251
0.0
0.0
0.1418816016
0.1259210813
0.1376221110
0.1322344322
0.1400242424
0.1148766905
0.1261686326
0.0
0.0
0.1483307653
0.1378191362
0.1354914380
0.0
0.1406379352
0.1460799191
0.1285269248
0.1181911193
0.1154969006
0.1125267875
0.1095183921
0.1411534702
0.0
0.1339828346
0.0
0.1279291251
0.0
0.1046945804
0.1397194001
0.0
0.0
0.1275055188
0.1311534968
0.0
0.1391136802
0.0
0.0916389021
0.1186280550
0.1329650092
0.1349217473
0.1417771232
0.1137231739
0.1378191362
0.1250216450
0.1187744191
0.0
0.0871980676
0.0916389021
0.1187744191
0.1253472222
0.1320530407
0.1372297458
0.0
0.1337966180
0.1305310734
0.1296520763
0.0
0.0967018249
0.1054977169
0.1317818846
0.0
0.1243755383
0.1139250493
0.0929214929
0.0
0.0934174349
0.1284411830
0.1213190506
0.1234188034
0.1334257334
0.1289573566
0.1166161922
0.1070819429
0.1223210504
0.1343568272
0.0
0.0968477532
0.1382148839
0.0
0.1242952442
0.1347329135
0.1150826858
0.1190682334
0.1136560409
0.1138576779
0.1356824054
0.0
0.1141953341
0.1401261524
0.1204839383
0.1261686326
0.0964112836
0.1244559362
0.0027777778
0.1413607440
0.0
0.1094561304
0.0000000000
0.1350163628
0.0
0.0
0.1160538477
0.0020833333
0.1329650092
0.1047515415
0.1115488606
0.1244559362
0.1326900988
0.1316917465
0.1236566046
0.1312428993
0.1233397395
0.0
0.1037915544
0.1423010594
0.1303543218
0.0000000000
0.1410500611
0.1120682965
0.1222433862
0.1418816016
0.1217024863
0.1187744191
0.1309750567
0.1142631058
0.0000000000
0.0000000000
0.1159141080
0.1098934551
0.1392142685
0.0000000000
0.1161238440
0.0945180821
0.1195859213
0.1038475369
0.1275055188
0.1008555963
0.1098934551
0.1329650092
0.0
0.0
0.0766759591
0.0
0.1229459344
0.1093318190
0.0
0.1309750567
0.1125267875
0.0
0.0957877280
0.1198837692
0.1100819516
0.1345446075
0.1052094718
0.1171840130
0.1314220705
0.0
0.0955974843
0.1165456013
0.1167576309
0.1337037037
0.1179016126
0.1048085647
0.1330568993
0.1068442471
0.1129227761
0.1433606354
0.1154969006
0.0
0.0
0.1131883206
0.1284411830
0.0
0.1161238440
0.0825260752
0.0
0.1240549828
0.0
0.1004347070
0.1054977169
0.1326900988
0.0
0.1052669947
0.0953607396
0.1228674750
0.1070819429
0.1131218175
0.0
0.1319625314
0.0000000000
0.1318721461
0.1311534968
0.0000000000
0.0
0.1262513661
0.0041666667
0.0000000000
0.1157051282
0.1385131894
0.1045808437
0.1292170022
0.0
0.1450891736
0.1228674750
0.1080433969
0.1347329135
0.0
0.1258387800
0.0
0.1280141844
0.0000000000
0.0954552966
0.0000000000
0.1212426532
0.0898009950
0.1255106475
0.0020833333
0.1263342082
0.1223988133
0.0936901865
0.0000000000
0.1140600316
0.1250216450
0.0832396599
0.0829170256
0.1270847085
0.1109062980
0.1386129110
0.0000000000
0.0
0.0000000000
0.1013866948
0.1054399416
0.1240549828
0.1090840415
0.1160538477
0.1133883000
0.0858374201
0.0000000000
0.0815128422
0.1419862340
0.0969941226
0.1128565846
0.0
0.0
0.1198091682
0.0000000000
0.0000000000
0.1130553924
0.0991417782
0.1162640902
0.1042975804
0.0756218905
0.1315118397
0.1120682965
0.1187011919
0.0020833333
0.0041666667
0.1287848384
0.0
0.0932816537
0.1110342176
0.0998616874
0.1156356356
0.1140600316
0.1195859213
0.0000000000
0.0977326565
0.1247785699
0.0000000000
0.1059622088
0.1081647940
0.1087144739
0.1006447116
0.1053822295
0.1249405148
0.0027777778
0.1097056030
0.0000000000
0.1076808352
0.1195859213
0.0000000000
0.0
0.0000000000
0.1286987522
0.0946574893
0.1041283577
0.1100190476
0.1192156863
0.1110982881
0.1135220126
0.0935536119
0.0
0.0000000000
0.0020833333
0.0730954189
0.0655544206
0.0000000000
0.1094561304
0.0000000000
0.1143988909
0.1263342082
0.0000000000
0.1082864642
0.1053822295
0.1222433862
0.0000000000
0.1135220126
0.1006447116
0.1161939248
0.1037915544
0.0020833333
0.0
0.1078014184
0.0972881927
0.0000000000
0.0
0.0978319783
0.1270847085
0.0972881927
0.0000000000
0.1025204118
0.0020833333
0.1215488215
0.1006447116
0.0766759591
0.0000000000
0.0829885057
0.1090840415
0.0000000000
0.0
0.0920771561
0.1194375517
0.0903912363
0.0000000000
0.1018694885
0.1146031746
0.0000000000
0.1340761374
0.0899688474
0.0000000000
0.0000000000
0.0000000000
0.0000000000
0.0904761905
0.1164046755
0.0000000000
0.1154276579
0.0832396599
0.0000000000
0.0000000000
0.0899268255
0.0000000000
0.0839290904
0.1088373846
0.1200332502
0.0000000000
0.0925196220
0.0000000000
0.0000000000
0.0000000000
0.0928318869
0.0000000000
0.0000000000
0.0000000000
0.0020833333
0.1203333333
0.0020833333
0.0027777778
0.1245364381
0.0936446174
0.0933721306
0.1159141080
0.0000000000
0.0000000000
0.0967018249
0.0000000000
0.0
0.0000000000
0.0839290904
0.1132549020
0.0000000000
0.0000000000
0.0020833333
0.0921653104
0.1063132708
0.1234188034
0.0935081755
0.0000000000
0.0000000000
0.0938271605
0.0899268255
0.0020833333
0.0020833333
0.0000000000
0.0000000000
0.0000000000
0.0000000000
0.0041666667
0.0
0.0
0.0000000000
0.0000000000
0.0000000000
0.0000000000
0.0000000000
0.0000000000
0.1083474020
0.1060789715
0.0000000000
0.0027777778
0.0027777778
0.0020833333
0.0020833333
0.0000000000
0.0000000000
0.0020833333
0.1099562155
0.0000000000
0.0000000000
0.0928318869
0.0983818770
0.0841491841
0.0000000000
0.1154969006
0.1198091682
0.1159839357
0.0841491841
0.0000000000
0.0000000000
0.0000000000
0.0874356645
0.0000000000
0.0000000000
0.0000000000
0.0000000000
0.0000000000
0.0000000000
0.0000000000
0.0910753705
0.0000000000
0.0000000000
0.0000000000
0.0000000000
0.0000000000
0.0000000000
0.0000000000
0.0000000000
0.0000000000
0.0020833333
0.0000000000
0.1006447116
0.0000000000
0.0000000000
0.0000000000
0.1025204118
0.0000000000
0.0000000000
0.0000000000
0.0000000000
0.0000000000
0.0000000000
0.0000000000
0.1000173160
0.0000000000
0.0000000000
0.0000000000
0.0000000000
0.0000000000
0.0020833333
0.0000000000
0.0000000000
0.0000000000
0.0000000000
0.0027777778
0.0000000000
0.0000000000
0.0000000000
0.0000000000
0.0000000000
0.1053245806
0.0000000000
0.0000000000
0.0000000000
0.0000000000
0.0000000000
0.0000000000
0.0000000000
0.0000000000
0.0000000000
0.0000000000
0.0829885057
0.0000000000
0.0000000000
0.0981812001
0.0000000000
0.0000000000
0.0000000000
0.0000000000
0.0000000000
0.0000000000
0.0000000000
0.0000000000
0.0000000000
0.0000000000
0.0000000000
0.0000000000
0.0000000000
0.0000000000
0.0000000000
0.0000000000
0.0000000000
0.0000000000
0.0000000000
0.0000000000
0.0000000000
0.0000000000
0.0000000000
0.0000000000
