0.0
0.0
0.0
0.0
0.0
0.0
0.0
0.0
0.0
0.0
0.0
0.0
0.0
0.0
0.0
0.0
0.0
0.0
0.0
0.0
0.0
0.0
0.0
0.0
0.0
0.0
0.0
0.0
0.0
0.0
0.0
0.0000000000
0.0
0.0
0.0
0.0
0.0
0.0
0.0
0.0
0.0
0.0
0.0
0.0
0.0
0.0
0.0
0.0
0.0
0.0
0.0
0.0
0.0529798762
0.0
0.0
0.0
0.0
0.0
0.0
0.0
0.0
0.0758448753
0.0
0.0
0.0
0.0
0.0
0.0
0.0
0.0
0.0615834458
0.0
0.0
0.0
0.0
0.0
0.0
0.0
0.0
0.0
0.0
0.0
0.0
0.0
0.0
0.0661033317
0.0
0.0
0.0
0.0
0.0
0.0449122807
0.0
0.0
0.0
0.0
0.0000000000
0.0
0.0
0.0
0.0259109312
0.0
0.0105263158
0.0
0.0
0.0
0.0
0.0
0.0
0.0
0.0000000000
0.0210526316
0.0
0.0
0.0
0.0
0.0
0.0
0.0
0.0
0.0105263158
0.0
0.0800584795
0.0450328947
0.0766517357
0.0727804359
0.0000000000
0.0
0.0354570637
0.0
0.0
0.0
0.0
0.0
0.0595476294
0.0
0.0686215539
0.0
0.0649122807
0.0
0.0
0.0105263158
0.0461875843
0.0576421053
0.0
0.0
0.0474030471
0.0396284830
0.0
0.0
0.0105263158
0.0140350877
0.0105263158
0.0
0.0
0.0
0.0
0.0
0.0105263158
0.0000000000
0.0
0.0480350877
0.0
0.0
0.0
0.0
0.0
0.0
0.0306220096
0.0
0.0
0.0
0.0
0.0
0.0
0.0
0.0
0.0
0.0567343556
0.0
0.0
0.0545853270
0.0
0.0545853270
0.0385308190
0.0
0.0
0.0626544622
0.0105263158
0.0507412898
0.0
0.0
0.0000000000
0.0
0.0000000000
0.0
0.0
0.0000000000
0.0480350877
0.0
0.0396284830
0.0667153996
0.0590595341
0.0
0.0
0.0
0.0
0.0000000000
0.0105263158
0.0105263158
0.0
0.0426346932
0.0
0.0713392392
0.0000000000
0.0000000000
0.0481203008
0.0
0.0800584795
0.0000000000
0.0280701754
0.0105263158
0.0105263158
0.0105263158
0.0667153996
0.0434051997
0.0783180778
0.0486842105
0.0
0.0
0.0000000000
0.0673389080
0.0550020088
0.0
0.0
0.0000000000
0.0000000000
0.0105263158
0.0000000000
0.0558547532
0.0
0.0000000000
0.0
0.0000000000
0.0105263158
0.0541749110
0.0000000000
0.0522120519
0.0576421053
0.0000000000
0.0421052632
0.0000000000
0.0000000000
0.0467874231
0.0000000000
0.0105263158
0.0000000000
0.0140350877
0.0000000000
0.0000000000
0.0000000000
0.0105263158
0.0000000000
0.0000000000
0.0000000000
