0.0
0.0
0.0
0.0
0.0
0.0
0.0
0.0
0.0
0.0
0.0
0.0
0.0
0.0
0.0
0.0
0.0
0.0
0.0
0.0
0.0
0.0
0.0
0.0
0.0
0.0
0.0
0.0
0.0
0.0
0.0
0.1058726220
0.0
0.0
0.0
0.0
0.1112559757
0.0
0.1491841492
0.0
0.0
0.0
0.1396617567
0.1112559757
0.0
0.0
0.0
0.0
0.0
0.1641025641
0.0
0.0
0.0
0.0
0.0
0.1491841492
0.0
0.0
0.0
0.0
0.0000000000
0.0
0.1339612768
0.1238509918
0.1094017094
0.2117452440
0.0
0.1930618401
0.0256410256
0.0
0.0534188034
0.0000000000
0.1458689459
0.0000000000
0.0641025641
0.0000000000
0.0965309201
0.0256410256
0.0457875458
0.0801282051
0.0
0.0
0.0000000000
0.0000000000
0.0000000000
0.0000000000
0.1193473193
0.1094017094
0.0
0.0000000000
0.0
0.1426978818
0.0801282051
0.0534188034
0.0000000000
0.0000000000
0.0000000000
0.0000000000
0.0000000000
0.0000000000
