0.0
0.0
0.0
0.0
0.0
0.0
0.0
0.0
0.0
0.0
0.0
0.0
0.0
0.0
0.0
0.0
0.0
0.0
0.0
0.0
0.0
0.0
0.0
0.0
0.0
0.0
0.0
0.0
0.0
0.0
0.0
0.0
0.0
0.0
0.0
0.0
0.0
0.0
0.0
0.0
0.0
0.0
0.0000000000
0.0202020202
0.0
0.0
0.0
0.0
0.0
0.0
0.0
0.0
0.0
0.0
0.0
0.0
0.0
0.0
0.0
0.0
0.1126972201
0.0
0.0
0.0
0.0
0.0
0.0
0.0
0.0
0.0
0.0
0.0000000000
0.0
0.0
0.0
0.0202020202
0.0
0.0
0.0
0.1206757844
0.0
0.0
0.0
0.0
0.0
0.0
0.0151515152
0.0
0.0
0.0
0.0
0.1025290499
0.0
0.0
0.0
0.0
0.0
0.0
0.0
0.0
0.0
0.0000000000
0.0
0.0
0.0
0.0
0.0
0.0836586726
0.0
0.0733137830
0.0
0.0
0.0
0.0
0.0
0.0
0.0000000000
0.0
0.0000000000
0.0852272727
0.1239669421
0.0885478158
0.0
0.0
0.0
0.0
0.0
0.0
0.0841750842
0.0
0.0
0.0
0.0
0.1311188811
0.0
0.0
0.0
0.1155624037
0.1155624037
0.1515151515
0.0
0.1532175689
0.0
0.0
0.0
0.0
0.0
0.0
0.0
0.0
0.0151515152
0.0
0.0721500722
0.1017639077
0.0
0.1057082452
0.0874125874
0.0000000000
0.0863060990
0.1145912911
0.0
0.1145912911
0.0000000000
0.0151515152
0.0303030303
0.0
0.0
0.0000000000
0.0000000000
0.0
0.1145912911
0.0857632933
0.0000000000
0.0863060990
0.0151515152
0.0974025974
0.1073729420
0.1350135014
0.0000000000
0.0000000000
0.0
0.0000000000
0.1336898396
0.0634249471
0.0000000000
0.0000000000
0.0000000000
0.0000000000
0.0745156483
0.0000000000
0.0806885422
0.0000000000
0.0000000000
0.0
0.0000000000
0.0000000000
0.0000000000
0.0000000000
0.0000000000
0.0000000000
0.0
0.0000000000
0.0000000000
0.0000000000
