0.0197368421
0.0
0.0
0.0
0.0131578947
0.0
0.0486139012
0.0
0.0
0.0000000000
0.0
0.0816464238
0.0
0.0
0.0
0.0
0.0175438596
0.0296052632
0.0
0.0
0.0
0.0
0.0
0.0732002420
0.0000000000
0.0
0.0663377193
0.0468266254
0.0
0.0
0.0263157895
0.0
0.0
0.0410865874
0.0
0.0454887218
0.0
0.0
0.0837950139
0.0000000000
0.0
0.0
0.0197368421
0.0263157895
0.0
0.0
0.0
0.0
0.0
0.0
0.0649838883
0.0553775744
0.0000000000
0.0475255302
0.0000000000
0.0
0.0767279645
0.0
0.0000000000
0.0
0.0553775744
0.0000000000
0.0
0.0535161433
0.0849122807
0.0699826489
0.0
0.0568609023
0.0131578947
0.0131578947
0.0000000000
0.0296052632
0.0197368421
0.0636842105
0.0296052632
0.0000000000
0.0
0.0000000000
0.0
0.0
0.0175438596
0.0
0.0
0.0636842105
0.0131578947
0.0000000000
0.0197368421
0.0
0.0475255302
0.0410865874
0.0000000000
0.0000000000
0.0000000000
0.0000000000
0.0000000000
0.0000000000
0.0
0.0000000000
0.0000000000
0.0175438596
0.0296052632
0.0000000000
0.0578947368
0.0
0.0000000000
0.0
0.0000000000
0.0000000000
0.0
0.0000000000
0.0000000000
0.0000000000
0.0175438596
0.0000000000
0.0000000000
0.0612348178
0.0
0.0000000000
0.0000000000
0.0000000000
0.0000000000
0.0000000000
0.0000000000
0.0000000000
0.0000000000
