0.0
0.0
0.0
0.0
0.0
0.0
0.0023310023
0.0
0.0
0.0
0.0
0.0
0.0
0.0
0.0
0.0
0.0
0.0
0.0
0.0
0.0
0.0
0.0
0.0034965035
0.0
0.0
0.0
0.0
0.0
0.0
0.0
0.0
0.0
0.0
0.0
0.0
0.0
0.0
0.0
0.0
0.0
0.0
0.0000000000
0.0
0.0
0.0
0.0
0.0
0.0
0.0
0.0
0.0
0.0103111175
0.0
0.0067202797
0.0
0.0
0.0
0.0000000000
0.0
0.0
0.0000000000
0.0
0.0
0.0
0.0017482517
0.0
0.0083916084
0.0017482517
0.0
0.0039335664
0.0039335664
0.0
0.0
0.0
0.0
0.0
0.0
0.0
0.0
0.0
0.0
0.0
0.0000000000
0.0
0.0039335664
0.0
0.0
0.0
0.0
0.0
0.0
0.0080197580
0.0
0.0000000000
0.0
0.0
0.0
0.0017482517
0.0
0.0
0.0
0.0
0.0
0.0
0.0
0.0
0.0
0.0
0.0
0.0
0.0068295526
0.0
0.0
0.0
0.0
0.0
0.0070804196
0.0
0.0
0.0
0.0055944056
0.0
0.0017482517
0.0
0.0039960040
0.0
0.0
0.0048413125
0.0
0.0
0.0
0.0
0.0
0.0
0.0039335664
0.0
0.0
0.0
0.0026223776
0.0044252622
0.0
0.0
0.0
0.0
0.0
0.0017482517
0.0034965035
0.0055944056
0.0000000000
0.0046620047
0.0
0.0000000000
0.0
0.0
0.0
0.0
0.0
0.0
0.0
0.0
0.0
0.0
0.0
0.0
0.0
0.0
0.0
0.0094385951
0.0
0.0
0.0
0.0
0.0
0.0046620047
0.0
0.0
0.0069930070
0.0
0.0
0.0
0.0
0.0
0.0
0.0
0.0
0.0
0.0
0.0000000000
0.0
0.0000000000
0.0
0.0
0.0
0.0017482517
0.0
0.0
0.0
0.0057215512
0.0
0.0000000000
0.0062937063
0.0
0.0
0.0
0.0
0.0062937063
0.0039335664
0.0
0.0
0.0037296037
0.0
0.0
0.0000000000
0.0000000000
0.0
0.0
0.0057215512
0.0077729962
0.0034965035
0.0
0.0
0.0
0.0
0.0
0.0000000000
0.0
0.0
0.0000000000
0.0
0.0
0.0
0.0066249540
0.0
0.0057536641
0.0
0.0
0.0026223776
0.0
0.0
0.0026223776
0.0
0.0
0.0
0.0
0.0000000000
0.0
0.0
0.0
0.0000000000
0.0
0.0079248582
0.0
0.0
0.0
0.0017482517
0.0000000000
0.0
0.0
0.0026223776
0.0
0.0000000000
0.0
0.0
0.0
0.0
0.0017482517
0.0
0.0000000000
0.0017482517
0.0
0.0053563458
0.0000000000
0.0092311535
0.0
0.0
0.0
0.0
0.0
0.0
0.0
0.0
0.0
0.0039960040
0.0
0.0
0.0116671523
0.0
0.0
0.0031080031
0.0
0.0
0.0033620226
0.0
0.0017482517
0.0
0.0
0.0017482517
0.0
0.0
0.0059003497
0.0
0.0
0.0
0.0
0.0000000000
0.0
0.0076287349
0.0000000000
0.0
0.0
0.0
0.0
0.0
0.0031468531
0.0
0.0000000000
0.0023310023
0.0
0.0
0.0000000000
0.0044955045
0.0
0.0000000000
0.0
0.0
0.0029137529
0.0
0.0
0.0
0.0000000000
0.0
0.0
0.0017482517
0.0
0.0000000000
0.0
0.0
0.0000000000
0.0036092939
0.0
0.0079248582
0.0
0.0
0.0
0.0
0.0
0.0
0.0048562549
0.0034965035
0.0
0.0
0.0095329199
0.0
0.0
0.0034965035
0.0
0.0
0.0
0.0
0.0063955032
0.0
0.0078671329
0.0
0.0017482517
0.0
0.0
0.0
0.0000000000
0.0
0.0
0.0000000000
0.0017482517
0.0
0.0
0.0026223776
0.0
0.0017482517
0.0101209032
0.0
0.0000000000
0.0
0.0109095450
0.0000000000
0.0
0.0023310023
0.0017482517
0.0
0.0076287349
0.0078671329
0.0
0.0046620047
0.0017482517
0.0
0.0
0.0
0.0
0.0077067428
0.0027972028
0.0
0.0
0.0000000000
0.0
0.0048413125
0.0
0.0
0.0
0.0
0.0
0.0000000000
0.0
0.0076366815
0.0
0.0062160062
0.0000000000
0.0017482517
0.0000000000
0.0034965035
0.0073223878
0.0
0.0046620047
0.0
0.0039732994
0.0017482517
0.0
0.0
0.0
0.0023310023
0.0
0.0039335664
0.0
0.0
0.0000000000
0.0
0.0
0.0000000000
0.0000000000
0.0
0.0026223776
0.0
0.0017482517
0.0071189404
0.0
0.0
0.0
0.0000000000
0.0
0.0041440041
0.0000000000
0.0
0.0000000000
0.0
0.0
0.0039335664
0.0023310023
0.0
0.0118314784
0.0000000000
0.0
0.0053183658
0.0043404871
0.0017482517
0.0
0.0
0.0
0.0000000000
0.0
0.0
0.0
0.0
0.0
0.0080197580
0.0050858233
0.0039335664
0.0017482517
0.0031468531
0.0034965035
0.0
0.0017482517
0.0
0.0
0.0017482517
0.0
0.0017482517
0.0000000000
0.0
0.0029137529
0.0
0.0000000000
0.0
0.0017482517
0.0
0.0
0.0
0.0000000000
0.0000000000
0.0000000000
0.0064124806
0.0048647005
0.0
0.0000000000
0.0
0.0
0.0058888480
0.0055944056
0.0052447552
0.0
0.0
0.0
0.0
0.0000000000
0.0
0.0048647005
0.0
0.0000000000
0.0000000000
0.0
0.0
0.0000000000
0.0000000000
0.0017482517
0.0
0.0000000000
0.0
0.0
0.0000000000
0.0017482517
0.0
0.0085634704
0.0
0.0017482517
0.0058074110
0.0000000000
0.0000000000
0.0
0.0058074110
0.0046620047
0.0017482517
0.0017482517
0.0
0.0000000000
0.0
0.0069930070
0.0
0.0
0.0000000000
0.0
0.0017482517
0.0000000000
0.0107696790
0.0063955032
0.0
0.0039335664
0.0
0.0017482517
0.0
0.0000000000
0.0017482517
0.0034965035
0.0051377194
0.0
0.0
0.0017482517
0.0041958042
0.0039335664
0.0000000000
0.0000000000
0.0023310023
0.0
0.0
0.0
0.0
0.0
0.0000000000
0.0065816536
0.0023310023
0.0000000000
0.0064367451
0.0
0.0090326340
0.0023310023
0.0
0.0
0.0000000000
0.0
0.0103111175
0.0
0.0031468531
0.0071161233
0.0023310023
0.0034965035
0.0
0.0066249540
0.0087503642
0.0017482517
0.0000000000
0.0033620226
0.0
0.0113518239
0.0
0.0000000000
0.0026223776
0.0044955045
0.0
0.0
0.0000000000
0.0
0.0074592075
0.0000000000
0.0023310023
0.0000000000
0.0
0.0023310023
0.0000000000
0.0017482517
0.0057215512
0.0
0.0000000000
0.0000000000
0.0057215512
0.0000000000
0.0103708020
0.0000000000
0.0
0.0000000000
0.0
0.0000000000
0.0000000000
0.0000000000
0.0
0.0075678826
0.0
0.0
0.0034965035
0.0000000000
0.0017482517
0.0000000000
0.0
0.0
0.0
0.0000000000
0.0034965035
0.0062437562
0.0052447552
0.0017482517
0.0017482517
0.0
0.0017482517
0.0000000000
0.0000000000
0.0
0.0
0.0017482517
0.0034965035
0.0
0.0
0.0059003497
0.0000000000
0.0000000000
0.0017482517
0.0000000000
0.0107498884
0.0017482517
0.0000000000
0.0026223776
0.0000000000
0.0
0.0000000000
0.0017482517
0.0017482517
0.0039335664
0.0
0.0000000000
0.0017482517
0.0026223776
0.0023310023
0.0061402013
0.0000000000
0.0000000000
0.0026223776
0.0017482517
0.0
0.0
0.0087503642
0.0017482517
0.0000000000
0.0000000000
0.0
0.0000000000
0.0000000000
0.0
0.0
0.0000000000
0.0048562549
0.0000000000
0.0039732994
0.0017482517
0.0094385951
0.0000000000
0.0
0.0
0.0000000000
0.0048562549
0.0000000000
0.0023310023
0.0017482517
0.0
0.0053280053
0.0000000000
0.0000000000
0.0017482517
0.0039960040
0.0000000000
0.0
0.0062937063
0.0017482517
0.0000000000
0.0
0.0000000000
0.0000000000
0.0
0.0000000000
0.0075409665
0.0077729962
0.0017482517
0.0000000000
0.0000000000
0.0000000000
0.0026223776
0.0017482517
0.0023310023
0.0000000000
0.0000000000
0.0017482517
0.0
0.0017482517
0.0000000000
0.0000000000
0.0
0.0000000000
0.0026223776
0.0055944056
0.0000000000
0.0017482517
0.0017482517
0.0000000000
0.0
0.0048562549
0.0000000000
0.0
0.0000000000
0.0017482517
0.0000000000
0.0000000000
0.0000000000
0.0000000000
0.0000000000
0.0000000000
0.0017482517
0.0000000000
0.0
0.0000000000
0.0
0.0000000000
0.0000000000
0.0033124770
0.0017482517
0.0
0.0000000000
0.0000000000
0.0000000000
0.0023310023
0.0031468531
0.0
0.0000000000
0.0023310023
0.0097678484
0.0060872862
0.0034965035
0.0000000000
0.0017482517
0.0041440041
0.0017482517
0.0060872099
0.0044252622
0.0000000000
0.0000000000
0.0
0.0017482517
0.0000000000
0.0000000000
0.0038730500
0.0000000000
0.0023310023
0.0000000000
0.0000000000
0.0000000000
0.0
0.0000000000
0.0000000000
0.0000000000
0.0000000000
0.0039335664
0.0000000000
0.0
0.0070002914
0.0048647005
0.0000000000
0.0000000000
0.0
0.0000000000
0.0
0.0017482517
0.0000000000
0.0017482517
0.0023310023
0.0000000000
0.0000000000
0.0000000000
0.0000000000
0.0017482517
0.0
0.0017482517
0.0050574426
0.0000000000
0.0057536641
0.0017482517
0.0000000000
0.0039335664
0.0000000000
0.0
0.0000000000
0.0039732994
0.0000000000
0.0000000000
0.0000000000
0.0000000000
0.0000000000
0.0000000000
0.0
0.0034965035
0.0
0.0000000000
0.0017482517
0.0087503642
0.0000000000
0.0000000000
0.0000000000
0.0000000000
0.0000000000
0.0
0.0075678826
0.0000000000
0.0000000000
0.0
0.0000000000
0.0000000000
0.0000000000
0.0017482517
0.0000000000
0.0041958042
0.0000000000
0.0000000000
0.0000000000
0.0023310023
0.0031080031
0.0000000000
0.0000000000
0.0000000000
0.0000000000
0.0017482517
0.0044252622
0.0000000000
0.0
0.0000000000
0.0000000000
0.0000000000
0.0000000000
0.0
0.0000000000
0.0034965035
0.0000000000
0.0069424377
0.0000000000
0.0000000000
0.0
0.0000000000
0.0034965035
0.0000000000
0.0000000000
0.0000000000
0.0000000000
0.0000000000
0.0017482517
0.0000000000
0.0000000000
0.0031468531
0.0062224812
0.0000000000
0.0
0.0000000000
0.0000000000
0.0000000000
0.0061402013
0.0000000000
0.0017482517
0.0000000000
0.0000000000
0.0000000000
0.0000000000
0.0033124770
0.0000000000
0.0000000000
0.0000000000
0.0000000000
0.0000000000
0.0000000000
0.0000000000
0.0039335664
0.0000000000
0.0079248582
0.0000000000
0.0000000000
0.0000000000
0.0000000000
0.0000000000
0.0000000000
0.0000000000
0.0000000000
0.0000000000
0.0000000000
0.0000000000
0.0000000000
0.0000000000
0.0000000000
0.0
0.0000000000
0.0000000000
0.0000000000
0.0000000000
0.0000000000
0.0
0.0000000000
0.0000000000
0.0000000000
0.0041958042
0.0000000000
0.0000000000
0.0000000000
0.0000000000
0.0017482517
0.0017482517
0.0048413125
0.0000000000
0.0000000000
0.0000000000
0.0027972028
0.0000000000
0.0000000000
0.0023310023
0.0000000000
0.0017482517
0.0000000000
0.0000000000
0.0000000000
0.0000000000
0.0000000000
0.0000000000
0.0000000000
0.0000000000
0.0000000000
0.0000000000
0.0031468531
0.0000000000
0.0000000000
0.0000000000
0.0000000000
0.0000000000
0.0000000000
0.0000000000
0.0000000000
0.0000000000
0.0000000000
0.0000000000
0.0000000000
0.0000000000
0.0000000000
0.0000000000
0.0000000000
0.0000000000
0.0000000000
0.0000000000
0.0000000000
0.0000000000
0.0000000000
0.0000000000
0.0000000000
0.0000000000
0.0000000000
0.0000000000
0.0000000000
0.0000000000
