0.0
0.0
0.0
0.0
0.0
0.0
0.0
0.0
0.0
0.2310096154
0.1937500000
0.0
0.0
0.0
0.0
0.1127934272
0.0
0.0
0.1922000000
0.0
0.0
0.0
0.0
0.0
0.2164414414
0.0
0.2266509434
0.0
0.0
0.0
0.2310096154
0.1740942029
0.0
0.0
0.0
0.2089130435
0.2184090909
0.0
0.0
0.0
0.0
0.0
0.0
0.1876953125
0.0
0.0
0.2378712871
0.0
0.0
0.2224537037
0.0
0.0
0.1848076923
0.2332524272
0.0
0.0
0.2310096154
0.0
0.1953252033
0.1792910448
0.2555851064
0.2224537037
0.0
0.0
0.2730113636
0.0
0.0
0.0
0.0
0.0000000000
0.2611413043
0.2402500000
0.0
0.0
0.2288095238
0.0
0.0
0.1779629630
0.1792910448
0.0
0.1312841530
0.0
0.0000000000
0.0
0.0
0.1530254777
0.1550000000
0.0
0.0000000000
0.0000000000
0.2611413043
0.2224537037
0.1937500000
0.0000000000
0.0000000000
0.0
0.0000000000
0.0000000000
0.0000000000
