0.0
0.0
0.0
0.0
0.0
0.0
0.0
0.0
0.0
0.0
0.0
0.0
0.0
0.0
0.0
0.0
0.0
0.0
0.0
0.0
0.0
0.0
0.0
0.0
0.0
0.0
0.0
0.0
0.0
0.0956011131
0.0
0.1118338530
0.0
0.0
0.0
0.0
0.0
0.0826148348
0.0
0.0
0.1140651749
0.0
0.0
0.0
0.0731067336
0.0
0.0
0.0
0.0
0.1083575922
0.0
0.0
0.1100259154
0.0
0.1035678726
0.0
0.0
0.0
0.0
0.0
0.0
0.0
0.0
0.0
0.0
0.0
0.0
0.0
0.0
0.0
0.1178265986
0.0996678271
0.0845702155
0.0
0.0545926907
0.0
0.1095200491
0.0
0.0927473486
0.0
0.0
0.0978929206
0.0
0.0
0.1009347910
0.0998767744
0.0
0.1015804294
0.0
0.1078669163
0.0
0.0
0.0
0.0
0.0
0.0
0.0000000000
0.0864631967
0.0
0.0
0.0
0.0847708565
0.0873082860
0.0796675943
0.0
0.0
0.0
0.0
0.0
0.1085221444
0.0956651032
0.0
0.1009347910
0.1034179914
0.0
0.1137927262
0.0
0.0
0.0
0.0
0.0
0.0
0.0984322756
0.1009347910
0.0
0.0857370511
0.0
0.0
0.0
0.0
0.0
0.0
0.0
0.0
0.0
0.0931098789
0.0768820141
0.0
0.0
0.1140651749
0.0
0.0
0.0975588151
0.0
0.1007213983
0.0
0.0033927057
0.0
0.1126270009
0.1024542395
0.0090876045
0.0
0.0
0.0
0.0
0.1096881536
0.1063420120
0.0
0.0975588151
0.1198018978
0.0
0.0
0.1103657638
0.0
0.0998767744
0.0807934789
0.0000000000
0.0
0.0
0.0836299966
0.0
0.0
0.0
0.0
0.0887173582
0.0998070280
0.0
0.0
0.0978929206
0.0000000000
0.0773815182
0.0
0.0910341810
0.0000000000
0.0791382415
0.0
0.0
0.1094361900
0.0974258106
0.1127158234
0.0
0.1065799136
0.0991836670
0.0
0.0
0.0913834170
0.0728830516
0.0855830324
0.0
0.0
0.1287600578
0.1160094676
0.0
0.0981618572
0.0959863426
0.0
0.0
0.0
0.0821872709
0.0
0.0652321607
0.0
0.0
0.0
0.0070681368
0.0
0.0
0.0
0.0000000000
0.0
0.0
0.0970289641
0.0664761228
0.0
0.0
0.1147981238
0.0
0.0692459613
0.0
0.0853275607
0.0
0.0915004252
0.0
0.0857370511
0.0848211657
0.0951555687
0.1045527901
0.0000000000
0.0
0.1170545980
0.1083575922
0.0
0.0
0.0057830211
0.1206106870
0.0600015383
0.0
0.0885524561
0.0
0.0903436562
0.0
0.0
0.0
0.0
0.0
0.0998070280
0.0
0.1182164302
0.0915590417
0.1004382742
0.0050890585
0.0050890585
0.0
0.1077043437
0.0661683630
0.1051682591
0.0
0.0000000000
0.0
0.0
0.0081424936
0.0
0.0825194366
0.1065004949
0.1178265986
0.0917353428
0.1076232411
0.0807934789
0.0784432844
0.0652917607
0.0665380187
0.0915590417
0.0984322756
0.1100259154
0.0790070006
0.0
0.0
0.1231039312
0.0000000000
0.0
0.0
0.0
0.0877370559
0.0970948805
0.0
0.0
0.0000000000
0.0033927057
0.0853275607
0.0
0.0
0.0925671400
0.0932313530
0.0734826037
0.0
0.0
0.0
0.0
0.0
0.0
0.0824242584
0.0987724009
0.0
0.0991148850
0.1158214458
0.0025445293
0.1136118157
0.0
0.0000000000
0.0
0.1178265986
0.1015804294
0.0599009489
0.0000000000
0.0986360691
0.0650540119
0.1073000481
0.0957933406
0.1136118157
0.1074614016
0.0950922582
0.0
0.0866204025
0.1016526772
0.0976921833
0.0822819022
0.0846704171
0.0849219632
0.0943390522
0.1037181888
0.0
0.0
0.0
0.0908605621
0.0
0.0
0.0813452841
0.0579812025
0.0
0.0045236076
0.0960508495
0.0
0.0
0.0000000000
0.0
0.0795345933
0.0
0.0
0.0981618572
0.0000000000
0.1005796370
0.0747899865
0.0
0.0743619480
0.0
0.0819986599
0.0
0.0836789603
0.0000000000
0.0
0.0916765004
0.0000000000
0.0841222273
0.0
0.0845702155
0.0823292996
0.0745948143
0.0050890585
0.0000000000
0.0796232112
0.0025445293
0.0664143421
0.0000000000
0.0791382415
0.0914418836
0.0000000000
0.1068987765
0.0973594442
0.0050890585
0.0855830324
0.0838753897
0.0000000000
0.0896635283
0.0
0.0954096556
0.0033927057
0.0726238131
0.1026013382
0.1119214284
0.0000000000
0.0864631967
0.0067854114
0.0
0.0917353428
0.0033927057
0.0
0.0
0.0972269824
0.0740537120
0.0000000000
0.0
0.0844702507
0.0
0.0000000000
0.0000000000
0.0000000000
0.0794903582
0.0724397689
0.0652321607
0.0033927057
0.0781858119
0.0744006581
0.0000000000
0.0879530241
0.0757412105
0.1112246413
0.0836299966
0.0998070280
0.0048933255
0.0959863426
0.0
0.0884428615
0.0844702507
0.0640626016
0.0000000000
0.0
0.0751043952
0.0757813702
0.0796675943
0.0916765004
0.0000000000
0.0000000000
0.0845702155
0.0920306916
0.0000000000
0.0
0.1061840001
0.0025445293
0.0866204025
0.0827583463
0.0000000000
0.0
0.0000000000
0.0
0.0908605621
0.0791382415
0.0948398567
0.0000000000
0.0
0.0000000000
0.0
0.0000000000
0.0050890585
0.0884428615
0.0747899865
0.0000000000
0.0000000000
0.1062629473
0.0741305312
0.0949658898
0.0050890585
0.0843705219
0.0000000000
0.0944637569
0.0742846487
0.0949658898
0.0926872011
0.0932922090
0.0742075099
0.0025445293
0.0
0.0682213194
0.0896635283
0.0855830324
0.0000000000
0.0000000000
0.0033927057
0.0000000000
0.0956651032
0.0000000000
0.0904580153
0.0796675943
0.0990461983
0.0790070006
0.0
0.0070681368
0.0738623587
0.0000000000
0.0742075099
0.0000000000
0.0857370511
0.0025445293
0.0944637569
0.0000000000
0.0000000000
0.0000000000
0.0861504907
0.0000000000
0.0000000000
0.0000000000
0.0000000000
0.0000000000
0.0000000000
0.0000000000
0.0000000000
0.0000000000
0.0911502960
0.0589375935
0.0000000000
0.0000000000
0.0033927057
0.0986360691
0.0757813702
0.0000000000
0.0000000000
0.0756610186
0.0862544744
0.0000000000
0.0000000000
0.0
0.0000000000
0.0714975809
0.0673215563
0.0000000000
0.0914418836
0.0000000000
0.0048933255
0.0000000000
0.0000000000
0.0747899865
0.0000000000
0.0000000000
0.0000000000
0.0000000000
0.0949658898
0.0000000000
0.0742075099
0.0000000000
0.0000000000
0.0855830324
0.0000000000
0.0000000000
0.0000000000
0.0529150922
0.0000000000
0.0000000000
0.0000000000
0.0000000000
0.0000000000
0.0000000000
0.0000000000
0.0
0.0000000000
0.0866204025
0.0000000000
0.0000000000
0.0000000000
0.0702672882
0.0000000000
0.0000000000
0.0033927057
0.0757813702
0.0025445293
0.0000000000
0.0000000000
0.0025445293
0.0000000000
0.0000000000
0.0000000000
0.0000000000
0.0000000000
0.0000000000
0.0000000000
0.0000000000
0.0000000000
0.0
0.0000000000
0.0000000000
0.0841222273
0.0863587094
0.0000000000
0.0000000000
0.0915590417
0.0000000000
0.0000000000
0.0000000000
0.0000000000
0.0025445293
0.0000000000
0.0000000000
0.0000000000
0.0794903582
0.0000000000
0.0000000000
0.0000000000
0.0000000000
0.0000000000
0.0000000000
0.0000000000
0.0000000000
0.0000000000
0.0000000000
0.0000000000
0.0000000000
0.0000000000
0.0000000000
