0.0
0.0
0.0
0.0
0.0
0.0
0.0
0.0
0.0
0.0000000000
0.0243902439
0.0
0.0
0.0
0.0
0.0000000000
0.0
0.0
0.1674216028
0.0
0.0
0.2170280036
0.0
0.0
0.2130820399
0.0
0.1860240031
0.0
0.0
0.0
0.2493513233
0.1890243902
0.0
0.0
0.0
0.1502501563
0.1502501563
0.0
0.0
0.0
0.0
0.1890243902
0.0
0.1803001876
0.0
0.0
0.2441565041
0.0
0.0
0.1775683666
0.2493513233
0.0
0.1562601626
0.1095281514
0.0
0.0
0.2441565041
0.0
0.1464939024
0.1287858483
0.0243902439
0.1273860021
0.2391737183
0.0
0.0000000000
0.0
0.1953252033
0.0
0.1105614358
0.2003335418
0.2170280036
0.0000000000
0.2092770035
0.0
0.2663525499
0.0
0.1953252033
0.2003335418
0.1105614358
0.1831173780
0.1890243902
0.0000000000
0.1986357999
0.0000000000
0.0000000000
0.0000000000
