0.0
0.0
0.0
0.0
0.0
0.0
0.0
0.0
0.0
0.0
0.0
0.0
0.0
0.0
0.0
0.0
0.0
0.0
0.0
0.0
0.0
0.0
0.0
0.0
0.0
0.0
0.0
0.0
0.0
0.0
0.0
0.0000000000
0.0
0.0
0.0
0.0
0.0
0.0
0.0
0.0
0.0
0.0
0.0
0.0
0.0
0.0
0.0
0.0
0.0
0.0
0.0
0.0
0.0978473581
0.0
0.0
0.0
0.0
0.0
0.0
0.0
0.0
0.0000000000
0.0
0.0
0.0
0.0
0.0
0.0
0.0
0.0
0.0776397516
0.0
0.0
0.0
0.0
0.0
0.0
0.0
0.0
0.0
0.0
0.0
0.0
0.0
0.0
0.0285714286
0.0
0.0
0.0
0.0
0.0
0.0000000000
0.0
0.0
0.0
0.0
0.0749906262
0.0
0.0
0.0
0.0
0.0
0.0079365079
0.0
0.0
0.0
0.0
0.0
0.0
0.0
0.0
0.0105820106
0.0
0.0
0.0
0.0
0.0
0.0
0.0
0.0
0.0000000000
0.0
0.0707213579
0.0
0.0933706816
0.0
0.0728862974
0.0
0.0000000000
0.0
0.0
0.0
0.0
0.0
0.0
0.0
0.0000000000
0.0
0.0000000000
0.0
0.0
0.0734484025
0.0865800866
0.0219780220
0.0
0.0
0.0887311446
0.0
0.0
0.0
0.0678656261
0.0942951438
0.0
0.0
0.0
0.0
0.0
0.0
0.0000000000
0.0723327306
0.0
0.0745990302
0.0
0.0
0.0
0.0
0.0
0.0
0.0000000000
0.0
0.0
0.0
0.0
0.0
0.0
0.0
0.0
0.0
0.0190476190
0.0
0.0
0.0852878465
0.0
0.0
0.0
0.0
0.0
0.0105820106
0.0000000000
0.0871080139
0.0
0.0
0.0000000000
0.0
0.0
0.0
0.0
0.0000000000
0.0988630746
0.0
0.0942951438
0.0745990302
0.0823384109
0.0
0.0
0.0
0.0
0.0
0.0
0.0936768150
0.0
0.0821018062
0.0
0.0259740260
0.1038961039
0.0621118012
0.0617093490
0.0
0.0939849624
0.0000000000
0.0594000594
0.0965250965
0.0079365079
0.0677048070
0.0840336134
0.0105820106
0.0787091696
0.0791452315
0.0
0.0
0.0782778865
0.0802568218
0.0158730159
0.0
0.0
0.0723327306
0.0572573719
0.0
0.0871080139
0.0000000000
0.0
0.0079365079
0.0
0.0000000000
0.0
0.0751879699
0.0745990302
0.0000000000
0.0789265983
0.0150375940
0.0000000000
0.0000000000
0.0
0.0962000962
0.0968523002
0.0204081633
0.0000000000
0.0
0.0000000000
0.0858000858
0.0079365079
0.1016776817
0.0
0.0158730159
0.0
0.0850340136
0.0
0.0
0.0000000000
0.0
0.1035196687
0.0855431993
0.0
0.0105820106
0.0814000814
0.0000000000
0.0000000000
0.0791452315
0.0
0.0
0.0000000000
0.0000000000
0.0825763832
0.0
0.0079365079
0.0000000000
0.0988630746
0.0649350649
0.0
0.0158730159
0.0079365079
0.0749906262
0.0
0.0823384109
0.0079365079
0.0712504453
0.0876424189
0.0000000000
0.0000000000
0.0000000000
0.0000000000
0.0000000000
0.0680272109
0.0000000000
0.0000000000
0.0000000000
0.0802568218
0.0000000000
0.0863185153
0.0000000000
0.0
0.0000000000
0.0814000814
0.0000000000
0.0
0.0646412411
0.0000000000
0.0742115028
0.0000000000
0.0000000000
0.0
0.0000000000
0.0
0.0079365079
0.0000000000
0.0000000000
0.0000000000
