0.0
0.0
0.0
0.0
0.0
0.0
0.0
0.0
0.0
0.2023715415
0.2096642097
0.0
0.0
0.0
0.0
0.0000000000
0.0
0.0
0.1561928005
0.0
0.0
0.0000000000
0.0
0.0
0.1972265023
0.0
0.1572481572
0.0
0.0
0.0
0.2154882155
0.1674296926
0.0
0.0
0.0
0.2281639929
0.2399250234
0.0
0.0
0.0
0.0
0.2041467305
0.0
0.2424242424
0.0
0.0
0.2216450216
0.0
0.0
0.2557442557
0.0
0.0
0.1711229947
0.2304230423
0.0
0.0
0.2175021240
0.0
0.2644628099
0.2281639929
0.2216450216
0.2195540309
0.0
0.0
0.1521093286
0.0
0.0
0.0
0.2077922078
0.1674296926
0.2374768089
0.1847041847
0.0
0.0
0.0454545455
0.0
0.0
0.0303030303
0.1749829118
0.1749829118
0.0000000000
0.0
0.0303030303
0.0000000000
0.1989121989
0.0000000000
0.0000000000
0.1818181818
0.0000000000
0.0000000000
0.1264822134
0.1264822134
0.1711229947
0.0000000000
0.1627463446
