0.0
0.0
0.0
0.0
0.0
0.0
0.0
0.0
0.0
0.0
0.0
0.0
0.0
0.0
0.0
0.0
0.0
0.0
0.0
0.0
0.0
0.0
0.0
0.0
0.0
0.0
0.0
0.0
0.0
0.0
0.0
0.0000000000
0.0
0.0
0.0
0.0
0.0
0.0
0.0
0.0
0.0
0.0
0.0
0.0810468552
0.0
0.0
0.0
0.0
0.0
0.0326086957
0.0
0.0
0.1175750153
0.0
0.0
0.0
0.0
0.0
0.0
0.0
0.0
0.0289855072
0.0
0.0
0.0000000000
0.0
0.0
0.0
0.0
0.0
0.0000000000
0.0000000000
0.0
0.0
0.0
0.0
0.0
0.0
0.1227621483
0.0
0.0
0.0
0.0
0.0
0.0
0.1128084606
0.0
0.0
0.0
0.0
0.0
0.0927536232
0.0
0.0
0.0217391304
0.0
0.0144927536
0.0
0.0
0.0
0.0193236715
0.0
0.1192546584
0.0
0.0
0.0
0.0
0.0
0.0
0.0326086957
0.0144927536
0.0970677452
0.0
0.0
0.0
0.0260869565
0.0
0.0
0.1056686846
0.0948616601
0.0000000000
0.0
0.1192546584
0.0217391304
0.0217391304
0.0144927536
0.0193236715
0.0
0.1284280936
0.0
0.0
0.0
0.0
0.1098398169
0.0826517434
0.0326086957
0.0326086957
0.0
0.0326086957
0.0
0.0
0.1175750153
0.0217391304
0.1056686846
0.0
0.1043478261
0.0982097187
0.1284280936
0.0
0.0
0.0818414322
0.0434782609
0.1070234114
0.0000000000
0.0
0.0000000000
0.0260869565
0.0
0.0888066605
0.0326086957
0.0738745671
0.0217391304
0.0
0.0917343526
0.0
0.0
0.0
0.0144927536
0.0000000000
0.0810468552
0.0217391304
0.0144927536
0.0000000000
0.0000000000
0.0
0.0144927536
0.0673211781
0.0260869565
0.0000000000
0.0
0.0
0.0000000000
0.0
0.0000000000
0.0000000000
0.0000000000
0.0000000000
0.0000000000
0.0000000000
0.0000000000
0.0000000000
