0.0
0.0
0.0
0.0
0.0
0.0
0.0
0.0
0.0
0.0
0.0
0.0
0.0
0.0
0.0
0.0
0.0
0.0
0.0
0.0
0.0
0.0
0.0
0.0
0.0
0.0
0.0
0.0
0.0
0.0
0.0
0.0000000000
0.0
0.0
0.0
0.0
0.0
0.0
0.0
0.0
0.0
0.0
0.0
0.0800000000
0.0
0.0
0.0
0.0
0.0
0.0
0.0
0.0
0.0615384615
0.0
0.0
0.0
0.0
0.0
0.0
0.0
0.0
0.0123456790
0.0
0.0
0.0296296296
0.0
0.0
0.0
0.0
0.0
0.0000000000
0.0
0.0
0.0
0.0
0.0
0.0
0.0
0.0909090909
0.0
0.0
0.0
0.0
0.0
0.0
0.0000000000
0.0
0.0
0.0
0.0
0.0
0.0000000000
0.0
0.0
0.0000000000
0.0
0.0555555556
0.0
0.0
0.0
0.0000000000
0.0
0.0740740741
0.0
0.0
0.0
0.0
0.0
0.0
0.0
0.0317460317
0.0404040404
0.0
0.0
0.0
0.0
0.0
0.0
0.0
0.0
0.0197530864
0.0
0.0000000000
0.0740740741
0.0164609053
0.0000000000
0.0000000000
0.0
0.0888888889
0.0
0.0
0.0
0.0
0.0909090909
0.0246913580
0.0
0.0563380282
0.0
0.0246913580
0.0
0.0
0.0727272727
0.0563380282
0.0701754386
0.0
0.0909090909
0.0123456790
0.0701754386
0.0
0.0
0.0727272727
0.0246913580
0.0555555556
0.0000000000
0.0
0.0
0.0
0.0
0.0000000000
0.0000000000
0.0
0.0123456790
0.0
0.0
0.0
0.0
0.0
0.0341880342
0.0197530864
0.0329218107
0.0
0.0000000000
0.0233918129
0.0000000000
0.0
0.0
0.0
0.0
0.0164609053
0.0
0.0
0.0563380282
0.0
0.0563380282
0.0000000000
0.0555555556
0.0282186949
0.0444444444
0.0123456790
0.0000000000
0.0123456790
0.0000000000
0.0000000000
0.0123456790
0.0000000000
0.0164609053
0.0000000000
0.0000000000
0.0000000000
0.0164609053
0.0000000000
0.0000000000
0.0000000000
0.0000000000
0.0282186949
0.0000000000
0.0000000000
0.0000000000
0.0000000000
0.0000000000
0.0000000000
0.0000000000
0.0
0.0000000000
0.0000000000
0.0000000000
0.0000000000
0.0000000000
0.0000000000
