0.0
0.0
0.0
0.0
0.0
0.0
0.0
0.0
0.0
0.0
0.0
0.0
0.0
0.0
0.0
0.0
0.0
0.0
0.0
0.0
0.0
0.0
0.0
0.0
0.0
0.0
0.0
0.0
0.0
0.0923774222
0.0
0.1135545105
0.0
0.0
0.0
0.0
0.0
0.0862851478
0.0
0.0
0.1121787336
0.0
0.0
0.0
0.0810011986
0.0
0.0
0.0
0.0
0.0894927741
0.0
0.0
0.1070887733
0.0
0.1094252556
0.0
0.0
0.0
0.0
0.0
0.0
0.0
0.0
0.0
0.0
0.0
0.0
0.0
0.0
0.0
0.1229497254
0.1055857729
0.0993953602
0.0
0.0890294239
0.0
0.1039445433
0.0
0.0958342207
0.0
0.0
0.0950772363
0.0
0.0
0.1080500729
0.1218297380
0.0
0.1019202211
0.0
0.1060509085
0.0
0.0
0.0
0.0
0.0
0.0
0.0000000000
0.0935985857
0.0
0.0
0.0
0.0914648793
0.0000000000
0.0030395137
0.0
0.0
0.0
0.0
0.0
0.1148547530
0.0962172511
0.0
0.0928047657
0.1054932350
0.1095248236
0.1053086449
0.0
0.0
0.0
0.0
0.0
0.0
0.1036759528
0.1034087467
0.0
0.0865332719
0.0
0.0
0.0
0.0
0.0
0.0
0.0
0.0
0.0
0.0910497588
0.0885057214
0.0
0.0
0.1290115554
0.0
0.0
0.0827838935
0.0
0.0981792668
0.0
0.0060790274
0.0
0.1095248236
0.1089301187
0.0686638797
0.0
0.0040526849
0.0732609745
0.0
0.1160730773
0.1037653286
0.0
0.1038548586
0.1041243782
0.0
0.0
0.1106321518
0.1130213908
0.1048499836
0.0942582468
0.0795031580
0.0
0.0
0.1018339942
0.0
0.0856100862
0.0
0.0
0.1013196811
0.0658107059
0.0
0.0
0.0950021951
0.0857320379
0.0868454409
0.0
0.1074712332
0.0000000000
0.0998074471
0.0
0.0
0.1074712332
0.0971491373
0.1225741152
0.0
0.1047587303
0.1043953002
0.0
0.0
0.0963713220
0.0850054952
0.0899609725
0.0
0.0
0.1318376573
0.1076634894
0.0
0.1003901427
0.0000000000
0.0
0.0
0.0
0.0000000000
0.0
0.0834728025
0.0
0.0
0.0
0.0773075023
0.0
0.0
0.0
0.0000000000
0.0
0.0
0.0838215746
0.0902307205
0.0000000000
0.0785690478
0.1083418372
0.0
0.0030395137
0.0
0.0917437356
0.0
0.0985006392
0.0
0.1018339942
0.0799254855
0.0737999884
0.0961404003
0.0000000000
0.0
0.1212162952
0.0998074471
0.0
0.0
0.0000000000
0.1279147515
0.0779584075
0.0
0.0838215746
0.0
0.1115549408
0.0890294239
0.0
0.0
0.0928763743
0.0
0.1017479131
0.0
0.1178920481
0.0000000000
0.0966033557
0.0777569646
0.0822746283
0.0
0.1028784454
0.0897597175
0.0712657082
0.0
0.0000000000
0.0
0.0
0.0951523962
0.0
0.0679276417
0.1064259780
0.1190581416
0.1034976622
0.1135545105
0.0068389058
0.0758461129
0.0000000000
0.0692564909
0.0879881441
0.1074712332
0.1123882177
0.0797137624
0.0
0.0
0.1330030731
0.0000000000
0.0
0.0
0.0
0.0910497588
0.0901631320
0.0
0.0
0.0776566330
0.0980992511
0.1058643634
0.0
0.0
0.0900956446
0.0068389058
0.1004739409
0.0
0.0000000000
0.0
0.0
0.0
0.0
0.0610074917
0.1024406648
0.0
0.0985813113
0.1056784734
0.0928047657
0.1068037100
0.0
0.0000000000
0.0
0.1060509085
0.0900282582
0.0785690478
0.0000000000
0.1096245730
0.0928047657
0.1067090258
0.1010644678
0.1118659676
0.1159612535
0.1110403885
0.0000000000
0.0000000000
0.1101260578
0.1009796822
0.0892274138
0.0914648793
0.0923774222
0.0927332675
0.1014905406
0.0
0.1035867308
0.0873496235
0.0917437356
0.1056784734
0.0
0.0892274138
0.0000000000
0.0
0.0030395137
0.0780089314
0.0
0.0
0.0000000000
0.0
0.0750422576
0.0
0.0
0.1030546072
0.0000000000
0.0888979181
0.0000000000
0.0
0.0795031580
0.0
0.0000000000
0.0
0.0785177959
0.0000000000
0.0861616186
0.0030395137
0.0000000000
0.0888323108
0.0
0.0000000000
0.0969925714
0.0622377359
0.0040526849
0.0000000000
0.0030395137
0.0000000000
0.0564576835
0.0045592705
0.0876677212
0.0000000000
0.0000000000
0.0771094050
0.0000000000
0.0000000000
0.0899609725
0.0000000000
0.0000000000
0.0927332675
0.0
0.0678128345
0.0825001927
0.0611003965
0.1067090258
0.0000000000
0.0000000000
0.0845279362
0.0030395137
0.0
0.0848257795
0.0689391645
0.0
0.0
0.0000000000
0.0000000000
0.0000000000
0.0
0.0885057214
0.0
0.0000000000
0.0000000000
0.0000000000
0.0674329306
0.0779079490
0.0000000000
0.0000000000
0.0030395137
0.0706383692
0.0000000000
0.1077598757
0.0000000000
0.0030395137
0.0000000000
0.1017479131
0.0000000000
0.0947032110
0.0030395137
0.1079531670
0.0786203665
0.0000000000
0.0000000000
0.0045592705
0.0757506489
0.0000000000
0.1026153292
0.0856100862
0.0690578205
0.0000000000
0.0000000000
0.0000000000
0.0000000000
0.0
0.1083418372
0.0763754957
0.0883757571
0.0000000000
0.0776566330
0.1152948095
0.0000000000
0.0000000000
0.0684296652
0.0913260859
0.1012344669
0.0000000000
0.0
0.0000000000
0.0000000000
0.0000000000
0.0857320379
0.0000000000
0.0000000000
0.0000000000
0.0000000000
0.0913260859
0.0696169931
0.0000000000
0.0822746283
0.0847063907
0.0000000000
0.0000000000
0.0000000000
0.0030395137
0.0784666109
0.0883757571
0.0000000000
0.0000000000
0.0000000000
0.0772578826
0.0872862808
0.0000000000
0.0000000000
0.0000000000
0.0000000000
0.0000000000
0.0000000000
0.0000000000
0.0886360686
0.0000000000
0.0901631320
0.0000000000
0.0000000000
0.0616954286
0.0775066202
0.0000000000
0.0000000000
0.0000000000
0.0000000000
0.0000000000
0.0000000000
0.0000000000
0.0000000000
0.0000000000
0.0000000000
0.0000000000
0.0000000000
0.0000000000
0.0000000000
0.0000000000
0.0000000000
0.0000000000
0.0000000000
0.0000000000
0.0000000000
0.0000000000
0.0000000000
0.0000000000
0.0000000000
0.0000000000
0.0000000000
0.0000000000
0.0000000000
0.0000000000
0.0000000000
