0.0
0.0
0.0
0.0
0.0969640541
0.0
0.1364338184
0.0
0.0
0.1127261481
0.0
0.0992123573
0.0
0.1289124668
0.0
0.1197044335
0.0
0.1224746944
0.0
0.0
0.1329170180
0.0962678067
0.0
0.0
0.0
0.1212196795
0.1169886261
0.1133615830
0.1259257660
0.1148506272
0.0
0.0
0.1330929505
0.1196332232
0.1282547502
0.1218808777
0.1336235537
0.1135536128
0.1211466556
0.0
0.0
0.1349687572
0.0
0.1263212615
0.0
0.0
0.1341584045
0.1236798575
0.1095334686
0.1085871751
0.0855759354
0.1051246462
0.1347878340
0.0
0.1245994103
0.0
0.1184354819
0.0
0.0982430133
0.1297441602
0.0
0.0
0.1226240538
0.1004512729
0.0
0.1350594011
0.0
0.0913276332
0.1097127377
0.1234520861
0.1263212615
0.1260836666
0.1114146528
0.1334462165
0.1084115624
0.1109842430
0.0
0.0853942456
0.0869448544
0.1128526646
0.1109230272
0.1270394493
0.1331810916
0.0
0.1176731704
0.1192784391
0.1215861235
0.0
0.0942377921
0.0958548371
0.1246766573
0.0
0.1164466985
0.1109230272
0.0760028149
0.0
0.0899389304
0.1234520861
0.1114764126
0.1185052730
0.1270394493
0.1216596783
0.0883582813
0.1010570092
0.1178110418
0.1279284022
0.0
0.0942819729
0.1270394493
0.0
0.1130429726
0.1148506272
0.1112297833
0.1141336256
0.1055661146
0.1145888594
0.1305866547
0.0
0.1082948025
0.1341584045
0.1147195940
0.1182266010
0.1084700368
0.1184354819
0.0737723581
0.1242913772
0.0
0.1056215590
0.0025542784
0.1226240538
0.0
0.0
0.0
0.0019157088
0.1266394511
0.1039294306
0.1089991590
0.1166493319
0.1212927915
0.1146541894
0.1144584225
0.1256111482
0.1219547897
0.0
0.0889444707
0.1326539896
0.1247540002
0.0019157088
0.1299957649
0.0999023588
0.1127893709
0.1339796458
0.1127261481
0.1031828878
0.1201334816
0.1111068775
0.0000000000
0.0000000000
0.1048505987
0.1044150822
0.1194910566
0.0000000000
0.0696341580
0.0957635468
0.1111682964
0.0970576488
0.1206379414
0.0987737958
0.1088222123
0.1283365975
0.0
0.0
0.0750946409
0.0
0.1161105360
0.1095931598
0.0
0.1150477393
0.1090582691
0.0
0.0928884288
0.1095334686
0.1031299735
0.1252200799
0.1005014734
0.1138751123
0.1232251521
0.0
0.0928026988
0.1122229064
0.1109230272
0.1295769641
0.1119106557
0.0999520121
0.1232251521
0.1010570092
0.0994085261
0.1307564683
0.1108007979
0.0
0.0
0.1049600461
0.1206379414
0.0
0.1109842430
0.0952645421
0.0
0.1229990509
0.0
0.0981471197
0.0038314176
0.1119729667
0.0
0.1058439201
0.0863846427
0.1136819945
0.1046323872
0.1063476723
0.0
0.1138106668
0.0000000000
0.1151795236
0.1219547897
0.0025542784
0.0
0.1224746944
0.0836884928
0.0000000000
0.1085871751
0.1356973335
0.0998527549
0.1217333222
0.0
0.1336235537
0.1134255207
0.1041986779
0.0
0.0
0.1150477393
0.0
0.1191371139
0.0000000000
0.0038314176
0.0000000000
0.1092359849
0.0860519676
0.1203491611
0.0019157088
0.1269592476
0.1137462943
0.0886308719
0.0000000000
0.1074844726
0.1187852618
0.0808293602
0.0760315494
0.1232251521
0.1061231917
0.1304172816
0.0000000000
0.0
0.0000000000
0.0969640541
0.1011586762
0.1037685492
0.1071408888
0.1086458392
0.1078302672
0.0019157088
0.0000000000
0.0000000000
0.1329170180
0.0925038861
0.1097127377
0.0
0.0
0.1207103531
0.0000000000
0.0923764117
0.0
0.0962678067
0.1093547843
0.0983390945
0.0019157088
0.1221770646
0.1050148555
0.0
0.0019157088
0.1062353134
0.1229238681
0.0
0.1006020252
0.1043608969
0.0998527549
0.1098925947
0.1136177674
0.1200617602
0.0000000000
0.0924613555
0.1167848132
0.0000000000
0.1005517241
0.1039294306
0.0019157088
0.1006523765
0.1062914631
0.1160435362
0.0907506536
0.0940175074
0.0819826532
0.1017215216
0.1194910566
0.0000000000
0.0
0.0000000000
0.1181571376
0.0
0.0963139120
0.1011078171
0.1126629962
0.1080040001
0.1055107284
0.0896182925
0.0
0.0000000000
0.0038314176
0.0826905626
0.0729958070
0.0000000000
0.1033419570
0.0000000000
0.1029715557
0.1203491611
0.0000000000
0.1060672196
0.1008542870
0.0994576896
0.0000000000
0.1078881160
0.1122229064
0.1149819601
0.1000514668
0.0690128512
0.0
0.1018245308
0.0961297554
0.0978129612
0.0
0.0949048836
0.1178800986
0.0964062552
0.0000000000
0.0954907162
0.1039294306
0.1107397843
0.0944147644
0.0750946409
0.0028735632
0.0025542784
0.0968240001
0.0000000000
0.0
0.0998527549
0.1149162562
0.0866825208
0.0000000000
0.0955360799
0.1109842430
0.0000000000
0.1227737779
0.0861256738
0.0000000000
0.0000000000
0.0000000000
0.0000000000
0.0025542784
0.1093547843
0.0000000000
0.1099526781
0.0
0.0000000000
0.0893793103
0.0891415994
0.0000000000
0.0818491853
0.0865705761
0.1120353472
0.0000000000
0.0829977087
0.0000000000
0.0000000000
0.0000000000
0.0019157088
0.0019157088
0.0000000000
0.0000000000
0.0019157088
0.1146541894
0.0890626432
0.0907506536
0.1139396308
0.0909558789
0.0903024016
0.1048505987
0.0000000000
0.0000000000
0.0944147644
0.0865705761
0.0
0.0000000000
0.0820495505
0.1231496928
0.0000000000
0.0000000000
0.0775562855
0.0875123796
0.1011586762
0.1161776131
0.0922069914
0.0929313532
0.0000000000
0.0884749003
0.0890626432
0.0025542784
0.0019157088
0.0028735632
0.0000000000
0.0000000000
0.0000000000
0.0038314176
0.0
0.0
0.0000000000
0.0019157088
0.0000000000
0.0019157088
0.0000000000
0.1097127377
0.1104357212
0.1131065513
0.0000000000
0.0025542784
0.0738265229
0.1027610875
0.0019157088
0.0954907162
0.0000000000
0.0611814567
0.1155103092
0.0857218450
0.0000000000
0.0914522275
0.0000000000
0.0805380249
0.0000000000
0.1118484139
0.1119106557
0.1102540835
0.0805380249
0.0000000000
0.0865333254
0.1079460270
0.0838979759
0.0019157088
0.0000000000
0.0000000000
0.0805380249
0.0000000000
0.0000000000
0.0621264900
0.0870200988
0.0000000000
0.0000000000
0.0000000000
0.0000000000
0.0019157088
0.0000000000
0.0000000000
0.0000000000
0.0000000000
0.0678486668
0.0000000000
0.1002509712
0.0000000000
0.0779772967
0.0000000000
0.0857584001
0.0000000000
0.0724958357
0.0019157088
0.0000000000
0.0000000000
0.0000000000
0.0000000000
0.0000000000
0.0000000000
0.1025514780
0.0000000000
0.0000000000
0.0611814567
0.0884359931
0.0000000000
0.0000000000
0.0000000000
0.0832726494
0.0025542784
0.0000000000
0.0019157088
0.0019157088
0.0000000000
0.0000000000
0.1023427218
0.0000000000
0.0000000000
0.0000000000
0.0000000000
0.0000000000
0.0000000000
0.0043103448
0.0000000000
0.0000000000
0.0
0.0025542784
0.1038221209
0.0904648890
0.0784029038
0.0000000000
0.0000000000
0.0000000000
0.0019157088
0.0000000000
0.0000000000
0.0000000000
0.0019157088
0.0000000000
0.0000000000
0.0000000000
0.0000000000
0.0000000000
0.0000000000
0.0819826532
0.0000000000
0.0000000000
0.0000000000
0.0000000000
0.0000000000
0.0000000000
0.0043103448
0.0000000000
0.0000000000
0.0000000000
0.0829977087
0.0000000000
0.0660004753
0.0019157088
0.0000000000
0.0000000000
0.0000000000
0.0000000000
0.0000000000
0.0000000000
0.0000000000
0.0000000000
0.0000000000
0.0000000000
0.0866825208
0.0000000000
0.0000000000
0.0000000000
0.0000000000
0.0000000000
0.0000000000
0.0000000000
0.0000000000
0.1024469935
0.0000000000
0.0000000000
0.0000000000
0.0000000000
0.0000000000
0.0828267909
0.0000000000
0.0000000000
0.0000000000
0.0000000000
0.0000000000
0.0000000000
0.0000000000
0.0000000000
0.0000000000
0.0000000000
0.0000000000
0.0000000000
0.0000000000
0.0000000000
0.0000000000
0.0000000000
0.0000000000
0.0000000000
0.0000000000
0.0000000000
