0.0
0.0
0.0
0.0
0.0
0.0
0.0
0.0
0.0
0.0
0.0
0.0
0.0
0.0
0.0
0.0
0.0
0.0
0.0
0.0
0.0
0.0
0.0
0.0
0.0
0.0
0.0
0.0
0.0
0.0
0.0
0.0
0.0
0.0
0.0
0.0
0.0
0.0
0.0
0.0
0.0
0.0
0.0
0.0
0.0
0.0
0.0
0.0
0.0
0.0
0.0
0.0
0.0638297872
0.0
0.0
0.0
0.0
0.0
0.0
0.0
0.0
0.1019582000
0.0
0.0
0.0
0.0
0.0
0.0
0.0
0.0
0.0
0.0
0.0
0.0
0.0
0.0
0.0
0.0
0.0
0.0
0.0
0.0
0.0
0.0
0.0
0.0000000000
0.0
0.0
0.0
0.0
0.0
0.0
0.0
0.0
0.0
0.0
0.0493416557
0.0
0.0
0.0
0.0
0.0
0.0
0.0
0.0
0.0
0.0
0.0
0.0
0.0
0.0
0.0070921986
0.0
0.0
0.0
0.0
0.0
0.0
0.0
0.0
0.0944366934
0.0
0.0094562648
0.0
0.0000000000
0.0
0.0468344577
0.0
0.0847152691
0.0
0.0
0.0
0.0
0.0
0.0
0.0
0.0685790274
0.0
0.0127659574
0.0
0.0
0.0070921986
0.0
0.0
0.0
0.0
0.0440584191
0.0
0.0
0.0
0.0070921986
0.0940512375
0.0
0.0
0.0
0.0
0.0
0.0
0.0000000000
0.0762998450
0.0
0.0000000000
0.0
0.0
0.0
0.0
0.0
0.0
0.0440584191
0.0
0.0
0.0
0.0
0.0
0.0
0.0
0.0
0.0
0.0
0.0
0.0
0.0
0.0
0.0
0.0
0.0
0.0
0.0850278716
0.0000000000
0.0
0.0
0.0
0.0000000000
0.0
0.0
0.0
0.0
0.0000000000
0.0
0.0
0.0552579213
0.0726894422
0.0
0.0
0.0
0.0
0.0
0.0
0.0
0.0000000000
0.0
0.0
0.0
0.0956122539
0.0753024614
0.0
0.0141843972
0.0
0.0952171619
0.0000000000
0.0070921986
0.0127659574
0.0611208307
0.0740918109
0.0717836548
0.0886252046
0.0773240040
0.0070921986
0.0
0.0
0.0903629537
0.0547329054
0.0698259188
0.0
0.0
0.0141843972
0.0070921986
0.0
0.0702516866
0.0622771708
0.0
0.0000000000
0.0
0.0000000000
0.0
0.0094562648
0.0715607242
0.0070921986
0.0094562648
0.0070921986
0.0000000000
0.0948253218
0.0
0.0837911025
0.0141843972
0.0863016973
0.0070921986
0.0
0.0000000000
0.0070921986
0.0925403743
0.0555242246
0.0
0.0828868820
0.0
0.0
0.0
0.0
0.0
0.0
0.0
0.0847152691
0.0
0.0
0.0750571765
0.0070921986
0.0
0.0643646737
0.0
0.0
0.0094562648
0.0636534619
0.0000000000
0.0
0.0070921986
0.0675734698
0.0528498926
0.0753024614
0.0
0.0000000000
0.0
0.0
0.0
0.0631302827
0.0070921986
0.0070921986
0.0
0.0000000000
0.0000000000
0.0733839274
0.0
0.0811357507
0.0
0.0094562648
0.0000000000
0.0000000000
0.0856600490
0.0929135209
0.0603208199
0.0
0.0
0.0
0.0000000000
0.0
0.0
0.0070921986
0.0070921986
0.0677722153
0.0094562648
0.0000000000
0.0
0.0000000000
0.0
0.0000000000
0.0000000000
0.0000000000
0.0000000000
0.0729194721
0.0094562648
0.0000000000
0.0547329054
0.0094562648
0.0859796761
0.0609591354
0.0820019687
0.0141843972
0.0000000000
0.0822948328
0.0212765957
0.0094562648
0.0000000000
0.0000000000
0.0094562648
0.0
0.0000000000
0.0
0.0000000000
0.0
0.0141843972
0.0000000000
0.0729194721
0.0
0.0000000000
0.0863016973
0.0000000000
0.0070921986
0.0000000000
0.0127659574
0.0000000000
0.0984724495
0.0000000000
0.0000000000
0.0000000000
0.0636534619
0.0070921986
0.0000000000
0.0000000000
0.0000000000
0.0000000000
0.0000000000
0.0000000000
0.0000000000
