0.0
0.0
0.0
0.0
0.1436221143
0.0
0.1432082177
0.0
0.0
0.1325153374
0.0
0.1399809902
0.0
0.1239233205
0.0
0.1087379683
0.0790035795
0.1043975873
0.0
0.1444571266
0.0061349693
0.0000000000
0.0
0.0
0.0
0.1248574159
0.1010025438
0.1314636284
0.1050597284
0.1142373598
0.0
0.0
0.1304284817
0.1395877852
0.1343060852
0.1318123383
0.1226993865
0.1104294479
0.0138036810
0.0
0.0
0.1597853747
0.1137145344
0.0081799591
0.0
0.1270927149
0.0000000000
0.1147650151
0.0061349693
0.1161057279
0.1119217377
0.0692106567
0.0893763517
0.1150306748
0.1365199218
0.1064095322
0.0910132812
0.1755945284
0.0920245399
0.1137145344
0.0
0.1217971851
0.0000000000
0.1304284817
0.0
0.1245444901
0.0
0.1457280104
0.1264459327
0.1068672076
0.1300870459
0.1028845787
0.1121743827
0.1321629030
0.0980143028
0.1395877852
0.0081799591
0.1155657012
0.0980143028
0.0081799591
0.1101845932
0.1264459327
0.1066378788
0.0
0.0000000000
0.1177565202
0.1264459327
0.0138036810
0.0793821909
0.0000000000
0.1300870459
0.0
0.0092024540
0.0925386435
0.0000000000
0.1142373598
0.0787531720
0.1214993925
0.0000000000
0.1055058419
0.0000000000
0.1111705851
0.0895373902
0.1188833769
0.1101845932
0.1552914110
0.0856780199
0.1041787244
0.1169252977
0.0916849659
0.0000000000
0.0000000000
0.0000000000
0.0716041088
0.0000000000
0.1030980322
0.0122699387
0.0000000000
0.0802798894
0.0821376058
0.0716041088
0.0000000000
0.0000000000
0.0000000000
0.0000000000
0.0122699387
0.0701882084
0.1030980322
0.1242331288
0.0896990100
0.1035276074
0.0000000000
0.0000000000
0.0000000000
0.1114198465
0.0000000000
0.0061349693
0.0061349693
0.0000000000
0.0955639453
0.1007976705
0.0000000000
0.0903513664
0.0934083675
0.1147650151
0.0966794777
0.0000000000
0.0000000000
0.1082641646
0.0000000000
0.0000000000
0.1030980322
0.0000000000
0.0061349693
0.0061349693
0.0000000000
0.0000000000
0.0000000000
0.0000000000
0.0000000000
0.0081799591
0.0000000000
0.0000000000
0.0000000000
0.0893763517
0.0000000000
0.0000000000
0.0092024540
0.0000000000
0.0000000000
0.0000000000
0.0000000000
0.0000000000
0.0000000000
0.0000000000
0.0000000000
0.0000000000
0.0000000000
0.0000000000
0.0000000000
0.0742798977
0.0000000000
0.0000000000
0.0000000000
0.0000000000
0.0000000000
0.0000000000
0.0000000000
