0.0
0.0
0.0
0.0
0.0
0.1888888889
0.0
0.0294117647
0.0
0.0
0.0
0.0294117647
0.1574074074
0.0
0.0
0.0
0.0
0.0
0.0000000000
0.0
0.1770833333
0.0294117647
0.0294117647
0.1603773585
0.0
0.2023809524
0.1089743590
0.0
0.1770833333
0.0000000000
0.0000000000
0.2073170732
0.1231884058
0.1328125000
0.0
0.1011904762
0.0
0.1491228070
0.0
0.0000000000
0.0000000000
0.0000000000
0.0
0.0000000000
0.1666666667
0.1268656716
0.1574074074
0.1603773585
0.1370967742
0.0000000000
0.0
0.0000000000
0.0000000000
0.1250000000
0.0000000000
0.0000000000
0.0000000000
