0.0
0.0
0.0
0.0
0.0
0.0
0.0000000000
0.0
0.0
0.0000000000
0.0
0.0
0.0
0.0
0.0
0.0
0.0
0.0
0.0
0.0
0.0
0.0
0.0
0.0000000000
0.0
0.0
0.0
0.0
0.0
0.0
0.0
0.0
0.0
0.0
0.0
0.0
0.0
0.0
0.0
0.0
0.0
0.0
0.0000000000
0.0
0.0
0.0
0.0
0.0
0.0
0.0
0.0
0.0
0.0000000000
0.0
0.0032051282
0.0
0.0
0.0
0.0032051282
0.0
0.0
0.0000000000
0.0
0.0
0.0
0.0000000000
0.0
0.0042735043
0.0000000000
0.0
0.0000000000
0.0102201258
0.0
0.0
0.0199079090
0.0
0.0
0.0
0.0
0.0
0.0
0.0
0.0
0.0000000000
0.0
0.0146396396
0.0
0.0
0.0
0.0
0.0
0.0
0.0000000000
0.0
0.0000000000
0.0
0.0
0.0
0.0042735043
0.0
0.0
0.0
0.0
0.0
0.0
0.0
0.0
0.0
0.0
0.0
0.0
0.0000000000
0.0
0.0
0.0
0.0
0.0
0.0000000000
0.0
0.0032051282
0.0
0.0266690856
0.0
0.0000000000
0.0
0.0042735043
0.0
0.0
0.0068283166
0.0
0.0
0.0
0.0
0.0
0.0082417582
0.0064102564
0.0
0.0
0.0
0.0261752137
0.0072115385
0.0
0.0
0.0
0.0132113821
0.0
0.0193624868
0.0032051282
0.0000000000
0.0000000000
0.0000000000
0.0
0.0104895105
0.0
0.0056980057
0.0
0.0
0.0
0.0085470085
0.0
0.0
0.0072115385
0.0
0.0
0.0
0.0
0.0064102564
0.0032051282
0.0256993007
0.0
0.0000000000
0.0
0.0
0.0
0.0032051282
0.0
0.0
0.0064102564
0.0
0.0146396396
0.0
0.0000000000
0.0
0.0
0.0
0.0
0.0
0.0
0.0000000000
0.0032051282
0.0000000000
0.0148785425
0.0178919182
0.0
0.0042735043
0.0
0.0
0.0
0.0100160256
0.0
0.0056980057
0.0064102564
0.0
0.0
0.0
0.0072115385
0.0000000000
0.0064102564
0.0
0.0000000000
0.0155325444
0.0
0.0
0.0191008316
0.0032051282
0.0
0.0
0.0042735043
0.0032051282
0.0000000000
0.0
0.0
0.0
0.0
0.0
0.0000000000
0.0
0.0
0.0032051282
0.0
0.0
0.0
0.0193624868
0.0
0.0000000000
0.0
0.0000000000
0.0032051282
0.0
0.0
0.0000000000
0.0000000000
0.0
0.0
0.0
0.0247975709
0.0
0.0115384615
0.0
0.0000000000
0.0
0.0142773893
0.0154761905
0.0000000000
0.0
0.0000000000
0.0185981781
0.0
0.0
0.0000000000
0.0
0.0032051282
0.0
0.0
0.0
0.0
0.0000000000
0.0142773893
0.0000000000
0.0000000000
0.0
0.0000000000
0.0091807910
0.0000000000
0.0
0.0
0.0
0.0
0.0000000000
0.0
0.0032051282
0.0
0.0032051282
0.0072115385
0.0032051282
0.0
0.0104700855
0.0000000000
0.0085470085
0.0032051282
0.0042735043
0.0000000000
0.0000000000
0.0102564103
0.0042735043
0.0
0.0
0.0000000000
0.0147235577
0.0
0.0064102564
0.0048076923
0.0057692308
0.0
0.0
0.0000000000
0.0
0.0032051282
0.0042735043
0.0
0.0
0.0
0.0
0.0
0.0100160256
0.0
0.0142773893
0.0088757396
0.0000000000
0.0032051282
0.0000000000
0.0076291080
0.0
0.0188461538
0.0
0.0058167142
0.0000000000
0.0
0.0085978836
0.0000000000
0.0074786325
0.0
0.0132113821
0.0115248227
0.0
0.0000000000
0.0
0.0
0.0076923077
0.0102564103
0.0
0.0000000000
0.0092383107
0.0032051282
0.0
0.0
0.0
0.0
0.0000000000
0.0064102564
0.0191008316
0.0
0.0000000000
0.0000000000
0.0110544218
0.0032051282
0.0032051282
0.0042735043
0.0
0.0
0.0032051282
0.0
0.0064102564
0.0
0.0000000000
0.0
0.0
0.0
0.0064102564
0.0
0.0
0.0000000000
0.0000000000
0.0000000000
0.0000000000
0.0000000000
0.0000000000
0.0064102564
0.0064102564
0.0
0.0000000000
0.0000000000
0.0068283166
0.0000000000
0.0
0.0155325444
0.0000000000
0.0064102564
0.0000000000
0.0032051282
0.0064102564
0.0064102564
0.0000000000
0.0104700855
0.0
0.0
0.0
0.0000000000
0.0032051282
0.0
0.0102201258
0.0000000000
0.0
0.0080128205
0.0032051282
0.0000000000
0.0
0.0000000000
0.0
0.0032051282
0.0
0.0000000000
0.0000000000
0.0057692308
0.0000000000
0.0000000000
0.0032051282
0.0042735043
0.0032051282
0.0096153846
0.0000000000
0.0000000000
0.0042735043
0.0000000000
0.0000000000
0.0
0.0
0.0032051282
0.0048076923
0.0000000000
0.0042735043
0.0
0.0000000000
0.0
0.0000000000
0.0000000000
0.0000000000
0.0057692308
0.0042735043
0.0
0.0000000000
0.0000000000
0.0032051282
0.0000000000
0.0000000000
0.0000000000
0.0060728745
0.0057234432
0.0000000000
0.0066773504
0.0032051282
0.0042735043
0.0
0.0000000000
0.0000000000
0.0000000000
0.0092383107
0.0102201258
0.0000000000
0.0000000000
0.0000000000
0.0000000000
0.0000000000
0.0000000000
0.0
0.0000000000
0.0000000000
0.0032051282
0.0000000000
0.0000000000
0.0032051282
0.0032051282
0.0000000000
0.0000000000
0.0000000000
0.0000000000
0.0000000000
0.0000000000
0.0042735043
0.0000000000
0.0
0.0217455621
0.0
0.0000000000
0.0243700265
0.0
0.0106209150
0.0
0.0000000000
0.0042735043
0.0000000000
0.0032051282
0.0000000000
0.0
0.0000000000
0.0000000000
0.0000000000
0.0000000000
0.0042735043
0.0000000000
0.0000000000
0.0048076923
0.0000000000
0.0000000000
0.0042735043
0.0066773504
0.0000000000
0.0000000000
0.0
0.0000000000
0.0048076923
0.0032051282
0.0000000000
0.0032051282
0.0048076923
0.0000000000
0.0151985112
0.0000000000
0.0000000000
0.0032051282
0.0000000000
0.0000000000
0.0000000000
0.0072115385
0.0032051282
0.0000000000
0.0000000000
0.0000000000
0.0032051282
0.0000000000
0.0048076923
0.0000000000
0.0000000000
0.0000000000
0.0000000000
0.0000000000
0.0072115385
0.0032051282
0.0000000000
0.0000000000
0.0000000000
0.0000000000
0.0000000000
0.0000000000
0.0000000000
0.0000000000
0.0000000000
0.0000000000
0.0000000000
0.0000000000
0.0032051282
0.0000000000
0.0000000000
0.0
0.0000000000
0.0000000000
0.0000000000
0.0000000000
0.0000000000
0.0000000000
