0.0
0.0
0.0
0.0
0.0
0.1928418803
0.0
0.0277777778
0.1432539683
0.0
0.0
0.0928497942
0.1671296296
0.0
0.0
0.0
0.0000000000
0.1392746914
0.1114197531
0.0
0.1519360269
0.1114197531
0.0277777778
0.2089120370
0.0
0.1728927203
0.0000000000
0.1432539683
0.0000000000
0.1566840278
0.1355105105
0.2179951691
0.1671296296
0.1193783069
0.1519360269
0.0000000000
0.1193783069
0.0000000000
0.0000000000
0.0277777778
0.0000000000
0.0000000000
0.1474673203
0.0000000000
0.0277777778
0.0277777778
0.0000000000
0.0277777778
0.1166020672
0.0000000000
