0.0
0.0
0.0
0.0
0.0
0.0
0.0107526882
0.0
0.0
0.0
0.0
0.0
0.0
0.0
0.0
0.1328594861
0.0
0.0
0.0
0.0
0.0
0.0
0.0
0.0
0.0
0.0
0.0
0.0
0.0
0.0863769661
0.0
0.1704067321
0.1399769585
0.0
0.0
0.0
0.1685744017
0.0000000000
0.0000000000
0.0
0.1472058155
0.0995391705
0.0
0.1393548387
0.1279789335
0.0
0.0
0.0
0.0
0.1174338528
0.0
0.0
0.1465179379
0.0
0.0000000000
0.0
0.1224798387
0.1244239631
0.0
0.0
0.1322988975
0.0
0.0
0.0
0.0
0.0
0.0
0.0000000000
0.1011446410
0.0
0.1161290323
0.1234442469
0.0908835905
0.0
0.1301030652
0.0
0.1088709677
0.1249196761
0.0000000000
0.1073795846
0.1178753335
0.1412380122
0.0919496736
0.1444923443
0.1192199190
0.1174338528
0.0
0.0727490457
0.0868555089
0.1215303826
0.0
0.0
0.0
0.1486011313
0.0
0.0
0.0757363254
0.1031409168
0.0
0.0
0.1220032635
0.1234442469
0.0795808089
0.0107526882
0.0
0.1425219941
0.0
0.0
0.0647827246
0.0000000000
0.0000000000
0.1201334816
0.1458364591
0.1161290323
0.0000000000
0.0000000000
0.0647827246
0.1311917938
0.0820807296
0.0
0.0000000000
0.0908835905
0.1081201335
0.0143369176
0.0
0.1014719699
0.0215053763
0.1011446410
0.0
0.0000000000
0.0143369176
0.1322988975
0.1081201335
0.0
0.1062875888
0.0107526882
0.0000000000
0.0000000000
0.0935965335
0.0107526882
0.1224798387
0.0000000000
0.0000000000
0.0000000000
0.1196749569
0.0107526882
0.0000000000
0.0000000000
0.0000000000
0.0000000000
0.0000000000
0.0000000000
0.0000000000
0.0107526882
0.0000000000
0.0000000000
0.0000000000
0.0000000000
0.0000000000
0.0000000000
0.0000000000
