0.0
0.0
0.0
0.0
0.0
0.0
0.0
0.0
0.0
0.0
0.0
0.0
0.0
0.0
0.0
0.0
0.0
0.0
0.0
0.0
0.0
0.0
0.0
0.0
0.0
0.0
0.0
0.0
0.0
0.0
0.0
0.0
0.0
0.0
0.0
0.0
0.0
0.0
0.0
0.0
0.0
0.0
0.0000000000
0.0238095238
0.0
0.0
0.0
0.0
0.0
0.0
0.0
0.0
0.0
0.0
0.0
0.0
0.0
0.0
0.0
0.0
0.0844235130
0.0
0.0
0.0
0.0
0.0
0.0
0.0
0.0
0.0
0.0
0.0656627323
0.0
0.0
0.0
0.0357142857
0.0
0.0
0.0
0.1067019400
0.0
0.0
0.0
0.0
0.0
0.0
0.0158730159
0.0
0.0
0.0
0.0
0.0476190476
0.0
0.0
0.0
0.0
0.0
0.0
0.0
0.0
0.0
0.0000000000
0.0
0.0000000000
0.0
0.0
0.0
0.0698412698
0.0
0.0158730159
0.0
0.0000000000
0.0
0.0
0.0
0.0
0.0000000000
0.0
0.0000000000
0.0285714286
0.0893318568
0.0000000000
0.0
0.0
0.0
0.0
0.0
0.0
0.0285714286
0.0
0.0
0.0
0.0
0.1010860485
0.0
0.0
0.0
0.0893318568
0.0000000000
0.1280423280
0.0
0.1181929182
0.0
0.0
0.0
0.0
0.0
0.0
0.0
0.0
0.0158730159
0.0
0.0000000000
0.0863206706
0.0
0.0826079536
0.0662287904
0.0000000000
0.0673906990
0.0948461689
0.0
0.0997732426
0.0000000000
0.0158730159
0.0357142857
0.0
0.0000000000
0.0238095238
0.0000000000
0.0
0.0000000000
0.0698412698
0.0285714286
0.0673906990
0.0158730159
0.0844235130
0.0808688388
0.0685941043
0.0000000000
0.0000000000
0.0
0.0800264550
0.1181929182
0.0158730159
0.0000000000
0.0000000000
0.0000000000
0.0000000000
0.0000000000
0.0000000000
0.0685941043
0.0000000000
0.0000000000
0.0000000000
0.0000000000
0.0000000000
