0.0
0.0
0.0
0.0
0.1434061458
0.0
0.1665484074
0.0
0.0
0.1325374695
0.0
0.1335213107
0.0
0.1367107449
0.0
0.1314306848
0.1070668334
0.1319817568
0.0
0.1614238411
0.1303422319
0.0810235496
0.0
0.0
0.0
0.1303422319
0.1044901212
0.1269260041
0.1430802228
0.1336630531
0.0
0.0
0.1469201821
0.1403685574
0.1424328009
0.1424328009
0.1434061458
0.1195732156
0.1240498483
0.0
0.0
0.1650204404
0.1445586636
0.1216527498
0.0
0.1367107449
0.1270540828
0.1371575120
0.1085436173
0.1215353243
0.1204886086
0.1282185296
0.1335213107
0.1328170844
0.1469201821
0.1502513079
0.1251596382
0.1650204404
0.1066135445
0.1469201821
0.0
0.1134329694
0.0811279614
0.1462376260
0.0
0.1374569826
0.0
0.1392816328
0.1244175850
0.1218882827
0.1472638550
0.1479560470
0.1343763031
0.1429178161
0.1295376502
0.1460679768
0.1192335190
0.0699503311
0.1037154827
0.1160466323
0.1275689929
0.1599880509
0.1276983733
0.0
0.1416317166
0.1206040192
0.1389741678
0.0
0.0917715714
0.0806602153
0.1589780253
0.0
0.1276983733
0.1068850560
0.1198007574
0.0
0.1070668334
0.1332387260
0.1061640776
0.1353877377
0.1107393105
0.1430802228
0.1067038949
0.1060746386
0.1208355048
0.1568002441
0.0
0.1104478913
0.1518825043
0.0
0.1120201032
0.1139462407
0.0000000000
0.1102544624
0.0788913509
0.1286114362
0.1078925416
0.0
0.1043169810
0.1244175850
0.1045769070
0.1177835323
0.0703411151
0.1119205298
0.0000000000
0.1217704023
0.0896799117
0.1283492314
0.0000000000
0.1198007574
0.0
0.0
0.0049668874
0.0033112583
0.1394358760
0.0000000000
0.1299386956
0.1117219131
0.0905180417
0.1226003856
0.1122197826
0.1280880936
0.0900004260
0.0
0.1338050967
0.1457298565
0.1040583438
0.0000000000
0.1220063915
0.1115240000
0.1168001818
0.1460679768
0.1148819307
0.1269260041
0.1087310847
0.0943857541
0.0000000000
0.0000000000
0.1204886086
0.0000000000
0.1291390728
0.0000000000
0.1192335190
0.1037154827
0.1380598641
0.1136377220
0.1162609382
0.0784001221
0.0000000000
0.1406822302
0.0
0.0
0.0000000000
0.0
0.0000000000
0.0033112583
0.0
0.1200291669
0.1105448604
0.0
0.1075239932
0.0000000000
0.1026166227
0.1215353243
0.0000000000
0.0925813206
0.1085436173
0.0
0.0000000000
0.1053645155
0.0949552006
0.1286114362
0.1074322492
0.0033112583
0.1252841752
0.0000000000
0.1182259118
0.1262894644
0.1107393105
0.1204886086
0.0
0.0978326309
0.1110322716
0.0
0.1078001678
0.0066225166
0.0
0.0000000000
0.1044034793
0.0828359184
0.0000000000
0.1417912117
0.0
0.0996916833
0.0953146071
0.1081706151
0.1227198792
0.0000000000
0.0
0.1051884679
0.0000000000
0.1259105960
0.1376072088
0.0000000000
0.0
0.1129243014
0.0000000000
0.0000000000
0.1151972516
0.1329573348
0.0074503311
0.1208355048
0.0
0.1267981833
0.1242947641
0.0721137434
0.1025330587
0.0000000000
0.1120201032
0.0000000000
0.1012957329
0.0000000000
0.0000000000
0.0000000000
0.1063434088
0.0074503311
0.1074322492
0.0000000000
0.1057183846
0.0000000000
0.1259105960
0.0000000000
0.0996916833
0.0049668874
0.0922421949
0.0831093043
0.1193465365
0.1262894644
0.1085436173
0.1168001818
0.0
0.0000000000
0.0900648040
0.0000000000
0.0718257821
0.1073406616
0.0876204565
0.1050130075
0.0033112583
0.0000000000
0.0000000000
0.1389741678
0.0898719458
0.0000000000
0.0033112583
0.0
0.0000000000
0.0000000000
0.0000000000
0.0919055445
0.0033112583
0.1190081248
0.0000000000
0.0000000000
0.0989863176
0.0000000000
0.0000000000
0.0033112583
0.0000000000
0.1063434088
0.0890456832
0.0033112583
0.1028681340
0.0000000000
0.0000000000
0.0033112583
0.0000000000
0.0000000000
0.0000000000
0.0000000000
0.0000000000
0.0000000000
0.0000000000
0.1012957329
0.0000000000
0.0000000000
0.0000000000
0.0000000000
0.0807636921
0.0000000000
0.0000000000
0.0000000000
0.0000000000
0.0000000000
0.0033112583
0.0931291391
0.0044150110
0.0000000000
0.0951705185
0.0913719855
0.0000000000
0.0000000000
0.0718257821
0.0000000000
0.0000000000
0.0000000000
0.0044150110
0.0000000000
0.0000000000
0.0000000000
0.0000000000
0.0000000000
0.1026166227
0.0000000000
0.0000000000
0.0000000000
0.0000000000
0.0000000000
0.0000000000
0.0000000000
0.0000000000
0.0000000000
0.0000000000
0.0000000000
0.0000000000
0.0000000000
0.0000000000
0.0000000000
0.0000000000
0.0000000000
