0.0
0.0
0.0
0.0
0.1441321211
0.0
0.1752357773
0.0
0.0
0.1353383459
0.0
0.1450516243
0.0
0.1343388012
0.0
0.1508248233
0.1081419363
0.1161524501
0.0
0.1592773528
0.0987484999
0.0043859649
0.0
0.0
0.0
0.1275559164
0.1078853718
0.1405678028
0.1469262818
0.1377990431
0.0
0.0
0.1562669560
0.1392762150
0.1549358917
0.1469262818
0.1333539126
0.1042974408
0.0772048968
0.0
0.0
0.1677995727
0.1377990431
0.1081419363
0.0
0.1377990431
0.1021880544
0.1329639889
0.0854768500
0.1142554880
0.1291866029
0.1302970894
0.1335497334
0.1250995439
0.1403508772
0.1500781657
0.1301106844
0.1709537000
0.1050200559
0.1536273115
0.0
0.1149777098
0.0000000000
0.1536273115
0.0
0.1388509442
0.0
0.1474025420
0.1349367484
0.1163009826
0.1423276501
0.1384282624
0.1325763388
0.1377990431
0.1349367484
0.1434501079
0.1170493802
0.1185754477
0.1045372051
0.1090496024
0.1257916576
0.1541480821
0.1316170310
0.0
0.1434501079
0.1196675900
0.1544097936
0.0875335596
0.0959360426
0.0000000000
0.1632807333
0.0
0.0689517577
0.1126981021
0.1149777098
0.1175030600
0.0000000000
0.1301106844
0.0997229917
0.1308595229
0.1103730199
0.1179602703
0.1090496024
0.1244150047
0.1047780742
0.1587214109
0.0
0.1047780742
0.1367629600
0.0
0.1128379261
0.1173514431
0.0000000000
0.1035847021
0.0000000000
0.1240755367
0.1035847021
0.1113186884
0.0000000000
0.1230681575
0.1031149302
0.0000000000
0.0000000000
0.0000000000
0.0000000000
0.1191970753
0.0058479532
0.1240755367
0.1327698809
0.0983214794
0.0
0.0
0.0000000000
0.0000000000
0.1414422526
0.0000000000
0.1240755367
0.0970622929
0.0000000000
0.1190410581
0.1080135017
0.1439040640
0.1032319732
0.0
0.1273772667
0.1418835701
0.0946382606
0.0000000000
0.1245854362
0.1158565203
0.0000000000
0.1357423409
0.0854768500
0.1182670591
0.0842105263
0.0899578323
0.0000000000
0.0000000000
0.1136842105
0.0000000000
0.1301106844
0.0000000000
0.0000000000
0.0087719298
0.1250995439
0.1118663818
0.1111826020
0.1008285681
0.0788105446
0.1240755367
0.0
0.0
0.0000000000
0.0000000000
0.0000000000
0.0000000000
0.0
0.1168989311
0.1080135017
0.0
0.1279147235
0.0000000000
0.0000000000
0.0000000000
0.0000000000
0.0043859649
0.1077575455
0.0833614743
0.0000000000
0.0899578323
0.0087719298
0.1142554880
0.0921452568
0.0000000000
0.1293703676
0.0000000000
0.1047780742
0.1142554880
0.0000000000
0.0922387104
0.0000000000
0.0000000000
0.0058479532
0.0
0.0043859649
0.0000000000
0.0000000000
0.0000000000
0.1113186884
0.0058479532
0.0000000000
0.0903151623
0.0
0.0000000000
0.0980036298
0.0951332306
0.0058479532
0.0000000000
0.0899578323
0.0892515882
0.0000000000
0.0792224464
0.1199833356
0.0000000000
0.0000000000
0.0043859649
0.0000000000
0.0000000000
0.0622075023
0.1102392344
0.0000000000
0.0930884017
0.0
0.1113186884
0.0000000000
0.0000000000
0.0000000000
0.0000000000
0.0782679591
0.0000000000
0.0000000000
0.0000000000
0.0000000000
0.0000000000
0.0704472257
0.0000000000
0.1090496024
0.0000000000
0.0000000000
0.0000000000
0.1268443074
0.0000000000
0.0000000000
0.0000000000
0.0000000000
0.0000000000
0.0000000000
0.0000000000
0.0000000000
0.0000000000
0.0000000000
0.0000000000
0.0000000000
0.0000000000
0.0000000000
