0.0
0.0
0.0
0.0
0.1340170940
0.0
0.1571929825
0.0
0.0
0.1241980198
0.0
0.1323206751
0.0
0.1181167608
0.0
0.1176735460
0.1033278418
0.1088888889
0.0
0.1317647059
0.0888385269
0.0050000000
0.0
0.0
0.0
0.1185633270
0.0957557252
0.1274796748
0.1269635628
0.1083246978
0.0
0.0
0.1419004525
0.1312133891
0.1312133891
0.1326004228
0.1072136752
0.1136231884
0.0133333333
0.0
0.0
0.1511325301
0.1232220039
0.0066666667
0.0
0.1285245902
0.0000000000
0.1150825688
0.0767686659
0.1064855688
0.1072136752
0.1159334566
0.1098423818
0.1116014235
0.1277393075
0.1192395437
0.0973913043
0.1600000000
0.0926440177
0.1301244813
0.0
0.1152941176
0.0000000000
0.1323206751
0.0
0.1261971831
0.0
0.1345922747
0.1244444444
0.1050586265
0.1232220039
0.1196946565
0.1213152805
0.1267070707
0.1055892256
0.1334468085
0.1079518072
0.0000000000
0.0933333333
0.0707900677
0.1108127208
0.1455220418
0.1057672850
0.0
0.1301244813
0.1031578947
0.1309394572
0.0114285714
0.0789924433
0.0000000000
0.1400000000
0.0
0.0114285714
0.0918301611
0.0000000000
0.1087001733
0.0849864499
0.1192395437
0.0066666667
0.1011612903
0.0911627907
0.1055892256
0.0890909091
0.1118003565
0.0931946508
0.1468852459
0.0860356653
0.1061252115
0.1277393075
0.1000318979
0.0995555556
0.0978471139
0.0000000000
0.0809290323
0.0000000000
0.1157195572
0.0809290323
0.0000000000
0.0000000000
0.0941741742
0.0809290323
0.0707900677
0.0000000000
0.0000000000
0.0746666667
0.0100000000
0.0000000000
0.1157195572
0.1192395437
0.0885875706
0.0
0.0
0.0000000000
0.0000000000
0.1354643629
0.0000000000
0.0066666667
0.0776237624
0.0000000000
0.1038410596
0.1011612903
0.0984615385
0.0866298343
0.0
0.1068483816
0.1293195876
0.0000000000
0.0000000000
0.1064855688
0.1023164763
0.0000000000
0.1157195572
0.0000000000
0.0100000000
0.0682480958
0.0000000000
0.0000000000
0.0000000000
0.0987716535
0.0000000000
0.0066666667
0.0000000000
0.0000000000
0.0000000000
0.0984615385
0.0866298343
0.0000000000
0.0080000000
0.0000000000
0.1157195572
0.0
0.0
0.0000000000
0.0000000000
0.0000000000
0.0000000000
0.0
0.1063050847
0.0000000000
0.0
0.0774320988
0.0000000000
0.0000000000
0.0000000000
0.0000000000
0.0050000000
0.0050000000
0.0000000000
0.1031578947
0.0000000000
0.0100000000
0.0897281831
0.0050000000
0.0000000000
0.1159334566
0.0000000000
0.0933333333
0.0000000000
0.0000000000
0.0818798956
0.0707900677
0.0000000000
0.0066666667
0.0
0.0000000000
0.0000000000
0.0000000000
0.0000000000
0.1019837398
0.0066666667
0.0000000000
0.0050000000
0.0000000000
0.0000000000
0.0000000000
0.0000000000
0.0000000000
0.0000000000
0.0000000000
0.0000000000
0.0000000000
0.0050000000
0.0000000000
0.0000000000
0.0000000000
0.0000000000
0.0000000000
0.0000000000
0.0080000000
0.0901149425
0.0000000000
0.0000000000
0.0000000000
