0.0
0.0
0.0
0.0
0.0
0.0
0.0
0.0
0.0
0.0
0.0
0.0
0.0
0.0
0.0
0.0
0.0
0.0
0.0
0.0
0.0
0.0
0.0
0.0
0.0
0.0
0.0
0.0
0.0
0.0
0.0
0.0070422535
0.0
0.0
0.0
0.0
0.0
0.0
0.0
0.0
0.0
0.0
0.0
0.0
0.0
0.0
0.0
0.0
0.0
0.0
0.0
0.0
0.0847678665
0.0
0.0
0.0
0.0
0.0
0.0
0.0
0.0
0.0481448562
0.0
0.0
0.0
0.0
0.0
0.0
0.0
0.0
0.0953638498
0.0
0.0
0.0
0.0
0.0
0.0
0.0
0.0
0.0
0.0
0.0
0.0
0.0
0.0
0.0250391236
0.0
0.0
0.0
0.0
0.0
0.0
0.0
0.0
0.0
0.0
0.0629038502
0.0
0.0
0.0
0.0
0.0
0.0180281690
0.0
0.0
0.0
0.0
0.0
0.0
0.0
0.0
0.0578862279
0.0
0.0
0.0
0.0
0.0
0.0
0.0
0.0
0.0000000000
0.0
0.0710107903
0.0
0.0793427230
0.0
0.0000000000
0.0
0.0000000000
0.0
0.0
0.0
0.0
0.0
0.0
0.0
0.0000000000
0.0
0.0070422535
0.0
0.0
0.0821920473
0.0998440306
0.0265120133
0.0
0.0
0.0723929954
0.0
0.0
0.0
0.0875103563
0.0799825837
0.0
0.0
0.0
0.0
0.0
0.0
0.0598662397
0.0559276713
0.0
0.0569990826
0.0
0.0
0.0
0.0
0.0
0.0
0.0554069295
0.0
0.0
0.0
0.0
0.0
0.0
0.0
0.0
0.0
0.0000000000
0.0
0.0
0.0000000000
0.0
0.0
0.0
0.0
0.0
0.0597460264
0.0000000000
0.0160965795
0.0
0.0
0.0070422535
0.0
0.0
0.0
0.0
0.0070422535
0.0766843328
0.0
0.0716952316
0.0685565003
0.0112676056
0.0
0.0
0.0
0.0
0.0
0.0
0.0677756745
0.0
0.0679304135
0.0
0.0214621060
0.0907119547
0.0000000000
0.0687148294
0.0
0.0732845348
0.0464898768
0.0751351544
0.0070422535
0.0554069295
0.0885521462
0.0629038502
0.0743838028
0.0633053641
0.0680858607
0.0
0.0
0.1070270544
0.0592699624
0.0070422535
0.0
0.0
0.0000000000
0.0535135272
0.0
0.0782987398
0.0682420209
0.0
0.0070422535
0.0
0.0000000000
0.0
0.0160965795
0.0187793427
0.0478352430
0.1078026128
0.0136577038
0.0000000000
0.0140845070
0.0
0.0880281690
0.0658263742
0.0173347779
0.0000000000
0.0
0.0000000000
0.0000000000
0.0225352113
0.0720424240
0.0
0.0652489498
0.0
0.0
0.0
0.0
0.0000000000
0.0
0.0
0.0759018396
0.0
0.0070422535
0.0941567124
0.0000000000
0.0000000000
0.0635758998
0.0
0.0
0.0516554186
0.0000000000
0.0859928356
0.0
0.0000000000
0.0000000000
0.0791317051
0.0604746364
0.0
0.0187793427
0.0599869378
0.0854986239
0.0
0.0764872008
0.0533217224
0.0729252969
0.0787130189
0.0000000000
0.0000000000
0.0000000000
0.0514766802
0.0000000000
0.0554069295
0.0000000000
0.0000000000
0.0000000000
0.0956704859
0.0000000000
0.0679304135
0.0000000000
0.0
0.0000000000
0.0716952316
0.0070422535
0.0
0.0649640199
0.0821920473
0.0673156587
0.0000000000
0.0070422535
0.0
0.0000000000
0.0
0.0070422535
0.0112676056
0.0000000000
0.0000000000
0.0000000000
0.0000000000
0.0000000000
0.0000000000
0.0000000000
0.0537067168
0.0000000000
0.0000000000
0.0070422535
0.0000000000
0.0000000000
0.0000000000
0.0000000000
0.0000000000
0.0000000000
0.0000000000
0.0000000000
0.0000000000
0.0000000000
