0.0
0.0
0.0
0.0
0.0
0.0
0.0
0.0
0.0
0.0
0.0
0.0
0.0
0.0
0.0
0.0
0.0
0.0
0.0
0.0
0.0
0.0
0.0
0.0
0.0
0.0
0.0
0.0
0.0
0.0918769229
0.0
0.1212887428
0.0
0.0
0.0
0.0
0.0
0.0997060341
0.0
0.0
0.1327565327
0.0
0.0
0.0
0.0995397188
0.0
0.0
0.0
0.0
0.1037809764
0.0
0.0
0.0936798453
0.0
0.1279186740
0.0
0.0
0.0
0.0
0.0
0.0
0.0
0.0
0.0
0.0
0.0
0.0
0.0
0.0
0.0
0.1102014062
0.1232935154
0.0841665182
0.0
0.0982289077
0.0
0.1048753277
0.0
0.0975066363
0.0
0.1370242513
0.0821956769
0.0
0.0
0.1215357667
0.1073274486
0.0
0.1087950072
0.0
0.1184009155
0.0
0.0
0.0
0.0
0.0
0.0
0.0000000000
0.1085970181
0.0
0.0
0.0
0.1174686249
0.0000000000
0.0000000000
0.0
0.0
0.0
0.0
0.0
0.1342498570
0.1084982935
0.0
0.0823658543
0.1098969824
0.0973475717
0.1023568807
0.0000000000
0.0
0.0
0.0
0.0
0.0
0.1302927106
0.0941231253
0.0
0.0705367156
0.0
0.0
0.0
0.0
0.0
0.0
0.1159845703
0.0
0.0
0.0918769229
0.0820826155
0.0
0.0
0.1145375459
0.0
0.0
0.0846440588
0.0
0.0972682338
0.0
0.0969521713
0.0
0.0944957426
0.1072310178
0.0000000000
0.0
0.1135567297
0.0736716808
0.0
0.1077149123
0.1179329277
0.0
0.1112284463
0.1229125879
0.0
0.0
0.1122748098
0.1100997443
0.1147578104
0.0914545003
0.0919477064
0.0
0.0
0.0967949091
0.0
0.1166648317
0.0
0.0
0.0968734764
0.0733998296
0.0
0.0
0.0918769229
0.0923032659
0.0842853975
0.0
0.1234210164
0.0000000000
0.1078122158
0.0
0.0
0.1022691713
0.1002925402
0.1086959225
0.0
0.1235487814
0.1095942359
0.0
0.0780563263
0.1077149123
0.1079096952
0.1039617795
0.0
0.1004613829
0.1200685341
0.1007157155
0.0
0.0790384920
0.0000000000
0.0
0.0
0.0
0.0000000000
0.0
0.0967949091
0.0
0.0
0.0
0.0660842319
0.0
0.0
0.0
0.0000000000
0.0
0.0
0.0867986348
0.0964819102
0.0000000000
0.1133410474
0.1011424770
0.0
0.0000000000
0.0
0.0975863638
0.0
0.1087950072
0.0
0.0920896010
0.0944209833
0.0828806409
0.0728621019
0.0000000000
0.0
0.0908972756
0.1045995818
0.0
0.0
0.0000000000
0.1217837988
0.1157595760
0.0
0.0867986348
0.0
0.1066560526
0.0932407210
0.0
0.0
0.0838118840
0.0
0.0844643474
0.0
0.1132335132
0.0744994525
0.1083997483
0.0034129693
0.0888668078
0.0
0.0787256747
0.0882752388
0.0933866376
0.0
0.0000000000
0.0
0.0
0.1029750844
0.0
0.0661574960
0.1201894490
0.1011424770
0.1034212503
0.1147578104
0.0121891760
0.0636184024
0.0000000000
0.0983908680
0.0701222814
0.1283313149
0.1221577511
0.0967949091
0.0
0.0
0.1247106822
0.0000000000
0.0
0.0
0.0
0.0827083319
0.0885371831
0.0
0.0
0.0814107250
0.0651463553
0.0000000000
0.0000000000
0.0904837929
0.1147578104
0.0077567484
0.0973475717
0.0
0.0000000000
0.0
0.0121891760
0.0
0.0
0.0000000000
0.0940489542
0.0
0.0974270391
0.0977462104
0.0000000000
0.0825938567
0.0
0.0000000000
0.0
0.1203106077
0.0848245365
0.0838707821
0.0823658543
0.0964039765
0.0845241663
0.1191099031
0.1051525312
0.1260275849
0.1083997483
0.1149789238
0.0000000000
0.0000000000
0.0829382369
0.1134487860
0.0902784591
0.1073274486
0.0918769229
0.1066560526
0.1017460553
0.0
0.0851878108
0.0805317968
0.1139905663
0.0000000000
0.1037809764
0.0733547160
0.0000000000
0.0
0.0034129693
0.0893324273
0.0000000000
0.1105075212
0.0000000000
0.0
0.0987163961
0.0
0.0
0.0967164691
0.0000000000
0.0000000000
0.0000000000
0.0
0.1227861346
0.0
0.0000000000
0.0
0.0778019054
0.0000000000
0.0703703555
0.0000000000
0.0077567484
0.0949467962
0.0
0.0000000000
0.0658290805
0.0854317272
0.0842259159
0.0000000000
0.0000000000
0.0000000000
0.0753936342
0.0077567484
0.0000000000
0.0000000000
0.0000000000
0.0816334630
0.0000000000
0.0000000000
0.1034212503
0.0918769229
0.0000000000
0.1066560526
0.0
0.0815219418
0.0816334630
0.0599739311
0.1058050735
0.0000000000
0.0000000000
0.0844643474
0.0034129693
0.0898705744
0.0845840701
0.0034129693
0.0
0.0
0.0000000000
0.0000000000
0.0000000000
0.0919477064
0.0000000000
0.0
0.0000000000
0.0942718190
0.0000000000
0.0578797880
0.0791433176
0.0000000000
0.0000000000
0.0000000000
0.0823090503
0.0000000000
0.0967164691
0.0000000000
0.0000000000
0.0827083319
0.0732646549
0.0000000000
0.1099982699
0.0077567484
0.0000000000
0.0778019054
0.0000000000
0.0000000000
0.0000000000
0.0000000000
0.0000000000
0.1014002743
0.0793010783
0.0000000000
0.0000000000
0.0000000000
0.0000000000
0.0000000000
0.0
0.0000000000
0.0000000000
0.0820826155
0.0000000000
0.0000000000
0.0000000000
0.0000000000
0.0000000000
0.0724199775
0.1035109478
0.0964039765
0.0000000000
0.0
0.0000000000
0.0000000000
0.0000000000
0.0725079726
0.0000000000
0.0000000000
0.0000000000
0.0000000000
0.0000000000
0.0000000000
0.0000000000
0.0000000000
0.0000000000
0.0000000000
0.0000000000
0.0000000000
0.0000000000
0.0000000000
0.0000000000
