0.0
0.0
0.0
0.0
0.0
0.0
0.0022002200
0.0
0.0
0.0
0.0
0.0
0.0
0.0
0.0
0.0
0.0
0.0
0.0
0.0
0.0
0.0
0.0
0.0033003300
0.0
0.0
0.0
0.0
0.0
0.0
0.0
0.0
0.0
0.0
0.0
0.0
0.0
0.0
0.0
0.0
0.0
0.0
0.0000000000
0.0
0.0
0.0
0.0
0.0
0.0
0.0
0.0
0.0
0.0140812841
0.0
0.0
0.0
0.0
0.0
0.0000000000
0.0
0.0
0.0000000000
0.0
0.0
0.0
0.0016501650
0.0
0.0183948439
0.0033003300
0.0
0.0037128713
0.0044004400
0.0
0.0
0.0
0.0
0.0
0.0
0.0
0.0
0.0
0.0
0.0
0.0022002200
0.0
0.0037128713
0.0
0.0
0.0
0.0
0.0
0.0
0.0119294164
0.0
0.0016501650
0.0
0.0
0.0
0.0016501650
0.0
0.0
0.0
0.0
0.0
0.0
0.0
0.0
0.0
0.0
0.0
0.0
0.0138933248
0.0
0.0
0.0
0.0
0.0
0.0029702970
0.0
0.0
0.0
0.0037128713
0.0
0.0000000000
0.0
0.0040429043
0.0
0.0
0.0155931323
0.0
0.0
0.0
0.0
0.0
0.0
0.0
0.0
0.0
0.0
0.0024752475
0.0029702970
0.0
0.0
0.0
0.0
0.0
0.0016501650
0.0033003300
0.0033003300
0.0000000000
0.0044004400
0.0
0.0000000000
0.0
0.0
0.0
0.0
0.0
0.0
0.0
0.0
0.0
0.0
0.0
0.0
0.0
0.0
0.0
0.0141450725
0.0
0.0
0.0
0.0
0.0
0.0037128713
0.0
0.0
0.0037718058
0.0
0.0
0.0
0.0
0.0
0.0
0.0
0.0
0.0
0.0
0.0000000000
0.0
0.0000000000
0.0
0.0
0.0
0.0016501650
0.0
0.0
0.0
0.0129969813
0.0
0.0000000000
0.0128896791
0.0
0.0
0.0
0.0
0.0051567657
0.0037128713
0.0
0.0
0.0022002200
0.0
0.0
0.0000000000
0.0000000000
0.0
0.0
0.0
0.0016501650
0.0
0.0
0.0
0.0
0.0
0.0
0.0000000000
0.0
0.0
0.0000000000
0.0
0.0
0.0
0.0024752475
0.0
0.0108326965
0.0
0.0
0.0000000000
0.0
0.0
0.0024752475
0.0
0.0
0.0
0.0
0.0016501650
0.0
0.0
0.0
0.0000000000
0.0
0.0145742112
0.0
0.0
0.0
0.0022002200
0.0000000000
0.0
0.0
0.0024752475
0.0
0.0022002200
0.0
0.0
0.0
0.0
0.0022002200
0.0
0.0000000000
0.0000000000
0.0
0.0135614539
0.0000000000
0.0
0.0
0.0
0.0
0.0
0.0
0.0
0.0
0.0
0.0
0.0057755776
0.0
0.0
0.0168103621
0.0
0.0
0.0024752475
0.0
0.0
0.0029336267
0.0
0.0016501650
0.0
0.0
0.0016501650
0.0
0.0
0.0111023102
0.0
0.0
0.0
0.0
0.0000000000
0.0
0.0163269268
0.0000000000
0.0
0.0
0.0
0.0
0.0
0.0029702970
0.0
0.0000000000
0.0022002200
0.0
0.0
0.0119294164
0.0110044925
0.0
0.0000000000
0.0
0.0
0.0140180685
0.0
0.0
0.0
0.0000000000
0.0
0.0
0.0016501650
0.0
0.0000000000
0.0
0.0
0.0000000000
0.0026402640
0.0
0.0126290182
0.0
0.0
0.0
0.0
0.0
0.0
0.0167652336
0.0033003300
0.0
0.0
0.0129699886
0.0
0.0
0.0033003300
0.0
0.0
0.0
0.0
0.0016501650
0.0
0.0051567657
0.0
0.0016501650
0.0
0.0
0.0
0.0
0.0
0.0
0.0000000000
0.0016501650
0.0
0.0
0.0024752475
0.0
0.0016501650
0.0147115418
0.0
0.0
0.0
0.0164559934
0.0000000000
0.0
0.0000000000
0.0016501650
0.0
0.0164994703
0.0119981739
0.0
0.0037718058
0.0016501650
0.0
0.0
0.0
0.0
0.0144728841
0.0031099264
0.0
0.0
0.0000000000
0.0
0.0119066721
0.0
0.0
0.0
0.0
0.0
0.0000000000
0.0
0.0124527408
0.0
0.0022002200
0.0000000000
0.0033003300
0.0000000000
0.0016501650
0.0119066721
0.0
0.0037128713
0.0
0.0161998690
0.0016501650
0.0
0.0
0.0
0.0022002200
0.0
0.0037128713
0.0
0.0
0.0000000000
0.0
0.0
0.0000000000
0.0000000000
0.0
0.0016501650
0.0
0.0103309338
0.0116839093
0.0
0.0
0.0
0.0000000000
0.0
0.0022002200
0.0000000000
0.0
0.0000000000
0.0
0.0
0.0037128713
0.0022002200
0.0
0.0176663352
0.0000000000
0.0
0.0
0.0124032761
0.0016501650
0.0
0.0
0.0
0.0
0.0
0.0
0.0
0.0
0.0
0.0111023102
0.0037128713
0.0037128713
0.0016501650
0.0029702970
0.0033003300
0.0
0.0016501650
0.0
0.0
0.0016501650
0.0
0.0016501650
0.0000000000
0.0
0.0145742112
0.0
0.0016501650
0.0
0.0016501650
0.0
0.0
0.0
0.0000000000
0.0000000000
0.0000000000
0.0117058098
0.0026402640
0.0
0.0000000000
0.0
0.0
0.0044004400
0.0052805281
0.0049504950
0.0
0.0
0.0
0.0
0.0000000000
0.0
0.0045696877
0.0
0.0
0.0000000000
0.0
0.0
0.0000000000
0.0000000000
0.0000000000
0.0
0.0000000000
0.0
0.0
0.0000000000
0.0022002200
0.0
0.0022002200
0.0
0.0022002200
0.0000000000
0.0000000000
0.0
0.0
0.0022002200
0.0050536304
0.0111220828
0.0022002200
0.0
0.0000000000
0.0
0.0074257426
0.0
0.0
0.0154771983
0.0
0.0000000000
0.0000000000
0.0153629754
0.0103138720
0.0
0.0111023102
0.0
0.0033003300
0.0
0.0000000000
0.0033003300
0.0033003300
0.0135320683
0.0
0.0
0.0016501650
0.0118389564
0.0016501650
0.0000000000
0.0000000000
0.0000000000
0.0
0.0
0.0
0.0
0.0
0.0000000000
0.0022002200
0.0000000000
0.0000000000
0.0130240866
0.0
0.0161579547
0.0022002200
0.0
0.0
0.0000000000
0.0
0.0119981739
0.0
0.0029702970
0.0033003300
0.0000000000
0.0
0.0
0.0149224600
0.0182871142
0.0016501650
0.0016501650
0.0031733943
0.0
0.0160747735
0.0
0.0000000000
0.0016501650
0.0119522479
0.0
0.0
0.0000000000
0.0
0.0054005401
0.0
0.0022002200
0.0000000000
0.0
0.0000000000
0.0000000000
0.0016501650
0.0041254125
0.0
0.0000000000
0.0000000000
0.0118840143
0.0000000000
0.0180753965
0.0000000000
0.0
0.0000000000
0.0
0.0000000000
0.0000000000
0.0040429043
0.0
0.0136802837
0.0
0.0
0.0
0.0000000000
0.0016501650
0.0022002200
0.0
0.0
0.0
0.0000000000
0.0033003300
0.0052805281
0.0045837917
0.0102968665
0.0016501650
0.0
0.0033003300
0.0000000000
0.0000000000
0.0
0.0
0.0000000000
0.0033003300
0.0
0.0
0.0049504950
0.0000000000
0.0000000000
0.0016501650
0.0
0.0129969813
0.0016501650
0.0000000000
0.0024752475
0.0000000000
0.0
0.0000000000
0.0033003300
0.0016501650
0.0016501650
0.0
0.0000000000
0.0022002200
0.0029336267
0.0022002200
0.0163269268
0.0000000000
0.0000000000
0.0000000000
0.0016501650
0.0
0.0
0.0151029009
0.0016501650
0.0000000000
0.0016501650
0.0
0.0033003300
0.0000000000
0.0
0.0
0.0000000000
0.0173232996
0.0000000000
0.0033003300
0.0016501650
0.0144728841
0.0000000000
0.0
0.0
0.0000000000
0.0045837917
0.0000000000
0.0022002200
0.0096003836
0.0
0.0054005401
0.0000000000
0.0000000000
0.0022002200
0.0037128713
0.0000000000
0.0
0.0142094414
0.0022002200
0.0000000000
0.0
0.0000000000
0.0000000000
0.0
0.0000000000
0.0119751668
0.0110826078
0.0016501650
0.0000000000
0.0000000000
0.0000000000
0.0024752475
0.0033003300
0.0022002200
0.0000000000
0.0000000000
0.0022002200
0.0
0.0016501650
0.0033003300
0.0000000000
0.0
0.0000000000
0.0033003300
0.0037128713
0.0000000000
0.0016501650
0.0110826078
0.0000000000
0.0
0.0044004400
0.0
0.0
0.0000000000
0.0102799169
0.0122572120
0.0000000000
0.0000000000
0.0044921159
0.0000000000
0.0000000000
0.0033003300
0.0000000000
0.0
0.0000000000
0.0
0.0000000000
0.0000000000
0.0102294013
0.0016501650
0.0
0.0000000000
0.0000000000
0.0000000000
0.0022002200
0.0000000000
0.0
0.0000000000
0.0016501650
0.0157504401
0.0110629752
0.0148162503
0.0000000000
0.0016501650
0.0022002200
0.0033003300
0.0133870300
0.0103138720
0.0000000000
0.0000000000
0.0
0.0
0.0000000000
0.0000000000
0.0024752475
0.0000000000
0.0022002200
0.0000000000
0.0016501650
0.0000000000
0.0
0.0000000000
0.0022002200
0.0000000000
0.0108139385
0.0052805281
0.0000000000
0.0
0.0132450679
0.0033003300
0.0000000000
0.0000000000
0.0
0.0000000000
0.0
0.0016501650
0.0000000000
0.0016501650
0.0022002200
0.0000000000
0.0045696877
0.0016501650
0.0000000000
0.0016501650
0.0
0.0016501650
0.0120212695
0.0000000000
0.0108515196
0.0016501650
0.0000000000
0.0
0.0000000000
0.0
0.0000000000
0.0155156509
0.0000000000
0.0000000000
0.0016501650
0.0000000000
0.0000000000
0.0000000000
0.0
0.0033003300
0.0
0.0000000000
0.0016501650
0.0136206096
0.0000000000
0.0016501650
0.0000000000
0.0016501650
0.0000000000
0.0
0.0136802837
0.0000000000
0.0000000000
0.0
0.0000000000
0.0000000000
0.0000000000
0.0016501650
0.0
0.0034378438
0.0000000000
0.0016501650
0.0000000000
0.0022002200
0.0029336267
0.0
0.0016501650
0.0000000000
0.0000000000
0.0016501650
0.0029702970
0.0000000000
0.0
0.0000000000
0.0016501650
0.0000000000
0.0022002200
0.0
0.0000000000
0.0024752475
0.0000000000
0.0116186968
0.0000000000
0.0000000000
0.0
0.0000000000
0.0110434120
0.0016501650
0.0000000000
0.0000000000
0.0000000000
0.0000000000
0.0016501650
0.0000000000
0.0000000000
0.0058934465
0.0
0.0016501650
0.0
0.0000000000
0.0016501650
0.0000000000
0.0180753965
0.0000000000
0.0016501650
0.0000000000
0.0022002200
0.0000000000
0.0133583947
0.0110434120
0.0000000000
0.0000000000
0.0037503750
0.0016501650
0.0000000000
0.0000000000
0.0000000000
0.0029467232
0.0000000000
0.0000000000
0.0000000000
0.0000000000
0.0100970889
0.0000000000
0.0
0.0000000000
0.0000000000
0.0
0.0000000000
0.0162420013
0.0022002200
0.0
0.0000000000
0.0000000000
0.0
0.0000000000
0.0034378438
0.0016501650
0.0000000000
0.0000000000
0.0
0.0016501650
0.0000000000
0.0000000000
0.0129431078
0.0000000000
0.0000000000
0.0016501650
0.0000000000
0.0016501650
0.0016501650
0.0000000000
0.0000000000
0.0000000000
0.0000000000
0.0057755776
0.0000000000
0.0000000000
0.0022002200
0.0000000000
0.0016501650
0.0016501650
0.0
0.0000000000
0.0000000000
0.0016501650
0.0000000000
0.0000000000
0.0000000000
0.0000000000
0.0000000000
0.0031733943
0.0000000000
0.0000000000
0.0000000000
0.0000000000
0.0000000000
0.0000000000
0.0016501650
0.0000000000
0.0000000000
0.0000000000
0.0000000000
0.0000000000
0.0000000000
0.0016501650
0.0000000000
0.0000000000
0.0000000000
0.0000000000
0.0177164525
0.0000000000
0.0000000000
0.0000000000
0.0000000000
0.0000000000
0.0000000000
0.0000000000
0.0000000000
0.0000000000
0.0000000000
0.0000000000
0.0000000000
0.0000000000
0.0000000000
0.0000000000
0.0016501650
0.0000000000
0.0000000000
0.0000000000
0.0000000000
0.0000000000
0.0022002200
0.0000000000
0.0000000000
0.0000000000
0.0000000000
0.0
0.0000000000
0.0033690869
0.0000000000
0.0000000000
0.0000000000
0.0000000000
0.0000000000
0.0000000000
0.0000000000
0.0016501650
0.0000000000
0.0000000000
0.0000000000
0.0000000000
0.0000000000
0.0000000000
0.0000000000
0.0000000000
0.0000000000
0.0000000000
0.0000000000
0.0000000000
0.0000000000
0.0000000000
0.0000000000
0.0000000000
0.0000000000
0.0000000000
0.0000000000
0.0000000000
0.0000000000
0.0000000000
0.0000000000
0.0000000000
0.0000000000
0.0000000000
0.0000000000
0.0000000000
0.0000000000
0.0000000000
0.0000000000
0.0000000000
0.0000000000
