0.0
0.0
0.0
0.0
0.0
0.0
0.0
0.0
0.0
0.0
0.0
0.0
0.0
0.0
0.0
0.0
0.0
0.0
0.0
0.0
0.0
0.0
0.0
0.0
0.0
0.0
0.0
0.0
0.0
0.0904259409
0.0
0.1227143491
0.0
0.0
0.0
0.0
0.0
0.0946846194
0.0
0.0
0.1161002937
0.0
0.0
0.0
0.0980717115
0.0
0.0
0.0
0.0
0.0943882669
0.0
0.0
0.1017101224
0.0
0.1007754429
0.0
0.0
0.0
0.0
0.0
0.0
0.0
0.0
0.0
0.0
0.0
0.0
0.0
0.0
0.0
0.1129477576
0.1139076536
0.0838278006
0.0
0.0845920092
0.0
0.1025750044
0.0
0.0960415646
0.0
0.0
0.0810128980
0.0
0.0
0.1186118045
0.1028373445
0.0
0.1072250712
0.0
0.1081867311
0.0
0.0
0.0
0.0
0.0
0.0
0.0000000000
0.0869705877
0.0
0.0
0.0
0.1060001803
0.0000000000
0.0583308535
0.0
0.0
0.0
0.0
0.0
0.1026623022
0.0996927315
0.0
0.0870333370
0.1098617533
0.0930773188
0.1033660712
0.0042735043
0.0
0.0
0.0
0.0
0.0
0.1130536131
0.0929339023
0.0
0.0700512225
0.0
0.0
0.0
0.0
0.0
0.0
0.1043496584
0.0
0.0
0.0874751306
0.0810128980
0.0
0.0
0.1091657965
0.0
0.0
0.0832492789
0.0
0.0848896588
0.0
0.0064102564
0.0
0.1011133320
0.1057214769
0.0687340200
0.0
0.0042735043
0.0877296037
0.0
0.0972024215
0.1050768337
0.0
0.1098617533
0.1152131854
0.0
0.0
0.1010286475
0.1047119836
0.1116927825
0.0831345314
0.0864098891
0.0
0.0
0.0923646287
0.0
0.0992008266
0.0
0.0
0.0897531288
0.1102634416
0.0
0.0
0.0915236761
0.0847108182
0.0785851499
0.0
0.1032775729
0.0000000000
0.0979920432
0.0
0.0
0.0944621810
0.1066562380
0.1175713500
0.0
0.1109735098
0.1077037546
0.0
0.0
0.1010286475
0.0947589985
0.0963484067
0.0
0.0
0.1170011689
0.1058142150
0.0
0.0786876746
0.0000000000
0.0
0.0
0.0
0.0000000000
0.0
0.0899539188
0.0
0.0
0.0
0.0771280084
0.0
0.0
0.0
0.0000000000
0.0
0.0
0.0911777817
0.0064102564
0.0000000000
0.0042735043
0.0985524552
0.0
0.0032051282
0.0
0.0939472003
0.0
0.1025750044
0.0
0.0884371005
0.0955092677
0.1011981587
0.0717171255
0.0000000000
0.0
0.0852496149
0.0950576873
0.0
0.0
0.0000000000
0.1234679684
0.0975167382
0.0
0.0911777817
0.0
0.0958888753
0.0891561014
0.0
0.0
0.0814505099
0.0
0.0747386649
0.0
0.1049853831
0.0698079891
0.1053521442
0.0032051282
0.0864718316
0.0
0.0783809000
0.0886972097
0.0997751903
0.0
0.0000000000
0.0
0.0
0.1003562439
0.0
0.0770295052
0.1135858805
0.1050768337
0.1038108478
0.1132659203
0.0805799633
0.0630570858
0.0000000000
0.0845920092
0.0696467697
0.1142312549
0.1193157321
0.0899539188
0.0
0.0
0.1119000048
0.0000000000
0.0
0.0
0.0
0.0874117428
0.0889588533
0.0
0.0
0.0780260059
0.0630241406
0.0000000000
0.0000000000
0.0
0.1083811367
0.0714622068
0.0958888753
0.0
0.0000000000
0.0
0.0716319508
0.0
0.0
0.0757239204
0.0956607495
0.0
0.0968901246
0.0890245056
0.0000000000
0.0784828921
0.0
0.0000000000
0.0
0.1186118045
0.0779251971
0.0042735043
0.0000000000
0.0936554388
0.0810128980
0.0979125042
0.1028373445
0.1255236266
0.1077037546
0.1155442578
0.0000000000
0.0000000000
0.0787904671
0.0973593262
0.0886972097
0.1002728222
0.0904259409
0.0867828814
0.1046211666
0.0
0.0746000032
0.0774747624
0.1050768337
0.0000000000
0.0943144684
0.0767843444
0.0000000000
0.0
0.0032051282
0.0820042183
0.0
0.0
0.0000000000
0.0
0.0856126367
0.0
0.0
0.0935102365
0.0000000000
0.0972808106
0.0000000000
0.0
0.1093637399
0.0
0.0000000000
0.0
0.0778748903
0.0000000000
0.0698888790
0.0042735043
0.0642664918
0.0935827813
0.0
0.0000000000
0.0683833362
0.0746000032
0.0042735043
0.0000000000
0.0064102564
0.0000000000
0.0666454172
0.0713776362
0.0000000000
0.0000000000
0.0000000000
0.0862862698
0.0000000000
0.0000000000
0.0963484067
0.0904259409
0.0000000000
0.0867828814
0.0
0.0861630037
0.0784318629
0.0685777175
0.1040795558
0.0000000000
0.0000000000
0.0747386649
0.0032051282
0.0
0.0838860954
0.0032051282
0.0
0.0
0.0000000000
0.0000000000
0.0000000000
0.0954337066
0.0666454172
0.0
0.0000000000
0.0000000000
0.0000000000
0.0572783500
0.0776743111
0.0000000000
0.0000000000
0.0032051282
0.0828490420
0.0000000000
0.0943144684
0.0000000000
0.0000000000
0.0813955500
0.0766867165
0.0000000000
0.0979125042
0.0643350427
0.0524926915
0.0778748903
0.0000000000
0.0000000000
0.0641298273
0.0000000000
0.0000000000
0.1008597033
0.0758191107
0.0000000000
0.0000000000
0.0000000000
0.0000000000
0.0000000000
0.0
0.0985524552
0.0000000000
0.0809042288
0.0000000000
0.0780260059
0.0573055606
0.0000000000
0.0000000000
0.0758191107
0.0886320390
0.0932211786
0.0000000000
0.0
0.0000000000
0.0000000000
0.0000000000
0.0699293943
0.0000000000
0.0000000000
0.0000000000
0.0000000000
0.0820600035
0.0000000000
0.0000000000
0.0000000000
0.0000000000
0.0000000000
0.0000000000
0.0000000000
0.0000000000
0.0923646287
0.0809042288
0.0000000000
0.0000000000
0.0000000000
0.0717171255
0.0000000000
0.0000000000
0.0000000000
0.0000000000
0.0000000000
0.0000000000
0.0000000000
0.0000000000
0.0000000000
0.0000000000
0.0000000000
0.0000000000
0.0000000000
0.0619241299
0.0000000000
0.0000000000
0.0000000000
0.0000000000
0.0000000000
0.0000000000
0.0000000000
0.0000000000
