0.0
0.0
0.0
0.0
0.0
0.0
0.0
0.0
0.0
0.0
0.0
0.0
0.0
0.0
0.0
0.0
0.0
0.0
0.0
0.0
0.0
0.0
0.0
0.0
0.0
0.0
0.0
0.0
0.0
0.0
0.0
0.2643948296
0.0
0.0
0.0
0.0
0.2329192547
0.0
0.2445652174
0.1918158568
0.0
0.0
0.2445652174
0.2508361204
0.0
0.0
0.0
0.0
0.2877237852
0.1996450754
0.0
0.0
0.0434782609
0.2038043478
0.0
0.2717391304
0.0
0.0434782609
0.1881270903
0.0
0.0000000000
0.0000000000
0.0434782609
0.0000000000
0.1577840112
0.2795031056
0.2038043478
0.1996450754
0.1482213439
0.0434782609
0.0000000000
