0.0
0.0
0.0
0.0
0.0
0.0
0.0
0.0
0.0
0.2279069767
0.2260981912
0.0
0.0
0.0
0.0
0.0232558140
0.0
0.0
0.1780523256
0.0
0.0
0.0000000000
0.0
0.0
0.2260981912
0.0
0.2297449362
0.0
0.0
0.0
0.2455894146
0.0000000000
0.0
0.0
0.0
0.2354410917
0.2414268821
0.0
0.0
0.0
0.0
0.2191413238
0.0
0.2374031008
0.0
0.0
0.2434903598
0.0
0.0
0.2566520008
0.0
0.0
0.1992193853
0.2297449362
0.0
0.0
0.2335112467
0.0
0.2637812231
0.2243178905
0.2521094875
0.2243178905
0.0
0.0
0.1565295170
0.0
0.0
0.0
0.1791721515
0.1899224806
0.2613612119
0.1874235006
0.0
0.0
0.1780523256
0.0
0.0
0.1468472788
0.1769464105
0.1837959490
0.0232558140
0.0
0.1468472788
0.0000000000
0.2064374789
0.1363080004
0.1627906977
0.0
0.0000000000
0.0000000000
0.1318906115
0.1318906115
0.1937984496
0.0000000000
0.1476081456
