0.0
0.0
0.0
0.0
0.0
0.0
0.0
0.0
0.0
0.0
0.0
0.0
0.0
0.0
0.0
0.0
0.0
0.0
0.0
0.0
0.0
0.0
0.0
0.0
0.0
0.0
0.0
0.0
0.0
0.0954385467
0.0
0.1178345445
0.0
0.0
0.0
0.0
0.0
0.0961971997
0.0
0.0
0.1268512339
0.0
0.0
0.0
0.0988693441
0.0
0.0
0.0
0.0
0.1046851879
0.0
0.0
0.1064345446
0.0
0.1344623080
0.0
0.0
0.0
0.0
0.0
0.0
0.0
0.0
0.0
0.0
0.0
0.0
0.0
0.0
0.0
0.1145985579
0.1189931929
0.0873131870
0.0
0.0939565817
0.0
0.1090234929
0.0
0.0965810672
0.0
0.1315392143
0.0850429214
0.0
0.0
0.1191103122
0.1080500689
0.0
0.1078574663
0.0
0.1096160119
0.0
0.0
0.0
0.0
0.0
0.0
0.0000000000
0.0918179645
0.0
0.0
0.0
0.1085345984
0.0000000000
0.0071616486
0.0
0.0
0.0
0.0
0.0
0.1319695498
0.1047758244
0.0
0.0885915645
0.1093189496
0.0983071301
0.1045043844
0.0042872454
0.0
0.0
0.0
0.0
0.0
0.1223620598
0.0982273354
0.0
0.0717344856
0.0
0.0
0.0
0.0
0.0
0.0
0.1122598118
0.0
0.0
0.0991122663
0.0850429214
0.0
0.0
0.1163616127
0.0
0.0
0.0836902332
0.0
0.0994380256
0.0
0.0930892901
0.0
0.1031680112
0.1125730950
0.0621551501
0.0
0.1091218009
0.0774255132
0.0
0.1021232719
0.1151437461
0.0
0.1095168119
0.1181797629
0.0
0.0
0.1075698464
0.1095168119
0.1187596439
0.0848640092
0.0875659024
0.0
0.0
0.0986276098
0.0
0.1321136214
0.0
0.0
0.0906487469
0.0770312394
0.0
0.0
0.0954385467
0.0835169615
0.0793028029
0.0
0.1082433606
0.0000000000
0.0963503799
0.0
0.0
0.0955893185
0.1222384618
0.1118448033
0.0
0.1254052613
0.1063410168
0.0
0.0788892289
0.1084373451
0.1133109337
0.1000132869
0.0
0.1017797117
0.1236119277
0.1051399454
0.0
0.0807850982
0.0000000000
0.0
0.0
0.0
0.0000000000
0.0
0.0958922957
0.0
0.0
0.0
0.0689943427
0.0
0.0
0.0
0.0000000000
0.0
0.0
0.1023824680
0.0930892901
0.0000000000
0.1091218009
0.1032560385
0.0
0.0032154341
0.0
0.0941759355
0.0
0.1089253620
0.0
0.0923082206
0.1010994797
0.0878200850
0.0748861864
0.0000000000
0.0
0.0857661780
0.1055066061
0.0
0.0
0.0000000000
0.1241190535
0.1101147199
0.0
0.1023824680
0.0
0.0981476700
0.1007627620
0.0
0.0
0.0851626159
0.0
0.0858270051
0.0
0.1113303378
0.0703991141
0.1041446447
0.0032154341
0.0902431597
0.0
0.0804628173
0.0895751867
0.0953633390
0.0
0.0000000000
0.0
0.0
0.1052313715
0.0
0.0689943427
0.1200556321
0.1092202863
0.1022959232
0.1139511084
0.0131296892
0.0644388057
0.0000000000
0.0939565817
0.0713117721
0.1210160772
0.1259272395
0.0958922957
0.0
0.0
0.1263215837
0.0000000000
0.0
0.0
0.0
0.0889824097
0.0898411857
0.0
0.0
0.0868121070
0.0684480074
0.0000000000
0.0000000000
0.1213802178
0.1123640457
0.0098472669
0.0964271531
0.0
0.0000000000
0.0
0.0131296892
0.0
0.0
0.0000000000
0.0968903740
0.0
0.1072837564
0.0955893185
0.0000000000
0.0796158402
0.0
0.0000000000
0.0
0.1153632766
0.0829445354
0.0810556445
0.0000000000
0.0985472941
0.0849832003
0.1055066061
0.1204140071
0.1195811039
0.1069046618
0.1118448033
0.0000000000
0.0000000000
0.0799313588
0.1169237461
0.0928037402
0.1017797117
0.0954385467
0.1107191923
0.1071887309
0.0
0.0818229055
0.0804628173
0.1132049365
0.0000000000
0.1150342939
0.0780245501
0.0000000000
0.0
0.0032154341
0.0897079890
0.0000000000
0.1050486781
0.0000000000
0.0
0.1091218009
0.0
0.0
0.0961207920
0.0000000000
0.0000000000
0.0000000000
0.0
0.1135235246
0.0
0.0000000000
0.0
0.0785818683
0.0000000000
0.0715648002
0.0042872454
0.0087531261
0.0933766028
0.0
0.0000000000
0.0693899525
0.0818229055
0.0810556445
0.0000000000
0.0064308682
0.0000000000
0.0723780366
0.0087531261
0.0000000000
0.0000000000
0.0000000000
0.0828877241
0.0000000000
0.0000000000
0.1000132869
0.0954385467
0.0000000000
0.1107191923
0.0
0.0827743346
0.0871873755
0.0621551501
0.1038764611
0.0000000000
0.0000000000
0.0858270051
0.0032154341
0.0
0.0916094452
0.0032154341
0.0
0.0
0.0000000000
0.0000000000
0.0000000000
0.0875659024
0.0723780366
0.0
0.0000000000
0.0899747786
0.0000000000
0.0584336442
0.0808390629
0.0000000000
0.0000000000
0.0032154341
0.0870619260
0.0000000000
0.0961971997
0.0000000000
0.0000000000
0.0812733896
0.0779240677
0.0000000000
0.1055066061
0.0098472669
0.0000000000
0.0785818683
0.0000000000
0.0000000000
0.0071616486
0.0000000000
0.0000000000
0.1013534985
0.1016941825
0.0000000000
0.0000000000
0.0000000000
0.0000000000
0.0000000000
0.0
0.1032560385
0.0000000000
0.0849235629
0.0000000000
0.0868121070
0.0617114111
0.0000000000
0.0000000000
0.0732099680
0.0923082206
0.1133109337
0.0000000000
0.0
0.0000000000
0.0000000000
0.0000000000
0.0767381593
0.0000000000
0.0000000000
0.0000000000
0.0000000000
0.0829445354
0.0000000000
0.0000000000
0.0000000000
0.0000000000
0.0000000000
0.0000000000
0.0000000000
0.0000000000
0.0952882497
0.0849235629
0.0000000000
0.0000000000
0.0000000000
0.0748861864
0.0000000000
0.0000000000
0.0000000000
0.0000000000
0.0000000000
0.0000000000
0.0000000000
0.0000000000
0.0000000000
0.0000000000
0.0000000000
0.0000000000
0.0000000000
0.0000000000
0.0000000000
