0.0
0.0
0.0
0.0
0.0
0.0
0.0
0.0
0.0
0.0
0.0
0.0
0.0
0.0
0.0
0.0
0.0
0.0
0.0
0.0
0.0
0.0
0.0
0.0
0.0
0.0
0.0
0.0
0.0
0.0
0.0
0.0
0.0
0.0
0.0
0.0
0.0
0.0
0.0
0.0
0.0
0.0
0.0
0.0
0.0
0.0
0.0
0.0
0.0
0.0
0.0
0.0
0.0
0.0
0.0
0.0
0.0
0.0
0.0
0.0
0.1442065180
0.0
0.0
0.0
0.0
0.0
0.0
0.0
0.0
0.0
0.0
0.0
0.0
0.0
0.0
0.1815691158
0.0
0.0
0.0
0.1832348875
0.0
0.0
0.0
0.0
0.0
0.0
0.0000000000
0.0
0.0
0.0
0.0
0.2124744972
0.0
0.0
0.0
0.0
0.0
0.0
0.0
0.0
0.0
0.0
0.0
0.0
0.0
0.0
0.0
0.1406521320
0.0
0.2159200296
0.0
0.0
0.0
0.0
0.0
0.0
0.0000000000
0.0
0.1671347510
0.1729229674
0.0
0.0136986301
0.0
0.0
0.0
0.0
0.0
0.0
0.0
0.0
0.0
0.0
0.0
0.1610693769
0.0
0.0
0.0
0.2102379236
0.1585127202
0.2717360917
0.0
0.1767486968
0.0
0.0
0.0
0.0
0.0
0.0
0.0
0.0
0.0273972603
0.0
0.1678369978
0.0
0.0
0.1751982696
0.1473992822
0.2069699766
0.1530467643
0.2496575342
0.0
0.2080479452
0.1536354057
0.0136986301
0.1578861877
0.0
0.0
0.0182648402
0.0
0.0
0.0
0.1783268102
0.1807475361
0.1260101119
0.0
0.2038020688
0.1751982696
0.2206917430
0.0
0.0136986301
0.0
0.0
0.2113502935
0.1707060063
0.1657477406
0.0
0.2231575725
0.0000000000
0.2102379236
0.0000000000
0.1406521320
0.0000000000
0.1524626163
0.0
0.0
0.0
0.1367986489
0.1401586157
0.1416496648
0.0
0.0
0.0
0.0136986301
0.0
0.1192394193
0.1604225120
0.1442065180
0.2007296758
0.0
0.0000000000
0.1167988464
0.1322688923
0.1692593453
0.1358680458
0.1513075965
0.1799333580
0.0136986301
0.1305398872
0.1276204648
0.0
0.0000000000
0.0
0.1406521320
0.1457854215
0.0136986301
0.0182648402
0.1367986489
0.1382187041
0.1678369978
0.0000000000
0.0000000000
0.0000000000
