0.0
0.0
0.0
0.0
0.0
0.0
0.0
0.0
0.0
0.0
0.0
0.0
0.0
0.0
0.0
0.1215426568
0.0
0.0
0.0
0.0
0.0
0.0
0.0
0.0
0.0
0.0
0.0
0.0
0.0
0.1029136888
0.0
0.1293979401
0.0
0.0
0.0
0.0
0.0
0.1143485432
0.0
0.0
0.1399207714
0.0
0.0
0.0
0.1202157719
0.0
0.0
0.0
0.0
0.1200846751
0.0
0.0
0.1092436975
0.0
0.1472161057
0.0
0.0
0.0
0.0
0.0
0.0
0.0
0.0
0.0
0.0
0.0
0.0
0.0
0.0
0.0
0.1395660926
0.1280437756
0.1422708618
0.0
0.0803778446
0.0
0.1203471553
0.0
0.1333143427
0.0
0.1435692921
0.1351136774
0.0
0.1186612576
0.1167737509
0.1043769166
0.0
0.1240063593
0.1251336898
0.1110056926
0.0
0.0
0.0
0.0
0.0
0.0
0.0997442455
0.1095697981
0.0
0.0
0.0
0.1176470588
0.0000000000
0.0000000000
0.0
0.0
0.0
0.0
0.0
0.1496163683
0.1141115514
0.1241461635
0.1289433806
0.1094608818
0.0929262844
0.1267176606
0.1202157719
0.0
0.0
0.0
0.0
0.0
0.1212749417
0.1428244450
0.0
0.1068066412
0.0
0.0
0.0
0.0
0.0
0.1208755731
0.1125947311
0.0
0.0
0.1064967573
0.1336379212
0.0
0.0
0.1067031464
0.1255617412
0.0
0.1122504047
0.0
0.1062911651
0.0
0.1071183337
0.0
0.1388621022
0.1200846751
0.0000000000
0.0000000000
0.0930833872
0.0947656171
0.0
0.1258487395
0.1248499400
0.0
0.1049739247
0.1055778016
0.1234502770
0.0
0.1295501730
0.1147058824
0.1148254922
0.1024350205
0.0000000000
0.0
0.0
0.1207430341
0.0
0.1349480969
0.0
0.0
0.1032998565
0.0067873303
0.0
0.0
0.1127099765
0.0801438479
0.0904828653
0.0
0.1059842609
0.0000000000
0.0903344110
0.0
0.0
0.1039826696
0.1167737509
0.1369622476
0.0
0.1383387526
0.1100076394
0.0
0.0821773486
0.1215426568
0.1230364772
0.1084902927
0.0
0.1089195322
0.1339630743
0.1331531403
0.0
0.1191749427
0.1290945452
0.0
0.0
0.1338003002
0.0000000000
0.0
0.0928479318
0.0
0.0
0.0
0.1091354282
0.0
0.1395660926
0.0
0.1042780749
0.0
0.0
0.1110056926
0.0971055089
0.1107823411
0.1124797212
0.1185335275
0.0
0.0000000000
0.0
0.0000000000
0.1241461635
0.1281928371
0.0000000000
0.0045248869
0.0101809955
0.0101809955
0.1147058824
0.0000000000
0.0045248869
0.1030099598
0.0924581419
0.0
0.0
0.1280437756
0.1304711458
0.0906318083
0.0
0.0000000000
0.0
0.0998346755
0.1153064367
0.0
0.1267176606
0.0045248869
0.0000000000
0.0944405206
0.0
0.1273036382
0.0802606757
0.0000000000
0.0045248869
0.0929262844
0.0
0.1220816486
0.1075367647
0.1148254922
0.0
0.0000000000
0.0
0.1176470588
0.1067031464
0.0
0.0836124883
0.1349480969
0.1127099765
0.1166500499
0.1195631347
0.0910815939
0.1013974651
0.0000000000
0.1034940292
0.1041794201
0.1095697981
0.1249916539
0.0000000000
0.0
0.0
0.1164034324
0.0000000000
0.0
0.0942788074
0.0
0.1344537815
0.0920716113
0.0
0.0
0.0000000000
0.0802606757
0.1148254922
0.0000000000
0.0045248869
0.1315623023
0.0903344110
0.0000000000
0.0
0.1095697981
0.0
0.0045248869
0.0
0.1177728846
0.1081705767
0.1271566363
0.0000000000
0.0000000000
0.0000000000
0.1037866608
0.1089195322
0.0
0.0000000000
0.0
0.0905572755
0.0938769370
0.0000000000
0.1161578555
0.0045248869
0.0821773486
0.0960049233
0.0045248869
0.1037866608
0.0967641890
0.1117945655
0.0851644602
0.0000000000
0.1020552799
0.1234502770
0.0000000000
0.1019607843
0.0000000000
0.0000000000
0.1062911651
0.0
0.0000000000
0.0045248869
0.0998346755
0.0000000000
0.1191749427
0.1130571325
0.0000000000
0.0
0.0000000000
0.0000000000
0.0891640867
0.0803778446
0.0000000000
0.0
0.0000000000
0.1035913895
0.0
0.0000000000
0.0000000000
0.0000000000
0.0000000000
0.0000000000
0.0067873303
0.0000000000
0.0000000000
0.0000000000
0.0815082510
0.0000000000
0.0000000000
0.0000000000
0.0045248869
0.1241461635
0.0000000000
0.0000000000
0.0000000000
