0.0
0.0
0.0
0.0
0.0
0.0
0.0
0.0
0.0
0.0
0.0
0.0
0.0
0.0
0.0
0.0
0.0
0.0
0.0
0.0
0.0
0.0
0.0
0.0
0.0
0.0
0.0
0.0
0.0
0.0
0.0
0.0185185185
0.0
0.0
0.0
0.0
0.0
0.0
0.0
0.0
0.0
0.0
0.0
0.0123456790
0.0
0.0
0.0
0.0
0.0
0.0
0.0
0.0
0.0246913580
0.0
0.0
0.0
0.0
0.0
0.0
0.0
0.0
0.0383032605
0.0
0.0
0.0331961591
0.0
0.0
0.0
0.0
0.0
0.0378250591
0.0
0.0
0.0
0.0
0.0
0.0
0.0
0.0364348088
0.0
0.0
0.0
0.0
0.0
0.0
0.0123456790
0.0
0.0
0.0
0.0
0.0
0.0000000000
0.0
0.0
0.0
0.0
0.0000000000
0.0
0.0
0.0
0.0261437908
0.0
0.0185185185
0.0
0.0
0.0
0.0
0.0
0.0
0.0
0.0597530864
0.0515112814
0.0
0.0
0.0
0.0
0.0
0.0
0.0
0.0
0.0261437908
0.0
0.0493827160
0.0395061728
0.0404040404
0.0306513410
0.0000000000
0.0
0.0123456790
0.0
0.0
0.0
0.0
0.0481879729
0.0123456790
0.0
0.0123456790
0.0
0.0538720539
0.0
0.0
0.0649490070
0.0329218107
0.0538720539
0.0
0.0
0.0185185185
0.0395061728
0.0
0.0
0.0467836257
0.0000000000
0.0452674897
0.0
0.0
0.0
0.0
0.0
0.0277777778
0.0185185185
0.0
0.0277777778
0.0
0.0
0.0
0.0
0.0
0.0
0.0000000000
0.0
0.0
0.0
0.0000000000
0.0383032605
0.0
0.0
0.0
0.0
0.0555555556
0.0
0.0
0.0467836257
0.0
0.0000000000
0.0404040404
0.0277777778
0.0
0.0426807760
0.0000000000
0.0000000000
0.0
0.0370370370
0.0000000000
0.0
0.0000000000
0.0
0.0123456790
0.0000000000
0.0000000000
0.0
0.0329218107
0.0246913580
0.0000000000
0.0
0.0
0.0123456790
0.0000000000
0.0000000000
0.0277777778
0.0000000000
0.0000000000
0.0331961591
0.0
0.0362811791
0.0000000000
0.0000000000
0.0515112814
0.0000000000
0.0370370370
0.0123456790
0.0000000000
0.0123456790
0.0000000000
0.0261437908
0.0273504274
0.0000000000
0.0370370370
0.0000000000
0.0219478738
0.0000000000
0.0123456790
0.0000000000
