0.0
0.0
0.0
0.0
0.0
0.0
0.0
0.0
0.0
0.0
0.0
0.0
0.0
0.0
0.0
0.0
0.0
0.0
0.0
0.0
0.0
0.0
0.0
0.0
0.0
0.0
0.0
0.0
0.0
0.0
0.0
0.0929506246
0.0
0.0
0.0
0.0
0.1291856139
0.0
0.1555500249
0.0
0.0
0.0
0.1088850174
0.1209833527
0.0
0.0
0.0
0.0
0.0
0.1555500249
0.0
0.0
0.0
0.0
0.0
0.1494500239
0.0
0.0
0.0
0.0
0.0000000000
0.1361062718
0.1732261641
0.1270325203
0.1438104004
0.1905487805
0.0
0.2005776637
0.0243902439
0.0
0.1494500239
0.0000000000
0.1732261641
0.0000000000
0.0952743902
0.0000000000
0.1058604336
0.0243902439
0.0828472959
0.1104630612
0.0
0.0
0.0886273398
0.0000000000
0.0000000000
0.1029993408
0.1249500200
0.1361062718
0.1209833527
0.0000000000
0.0
0.0000000000
0.1291856139
0.1073514256
0.0000000000
0.0000000000
0.0000000000
0.0000000000
0.0000000000
0.0000000000
