0.0
0.0
0.0
0.0
0.1218186695
0.0
0.1524641898
0.0
0.0
0.1131578073
0.0
0.1159309054
0.0
0.1297048743
0.0
0.1204402405
0.0
0.1353755962
0.0
0.0
0.1470660622
0.0987260870
0.0
0.0
0.0
0.1234970993
0.1078546548
0.1190926573
0.1164859781
0.1242177243
0.0
0.0
0.1384573171
0.1321198604
0.1361330935
0.1352680699
0.1362420000
0.1228733766
0.1263371662
0.0
0.0
0.1504439046
0.1511113576
0.1340964567
0.0
0.1399363188
0.1433522727
0.1226963256
0.1201004937
0.1199313380
0.1254992631
0.1152249662
0.1475758232
0.1371195652
0.1294091945
0.0
0.1232290159
0.0
0.1110909980
0.1478320312
0.0
0.1054504644
0.1322224379
0.1409788907
0.0
0.1395922131
0.0
0.0946650917
0.1266189591
0.1338856132
0.1450617547
0.1444465649
0.1136865821
0.1551024590
0.1264309577
0.1284332579
0.1168857241
0.0810578296
0.0903941083
0.1325311284
0.1337804399
0.1463079897
0.1275674157
0.0
0.1407458678
0.1327377241
0.1317111369
0.0
0.0920056726
0.0983838821
0.1395922131
0.0
0.1299027460
0.1070411691
0.1081972681
0.0
0.0979876295
0.1277588147
0.1294091945
0.1439581572
0.1342021277
0.1297048743
0.1104426070
0.1048660714
0.1240367808
0.1438365709
0.0
0.1135350000
0.1438365709
0.0
0.1212117438
0.1225197842
0.1129326923
0.1193430273
0.1098725806
0.1231399132
0.1282398343
0.0
0.1223437500
0.1459318766
0.1195105263
0.1228733766
0.0940897790
0.1155376526
0.0000000000
0.1406296449
0.1162474403
0.1195944522
0.0000000000
0.1307003070
0.0
0.0
0.1207819149
0.0025000000
0.1380085089
0.0075000000
0.1119674556
0.1189263268
0.1136865821
0.1398214286
0.1253145695
0.1067727273
0.1235867199
0.0
0.1089587332
0.1346264822
0.1085420650
0.0939340871
0.1375626010
0.1168857241
0.1182656250
0.1232290159
0.1250385463
0.1271863331
0.1287244898
0.0967627841
0.0000000000
0.0000000000
0.1183478110
0.1212980769
0.1415648379
0.0000000000
0.1037165043
0.1116005898
0.1255918142
0.1096603348
0.1199313380
0.0924050461
0.1001779412
0.1470660622
0.0
0.0
0.0721315121
0.0
0.1040968826
0.0025000000
0.0
0.1507101770
0.1069067797
0.0
0.0050000000
0.0056250000
0.1111635117
0.1371195652
0.1017338710
0.1162474403
0.1116737705
0.0
0.0000000000
0.1096603348
0.1051899321
0.1263371662
0.0954075630
0.1049953761
0.1344139700
0.1050601481
0.1144506048
0.1463079897
0.1237663517
0.0926060359
0.0
0.1189263268
0.1251304188
0.0
0.1153810976
0.0860548257
0.0
0.1255918142
0.0
0.0906346461
0.0954610426
0.1326343458
0.0
0.1034644593
0.0993017493
0.1174500000
0.1106578947
0.1127084712
0.0
0.1311027714
0.0000000000
0.1277588147
0.1359158021
0.0000000000
0.0
0.1250385463
0.0000000000
0.0000000000
0.1243991965
0.1375626010
0.1105142764
0.1317111369
0.0
0.1501785714
0.1274719311
0.1100145349
0.1399363188
0.0
0.1272813901
0.0
0.1239465066
0.0000000000
0.1102281553
0.0000000000
0.1254992631
0.1065056285
0.1136107405
0.0000000000
0.1277588147
0.1214711127
0.0939340871
0.0000000000
0.1034644593
0.1300019084
0.0033333333
0.0862291139
0.1234076087
0.1179380194
0.1360243610
0.0000000000
0.0
0.0000000000
0.1010697329
0.1024684116
0.0857515106
0.1147590970
0.1156160896
0.1115275049
0.0860548257
0.0000000000
0.0000000000
0.1465598107
0.1030886804
0.0000000000
0.0798417722
0.0
0.0000000000
0.0000000000
0.0000000000
0.1154593220
0.0989555491
0.1116737705
0.0000000000
0.0760618580
0.1263371662
0.0943504155
0.1006515957
0.0025000000
0.0050000000
0.1401666667
0.0
0.0025000000
0.1133838216
0.0946650917
0.0922049269
0.1096603348
0.1180197505
0.0000000000
0.0037500000
0.1286272659
0.0000000000
0.0964886686
0.0931123565
0.1226963256
0.0000000000
0.1069067797
0.0000000000
0.0033333333
0.0985546875
0.0000000000
0.1096603348
0.1139909639
0.0000000000
0.1126339286
0.0909249867
0.1172075017
0.0988406849
0.0892570755
0.0991860804
0.1269020119
0.1121148782
0.1179380194
0.0856652414
0.0
0.0000000000
0.0000000000
0.0761298614
0.0682028434
0.0000000000
0.0982703405
0.0000000000
0.1110185789
0.1116005898
0.0000000000
0.0000000000
0.0953541433
0.1176122238
0.0000000000
0.0000000000
0.0970937856
0.1168857241
0.0045000000
0.0000000000
0.0000000000
0.1096603348
0.1034644593
0.0000000000
0.0056250000
0.0920056726
0.1068397114
0.0000000000
0.0000000000
0.1001779412
0.0000000000
0.1331528538
0.1053852104
0.0000000000
0.0000000000
0.0943504155
0.1152249662
0.0000000000
0.0
0.1071084906
0.1073109641
0.0000000000
0.0000000000
0.0964886686
0.1039697802
0.0000000000
0.0758247996
0.0000000000
0.0000000000
0.0000000000
0.0000000000
0.0000000000
0.0833182485
0.1116737705
0.0000000000
0.0000000000
0.0033333333
0.0000000000
0.0000000000
0.0045000000
0.0000000000
0.0000000000
0.0928585060
0.1308006912
0.0000000000
0.0000000000
0.0000000000
0.0000000000
0.0000000000
0.1033388956
0.0000000000
0.0000000000
0.0000000000
0.0000000000
0.0037500000
0.0000000000
0.0033333333
0.1033388956
0.0886069199
0.0000000000
0.0000000000
0.0000000000
0.0000000000
0.0000000000
0.0000000000
0.1053200371
0.0000000000
0.0000000000
0.0000000000
0.0000000000
0.0000000000
0.0000000000
0.0000000000
0.0000000000
0.1204402405
0.0000000000
0.0000000000
0.0000000000
0.0000000000
0.0045000000
0.0000000000
0.1063061798
0.0000000000
0.0000000000
0.0000000000
0.0000000000
0.0000000000
0.0000000000
0.0000000000
0.0000000000
0.0000000000
0.0000000000
0.0000000000
0.0000000000
0.0000000000
0.0000000000
0.0000000000
0.0000000000
0.0000000000
0.0000000000
0.0000000000
0.0000000000
0.0000000000
0.0000000000
0.0000000000
0.0000000000
0.0000000000
0.0000000000
0.0000000000
0.0000000000
0.0000000000
0.0000000000
0.1254068483
0.0000000000
0.0000000000
