0.0
0.0
0.0
0.0
0.1299638989
0.0
0.1589403974
0.0
0.0
0.0918367347
0.0
0.1299638989
0.0
0.1420118343
0.0
0.1345794393
0.1035971223
0.1364928910
0.0
0.0
0.1388621022
0.0871143376
0.0
0.0
0.0
0.1311475410
0.1109399076
0.1215189873
0.1466395112
0.1291479821
0.0
0.0
0.1473899693
0.1348314607
0.1330868762
0.1447236181
0.1395348837
0.1237113402
0.1174551387
0.0
0.0
0.1487603306
0.1503131524
0.1275465013
0.0
0.1324747010
0.1338289963
0.1292639138
0.1150159744
0.1201000834
0.1190082645
0.1225531915
0.1437125749
0.1347053321
0.1333333333
0.1466395112
0.1219305673
0.0
0.1100917431
0.1555075594
0.0
0.0988332189
0.0872198667
0.1428571429
0.0
0.1504702194
0.0
0.0881272950
0.1350844278
0.1291479821
0.1442885772
0.1422924901
0.1262050833
0.1454545455
0.1362346263
0.1244598099
0.1049562682
0.0030864198
0.0968392737
0.1236051502
0.1317474840
0.1614349776
0.1409001957
0.0
0.1489141675
0.1330868762
0.1338289963
0.0
0.0993103448
0.0783034258
0.1493775934
0.0
0.1198003328
0.1165991903
0.1111969112
0.0
0.1035971223
0.1228668942
0.1097560976
0.1396702231
0.1290322581
0.1288014311
0.1165991903
0.1030780243
0.1292639138
0.1391304348
0.0
0.1123244930
0.1476923077
0.0
0.1132966168
0.1139240506
0.0000000000
0.1204013378
0.0701754386
0.1338289963
0.1168831169
0.0
0.1000694927
0.1415929204
0.1170731707
0.1276595745
0.0635200706
0.1179361179
0.0000000000
0.1289167413
0.0783034258
0.1300813008
0.0000000000
0.1294964029
0.0
0.0
0.0749219563
0.0030864198
0.1600000000
0.0030864198
0.1316270567
0.1134751773
0.0965794769
0.1333333333
0.1155698234
0.1328413284
0.1076233184
0.0
0.1085154484
0.1475409836
0.1163166397
0.0000000000
0.1252173913
0.1199000833
0.1003484321
0.1464903357
0.1203007519
0.1312670921
0.1147410359
0.0961923848
0.0000000000
0.0000000000
0.1173594132
0.1081081081
0.1321100917
0.0000000000
0.1202003339
0.0884520885
0.1371428571
0.1175510204
0.1305530372
0.0030864198
0.0872727273
0.1473899693
0.0
0.0
0.0000000000
0.0
0.0976271186
0.0864345738
0.0
0.1345794393
0.1038211968
0.0
0.1077844311
0.0000000000
0.1082706767
0.1352112676
0.0000000000
0.1001390821
0.1148325359
0.0
0.0000000000
0.1153846154
0.1032998565
0.1282279608
0.1221374046
0.1090083270
0.1259842520
0.0000000000
0.1051094891
0.1352112676
0.1202003339
0.1243523316
0.0
0.1019830028
0.1219305673
0.0
0.1174551387
0.0061728395
0.0
0.0956175299
0.1163166397
0.0894965817
0.0000000000
0.1186161450
0.0
0.1072226359
0.1018387553
0.1097560976
0.1014799154
0.1110254433
0.0
0.1126760563
0.0000000000
0.1180327869
0.1340782123
0.0000000000
0.0
0.1238177128
0.0000000000
0.0000000000
0.1203007519
0.1376673040
0.0963855422
0.1294964029
0.0
0.1441441441
0.1281138790
0.0771704180
0.1286863271
0.0925449871
0.1195020747
0.0636042403
0.1086792453
0.0000000000
0.0000000000
0.0000000000
0.1011946592
0.0843585237
0.1171684296
0.0000000000
0.1126760563
0.0943025540
0.1258741259
0.0000000000
0.1073825503
0.1122369447
0.0928433269
0.0883977901
0.1186161450
0.1152000000
0.1329639889
0.1190082645
0.0
0.0000000000
0.0996539792
0.0000000000
0.0702781845
0.1213142376
0.0935064935
0.1060382916
0.0030864198
0.0000000000
0.0000000000
0.1512605042
0.0870616687
0.0000000000
0.0030864198
0.0
0.0000000000
0.0000000000
0.0000000000
0.0884520885
0.0030864198
0.1209068010
0.0000000000
0.0000000000
0.1115414407
0.0000000000
0.0970350404
0.0030864198
0.0030864198
0.1085972851
0.0
0.0992419021
0.1125000000
0.0000000000
0.0000000000
0.0937500000
0.0964501005
0.0000000000
0.0903954802
0.0000000000
0.0000000000
0.0000000000
0.0991052994
0.1120622568
0.0000000000
0.0000000000
0.0000000000
0.0030864198
0.0784313725
0.0000000000
0.0000000000
0.0000000000
0.0000000000
0.0030864198
0.0030864198
0.0979591837
0.0041152263
0.0000000000
0.1016949153
0.0934458144
0.0000000000
0.1210084034
0.0702096538
0.0000000000
0.0000000000
0.0000000000
0.0041152263
0.0000000000
0.0000000000
0.0000000000
0.0000000000
0.0000000000
0.1082706767
0.0000000000
0.0000000000
0.0000000000
0.0000000000
0.0000000000
0.0000000000
0.0000000000
0.1100917431
0.0030864198
0.0000000000
0.0000000000
0.0000000000
0.0000000000
0.0000000000
0.1044992743
0.0000000000
0.0844079719
0.0000000000
0.0000000000
0.0000000000
0.0000000000
0.0000000000
0.0000000000
0.0000000000
0.0000000000
0.0000000000
0.0000000000
0.0030864198
0.0993103448
0.0872727273
0.0000000000
0.0000000000
0.0000000000
0.0000000000
0.0000000000
0.0000000000
0.0000000000
0.0000000000
0.0000000000
0.0000000000
0.0000000000
0.0000000000
