0.0
0.0
0.0
0.0
0.0
0.0
0.0
0.0
0.0
0.0000000000
0.0
0.0
0.0
0.0
0.0
0.0000000000
0.0
0.0
0.0000000000
0.0
0.0
0.0
0.0
0.0
0.0192307692
0.0
0.0000000000
0.0
0.0
0.0
0.0192307692
0.0192307692
0.0
0.0
0.0
0.0
0.0
0.0
0.0
0.0
0.0
0.0
0.0
0.0000000000
0.0
0.0
0.0000000000
0.0
0.0
0.0192307692
0.0
0.0
0.0000000000
0.0
0.0
0.0
0.0
0.0
0.0
0.0
0.0
0.0000000000
0.0
0.0
0.0000000000
0.0
0.0
0.0
0.0
0.0629370629
0.0192307692
0.0576923077
0.0
0.0
0.0512820513
0.0
0.0
0.0000000000
0.0439560440
0.0
0.0192307692
0.0
0.0
0.0
0.0
0.0384615385
0.0
0.0
0.0
0.0
0.0
0.0407239819
0.0
0.0
0.0256410256
0.0
0.0307692308
0.0
0.0
0.0
0.0000000000
0.0
0.0192307692
0.0192307692
0.0192307692
0.0
0.0
0.0307692308
0.0407239819
0.0192307692
0.0439560440
0.0000000000
0.0576923077
0.0
0.0000000000
0.0346153846
0.0192307692
0.0000000000
0.0000000000
0.0000000000
0.0461538462
0.0192307692
0.0000000000
0.0000000000
0.0256410256
0.0000000000
0.0000000000
0.0000000000
0.0000000000
0.0000000000
0.0000000000
0.0000000000
0.0000000000
