0.0481283422
0.0
0.0
0.0
0.0311418685
0.0
0.0000000000
0.0
0.0
0.0147058824
0.0
0.0794117647
0.0
0.0
0.0
0.0
0.0311418685
0.0441176471
0.0
0.0
0.0
0.0
0.0
0.0711150132
0.0000000000
0.0
0.0000000000
0.0441176471
0.0
0.0
0.0000000000
0.0
0.0
0.0400395452
0.0
0.0147058824
0.0
0.0
0.0821501014
0.0000000000
0.0
0.0
0.0523594053
0.0441176471
0.0
0.0
0.0
0.0
0.0
0.0
0.0643879173
0.0547667343
0.0000000000
0.0467128028
0.0000000000
0.0
0.0733031674
0.0
0.0000000000
0.0000000000
0.0523594053
0.0147058824
0.0
0.0147058824
0.0835913313
0.0671085336
0.0
0.0541443850
0.0147058824
0.0000000000
0.0000000000
0.0000000000
0.0147058824
0.0581061693
0.0352941176
0.0000000000
0.0000000000
0.0000000000
0.0
0.0000000000
0.0000000000
0.0
0.0000000000
0.0610859729
0.0147058824
0.0000000000
0.0264705882
0.0
0.0441176471
0.0000000000
0.0000000000
0.0000000000
0.0000000000
0.0000000000
0.0147058824
0.0147058824
0.0
0.0000000000
0.0000000000
0.0643879173
0.0147058824
0.0000000000
0.0541443850
0.0000000000
0.0000000000
0.0
0.0000000000
0.0000000000
0.0000000000
0.0000000000
