0.0
0.0
0.0
0.0
0.0
0.0
0.0
0.0
0.0
0.0
0.0
0.0
0.0
0.0
0.0
0.1187404871
0.0
0.0
0.0
0.0
0.0
0.0
0.0
0.0
0.0
0.0
0.0
0.0
0.0
0.1125721501
0.0
0.1101871469
0.0
0.0
0.0
0.0
0.0
0.1042251169
0.0
0.0
0.1306742044
0.0
0.0
0.0
0.1081254331
0.0
0.0
0.0
0.0
0.1141785584
0.0
0.0
0.0996328225
0.0
0.1390597148
0.0
0.0
0.0
0.0
0.0
0.0
0.0
0.0
0.0
0.0
0.0
0.0
0.0
0.0
0.0
0.1229511426
0.1198348694
0.1516277940
0.0
0.0894382345
0.0
0.1136794171
0.0
0.1170041245
0.0
0.1383200355
0.1232424961
0.0
0.1130615942
0.1103039943
0.0988751584
0.0
0.1166106129
0.1119662720
0.1023786089
0.0
0.0
0.0
0.0
0.0
0.0
0.0922133570
0.1001122875
0.0
0.0
0.0
0.1124504505
0.0000000000
0.0000000000
0.0
0.0
0.0
0.0
0.0
0.1518491484
0.1064653702
0.1167414890
0.0996328225
0.0944747200
0.0890553653
0.1104210899
0.1051735760
0.0
0.0
0.0
0.0
0.0
0.1162197393
0.1420992714
0.0
0.0897469083
0.0
0.0
0.0
0.0
0.0
0.1097222222
0.1062478720
0.0
0.0
0.0990634921
0.1212315462
0.0
0.0
0.1026818032
0.1075663564
0.0
0.0994423199
0.0
0.1060312606
0.0
0.1006937722
0.0
0.1130615942
0.1217993755
0.0000000000
0.0000000000
0.0874089636
0.0833466880
0.0
0.1184700076
0.1182007576
0.0
0.0987812599
0.0988751584
0.1210904152
0.0
0.1179327286
0.0946466485
0.1106560284
0.0941327300
0.0000000000
0.0
0.0
0.1093760953
0.0
0.1244218501
0.0
0.0
0.0130208333
0.0062500000
0.0
0.0
0.1106560284
0.0074404762
0.0130208333
0.0
0.1003053680
0.0000000000
0.0104166667
0.0
0.0
0.0950792200
0.1086903518
0.1248699480
0.0
0.1326743197
0.1000160256
0.0
0.0764828431
0.1141785584
0.1094912281
0.1014796748
0.0
0.1018772445
0.1357919930
0.1136794171
0.0
0.0979441306
0.1199730873
0.0
0.0
0.1292132505
0.0000000000
0.0
0.0806956297
0.0
0.0
0.0
0.0951662092
0.0
0.1117257429
0.0
0.0832133333
0.0
0.0
0.1029867987
0.0885248227
0.1047499161
0.1019771242
0.1372251539
0.0
0.0000000000
0.0
0.0000000000
0.1175329567
0.1182007576
0.0000000000
0.0861778514
0.0093750000
0.0093750000
0.1053866937
0.0000000000
0.0041666667
0.0969400435
0.0914030463
0.0
0.0
0.0994423199
0.1250200321
0.1031911376
0.0
0.0933722322
0.0
0.0927064765
0.1004991948
0.0
0.1262338188
0.0041666667
0.0000000000
0.0925415184
0.0
0.1239769567
0.0086805556
0.0000000000
0.0041666667
0.0864643946
0.0
0.1256239936
0.0946466485
0.1050673401
0.0
0.0000000000
0.0
0.1113668808
0.0992525445
0.0
0.0740332147
0.1239769567
0.1126941134
0.0000000000
0.1300208333
0.0842240216
0.0868252643
0.0000000000
0.0929550194
0.1056006768
0.1040166667
0.1162197393
0.0806956297
0.0
0.0
0.1164800299
0.0000000000
0.0
0.0
0.0
0.0967596899
0.0861778514
0.0
0.0
0.0000000000
0.0086805556
0.1050673401
0.0000000000
0.0041666667
0.1215147975
0.0863925803
0.0000000000
0.0
0.1032936114
0.0
0.0748321343
0.0
0.1120869253
0.1065744536
0.1163497390
0.0000000000
0.0000000000
0.1050673401
0.1006937722
0.1080131533
0.0
0.0000000000
0.0
0.0861778514
0.0993473416
0.0780905906
0.0965800062
0.0041666667
0.0785031447
0.0886757602
0.0041666667
0.0990634921
0.0830804047
0.0948192039
0.0738230423
0.0000000000
0.0853295051
0.1238293651
0.0000000000
0.0967596899
0.0000000000
0.0000000000
0.0988751584
0.0
0.0788005051
0.0762585533
0.0918875147
0.0000000000
0.1034991708
0.0844291126
0.0000000000
0.0
0.0000000000
0.0000000000
0.0844291126
0.0892846924
0.0000000000
0.0
0.0000000000
0.0988751584
0.0
0.0000000000
0.0000000000
0.0000000000
0.0000000000
0.0809468223
0.0062500000
0.0000000000
0.0000000000
0.0000000000
0.0762585533
0.0000000000
0.0000000000
0.0000000000
0.0672376643
0.1229511426
0.0000000000
0.0000000000
0.0000000000
0.0000000000
0.0000000000
0.0000000000
0.0000000000
0.0000000000
0.0000000000
0.0000000000
0.0000000000
0.0000000000
0.0000000000
0.0000000000
0.0000000000
0.0000000000
0.0000000000
0.0000000000
0.0000000000
0.0000000000
0.0000000000
0.0000000000
0.0000000000
