0.0588235294
0.0
0.0
0.0
0.0470588235
0.0
0.0000000000
0.0
0.0
0.0147058824
0.0
0.0266884532
0.0
0.0
0.0
0.0
0.0427807487
0.0495356037
0.0
0.0
0.0
0.0
0.0
0.0480392157
0.0000000000
0.0
0.0000000000
0.0313299233
0.0
0.0
0.0000000000
0.0
0.0
0.0147058824
0.0
0.0147058824
0.0
0.0
0.0423875433
0.0000000000
0.0
0.0
0.0264705882
0.0627450980
0.0
0.0
0.0
0.0
0.0000000000
0.0
0.0441176471
0.0264705882
0.0427807487
0.0147058824
0.0000000000
0.0
0.0264705882
0.0
0.0000000000
0.0000000000
0.0423875433
0.0147058824
0.0
0.0147058824
0.0343137255
0.0147058824
0.0
0.0147058824
0.0147058824
0.0000000000
0.0000000000
0.0000000000
0.0147058824
0.0000000000
0.0392156863
0.0000000000
0.0000000000
0.0000000000
0.0348583878
0.0000000000
0.0000000000
0.0
0.0000000000
0.0480392157
0.0147058824
0.0000000000
0.0303605313
0.0
0.0313299233
0.0000000000
0.0000000000
0.0147058824
0.0000000000
0.0000000000
0.0147058824
0.0147058824
0.0
0.0000000000
0.0000000000
0.0000000000
0.0000000000
0.0000000000
0.0000000000
0.0000000000
0.0000000000
0.0
0.0000000000
0.0000000000
