0.0
0.0
0.0
0.0
0.1399497579
0.0
0.1301991600
0.0
0.0
0.1167963053
0.0
0.1291406302
0.0
0.1312751861
0.0
0.1041593280
0.0847162534
0.1363459015
0.0
0.1286177937
0.0082644628
0.0000000000
0.0
0.0
0.0
0.1323691460
0.1066060236
0.1286177937
0.1106919688
0.1110790036
0.0
0.0
0.1291406302
0.1424600674
0.1291406302
0.1444027047
0.1146880687
0.1296677349
0.0165289256
0.0
0.0
0.1450620778
0.1226586681
0.0082644628
0.0
0.0082644628
0.0000000000
0.1031447891
0.0082644628
0.1167963053
0.1034807656
0.0992768595
0.0082644628
0.0820893929
0.1172272880
0.0082644628
0.0867994400
0.1470768289
0.0000000000
0.0000000000
0.0915521471
0.1048468483
0.0000000000
0.1118612501
0.0
0.1231340893
0.0
0.1138659320
0.1126545923
0.1103076217
0.1255675693
0.0865629293
0.0082644628
0.1250732088
0.1031447891
0.1146880687
0.0082644628
0.0934370442
0.0000000000
0.0000000000
0.1265681077
0.0860937535
0.1031447891
0.0
0.0000000000
0.1189835020
0.1226586681
0.0110192837
0.1142755217
0.0000000000
0.1031447891
0.0
0.0110192837
0.0937126697
0.0000000000
0.1103076217
0.0644393409
0.1024793388
0.0000000000
0.0000000000
0.0000000000
0.0000000000
0.0000000000
0.0934370442
0.0974496780
0.1275847190
0.0082644628
0.0644393409
0.0742256893
0.0735384144
0.1008526827
0.0000000000
0.0000000000
0.0000000000
0.0000000000
0.0000000000
0.0082644628
0.0000000000
0.0000000000
0.0000000000
0.0000000000
0.0000000000
0.0000000000
0.0000000000
0.0000000000
0.0082644628
0.0000000000
0.0000000000
0.0000000000
0.0910274930
0.0000000000
0.0000000000
0.0000000000
0.0000000000
0.0000000000
0.0000000000
0.0000000000
0.0000000000
0.0000000000
0.0000000000
0.0082644628
0.0000000000
0.0884919082
0.0000000000
0.0000000000
