0.0
0.0
0.0
0.0
0.0
0.0
0.0
0.0
0.0
0.0
0.0
0.0
0.0
0.0
0.0
0.0
0.0
0.0
0.0
0.0
0.0
0.0
0.0
0.0
0.0
0.0
0.0
0.0
0.0
0.0
0.0
0.0
0.0
0.0
0.0
0.0
0.0
0.0
0.0
0.0
0.0
0.0
0.0000000000
0.0190476190
0.0
0.0
0.0
0.0
0.0
0.0
0.0
0.0
0.0
0.0
0.0
0.0
0.0
0.0
0.0
0.0
0.1023496241
0.0
0.0
0.0
0.0
0.0
0.0
0.0
0.0
0.0
0.0
0.0000000000
0.0
0.0
0.0
0.0190476190
0.0
0.0
0.0
0.1296428571
0.0
0.0
0.0
0.0
0.0
0.0
0.0142857143
0.0
0.0
0.0
0.0
0.1244571429
0.0
0.0
0.0
0.0
0.0
0.0
0.0
0.0
0.0
0.0000000000
0.0
0.0
0.0
0.0
0.0
0.0926020408
0.0
0.0818796992
0.0
0.0
0.0
0.0
0.0
0.0
0.0000000000
0.0
0.0904485050
0.1023496241
0.1152380952
0.0864285714
0.0
0.0
0.0
0.0
0.0
0.0
0.0733827493
0.0
0.0
0.0
0.0
0.1215401786
0.0
0.0
0.0
0.1111224490
0.0000000000
0.1555714286
0.0
0.1414285714
0.0
0.0
0.0
0.0
0.0
0.0
0.0
0.0
0.0000000000
0.0
0.0000000000
0.1143907563
0.0
0.0984629295
0.0845496894
0.0960317460
0.0818796992
0.1178571429
0.0
0.1196703297
0.0000000000
0.0000000000
0.0285714286
0.0
0.0
0.0000000000
0.0785714286
0.0
0.0
0.0972321429
0.0818796992
0.0142857143
0.0142857143
0.1215401786
0.1023496241
0.1414285714
0.0
0.0000000000
0.0
0.0
0.1414285714
0.0700772201
0.0000000000
0.0000000000
0.0700772201
0.0000000000
0.0733827493
0.0000000000
0.1010204082
0.0000000000
0.0000000000
0.0
0.0000000000
0.0
0.0000000000
0.0000000000
0.0000000000
0.0000000000
0.0
0.0142857143
0.0845496894
0.0000000000
0.0000000000
0.0000000000
0.0000000000
0.0000000000
0.0000000000
0.0000000000
0.0937177281
0.0000000000
