0.0035714286
0.0
0.0
0.0
0.0
0.0
0.0000000000
0.0
0.0
0.0000000000
0.0
0.0
0.0
0.0
0.0
0.0
0.0
0.0
0.0
0.0
0.0
0.0
0.0
0.0000000000
0.0
0.0
0.0000000000
0.0
0.0
0.0
0.0
0.0
0.0
0.0
0.0
0.0
0.0
0.0
0.0
0.0
0.0
0.0
0.0000000000
0.0
0.0
0.0
0.0
0.0
0.0
0.0
0.0
0.0
0.0000000000
0.0
0.0223544974
0.0
0.0
0.0
0.0202881152
0.0
0.0
0.0000000000
0.0
0.0
0.0
0.0000000000
0.0
0.0184296619
0.0000000000
0.0
0.0000000000
0.0125435540
0.0
0.0
0.0305605787
0.0
0.0
0.0
0.0
0.0
0.0
0.0
0.0
0.0000000000
0.0
0.0244897959
0.0
0.0
0.0
0.0
0.0
0.0
0.0000000000
0.0
0.0000000000
0.0
0.0
0.0
0.0160714286
0.0
0.0183673469
0.0000000000
0.0
0.0
0.0
0.0
0.0
0.0
0.0
0.0
0.0
0.0071428571
0.0
0.0
0.0
0.0
0.0
0.0000000000
0.0
0.0047619048
0.0
0.0227762803
0.0
0.0000000000
0.0
0.0035714286
0.0
0.0
0.0035714286
0.0
0.0
0.0
0.0
0.0
0.0202881152
0.0035714286
0.0
0.0
0.0
0.0284033613
0.0000000000
0.0
0.0
0.0
0.0171428571
0.0
0.0248895434
0.0116883117
0.0035714286
0.0035714286
0.0000000000
0.0
0.0241428571
0.0
0.0035714286
0.0
0.0
0.0
0.0114285714
0.0
0.0
0.0193142857
0.0
0.0
0.0
0.0
0.0035714286
0.0000000000
0.0335317460
0.0
0.0000000000
0.0
0.0
0.0
0.0071428571
0.0
0.0
0.0035714286
0.0
0.0103896104
0.0
0.0000000000
0.0
0.0047619048
0.0
0.0
0.0080357143
0.0000000000
0.0000000000
0.0000000000
0.0000000000
0.0000000000
0.0142857143
0.0
0.0290877797
0.0
0.0
0.0
0.0000000000
0.0
0.0071428571
0.0063492063
0.0
0.0
0.0
0.0241428571
0.0053571429
0.0000000000
0.0
0.0000000000
0.0256838906
0.0
0.0
0.0219480519
0.0035714286
0.0
0.0
0.0209937888
0.0071428571
0.0080357143
0.0
0.0
0.0
0.0
0.0
0.0000000000
0.0172448980
0.0138996139
0.0035714286
0.0
0.0
0.0071428571
0.0184296619
0.0
0.0000000000
0.0
0.0047619048
0.0047619048
0.0
0.0
0.0000000000
0.0000000000
0.0
0.0
0.0
0.0184296619
0.0
0.0047619048
0.0
0.0000000000
0.0
0.0000000000
0.0160714286
0.0035714286
0.0
0.0047619048
0.0035714286
0.0
0.0
0.0000000000
0.0
0.0000000000
0.0
0.0
0.0
0.0
0.0000000000
0.0099378882
0.0000000000
0.0000000000
0.0
0.0000000000
0.0099378882
0.0035714286
0.0
0.0
0.0
0.0
0.0000000000
0.0
0.0071428571
0.0
0.0035714286
0.0000000000
0.0000000000
0.0
0.0107142857
0.0000000000
0.0035714286
0.0047619048
0.0000000000
0.0000000000
0.0035714286
0.0095238095
0.0148115688
0.0
0.0
0.0000000000
0.0035714286
0.0
0.0000000000
0.0193142857
0.0146938776
0.0
0.0
0.0000000000
0.0
0.0000000000
0.0035714286
0.0
0.0
0.0
0.0
0.0
0.0148115688
0.0
0.0108843537
0.0071428571
0.0000000000
0.0047619048
0.0000000000
0.0076190476
0.0000000000
0.0000000000
0.0000000000
0.0000000000
0.0035714286
0.0
0.0000000000
0.0000000000
0.0047619048
0.0
0.0152380952
0.0000000000
0.0
0.0000000000
0.0
0.0000000000
0.0000000000
0.0071428571
0.0
0.0000000000
0.0071428571
0.0000000000
0.0
0.0000000000
0.0
0.0
0.0000000000
0.0047619048
0.0000000000
0.0
0.0000000000
0.0000000000
0.0126984127
0.0000000000
0.0000000000
0.0000000000
0.0
0.0
0.0047619048
0.0
0.0174948240
0.0047619048
0.0000000000
0.0
0.0
0.0202881152
0.0000000000
0.0
0.0
0.0000000000
0.0000000000
0.0000000000
0.0000000000
0.0000000000
0.0000000000
0.0035714286
0.0035714286
0.0047619048
0.0000000000
0.0035714286
0.0000000000
0.0000000000
0.0
0.0000000000
0.0000000000
0.0047619048
0.0000000000
0.0000000000
0.0227762803
0.0047619048
0.0000000000
0.0047619048
0.0
0.0
0.0
0.0081632653
0.0000000000
0.0
0.0071428571
0.0000000000
0.0
0.0047619048
0.0035714286
0.0000000000
0.0
0.0000000000
0.0
0.0000000000
0.0
0.0000000000
0.0000000000
0.0146938776
0.0000000000
0.0000000000
0.0000000000
0.0035714286
0.0181525242
0.0214285714
0.0000000000
0.0000000000
0.0035714286
0.0000000000
0.0000000000
0.0000000000
0.0
0.0035714286
0.0000000000
0.0000000000
0.0000000000
0.0000000000
0.0000000000
0.0000000000
0.0047619048
0.0000000000
0.0000000000
0.0155844156
0.0035714286
0.0
0.0000000000
0.0053571429
0.0000000000
0.0000000000
0.0000000000
0.0000000000
0.0000000000
0.0071428571
0.0000000000
0.0128419453
0.0047619048
0.0035714286
0.0
0.0000000000
0.0000000000
0.0000000000
0.0035714286
0.0000000000
0.0000000000
0.0000000000
0.0000000000
0.0000000000
0.0000000000
0.0000000000
0.0071428571
0.0000000000
0.0000000000
0.0047619048
0.0000000000
0.0000000000
0.0000000000
0.0000000000
0.0000000000
0.0000000000
0.0000000000
0.0000000000
0.0000000000
0.0000000000
0.0000000000
0.0000000000
0.0
0.0000000000
0.0000000000
0.0000000000
0.0000000000
0.0000000000
0.0000000000
0.0000000000
0.0000000000
0.0000000000
0.0000000000
0.0000000000
0.0000000000
0.0000000000
0.0000000000
0.0000000000
0.0000000000
0.0000000000
0.0000000000
0.0000000000
0.0000000000
