0.0
0.0
0.0
0.0
0.0
0.0
0.0685708658
0.0
0.0
0.0
0.0
0.0
0.0
0.0
0.0
0.0724483849
0.0
0.0
0.0
0.0
0.0
0.0
0.0
0.0
0.0
0.0
0.0
0.0
0.0
0.0000000000
0.0
0.0775243864
0.0
0.0
0.0
0.0
0.0657909658
0.0000000000
0.0069930070
0.0
0.0755983147
0.0
0.0
0.0670596621
0.0521256046
0.0
0.0
0.0
0.0
0.0428567911
0.0
0.0
0.0533830205
0.0
0.0685708658
0.0
0.0711773607
0.0661485254
0.0
0.0
0.0
0.0
0.0
0.0
0.0
0.0
0.0
0.0
0.0
0.0
0.0595174996
0.0665099927
0.0685708658
0.0
0.0139860140
0.0
0.0715960510
0.0
0.0000000000
0.0
0.0785247011
0.0792920435
0.0
0.0806048256
0.0851141865
0.0473592555
0.0
0.0720196963
0.0659692611
0.0532662086
0.0
0.0
0.0
0.0
0.0
0.0
0.0000000000
0.0465442779
0.0
0.0
0.0
0.0000000000
0.0093240093
0.0069930070
0.0
0.0000000000
0.0
0.0
0.0
0.0819618092
0.0000000000
0.0000000000
0.0785247011
0.0676184926
0.0139860140
0.0760708042
0.0731010731
0.0000000000
0.0093240093
0.0
0.0
0.0432374020
0.0093240093
0.0611624556
0.0
0.0544578464
0.0
0.0
0.0
0.0000000000
0.0
0.0679962496
0.0139860140
0.0
0.0093240093
0.0477307007
0.0139860140
0.0
0.0139860140
0.0093240093
0.0625775253
0.0
0.0093240093
0.0
0.0093240093
0.0
0.0507138695
0.0
0.0643985644
0.0069930070
0.0093240093
0.0000000000
0.0576840221
0.0139860140
0.0
0.0000000000
0.0611624556
0.0665099927
0.0000000000
0.0472672958
0.0069930070
0.0
0.0570085652
0.0814135697
0.0000000000
0.0000000000
0.0000000000
0.0000000000
0.0
0.0599572841
0.0
0.0186480186
0.0765492369
0.0
0.0000000000
0.0093240093
0.0
0.0
0.0661485254
0.0574119277
0.0000000000
0.0000000000
0.0000000000
0.0093240093
0.0000000000
0.0000000000
0.0585160032
0.0478244742
0.0124320124
0.0523498007
0.0
0.0800745307
0.0857135822
0.0000000000
0.0000000000
0.0223776224
0.0139860140
0.0574119277
0.0000000000
0.0000000000
0.0069930070
0.0069930070
0.0139860140
0.0093240093
0.0000000000
0.0
0.0000000000
0.0069930070
0.0000000000
0.0647411100
0.0000000000
0.0000000000
0.0000000000
0.0
0.0643985644
0.0093240093
0.0069930070
0.0
0.0568753676
0.0393257792
0.0428567911
0.0000000000
0.0000000000
0.0000000000
0.0000000000
0.0000000000
0.0000000000
0.0000000000
0.0000000000
0.0000000000
0.0000000000
0.0000000000
0.0000000000
0.0000000000
0.0000000000
0.0359566578
0.0000000000
0.0000000000
0.0000000000
0.0000000000
0.0000000000
0.0000000000
