0.0
0.0
0.0
0.0
0.0
0.0
0.0
0.0
0.0
0.0
0.0
0.0
0.0
0.0
0.0
0.0
0.0
0.0
0.0
0.0
0.0
0.0
0.0
0.0
0.0
0.0
0.0
0.0
0.0
0.0
0.0
0.0162601626
0.0
0.0
0.0
0.0
0.0
0.0
0.0
0.0
0.0
0.0
0.0
0.0121951220
0.0
0.0
0.0
0.0
0.0
0.0
0.0
0.0
0.0000000000
0.0
0.0
0.0
0.0
0.0
0.0
0.0
0.0
0.0487804878
0.0
0.0
0.0390243902
0.0
0.0
0.0
0.0
0.0
0.0449002217
0.0
0.0
0.0
0.0
0.0
0.0
0.0
0.0538267452
0.0
0.0
0.0
0.0
0.0
0.0
0.0121951220
0.0
0.0
0.0
0.0
0.0
0.0000000000
0.0
0.0
0.0
0.0
0.0000000000
0.0
0.0
0.0
0.0000000000
0.0
0.0343071563
0.0
0.0
0.0
0.0
0.0
0.0
0.0
0.0693766938
0.0578139115
0.0
0.0
0.0
0.0
0.0
0.0
0.0
0.0
0.0000000000
0.0
0.0556509790
0.0637293470
0.0589734256
0.0376306620
0.0000000000
0.0
0.0121951220
0.0
0.0
0.0
0.0
0.0726035167
0.0274390244
0.0
0.0274390244
0.0
0.0790243902
0.0
0.0
0.0821566110
0.0500154369
0.0637293470
0.0
0.0
0.0000000000
0.0162601626
0.0
0.0
0.0541262947
0.0000000000
0.0589047400
0.0
0.0
0.0
0.0
0.0
0.0410783055
0.0600375235
0.0
0.0162601626
0.0
0.0
0.0
0.0
0.0
0.0
0.0000000000
0.0
0.0
0.0
0.0182926829
0.0487804878
0.0
0.0
0.0
0.0
0.0718403548
0.0
0.0
0.0806371329
0.0
0.0000000000
0.0500154369
0.0243902439
0.0
0.0480300188
0.0182926829
0.0000000000
0.0
0.0449002217
0.0000000000
0.0
0.0000000000
0.0
0.0121951220
0.0000000000
0.0000000000
0.0
0.0243902439
0.0500154369
0.0000000000
0.0
0.0
0.0121951220
0.0000000000
0.0000000000
0.0495547813
0.0000000000
0.0000000000
0.0390243902
0.0
0.0439024390
0.0000000000
0.0000000000
0.0637132902
0.0589047400
0.0449002217
0.0121951220
0.0000000000
0.0121951220
0.0000000000
0.0526829268
0.0000000000
0.0000000000
0.0681244743
0.0598669623
0.0162601626
0.0000000000
0.0121951220
0.0000000000
0.0000000000
