0.0
0.0
0.0
0.0
0.0
0.0
0.0
0.0
0.0
0.0
0.0
0.0
0.0
0.0
0.0
0.0
0.0
0.0
0.0
0.0
0.0
0.0
0.0
0.0
0.0
0.0
0.0
0.0
0.0
0.0
0.0
0.0
0.0
0.0
0.0
0.0
0.0
0.0
0.0
0.0
0.0
0.0
0.0000000000
0.0188679245
0.0
0.0
0.0
0.0
0.0
0.0805031447
0.0
0.0
0.0
0.0
0.0
0.0
0.0
0.0
0.0
0.0
0.0188679245
0.0
0.0
0.0
0.0
0.0
0.0
0.0
0.0
0.0
0.0
0.0188679245
0.0
0.0
0.0
0.0188679245
0.0
0.0
0.0
0.0188679245
0.0
0.0
0.0
0.0
0.0
0.0
0.0188679245
0.0
0.0
0.0
0.0
0.1006289308
0.0
0.0
0.0
0.0
0.0
0.0
0.0
0.0
0.0
0.0000000000
0.0
0.0000000000
0.0
0.0
0.0
0.0000000000
0.0
0.0503144654
0.0
0.0483018868
0.0
0.0
0.0
0.0
0.0710321865
0.0
0.0335429769
0.0377358491
0.0336927224
0.0000000000
0.0
0.0
0.0
0.0
0.0
0.0
0.0635551142
0.0
0.0251572327
0.0670859539
0.0
0.0589622642
0.0188679245
0.0
0.0
0.0251572327
0.0000000000
0.0377358491
0.0
0.0471698113
0.0
0.0
0.0
0.0
0.0
0.0
0.0805031447
0.0
0.0393081761
0.0
0.0000000000
0.0377358491
0.0
0.0000000000
0.0000000000
0.0000000000
0.0393081761
0.0000000000
0.0
0.0603773585
0.0000000000
0.0589622642
0.0188679245
0.0
0.0000000000
0.0188679245
0.0000000000
0.0
0.0000000000
0.0503144654
0.0635551142
0.0000000000
0.0188679245
0.0000000000
0.0000000000
0.0000000000
0.0000000000
0.0000000000
