0.0
0.0
0.0
0.0
0.1390775136
0.0
0.1589984307
0.0
0.0
0.1278089731
0.0
0.1371679826
0.0
0.1163930260
0.0
0.1163930260
0.1037065889
0.1049779481
0.0
0.1381161483
0.0905474447
0.0052356021
0.0
0.0
0.0
0.1213409076
0.1014253949
0.1308786209
0.1159427628
0.1116245966
0.0
0.0
0.1417078212
0.1344000188
0.1362327463
0.1353101769
0.1297454727
0.1143939091
0.0117801047
0.0
0.0
0.1556945672
0.1110044600
0.0069808028
0.0
0.1294652449
0.0000000000
0.1177650459
0.0780500109
0.1085913195
0.1103911756
0.1159427628
0.1019428714
0.1128858915
0.1320317365
0.1161674581
0.0965256174
0.1665066899
0.0933682373
0.1248800175
0.0
0.1143939091
0.0000000000
0.1332053519
0.0
0.1332053519
0.0
0.1454912825
0.1210957745
0.1074236709
0.1264607772
0.1238479512
0.1179968669
0.1291862250
0.1083949519
0.1368548136
0.1101882507
0.1157189351
0.0985894875
0.0052356021
0.1118328514
0.1451390033
0.1107992761
0.0
0.1150526072
0.1166194716
0.1338000187
0.0117801047
0.0820005587
0.0000000000
0.1397258937
0.0
0.0078534031
0.0959078534
0.0000000000
0.1120418848
0.0864969818
0.1215870352
0.0069808028
0.1033489800
0.0935138976
0.1085913195
0.0926466899
0.1194071880
0.0941011121
0.1502315999
0.0856320120
0.1089861970
0.1235925946
0.1021165390
0.1000707986
0.0981054147
0.0000000000
0.0758764663
0.0000000000
0.1154959699
0.0052356021
0.0000000000
0.0000000000
0.0876351000
0.0760690462
0.0670496738
0.0000000000
0.0000000000
0.0743702337
0.0104712042
0.0000000000
0.1154959699
0.1220822981
0.0902747114
0.0
0.0
0.0000000000
0.0000000000
0.1368548136
0.0000000000
0.0069808028
0.0792889000
0.0000000000
0.0942490698
0.1005745107
0.0000000000
0.0925037166
0.0
0.1110044600
0.1103911756
0.0000000000
0.0000000000
0.1097846307
0.1000707986
0.0000000000
0.1154959699
0.0000000000
0.0104712042
0.0695387568
0.0000000000
0.0000000000
0.0000000000
0.1015973023
0.0000000000
0.0069808028
0.0000000000
0.0000000000
0.0000000000
0.0963704315
0.0850246927
0.0000000000
0.0078534031
0.0000000000
0.0000000000
0.0
0.0
0.0000000000
0.0000000000
0.0000000000
0.0000000000
0.0
0.1070400150
0.0000000000
0.0
0.0790796944
0.0000000000
0.0000000000
0.0000000000
0.0000000000
0.0052356021
0.0052356021
0.0000000000
0.1078100870
0.0000000000
0.0052356021
0.0919362092
0.0052356021
0.0000000000
0.1159427628
0.0000000000
0.0985894875
0.0000000000
0.0000000000
0.0860005859
0.0000000000
0.0000000000
0.0000000000
0.0
0.0000000000
0.0000000000
0.0000000000
0.0000000000
0.0997377843
0.0052356021
0.0000000000
0.0000000000
0.0000000000
0.0000000000
0.0000000000
0.0000000000
0.0000000000
0.0000000000
0.0000000000
0.0000000000
0.0000000000
0.0000000000
0.0000000000
0.0000000000
