0.0
0.0
0.0
0.0
0.0
0.0
0.1251733703
0.0
0.0
0.0
0.0
0.0
0.0
0.0
0.0
0.1227380907
0.0
0.0
0.0
0.0
0.0
0.0
0.0
0.0
0.0
0.0
0.0
0.0
0.0
0.0988830386
0.0
0.1593115622
0.1686828306
0.0
0.0
0.0
0.1561568778
0.0000000000
0.0000000000
0.0
0.1453626236
0.0922330097
0.0
0.0852532144
0.1453626236
0.0
0.0
0.0
0.0
0.1099083252
0.0
0.0
0.1538716552
0.0
0.0000000000
0.0
0.0998218016
0.1298094211
0.0
0.0
0.0
0.0
0.0
0.0
0.0
0.0
0.0
0.0000000000
0.0
0.0
0.1237007424
0.1190327899
0.0000000000
0.0
0.1102926200
0.0
0.1190327899
0.0
0.0000000000
0.1083975578
0.1155446495
0.1474004174
0.1159694460
0.1336597005
0.1194836717
0.1208570472
0.0
0.1014266538
0.1020831370
0.1130598184
0.0
0.0
0.0
0.1359641781
0.0
0.0
0.0864210666
0.0000000000
0.0
0.0
0.0
0.1177003333
0.0961697845
0.0000000000
0.0
0.1007785601
0.0
0.0
0.0859501071
0.0000000000
0.0982669449
0.1365527676
0.1446958226
0.1080263333
0.0000000000
0.0000000000
0.1203957608
0.1222623617
0.0871372633
0.0
0.0
0.0909040038
0.0922330097
0.1199379822
0.0
0.1172627856
0.1342284652
0.0000000000
0.0
0.0000000000
0.1569337777
0.1241877532
0.1004576093
0.0
0.1194836717
0.1208570472
0.1083975578
0.0
0.0868972158
0.1024145757
0.1480924381
0.0000000000
0.0000000000
0.0000000000
0.1102926200
0.0097087379
0.0000000000
0.0
0.0000000000
0.0097087379
0.0000000000
0.0000000000
0.0000000000
0.0097087379
0.0000000000
0.0000000000
0.0000000000
0.0000000000
0.0000000000
0.0941602666
0.0097087379
0.0000000000
0.0000000000
0.0000000000
0.0000000000
0.0000000000
0.0000000000
0.0000000000
0.0000000000
0.0000000000
0.0740462191
0.0000000000
0.0000000000
0.0000000000
0.0000000000
0.0000000000
0.0000000000
0.0000000000
