0.0
0.0
0.0
0.0
0.0
0.0
0.0
0.0
0.0
0.0
0.0
0.0
0.0
0.0
0.0
0.0
0.0
0.0
0.0
0.0
0.0
0.0
0.0
0.0
0.0
0.0
0.0
0.0
0.0
0.0
0.0
0.0
0.0
0.0
0.0
0.0
0.0
0.0
0.0
0.0
0.0
0.0
0.0
0.0
0.0
0.0
0.0
0.0
0.0
0.0
0.0
0.0
0.0
0.0
0.0
0.0
0.0
0.0
0.0
0.0
0.0185185185
0.0
0.0
0.0
0.0
0.0
0.0
0.0
0.0
0.0
0.0
0.0
0.0
0.0
0.0
0.0296296296
0.0
0.0
0.0
0.0296296296
0.0
0.0
0.0
0.0
0.0
0.0
0.0406445406
0.0
0.0
0.0
0.0
0.0
0.0
0.0
0.0
0.0
0.0
0.0
0.0
0.0
0.0
0.0
0.0
0.0
0.0
0.0
0.0
0.0
0.0
0.0530445700
0.0
0.0
0.0
0.0
0.0
0.0
0.0
0.0
0.0
0.0264943161
0.0
0.0411680912
0.0
0.0
0.0
0.0
0.0
0.0
0.0
0.0
0.0
0.0
0.0
0.0443919096
0.0
0.0
0.0
0.0
0.0
0.0645284460
0.0
0.0
0.0
0.0
0.0
0.0
0.0
0.0
0.0
0.0
0.0000000000
0.0
0.0355639731
0.0
0.0
0.0
0.0185185185
0.0
0.0000000000
0.0
0.0
0.0092592593
0.0
0.0
0.0185185185
0.0
0.0
0.0411680912
0.0
0.0
0.0
0.0
0.0
0.0
0.0
0.0000000000
0.0
0.0
0.0
0.0123456790
0.0
0.0
0.0521604938
0.0711279461
0.0000000000
0.0
0.0
0.0
0.0208333333
0.0
0.0
0.0703287557
0.0376890975
0.0
0.0
0.0
0.0
0.0
0.0232689211
0.0
0.0
0.0
0.0
0.0
0.0
0.0
0.0569023569
0.0
0.0
0.0000000000
0.0
0.0
0.0
0.0
0.0
0.0437710438
0.0
0.0477806050
0.0092592593
0.0
0.0330361225
0.0
0.0300665834
0.0338724801
0.0
0.0000000000
0.0
0.0000000000
0.0
0.0
0.0645284460
0.0
0.0
0.0431673052
0.0
0.0521604938
0.0000000000
0.0
0.0
0.0
0.0
0.0530445700
0.0208333333
0.0399391929
0.0164609053
0.0
0.0
0.0
0.0246913580
0.0349679288
0.0138888889
0.0
0.0164609053
0.0000000000
0.0185185185
0.0
0.0
0.0246913580
0.0
0.0314814815
0.0
0.0463648834
0.0513054038
0.0
0.0
0.0123456790
0.0
0.0000000000
0.0000000000
0.0000000000
0.0000000000
0.0489004630
0.0000000000
0.0275868652
0.0399391929
0.0204269155
0.0
0.0
0.0092592593
0.0000000000
0.0000000000
0.0376890975
0.0000000000
0.0000000000
0.0
0.0000000000
0.0000000000
0.0138888889
0.0
0.0530445700
0.0000000000
0.0000000000
0.0
0.0000000000
0.0584977501
0.0
0.0185185185
0.0414520481
0.0275868652
0.0000000000
0.0
0.0000000000
0.0000000000
0.0470620997
0.0437710438
0.0437710438
0.0000000000
0.0264943161
0.0000000000
0.0307577693
0.0000000000
0.0000000000
0.0000000000
0.0275868652
0.0680354267
0.0000000000
0.0092592593
0.0000000000
0.0000000000
0.0000000000
0.0000000000
0.0000000000
0.0000000000
0.0000000000
0.0000000000
0.0000000000
0.0396155649
0.0000000000
0.0000000000
