0.0
0.0
0.0
0.0
0.1444210161
0.0
0.1502133029
0.0
0.0
0.1294464868
0.0
0.1429510821
0.0
0.1187733093
0.0
0.1237439984
0.1050089258
0.1040366209
0.0
0.1547652212
0.0056179775
0.0056179775
0.0
0.0
0.0
0.1240171640
0.1040366209
0.1271035640
0.1288526956
0.1151224903
0.0
0.0
0.1190249476
0.1397506848
0.1411552143
0.1303475065
0.1315685604
0.1097261236
0.0126404494
0.0
0.0
0.1578083575
0.1153588815
0.0074906367
0.0
0.1315685604
0.0000000000
0.1216012452
0.0056179775
0.1163142345
0.1141865351
0.1170411985
0.0987342272
0.1105901088
0.1387154945
0.1155962454
0.1015909137
0.1777840990
0.0947382382
0.1229316746
0.0
0.1160739159
0.0000000000
0.1294464868
0.0
0.1291489087
0.0
0.1494142960
0.1170411985
0.1042296387
0.1282643271
0.1340806093
0.1187733093
0.1340806093
0.1167978696
0.1418681194
0.1134944955
0.1182732111
0.1003210273
0.0056179775
0.1137242415
0.1360285116
0.1223960246
0.0
0.1200422549
0.1172855434
0.1353729525
0.0126404494
0.0875074381
0.0000000000
0.1408014418
0.0
0.0084269663
0.1034618329
0.0000000000
0.1155962454
0.0903211821
0.1271035640
0.0074906367
0.1046178311
0.0960338039
0.1128107937
0.1006806009
0.1218650223
0.0925531718
0.1591495050
0.0861652995
0.1172855434
0.1294464868
0.1074183084
0.0953816219
0.0000000000
0.0000000000
0.0781359879
0.0000000000
0.1097261236
0.0056179775
0.0000000000
0.0000000000
0.0906125408
0.0781359879
0.0000000000
0.0000000000
0.0000000000
0.0748066249
0.0112359551
0.0000000000
0.1097261236
0.1234720336
0.0880560741
0.0
0.0
0.0000000000
0.0000000000
0.1205574577
0.0000000000
0.0074906367
0.0814199642
0.0000000000
0.0982163904
0.1012248203
0.0000000000
0.0952199581
0.0
0.1216012452
0.1197863012
0.0000000000
0.0000000000
0.1130377772
0.0973652951
0.0000000000
0.1097261236
0.0000000000
0.0112359551
0.0712037710
0.0000000000
0.0000000000
0.0000000000
0.1084551646
0.0000000000
0.0074906367
0.0000000000
0.0000000000
0.0000000000
0.0960338039
0.0831061765
0.0000000000
0.0084269663
0.0000000000
0.0000000000
0.0
0.0000000000
0.0000000000
0.0000000000
0.0000000000
0.0000000000
0.0
0.1105901088
0.0000000000
0.0000000000
0.0000000000
0.0000000000
0.0000000000
0.0000000000
0.0000000000
0.0056179775
0.0056179775
0.0000000000
0.1052055717
0.0000000000
0.0000000000
0.0947382382
0.0056179775
0.0000000000
0.1028933613
0.0000000000
0.0000000000
0.0000000000
0.0000000000
0.0879182712
0.0000000000
0.0000000000
0.0000000000
0.0
0.0000000000
0.0000000000
0.0000000000
0.0000000000
0.0000000000
