0.0
0.0
0.0
0.0
0.0
0.0
0.0
0.0
0.0
0.0
0.0
0.0
0.0
0.0
0.0
0.0
0.0
0.0
0.0
0.0
0.0
0.0
0.0
0.0
0.0
0.0
0.0
0.0
0.0
0.0
0.0
0.0667817746
0.0
0.0
0.0
0.0
0.0
0.0
0.0
0.0
0.0
0.0
0.0
0.0
0.0
0.0
0.0
0.0
0.0
0.0
0.0
0.0
0.0919075908
0.0
0.0
0.0
0.0
0.0
0.0
0.0
0.0
0.0000000000
0.0
0.0
0.0
0.0
0.0
0.0
0.0
0.0
0.0782247191
0.0
0.0
0.0
0.0
0.0
0.0
0.0
0.0
0.0
0.0
0.0
0.0
0.0
0.0
0.0567169043
0.0
0.0
0.0
0.0
0.0
0.0000000000
0.0
0.0
0.0
0.0
0.0748602151
0.0
0.0
0.0
0.0000000000
0.0
0.0550355731
0.0
0.0
0.0
0.0
0.0
0.0
0.0
0.0
0.0000000000
0.0
0.0
0.0
0.0
0.0
0.0
0.0
0.0
0.0000000000
0.0
0.0674285714
0.0
0.1113920000
0.0
0.0595042735
0.0
0.0000000000
0.0
0.0
0.0
0.0
0.0
0.0
0.0
0.0000000000
0.0
0.0000000000
0.0
0.0
0.0484313043
0.0538646035
0.0631473923
0.0
0.0
0.0886878981
0.0
0.0
0.0
0.0142857143
0.0960275862
0.0
0.0
0.0
0.0
0.0
0.0
0.0000000000
0.0786666667
0.0
0.0080000000
0.0
0.0
0.0
0.0
0.0
0.0
0.0000000000
0.0
0.0
0.0
0.0
0.0
0.0
0.0
0.0
0.0
0.0507249545
0.0
0.0
0.0973706294
0.0
0.0
0.0
0.0
0.0
0.0166666667
0.0000000000
0.0953698630
0.0
0.0
0.0000000000
0.0
0.0
0.0
0.0
0.0000000000
0.0240000000
0.0
0.0994571429
0.0752648649
0.0775710306
0.0
0.0
0.0
0.0
0.0
0.0
0.1079379845
0.0
0.0144000000
0.0
0.0510972477
0.0784450704
0.0675922330
0.0591252654
0.0
0.1087812500
0.0000000000
0.0000000000
0.0771412742
0.0000000000
0.0000000000
0.0710408163
0.0160000000
0.0886878981
0.0916052632
0.0
0.0
0.0672657005
0.0250000000
0.0250000000
0.0
0.0
0.0630045249
0.0752648649
0.0
0.0674285714
0.0000000000
0.0
0.0000000000
0.0
0.0000000000
0.0
0.0685911330
0.0800229885
0.0000000000
0.0200000000
0.0422579666
0.0000000000
0.0000000000
0.0
0.0884063492
0.0144000000
0.0463361065
0.0144000000
0.0
0.0000000000
0.0679219512
0.0621607143
0.0823905325
0.0
0.0106666667
0.0
0.0725208333
0.0
0.0
0.0000000000
0.0
0.0907100977
0.0000000000
0.0
0.0166666667
0.0802536023
0.0000000000
0.0000000000
0.0892564103
0.0
0.0
0.0000000000
0.0000000000
0.0928266667
0.0000000000
0.0000000000
0.0000000000
0.0804855491
0.0892564103
0.0
0.0708600509
0.0080000000
0.0604078091
0.0649137529
0.0780056022
0.0080000000
0.0786666667
0.0684226044
0.0000000000
0.0000000000
0.0080000000
0.0000000000
0.0000000000
0.0752648649
0.0000000000
0.0000000000
0.0000000000
0.0750619946
0.0106666667
0.0689306931
0.0080000000
0.0
0.0000000000
0.0771412742
0.0000000000
0.0000000000
0.0080000000
0.0000000000
0.0000000000
0.0000000000
0.0000000000
