0.0033112583
0.0
0.0
0.0
0.0
0.0
0.0000000000
0.0
0.0
0.0000000000
0.0
0.0
0.0
0.0
0.0
0.0
0.0
0.0
0.0
0.0
0.0
0.0
0.0
0.0245208157
0.0
0.0
0.0000000000
0.0
0.0
0.0
0.0
0.0
0.0
0.0
0.0
0.0
0.0
0.0
0.0
0.0
0.0
0.0
0.0000000000
0.0
0.0
0.0
0.0
0.0
0.0
0.0
0.0
0.0
0.0000000000
0.0
0.0033112583
0.0
0.0
0.0
0.0033112583
0.0
0.0
0.0000000000
0.0
0.0
0.0
0.0033112583
0.0
0.0044150110
0.0000000000
0.0
0.0000000000
0.0198086305
0.0
0.0
0.0291425401
0.0
0.0
0.0
0.0
0.0
0.0
0.0
0.0
0.0000000000
0.0
0.0271523179
0.0
0.0
0.0
0.0
0.0
0.0
0.0000000000
0.0
0.0000000000
0.0
0.0
0.0
0.0000000000
0.0
0.0297659100
0.0000000000
0.0
0.0
0.0
0.0
0.0
0.0
0.0
0.0
0.0
0.0066225166
0.0
0.0
0.0
0.0
0.0
0.0000000000
0.0
0.0044150110
0.0
0.0350077054
0.0
0.0000000000
0.0
0.0044150110
0.0
0.0
0.0066225166
0.0
0.0
0.0
0.0
0.0
0.0085146641
0.0066225166
0.0
0.0
0.0
0.0359111301
0.0000000000
0.0
0.0
0.0
0.0230963700
0.0
0.0263802141
0.0193945128
0.0033112583
0.0052980132
0.0000000000
0.0
0.0108368453
0.0
0.0058866814
0.0
0.0
0.0
0.0088300221
0.0
0.0
0.0211643542
0.0
0.0
0.0
0.0
0.0066225166
0.0033112583
0.0325510244
0.0
0.0000000000
0.0
0.0
0.0
0.0033112583
0.0
0.0
0.0033112583
0.0
0.0205395763
0.0
0.0000000000
0.0
0.0044150110
0.0
0.0
0.0066225166
0.0000000000
0.0000000000
0.0000000000
0.0000000000
0.0033112583
0.0276926625
0.0
0.0044150110
0.0
0.0
0.0
0.0124808966
0.0
0.0058866814
0.0066225166
0.0
0.0
0.0
0.0247387785
0.0000000000
0.0000000000
0.0
0.0000000000
0.0249606510
0.0
0.0
0.0325510244
0.0033112583
0.0
0.0
0.0214912169
0.0066225166
0.0044150110
0.0
0.0
0.0
0.0
0.0
0.0000000000
0.0108167770
0.0058866814
0.0044150110
0.0
0.0
0.0
0.0314475998
0.0
0.0000000000
0.0
0.0052980132
0.0000000000
0.0
0.0
0.0000000000
0.0000000000
0.0
0.0
0.0
0.0279709807
0.0
0.0119205298
0.0
0.0000000000
0.0
0.0230963700
0.0229062764
0.0033112583
0.0
0.0000000000
0.0066225166
0.0
0.0
0.0000000000
0.0
0.0033112583
0.0
0.0
0.0
0.0
0.0000000000
0.0230963700
0.0000000000
0.0000000000
0.0
0.0000000000
0.0182499186
0.0033112583
0.0
0.0
0.0
0.0
0.0000000000
0.0
0.0066225166
0.0
0.0075685904
0.0000000000
0.0000000000
0.0
0.0088300221
0.0000000000
0.0088300221
0.0033112583
0.0044150110
0.0000000000
0.0033112583
0.0105960265
0.0165169886
0.0
0.0
0.0000000000
0.0044150110
0.0
0.0066225166
0.0210046233
0.0288405449
0.0
0.0
0.0000000000
0.0
0.0033112583
0.0044150110
0.0
0.0
0.0
0.0
0.0
0.0147501505
0.0
0.0230963700
0.0091696383
0.0000000000
0.0044150110
0.0000000000
0.0161339860
0.0000000000
0.0033112583
0.0000000000
0.0049668874
0.0000000000
0.0
0.0000000000
0.0000000000
0.0074503311
0.0
0.0240962128
0.0196686402
0.0
0.0000000000
0.0
0.0
0.0079470199
0.0105960265
0.0
0.0000000000
0.0074503311
0.0033112583
0.0
0.0
0.0
0.0
0.0044150110
0.0066225166
0.0000000000
0.0
0.0000000000
0.0000000000
0.0208472853
0.0033112583
0.0000000000
0.0044150110
0.0
0.0
0.0044150110
0.0
0.0187414989
0.0
0.0000000000
0.0
0.0
0.0211643542
0.0066225166
0.0
0.0
0.0000000000
0.0000000000
0.0000000000
0.0000000000
0.0000000000
0.0000000000
0.0033112583
0.0033112583
0.0044150110
0.0000000000
0.0033112583
0.0066225166
0.0000000000
0.0
0.0240962128
0.0000000000
0.0066225166
0.0000000000
0.0077262693
0.0066225166
0.0066225166
0.0000000000
0.0049668874
0.0
0.0
0.0
0.0000000000
0.0033112583
0.0
0.0198086305
0.0000000000
0.0
0.0095442150
0.0033112583
0.0000000000
0.0
0.0000000000
0.0
0.0000000000
0.0
0.0000000000
0.0000000000
0.0223543179
0.0000000000
0.0000000000
0.0033112583
0.0033112583
0.0033112583
0.0266326563
0.0000000000
0.0000000000
0.0044150110
0.0000000000
0.0000000000
0.0
0.0
0.0066225166
0.0183703801
0.0000000000
0.0000000000
0.0
0.0000000000
0.0000000000
0.0000000000
0.0000000000
0.0000000000
0.0225353246
0.0033112583
0.0
0.0000000000
0.0044150110
0.0000000000
0.0000000000
0.0000000000
0.0000000000
0.0062739631
0.0070544198
0.0000000000
0.0095442150
0.0044150110
0.0033112583
0.0
0.0000000000
0.0000000000
0.0000000000
0.0105960265
0.0205395763
0.0000000000
0.0000000000
0.0000000000
0.0033112583
0.0000000000
0.0000000000
0.0075685904
0.0000000000
0.0000000000
0.0088300221
0.0000000000
0.0000000000
0.0033112583
0.0000000000
0.0000000000
0.0000000000
0.0000000000
0.0000000000
0.0000000000
0.0000000000
0.0044150110
0.0000000000
0.0
0.0310962300
0.0000000000
0.0000000000
0.0044150110
0.0
0.0000000000
0.0000000000
0.0000000000
0.0000000000
0.0000000000
0.0000000000
0.0000000000
0.0
0.0000000000
0.0000000000
0.0000000000
0.0000000000
0.0000000000
0.0000000000
0.0000000000
0.0000000000
0.0000000000
0.0000000000
0.0000000000
0.0095442150
0.0000000000
0.0000000000
0.0000000000
0.0000000000
0.0000000000
0.0000000000
0.0000000000
0.0000000000
0.0000000000
0.0000000000
0.0000000000
0.0000000000
0.0000000000
0.0033112583
0.0000000000
0.0000000000
0.0000000000
0.0000000000
0.0000000000
0.0000000000
0.0000000000
0.0000000000
0.0000000000
0.0000000000
0.0000000000
