0.0
0.0
0.0
0.0
0.0
0.2241438948
0.0
0.1653061224
0.0
0.0
0.0
0.1763265306
0.0
0.0
0.0
0.0
0.0
0.0
0.1811573945
0.0
0.1602968460
0.0
0.0
0.1546723953
0.0
0.0
0.0408163265
0.0
0.0
0.0
0.0
0.1787093216
0.1836734694
0.1973804447
0.0
0.0
0.0
0.1717466207
0.0
0.1751588052
0.0
0.0
0.0
0.2082596818
0.0
0.2382790954
0.0
0.2222603327
0.1363349463
0.0
0.0
0.0
0.1916592724
0.2115918367
0.1930582452
0.0
0.1421988150
0.1889212828
0.0
0.1775099301
0.0
0.1653061224
0.0
0.2185866082
0.1309355425
0.0272108844
0.0272108844
0.0
0.0000000000
0.1115990700
0.1612742658
0.1751588052
0.2299911269
0.0
0.0000000000
0.1296518607
0.1944777911
0.0000000000
0.0
0.0
0.1421988150
0.0000000000
0.1565028378
0.0
0.1356357928
0.1565028378
0.1154977275
0.1787093216
0.1546723953
0.0000000000
0.0000000000
0.0000000000
0.0000000000
0.0000000000
0.0000000000
