0.0
0.0
0.0
0.0
0.0
0.0
0.0024875622
0.0
0.0
0.0000000000
0.0
0.0
0.0
0.0
0.0
0.0
0.0
0.0
0.0
0.0
0.0
0.0
0.0
0.0088841507
0.0
0.0
0.0
0.0
0.0
0.0
0.0
0.0
0.0
0.0
0.0
0.0
0.0
0.0
0.0
0.0
0.0
0.0
0.0000000000
0.0
0.0
0.0
0.0
0.0
0.0
0.0
0.0
0.0
0.0098830173
0.0
0.0033315565
0.0
0.0
0.0
0.0000000000
0.0
0.0
0.0000000000
0.0
0.0
0.0
0.0018656716
0.0
0.0098193244
0.0018656716
0.0
0.0090298507
0.0018656716
0.0
0.0
0.0
0.0
0.0
0.0
0.0
0.0
0.0
0.0
0.0
0.0000000000
0.0
0.0118813826
0.0
0.0
0.0
0.0
0.0
0.0
0.0074626866
0.0
0.0000000000
0.0
0.0
0.0
0.0048114690
0.0
0.0
0.0
0.0
0.0
0.0
0.0
0.0
0.0
0.0
0.0
0.0
0.0000000000
0.0
0.0
0.0
0.0
0.0
0.0070321470
0.0
0.0
0.0
0.0046641791
0.0
0.0018656716
0.0
0.0024875622
0.0
0.0
0.0018656716
0.0
0.0
0.0
0.0
0.0
0.0
0.0018656716
0.0
0.0
0.0
0.0037313433
0.0018656716
0.0
0.0
0.0
0.0
0.0
0.0083609729
0.0000000000
0.0058302239
0.0000000000
0.0000000000
0.0
0.0000000000
0.0
0.0
0.0
0.0
0.0
0.0
0.0
0.0
0.0
0.0
0.0
0.0
0.0
0.0
0.0
0.0024875622
0.0
0.0060945274
0.0
0.0
0.0
0.0018656716
0.0
0.0
0.0046641791
0.0
0.0
0.0
0.0000000000
0.0
0.0
0.0
0.0
0.0
0.0
0.0000000000
0.0
0.0000000000
0.0
0.0
0.0
0.0000000000
0.0
0.0
0.0
0.0018656716
0.0
0.0000000000
0.0107498223
0.0
0.0
0.0
0.0
0.0027985075
0.0041977612
0.0
0.0
0.0000000000
0.0
0.0
0.0024875622
0.0000000000
0.0
0.0
0.0041977612
0.0074626866
0.0018656716
0.0
0.0
0.0
0.0
0.0
0.0000000000
0.0
0.0
0.0000000000
0.0
0.0
0.0
0.0060182956
0.0
0.0024875622
0.0
0.0
0.0000000000
0.0
0.0
0.0027985075
0.0
0.0
0.0
0.0
0.0000000000
0.0
0.0
0.0
0.0000000000
0.0
0.0073478760
0.0024875622
0.0
0.0
0.0018656716
0.0000000000
0.0
0.0
0.0077843541
0.0
0.0000000000
0.0
0.0
0.0
0.0
0.0018656716
0.0
0.0000000000
0.0000000000
0.0
0.0051824212
0.0018656716
0.0082346886
0.0
0.0
0.0
0.0
0.0
0.0
0.0
0.0
0.0
0.0024875622
0.0
0.0
0.0086838535
0.0
0.0
0.0018656716
0.0
0.0
0.0000000000
0.0
0.0024875622
0.0
0.0
0.0018656716
0.0
0.0
0.0048114690
0.0
0.0
0.0
0.0
0.0000000000
0.0
0.0077736318
0.0000000000
0.0
0.0
0.0
0.0
0.0
0.0074626866
0.0
0.0000000000
0.0024875622
0.0
0.0037313433
0.0000000000
0.0057883659
0.0
0.0000000000
0.0
0.0
0.0000000000
0.0
0.0
0.0
0.0000000000
0.0
0.0042643923
0.0037313433
0.0
0.0000000000
0.0
0.0
0.0000000000
0.0024875622
0.0
0.0058302239
0.0
0.0
0.0
0.0
0.0
0.0
0.0049751244
0.0037313433
0.0
0.0
0.0091417910
0.0
0.0018656716
0.0024875622
0.0
0.0
0.0
0.0
0.0060945274
0.0
0.0041977612
0.0
0.0018656716
0.0
0.0
0.0
0.0000000000
0.0
0.0
0.0000000000
0.0000000000
0.0
0.0
0.0027985075
0.0
0.0036567164
0.0037313433
0.0
0.0000000000
0.0
0.0106135987
0.0000000000
0.0
0.0000000000
0.0000000000
0.0
0.0084803256
0.0070321470
0.0066631130
0.0037313433
0.0018656716
0.0
0.0
0.0
0.0
0.0059701493
0.0000000000
0.0
0.0
0.0037313433
0.0
0.0072821377
0.0
0.0
0.0
0.0
0.0
0.0000000000
0.0
0.0046641791
0.0
0.0076181592
0.0000000000
0.0018656716
0.0000000000
0.0018656716
0.0000000000
0.0
0.0018656716
0.0
0.0042643923
0.0018656716
0.0
0.0
0.0
0.0024875622
0.0
0.0041977612
0.0
0.0
0.0000000000
0.0
0.0
0.0000000000
0.0000000000
0.0
0.0018656716
0.0
0.0018656716
0.0038868159
0.0
0.0
0.0
0.0000000000
0.0
0.0038868159
0.0000000000
0.0
0.0000000000
0.0
0.0
0.0049751244
0.0084803256
0.0
0.0113717129
0.0000000000
0.0
0.0050092006
0.0000000000
0.0061012505
0.0
0.0
0.0
0.0000000000
0.0
0.0
0.0
0.0
0.0
0.0076181592
0.0057136194
0.0059701493
0.0018656716
0.0047837734
0.0018656716
0.0
0.0018656716
0.0
0.0
0.0018656716
0.0
0.0000000000
0.0000000000
0.0
0.0029850746
0.0
0.0000000000
0.0
0.0000000000
0.0
0.0
0.0
0.0000000000
0.0000000000
0.0000000000
0.0037313433
0.0033315565
0.0
0.0000000000
0.0000000000
0.0
0.0024875622
0.0037313433
0.0062189055
0.0
0.0
0.0
0.0
0.0065426293
0.0
0.0045708955
0.0
0.0024875622
0.0000000000
0.0
0.0
0.0000000000
0.0024875622
0.0018656716
0.0
0.0000000000
0.0
0.0
0.0000000000
0.0018656716
0.0
0.0070321470
0.0
0.0018656716
0.0049751244
0.0000000000
0.0000000000
0.0
0.0029850746
0.0037313433
0.0018656716
0.0018656716
0.0
0.0000000000
0.0
0.0065298507
0.0
0.0
0.0000000000
0.0048114690
0.0000000000
0.0000000000
0.0024875622
0.0059946171
0.0
0.0018656716
0.0
0.0018656716
0.0
0.0000000000
0.0000000000
0.0024875622
0.0051824212
0.0
0.0
0.0000000000
0.0072821377
0.0018656716
0.0000000000
0.0000000000
0.0050423558
0.0
0.0
0.0
0.0018656716
0.0000000000
0.0018656716
0.0058302239
0.0024875622
0.0000000000
0.0048114690
0.0
0.0088446656
0.0000000000
0.0
0.0
0.0018656716
0.0
0.0093761959
0.0
0.0047837734
0.0042643923
0.0018656716
0.0037313433
0.0
0.0069098950
0.0082346886
0.0018656716
0.0024875622
0.0033167496
0.0
0.0068230277
0.0
0.0000000000
0.0000000000
0.0018656716
0.0
0.0
0.0000000000
0.0037313433
0.0091417910
0.0059946171
0.0024875622
0.0000000000
0.0
0.0024875622
0.0000000000
0.0018656716
0.0027985075
0.0
0.0000000000
0.0000000000
0.0077843541
0.0000000000
0.0106135987
0.0000000000
0.0
0.0000000000
0.0000000000
0.0055970149
0.0000000000
0.0000000000
0.0018656716
0.0059701493
0.0
0.0
0.0066631130
0.0000000000
0.0018656716
0.0000000000
0.0
0.0
0.0
0.0024875622
0.0037313433
0.0059701493
0.0037313433
0.0000000000
0.0018656716
0.0
0.0018656716
0.0000000000
0.0000000000
0.0
0.0
0.0000000000
0.0037313433
0.0
0.0000000000
0.0018656716
0.0000000000
0.0000000000
0.0000000000
0.0000000000
0.0101575456
0.0018656716
0.0000000000
0.0033167496
0.0000000000
0.0000000000
0.0000000000
0.0018656716
0.0000000000
0.0018656716
0.0
0.0000000000
0.0018656716
0.0018656716
0.0000000000
0.0071756602
0.0000000000
0.0000000000
0.0000000000
0.0000000000
0.0
0.0
0.0073478760
0.0029850746
0.0000000000
0.0000000000
0.0
0.0000000000
0.0000000000
0.0
0.0
0.0000000000
0.0042643923
0.0000000000
0.0037313433
0.0018656716
0.0000000000
0.0000000000
0.0
0.0066631130
0.0000000000
0.0049751244
0.0000000000
0.0024875622
0.0000000000
0.0
0.0018656716
0.0000000000
0.0000000000
0.0018656716
0.0053304904
0.0000000000
0.0037313433
0.0018656716
0.0000000000
0.0000000000
0.0
0.0000000000
0.0000000000
0.0
0.0000000000
0.0071700322
0.0070321470
0.0018656716
0.0000000000
0.0024875622
0.0000000000
0.0064498934
0.0018656716
0.0018656716
0.0000000000
0.0050787728
0.0000000000
0.0000000000
0.0000000000
0.0000000000
0.0000000000
0.0
0.0000000000
0.0018656716
0.0018656716
0.0000000000
0.0018656716
0.0050423558
0.0000000000
0.0
0.0037313433
0.0033582090
0.0
0.0000000000
0.0033582090
0.0000000000
0.0000000000
0.0000000000
0.0000000000
0.0000000000
0.0000000000
0.0000000000
0.0000000000
0.0
0.0000000000
0.0
0.0000000000
0.0000000000
0.0000000000
0.0018656716
0.0
0.0000000000
0.0018656716
0.0000000000
0.0062189055
0.0024875622
0.0033582090
0.0000000000
0.0000000000
0.0088446656
0.0057136194
0.0018656716
0.0000000000
0.0018656716
0.0038868159
0.0018656716
0.0000000000
0.0000000000
0.0000000000
0.0000000000
0.0
0.0000000000
0.0018656716
0.0000000000
0.0018656716
0.0000000000
0.0000000000
0.0000000000
0.0000000000
0.0000000000
0.0000000000
0.0000000000
0.0000000000
0.0000000000
0.0000000000
0.0018656716
0.0000000000
0.0
0.0061232300
0.0050787728
0.0000000000
0.0000000000
0.0
0.0000000000
0.0
0.0000000000
0.0000000000
0.0000000000
0.0000000000
0.0000000000
0.0000000000
0.0000000000
0.0000000000
0.0000000000
0.0
0.0018656716
0.0018656716
0.0000000000
0.0024875622
0.0018656716
0.0000000000
0.0000000000
0.0000000000
0.0000000000
0.0000000000
0.0029850746
0.0000000000
0.0000000000
0.0000000000
0.0000000000
0.0000000000
0.0000000000
0.0
0.0057136194
0.0
0.0000000000
0.0018656716
0.0058302239
0.0000000000
0.0000000000
0.0000000000
0.0000000000
0.0000000000
0.0000000000
0.0000000000
0.0000000000
0.0000000000
0.0
0.0000000000
0.0000000000
0.0000000000
0.0018656716
0.0000000000
0.0000000000
0.0064498934
0.0000000000
0.0000000000
0.0024875622
0.0000000000
0.0000000000
0.0000000000
0.0000000000
0.0000000000
0.0000000000
0.0000000000
0.0000000000
0.0000000000
0.0000000000
0.0000000000
0.0000000000
0.0000000000
0.0000000000
0.0000000000
0.0000000000
0.0000000000
0.0038868159
0.0000000000
0.0000000000
0.0000000000
0.0000000000
0.0000000000
0.0000000000
0.0000000000
0.0000000000
0.0000000000
0.0000000000
0.0000000000
0.0000000000
0.0000000000
0.0024875622
0.0051356123
0.0000000000
0.0000000000
0.0000000000
0.0000000000
0.0000000000
0.0000000000
0.0000000000
0.0000000000
0.0000000000
0.0000000000
0.0000000000
0.0000000000
0.0000000000
0.0000000000
0.0000000000
0.0000000000
0.0000000000
0.0000000000
0.0000000000
0.0000000000
0.0000000000
0.0000000000
0.0065426293
0.0000000000
0.0000000000
0.0000000000
0.0000000000
0.0000000000
0.0000000000
0.0000000000
0.0000000000
0.0000000000
0.0000000000
0.0000000000
0.0000000000
0.0000000000
0.0000000000
0.0000000000
