0.0
0.0
0.0
0.0
0.0
0.0
0.0
0.0
0.0
0.0
0.0
0.0
0.0
0.0
0.0
0.0
0.0
0.0
0.0
0.0
0.0
0.0
0.0
0.0
0.0
0.0
0.0
0.0
0.0
0.0875491567
0.0
0.1019121801
0.0
0.0
0.0
0.0
0.0
0.0770373357
0.0
0.0
0.1064363190
0.0
0.0
0.0
0.0723091183
0.0
0.0
0.0
0.0
0.0931589868
0.0
0.0
0.1041648122
0.0
0.0987458335
0.0
0.0
0.0
0.0
0.0
0.0
0.0
0.0
0.0
0.0
0.0
0.0
0.0
0.0
0.0
0.1134143017
0.1106592984
0.0
0.0
0.0000000000
0.0
0.1013829626
0.0
0.0789054466
0.0
0.0
0.0
0.0
0.0
0.0767776593
0.0961746894
0.0
0.0930321536
0.0
0.1039271738
0.0
0.0
0.0
0.0
0.0
0.0
0.0000000000
0.0821793347
0.0
0.0
0.0
0.0817369818
0.0802020150
0.0
0.0
0.0
0.0
0.0
0.0
0.1071036313
0.0888584093
0.0
0.0934136935
0.0941213730
0.0
0.1039271738
0.0
0.0
0.0
0.0
0.0
0.0
0.0907465030
0.0
0.0
0.0767345500
0.0
0.0
0.0
0.0
0.0
0.0
0.0
0.0
0.0
0.0882843886
0.0751315193
0.0
0.0
0.1149404824
0.0
0.0
0.0952363997
0.0
0.0898515671
0.0
0.0032441200
0.0
0.1050455293
0.0832303493
0.0077858881
0.0
0.0
0.0
0.0
0.1061057714
0.0990320533
0.0
0.0932861663
0.1136028542
0.0
0.0
0.1036120042
0.0
0.0828770367
0.0697978721
0.0000000000
0.0
0.0
0.0872139334
0.0
0.0
0.0
0.0
0.0886854209
0.0967192028
0.0
0.0
0.0852552923
0.0000000000
0.0769072783
0.0
0.0875491567
0.0000000000
0.0852552923
0.0
0.0
0.1051263335
0.0915366601
0.1109287610
0.0
0.0924031329
0.0924031329
0.0
0.0
0.0817858968
0.0720043380
0.0929056652
0.0
0.0
0.1222399227
0.1094189220
0.0
0.0858443678
0.0853085103
0.0
0.0
0.0
0.0793176051
0.0
0.0642823300
0.0
0.0
0.0
0.0048661800
0.0
0.0
0.0
0.0000000000
0.0
0.0
0.0919060078
0.0703367131
0.0
0.0
0.1097704687
0.0
0.0661491934
0.0
0.0797806384
0.0
0.0984612634
0.0
0.0825765762
0.0885704689
0.0935415699
0.0922783481
0.0000000000
0.0
0.1136028542
0.0959047253
0.0
0.0
0.0048661800
0.1132263741
0.0627187855
0.0
0.0835866872
0.0
0.0862234912
0.0
0.0
0.0
0.0
0.0
0.0777827169
0.0
0.1095944135
0.0969937783
0.0993199372
0.0048661800
0.0055297501
0.0
0.0
0.0593418296
0.0943813768
0.0
0.0000000000
0.0
0.0
0.0086896072
0.0
0.0714397457
0.0984612634
0.1112900925
0.0819821437
0.0952363997
0.0766914891
0.0714024209
0.0643428595
0.0703367131
0.0024330900
0.0950377146
0.1029098144
0.0701201814
0.0
0.0
0.1233431711
0.0000000000
0.0
0.0
0.0
0.0830280884
0.0924031329
0.0
0.0
0.0000000000
0.0719664211
0.0808664104
0.0
0.0
0.0930321536
0.0883985987
0.0757982438
0.0
0.0
0.0
0.0
0.0
0.0
0.0754217625
0.0949716703
0.0
0.0944466023
0.1061882157
0.0048661800
0.1045633004
0.0
0.0000000000
0.0
0.1127592686
0.0897335742
0.0627187855
0.0000000000
0.0933498863
0.0
0.1026778614
0.0727711574
0.1038482018
0.1059412663
0.0919060078
0.0
0.0678571170
0.0990320533
0.0917209621
0.0859523482
0.0816393271
0.0815905872
0.0897925319
0.0940565957
0.0
0.0
0.0
0.0797806384
0.0
0.0
0.0760090287
0.0515714089
0.0
0.0055297501
0.0838945571
0.0
0.0
0.0024330900
0.0
0.0024330900
0.0
0.0
0.0919060078
0.0000000000
0.0955026091
0.0701201814
0.0
0.0716269568
0.0
0.0819821437
0.0
0.0796875998
0.0024330900
0.0
0.0974085770
0.0000000000
0.0804380421
0.0
0.0745576833
0.0757562270
0.0799673690
0.0048661800
0.0000000000
0.0833826928
0.0780938478
0.0702643874
0.0000000000
0.0760513264
0.0000000000
0.0000000000
0.0959720741
0.0897925319
0.0024330900
0.0929056652
0.0777384719
0.0000000000
0.0856292190
0.0
0.0867158842
0.0719664211
0.0636535788
0.0951700791
0.1018362396
0.0000000000
0.0880001504
0.0086896072
0.0
0.0828770367
0.0032441200
0.0
0.0
0.0897335742
0.0659258242
0.0000000000
0.0
0.0748435014
0.0
0.0000000000
0.0000000000
0.0712906800
0.0757562270
0.0812993656
0.0642823300
0.0032441200
0.0746799091
0.0836890591
0.0836890591
0.0862234912
0.0720422950
0.1068524109
0.0793176051
0.0944466023
0.0
0.0901479113
0.0
0.0843606380
0.0921538999
0.0565663218
0.0000000000
0.0
0.0677561892
0.0024330900
0.0718151516
0.0830280884
0.0662775139
0.0000000000
0.0794097813
0.0903863979
0.0000000000
0.0
0.1009337028
0.0024330900
0.0024330900
0.0822287807
0.0000000000
0.0
0.0000000000
0.0
0.0823278516
0.0760513264
0.0955026091
0.0000000000
0.0
0.0000000000
0.0
0.0000000000
0.0821793347
0.0843606380
0.0709575460
0.0000000000
0.0802491096
0.0992478094
0.0795021719
0.0889162222
0.0055297501
0.0743953367
0.0000000000
0.0866059782
0.0661171909
0.0950377146
0.0801549757
0.0777384719
0.0000000000
0.0032441200
0.0
0.0665032767
0.0832810686
0.0929056652
0.0000000000
0.0000000000
0.0032441200
0.0000000000
0.0880568515
0.0000000000
0.0845694515
0.0718151516
0.0937340422
0.0000000000
0.0
0.0064882401
0.0706275109
0.0000000000
0.0698335379
0.0000000000
0.0824769062
0.0688138135
0.0866059782
0.0000000000
0.0032441200
0.0000000000
0.0906261496
0.0000000000
0.0000000000
0.0000000000
0.0024330900
0.0000000000
0.0000000000
0.0000000000
0.0024330900
0.0000000000
0.0000000000
0.0579085735
0.0024330900
0.0000000000
0.0024330900
0.0978970155
0.0607396594
0.0000000000
0.0000000000
0.0763914106
0.0819821437
0.0000000000
0.0000000000
0.0
0.0024330900
0.0625179477
0.0640713706
0.0000000000
0.0000000000
0.0000000000
0.0043254934
0.0000000000
0.0000000000
0.0709575460
0.0000000000
0.0024330900
0.0
0.0000000000
0.0890320740
0.0000000000
0.0660532787
0.0000000000
0.0000000000
0.0787236369
0.0000000000
0.0000000000
0.0000000000
0.0473542043
0.0000000000
0.0000000000
0.0048661800
0.0055297501
0.0000000000
0.0
0.0000000000
0.0
0.0000000000
0.0805328424
0.0515325164
0.0000000000
0.0000000000
0.0669922714
0.0000000000
0.0032441200
0.0000000000
0.0707005864
0.0024330900
0.0000000000
0.0747616157
0.0024330900
0.0000000000
0.0024330900
0.0000000000
0.0722708797
0.0000000000
0.0000000000
0.0000000000
0.0000000000
0.0000000000
0.0
0.0000000000
0.0000000000
0.0791797414
0.0777827169
0.0771678338
0.0000000000
0.0881136258
0.0000000000
0.0000000000
0.0000000000
0.0000000000
0.0024330900
0.0000000000
0.0000000000
0.0000000000
0.0841528532
0.0573496574
0.0000000000
0.0000000000
0.0000000000
0.0000000000
0.0000000000
0.0000000000
0.0000000000
0.0828770367
0.0000000000
0.0000000000
0.0000000000
0.0000000000
0.0000000000
0.0032441200
0.0000000000
0.0000000000
0.0000000000
0.0000000000
0.0000000000
0.0000000000
0.0669922714
0.0000000000
0.0000000000
0.0000000000
0.0000000000
0.0000000000
0.0000000000
0.0000000000
0.0000000000
0.0000000000
0.0000000000
0.0000000000
0.0000000000
0.0000000000
0.0000000000
0.0000000000
0.0000000000
0.0000000000
0.0000000000
0.0000000000
