0.0
0.0
0.0
0.0
0.0
0.0
0.0
0.0
0.0
0.0
0.0
0.0
0.0
0.0
0.0
0.0
0.0
0.0
0.0
0.0
0.0
0.0
0.0
0.0
0.0
0.0
0.0
0.0
0.0
0.0934983178
0.0
0.1244524094
0.0
0.0
0.0
0.0
0.0
0.1033587807
0.0
0.0
0.1335365269
0.0
0.0
0.0
0.1013545938
0.0
0.0
0.0
0.0
0.1112127914
0.0
0.0
0.0928655035
0.0
0.1229194010
0.0
0.0
0.0
0.0
0.0
0.0
0.0
0.0
0.0
0.0
0.0
0.0
0.0
0.0
0.0
0.1112127914
0.1248771616
0.1029709429
0.0
0.0971389603
0.0
0.1076147305
0.0
0.1096573677
0.0
0.1338622257
0.1167734309
0.0
0.1159102694
0.1114386042
0.1033587807
0.0
0.1074041341
0.0
0.1203585801
0.0
0.0
0.0
0.0
0.0
0.0
0.0853553850
0.1037495511
0.0
0.0
0.0
0.1148190639
0.0000000000
0.0000000000
0.0
0.0
0.0
0.0
0.0
0.1295950709
0.1104296027
0.0
0.1013545938
0.1111002278
0.0922411976
0.1062604309
0.0000000000
0.0
0.0
0.0
0.0
0.0
0.1215581673
0.1187954817
0.0
0.0903432305
0.0
0.0
0.0
0.0
0.0
0.0
0.0653375149
0.0
0.0
0.0815505387
0.1085727251
0.0
0.0
0.1078261543
0.0
0.0
0.0934187448
0.0
0.0998790037
0.0
0.0107526882
0.0
0.1068812318
0.1097670251
0.0000000000
0.0
0.0064516129
0.0152927121
0.0
0.0980938562
0.1185389040
0.0
0.1011677651
0.1229194010
0.0
0.0
0.1121215782
0.1035537973
0.1022991846
0.0941398157
0.0902689351
0.0
0.0
0.0994266532
0.0
0.1106522430
0.0
0.0
0.0813691809
0.0109233658
0.0
0.0
0.0934983178
0.0811286216
0.0721676694
0.0
0.1083583663
0.0000000000
0.0931018025
0.0
0.0
0.1078261543
0.0997882046
0.1172724627
0.0
0.1220990268
0.1126971510
0.0
0.0740668185
0.1173978878
0.1082515040
0.1042421891
0.0
0.0725972388
0.1247352558
0.0947083909
0.0
0.0998790037
0.1031644973
0.0
0.0
0.1131618815
0.0000000000
0.0
0.0542327199
0.0
0.0
0.0
0.0104268491
0.0
0.1108757829
0.0
0.0000000000
0.0
0.0
0.0927086361
0.0944638770
0.0000000000
0.1108757829
0.1041432876
0.0
0.0000000000
0.0
0.0891689887
0.0
0.1156659906
0.0758583449
0.0889522083
0.0134935695
0.0163850486
0.0987113535
0.0000000000
0.0
0.0977444569
0.0911686255
0.0
0.0
0.0000000000
0.1204906971
0.1145793581
0.0
0.0864988377
0.0
0.0964560853
0.0927870035
0.0
0.0
0.0833462605
0.0
0.0870476012
0.0
0.1130453399
0.0647593068
0.1038477059
0.0000000000
0.0839197440
0.0
0.0933393070
0.0909420258
0.0992468581
0.0
0.0000000000
0.0
0.0
0.0966259024
0.0
0.0114695341
0.1211556568
0.1041432876
0.0985341338
0.1167734309
0.0689924733
0.0899729714
0.0000000000
0.0995167952
0.0813089075
0.1258796159
0.1136304608
0.0542327199
0.0
0.0
0.1233337361
0.0000000000
0.0
0.0
0.0
0.0917017753
0.0910929669
0.0
0.0
0.0808894805
0.0000000000
0.0000000000
0.0000000000
0.0817936103
0.1144598802
0.0770294913
0.0985341338
0.0
0.0000000000
0.0
0.0623322119
0.0
0.0
0.0704990527
0.0945452412
0.0
0.1005192537
0.0906416392
0.0000000000
0.0913963573
0.0
0.0000000000
0.0
0.1186670542
0.0793687817
0.0821609469
0.0913963573
0.0960341427
0.0804743586
0.1197023174
0.0938179702
0.1184110303
0.0971389603
0.1148190639
0.0000000000
0.0000000000
0.0972250001
0.1132786637
0.0095579450
0.1053426344
0.0000000000
0.0000000000
0.0880248798
0.0
0.0841771665
0.0779595349
0.0593335271
0.0000000000
0.0968817521
0.0801804420
0.0000000000
0.0
0.0035842294
0.0945452412
0.0000000000
0.1082515040
0.0000000000
0.0
0.0000000000
0.0
0.0
0.0913963573
0.0000000000
0.0000000000
0.0000000000
0.0
0.1040445735
0.0
0.0000000000
0.0
0.0795990030
0.0000000000
0.0862270425
0.0000000000
0.0567271447
0.0873246023
0.0941398157
0.0000000000
0.0711387071
0.0862270425
0.0064516129
0.0000000000
0.0000000000
0.0000000000
0.0758583449
0.0621909491
0.0000000000
0.0000000000
0.0000000000
0.0858896910
0.0000000000
0.0000000000
0.1042421891
0.0934983178
0.0000000000
0.1028744378
0.0
0.0000000000
0.0808894805
0.0084959511
0.0871858817
0.0000000000
0.0000000000
0.0000000000
0.0035842294
0.0064516129
0.0000000000
0.0000000000
0.0
0.0
0.0000000000
0.0000000000
0.0000000000
0.0902689351
0.0000000000
0.0
0.0000000000
0.0923964858
0.0000000000
0.0787424857
0.0000000000
0.0000000000
0.0000000000
0.0000000000
0.0095579450
0.0000000000
0.0889522083
0.0000000000
0.0000000000
0.0767065165
0.0000000000
0.0000000000
0.1102078565
0.0567271447
0.0000000000
0.0000000000
0.0000000000
0.0000000000
0.0000000000
0.0000000000
0.0000000000
0.0934983178
0.0724056894
0.0000000000
0.0000000000
0.0000000000
0.0000000000
0.0000000000
0.0
0.0000000000
0.0000000000
0.0000000000
0.0000000000
0.0000000000
0.0000000000
0.0000000000
0.0000000000
0.0755971247
0.0924743261
0.0000000000
0.0000000000
