0.0
0.0
0.0
0.0
0.1239048701
0.0
0.1507066103
0.0
0.0
0.1166599342
0.0
0.1246968757
0.0
0.1308295089
0.0
0.1242556270
0.0
0.1331108423
0.0
0.0
0.1495512785
0.1004998288
0.0
0.0
0.0
0.1245200007
0.1075816183
0.1283429832
0.1180720921
0.1257687686
0.0
0.0
0.1492969396
0.1307320931
0.1409094711
0.1347453576
0.1367392531
0.1238174901
0.1284368698
0.0
0.0
0.1510956979
0.1445046922
0.1364205136
0.0
0.1392333077
0.1465552596
0.1227784622
0.1220105636
0.1202556171
0.1355777614
0.1131270625
0.1461891765
0.1398989649
0.1299579578
0.0
0.1307320931
0.0
0.1120441615
0.1504483299
0.0
0.1079785984
0.1319107445
0.1421645352
0.0
0.1429749194
0.0
0.0986920748
0.1288137938
0.1377044714
0.1469231807
0.1433250620
0.1154327423
0.1542822504
0.1291929367
0.1301506308
0.1187107512
0.0843291071
0.0900837358
0.1341277319
0.1348488487
0.1379208177
0.1349524988
0.0
0.1407964723
0.1346420253
0.1331108423
0.0
0.0960991795
0.0998709903
0.1362088448
0.0
0.1339231129
0.1124028175
0.0024813896
0.0
0.0966280688
0.1295743181
0.1260396274
0.1472929539
0.1340253443
0.1305376959
0.1157371134
0.1042596205
0.1294787618
0.1433250620
0.0
0.1168151703
0.1451018190
0.0
0.1302471817
0.1387930443
0.1162736430
0.1220954110
0.1269509769
0.1191134335
0.1351602779
0.0
0.1242556270
0.1496787732
0.1222654603
0.1231228618
0.1065371365
0.1165824708
0.0000000000
0.1423951346
0.1264936607
0.1141568277
0.0000000000
0.1342302760
0.0
0.0
0.1209181825
0.0024813896
0.1387930443
0.0926996837
0.1122590799
0.1254094293
0.1262208490
0.1421645352
0.1286250557
0.1121157094
0.1226926632
0.0
0.1116167838
0.1396763731
0.1209181825
0.0000000000
0.1477888897
0.1191134335
0.1215039453
0.1252305285
0.1264025925
0.1237302333
0.1323083655
0.1180720921
0.0000000000
0.0000000000
0.1178343631
0.1246083754
0.1440305176
0.0000000000
0.1053228560
0.1175975894
0.1272269572
0.1126191155
0.1243436268
0.0965218257
0.1102154432
0.1422797415
0.0
0.0
0.0748074994
0.0
0.1095962553
0.0024813896
0.0
0.1520114294
0.1083785191
0.0
0.0049627792
0.1037053757
0.1140085721
0.1397875804
0.1046324201
0.1184704460
0.1170488007
0.0
0.0000000000
0.1175975894
0.1052597128
0.1365265949
0.0994749014
0.1124028175
0.1419346815
0.1051336533
0.1137869093
0.1487908483
0.1255888419
0.0
0.0
0.1242556270
0.1249631324
0.0
0.1161966916
0.0910649383
0.0
0.1309270701
0.0
0.0908293849
0.0977035064
0.1321092558
0.0
0.1038280313
0.1010784116
0.1232092639
0.1159664472
0.1161966916
0.0
0.1304407140
0.0000000000
0.1280621451
0.1366328412
0.0000000000
0.0
0.1256787409
0.0000000000
0.0000000000
0.1270428372
0.1397875804
0.1102154432
0.1333129848
0.0
0.1490434643
0.1290030867
0.1100082713
0.1415912911
0.0
0.1288137938
0.0
0.1279688054
0.0000000000
0.1094596016
0.0000000000
0.1285308938
0.1064725294
0.1204205768
0.0000000000
0.1349524988
0.1290979419
0.0962572374
0.0000000000
0.1038280313
0.1297658544
0.0033085194
0.0876989016
0.1289083708
0.1178343631
0.1382466150
0.0000000000
0.0
0.0000000000
0.1032176373
0.1050078953
0.0870035684
0.1158134571
0.1165824708
0.1168929434
0.0875240284
0.0000000000
0.0000000000
0.1464330284
0.1046324201
0.1121157094
0.0815103069
0.0
0.0000000000
0.0000000000
0.0000000000
0.1172833674
0.1007304653
0.1153568995
0.0000000000
0.0773109648
0.1291929367
0.0939396474
0.1054493700
0.0024813896
0.0049627792
0.1413632858
0.0
0.0024813896
0.1154327423
0.0986920748
0.0963100389
0.1157371134
0.1220954110
0.0000000000
0.0790514187
0.1281556212
0.0000000000
0.0991938989
0.1022557956
0.1238174901
0.0000000000
0.1121157094
0.0000000000
0.0033085194
0.1000417100
0.0000000000
0.1108416673
0.1189520332
0.0000000000
0.1143799355
0.0929450508
0.1187107512
0.1053228560
0.1086467828
0.1009621627
0.1277825335
0.1130542183
0.1190326786
0.0869174262
0.0
0.0000000000
0.0000000000
0.0801338206
0.0714874597
0.0000000000
0.0991378888
0.0000000000
0.1146787727
0.1144544987
0.0000000000
0.0000000000
0.0975948866
0.1181515484
0.0000000000
0.0000000000
0.1008461809
0.1181515484
0.1075157385
0.0024813896
0.0000000000
0.1108416673
0.1043215692
0.0000000000
0.0897613502
0.0960991795
0.1152811563
0.0000000000
0.0000000000
0.1026743865
0.0000000000
0.1345388513
0.1067314292
0.0000000000
0.0000000000
0.0939396474
0.1170488007
0.0000000000
0.0
0.1107717356
0.1126913999
0.0000000000
0.0000000000
0.0991938989
0.1078459466
0.0000000000
0.0769045996
0.0000000000
0.0000000000
0.0000000000
0.0000000000
0.0000000000
0.0851470422
0.1153568995
0.0000000000
0.0000000000
0.0033085194
0.0000000000
0.0000000000
0.0813215382
0.0000000000
0.0000000000
0.0024813896
0.1333129848
0.0000000000
0.0000000000
0.0000000000
0.0000000000
0.0000000000
0.1043215692
0.0000000000
0.0000000000
0.0000000000
0.0000000000
0.1226069839
0.0000000000
0.0033085194
0.1299579578
0.0906418178
0.0000000000
0.0000000000
0.0000000000
0.0000000000
0.0000000000
0.0000000000
0.1125469237
0.0000000000
0.0000000000
0.0000000000
0.0000000000
0.0000000000
0.0024813896
0.0000000000
0.0000000000
0.1197634386
0.0000000000
0.0000000000
0.0000000000
0.0000000000
0.0813215382
0.0000000000
0.1071221483
0.0000000000
0.0000000000
0.0000000000
0.0000000000
0.0000000000
0.0000000000
0.0000000000
0.0000000000
0.0000000000
0.0000000000
0.0000000000
0.0000000000
0.0000000000
0.0000000000
0.0000000000
0.0000000000
0.0000000000
0.0000000000
0.0000000000
0.0000000000
0.0000000000
0.0000000000
0.0000000000
0.0000000000
0.0000000000
0.0000000000
0.0000000000
0.0000000000
0.0000000000
0.0000000000
0.1251412694
0.0000000000
0.0000000000
0.0000000000
0.0000000000
0.0000000000
0.0000000000
