0.0
0.0
0.0
0.0
0.0
0.1151586369
0.0
0.0270270270
0.0
0.0
0.0
0.1605241605
0.0360360360
0.0
0.0
0.0
0.0
0.0
0.0000000000
0.0
0.1127084531
0.0
0.0360360360
0.1513513514
0.0
0.0
0.0000000000
0.0
0.0
0.0
0.0
0.1513513514
0.0000000000
0.1558028617
0.0
0.0
0.0
0.1103603604
0.0
0.0540540541
0.0
0.0
0.0
0.0270270270
0.0
0.1127084531
0.0
0.1358281358
0.0000000000
0.1558028617
0.0
0.0540540541
0.0000000000
0.0270270270
0.1431701972
0.0
0.0360360360
0.1231929604
0.0
0.0270270270
0.0
0.0000000000
0.0
0.1655405405
0.1103603604
0.0360360360
0.0000000000
0.0
0.0945945946
0.0000000000
0.0000000000
0.0000000000
0.0000000000
0.0000000000
0.0000000000
