0.0
0.0
0.0
0.0
0.0
0.0
0.0
0.0
0.0
0.0
0.0
0.0
0.0
0.0
0.0
0.1211695274
0.0
0.0
0.0
0.0
0.0
0.0
0.0
0.0
0.0
0.0
0.0
0.0
0.0
0.1149524522
0.0
0.1101099216
0.0
0.0
0.0
0.0
0.0
0.1007152219
0.0
0.0
0.1302249013
0.0
0.0
0.0
0.1003469761
0.0
0.0
0.0
0.0
0.1170358122
0.0
0.0
0.0997089844
0.0
0.1370531733
0.0
0.0
0.0
0.0
0.0
0.0
0.0
0.0
0.0
0.0
0.0
0.0
0.0
0.0
0.0
0.1097795918
0.1207696280
0.1499721200
0.0
0.0912548561
0.0
0.1164152618
0.0
0.1154359536
0.0
0.1382614507
0.1198467160
0.0
0.1221130054
0.1094512381
0.0975818594
0.0
0.1082638973
0.1033706138
0.0819250685
0.0
0.0
0.0
0.0
0.0
0.0
0.0905772210
0.0952947846
0.0
0.0
0.0
0.1073114290
0.0000000000
0.0000000000
0.0
0.0
0.0
0.0
0.0
0.1499721200
0.1058626729
0.1151936955
0.1049518086
0.0946375792
0.0868509429
0.1136434698
0.0999814133
0.0
0.0
0.0
0.0
0.0
0.1171607170
0.1403831098
0.0
0.0881763790
0.0
0.0
0.0
0.0
0.0
0.1096699219
0.1054558999
0.0
0.0
0.0989897131
0.1225218659
0.0
0.0
0.0995281884
0.1046516605
0.0
0.0985454146
0.0
0.1054558999
0.0
0.0957937102
0.0
0.1164152618
0.1223852752
0.0000000000
0.0000000000
0.0838652344
0.0865769652
0.0
0.1114513623
0.1195856120
0.0
0.1023108964
0.0872651763
0.1199776960
0.0
0.1110005984
0.1028862154
0.1117918450
0.0917889564
0.0000000000
0.0
0.0
0.1098894813
0.0
0.1232094184
0.0
0.0
0.0127551020
0.0691307253
0.0
0.0
0.1101099216
0.0072886297
0.0127551020
0.0
0.1011793473
0.0000000000
0.0102040816
0.0
0.0
0.0850345405
0.1079445347
0.1176630138
0.0
0.1321054053
0.1092334247
0.0
0.0751915013
0.1131748369
0.1088003883
0.1024063357
0.0
0.1016477702
0.1300706064
0.1045519922
0.0
0.0949650448
0.1188090821
0.0
0.0
0.1233478560
0.0000000000
0.0
0.0805426206
0.0
0.0
0.0
0.0984570330
0.0
0.1073114290
0.0
0.0858995241
0.0
0.0
0.1029827316
0.0882472603
0.1046516605
0.1013661974
0.1343691455
0.0
0.0000000000
0.0
0.0000000000
0.1144729842
0.1189378026
0.0000000000
0.0853651569
0.0692179015
0.0770383101
0.1030794290
0.0000000000
0.0040816327
0.0939893766
0.0911790630
0.0
0.0
0.0985454146
0.1197160216
0.1053546947
0.0
0.0930335524
0.0
0.0924849131
0.1002553350
0.0
0.1264741841
0.0040816327
0.0000000000
0.0922517578
0.0
0.1180425719
0.0085034014
0.0000000000
0.0040816327
0.0846411656
0.0
0.1247495362
0.0972361309
0.1001638612
0.0
0.0000000000
0.0
0.1054558999
0.0966369646
0.0
0.0767152983
0.1197160216
0.1090164765
0.0000000000
0.1288492862
0.0826031541
0.0874041336
0.0000000000
0.0945560653
0.1052536834
0.0988115138
0.1123639630
0.0805426206
0.0
0.0
0.1123639630
0.0000000000
0.0
0.0
0.0
0.0994380361
0.0773640534
0.0
0.0
0.0000000000
0.0085034014
0.1001638612
0.0000000000
0.0040816327
0.1197160216
0.0855647637
0.0000000000
0.0
0.1005307618
0.0
0.0736775784
0.0
0.1080507794
0.1045519922
0.0943934582
0.0000000000
0.0000000000
0.1031763081
0.1026937248
0.1067894862
0.0
0.0000000000
0.0
0.0989005332
0.0997089844
0.0780238748
0.0992582205
0.0040816327
0.0769303377
0.0730403139
0.0040816327
0.1021205505
0.0833558025
0.0949650448
0.0741753999
0.0000000000
0.0832294100
0.1227959640
0.0000000000
0.1032733696
0.0000000000
0.0000000000
0.0000000000
0.0
0.0803657334
0.0757623132
0.0914829932
0.0000000000
0.1026937248
0.0866452974
0.0000000000
0.0
0.0000000000
0.0000000000
0.0895428971
0.0911033957
0.0000000000
0.0
0.0000000000
0.0997996289
0.0
0.0000000000
0.0000000000
0.0000000000
0.0000000000
0.0798397032
0.0627670622
0.0000000000
0.0000000000
0.0000000000
0.0693929152
0.0000000000
0.0000000000
0.0000000000
0.0664123363
0.1161688803
0.0000000000
0.0000000000
0.0000000000
0.0829150996
0.0000000000
0.0000000000
0.0000000000
0.0000000000
0.0000000000
0.0000000000
0.0000000000
0.0000000000
0.0000000000
0.0000000000
0.0992582205
0.0000000000
0.0000000000
0.1035656527
0.0000000000
0.0000000000
0.0000000000
0.0000000000
0.0000000000
0.0000000000
0.0000000000
0.0000000000
0.0000000000
0.0000000000
