0.0
0.0
0.0
0.0
0.0
0.0
0.0
0.0
0.0
0.0
0.0
0.0
0.0
0.0
0.0
0.0
0.0
0.0
0.0
0.0
0.0
0.0
0.0
0.0
0.0
0.0
0.0
0.0
0.0
0.0912086566
0.0
0.1180108442
0.0
0.0
0.0
0.0
0.0
0.0816047894
0.0
0.0
0.1168661182
0.0
0.0
0.0
0.0722607296
0.0
0.0
0.0
0.0
0.1097979934
0.0
0.0
0.1117421400
0.0
0.1065322974
0.0
0.0
0.0
0.0
0.0
0.0
0.0
0.0
0.0
0.0
0.0
0.0
0.0
0.0
0.0
0.1236251661
0.1041054030
0.0846271890
0.0
0.0534379750
0.0
0.1094353245
0.0
0.0849526782
0.0
0.0
0.0989001328
0.0
0.0
0.0991962410
0.1176964281
0.0
0.0974457191
0.0
0.1082730213
0.0
0.0
0.0
0.0
0.0
0.0
0.0000000000
0.0867885907
0.0
0.0
0.0
0.0940569042
0.0829844571
0.0797389759
0.0
0.0
0.0
0.0
0.0
0.1117421400
0.0946615557
0.0
0.0996437429
0.1050128193
0.1050960968
0.1113665361
0.0
0.0
0.0
0.0
0.0
0.0
0.0989001328
0.1054305314
0.0
0.0857219780
0.0
0.0
0.0
0.0
0.0
0.0
0.0
0.0
0.0
0.0939901972
0.0986792092
0.0
0.0
0.1232801656
0.0
0.0
0.0973026270
0.0
0.1007803635
0.0
0.0034904014
0.0
0.1118364371
0.0997187193
0.0078534031
0.0
0.0
0.0
0.0
0.1145429369
0.1066180032
0.0
0.0965230721
0.1223695088
0.0
0.0
0.1125965828
0.0
0.0967344365
0.0026178010
0.0000000000
0.0
0.0
0.0922242018
0.0
0.0856112261
0.0
0.0
0.0896658850
0.1011650214
0.0
0.0
0.0860001155
0.0000000000
0.0778649695
0.0
0.0903998486
0.0000000000
0.0784178568
0.0
0.0
0.1094353245
0.0980223210
0.1156423892
0.0
0.1096163590
0.1143452787
0.0
0.0
0.0915236036
0.0825194135
0.0885278410
0.0
0.0
0.1291678148
0.1190711393
0.0
0.0986057872
0.0933940648
0.0
0.0
0.0
0.0822633011
0.0
0.0643956161
0.0
0.0
0.0
0.0047120419
0.0
0.0
0.0
0.0000000000
0.0
0.0
0.0983131884
0.0650914430
0.0000000000
0.0
0.1146420225
0.0
0.0700455486
0.0
0.0959639233
0.0
0.0940569042
0.0
0.0984592704
0.0848439040
0.0952740316
0.1041872469
0.0000000000
0.0
0.1181160232
0.1081846351
0.0
0.0
0.0047120419
0.1218071489
0.0587438732
0.0
0.0893033545
0.0
0.0882919241
0.0
0.0
0.0
0.0
0.0
0.0985324744
0.0
0.1215836496
0.0915236036
0.1004747369
0.0026178010
0.0052356021
0.0
0.1061058271
0.0601025751
0.1028131715
0.0
0.0000000000
0.0
0.0
0.0083769634
0.0
0.0766490330
0.1079203404
0.1178010471
0.0920320681
0.1082730213
0.0813044037
0.0780943889
0.0644582578
0.0651554464
0.0900925751
0.1116480017
0.1111796795
0.0801731264
0.0
0.0
0.1269407835
0.0000000000
0.0
0.0
0.0
0.0885870174
0.0950689943
0.0
0.0
0.0000000000
0.0034904014
0.0843578472
0.0
0.0
0.1009338751
0.0942575946
0.0797869825
0.0
0.0
0.0
0.0
0.0
0.0
0.0765604726
0.1025744412
0.0
0.0997187193
0.1168661182
0.0892432175
0.1125010000
0.0
0.0000000000
0.0
0.1199331928
0.1023368170
0.0586399018
0.0000000000
0.1089853438
0.0903382263
0.1099802307
0.0917771316
0.1155415676
0.1119308936
0.0955487945
0.0
0.0850617317
0.1030530156
0.1003986197
0.0828288613
0.0939235847
0.0874183232
0.0967344365
0.1035360766
0.0
0.0
0.0845192462
0.0927405025
0.1013197080
0.0
0.0878238423
0.0026178010
0.0
0.0046538685
0.0970176999
0.0
0.0
0.0000000000
0.0
0.0781865357
0.0
0.0
0.0961031023
0.0000000000
0.1017085019
0.0825708274
0.0
0.0811550386
0.0
0.0000000000
0.0
0.0819074030
0.0000000000
0.0
0.0026178010
0.0000000000
0.0830885129
0.0
0.0753417726
0.0972312385
0.0730574300
0.0052356021
0.0000000000
0.0026178010
0.0782326907
0.0650275653
0.0000000000
0.0874183232
0.0899702498
0.0000000000
0.1058515799
0.0971599546
0.0052356021
0.0885278410
0.0834547720
0.0000000000
0.0916501923
0.0
0.0879403968
0.0034904014
0.0678577460
0.1016305046
0.1087171272
0.0000000000
0.0862239284
0.0069808028
0.0
0.0922242018
0.0026178010
0.0
0.0
0.0975892327
0.0666966170
0.0000000000
0.0
0.0845192462
0.0
0.0000000000
0.0000000000
0.0000000000
0.0809073126
0.0726568958
0.0643956161
0.0034904014
0.0794521451
0.0742027872
0.0000000000
0.1038606411
0.0026178010
0.1111796795
0.0000000000
0.0994194884
0.0863925541
0.0975892327
0.0702683871
0.0902766880
0.0827254544
0.0026178010
0.0000000000
0.0813044037
0.0748735469
0.0778192472
0.0796431358
0.0963126294
0.0000000000
0.0000000000
0.0026178010
0.0939901972
0.0000000000
0.0
0.1060209424
0.0739543404
0.0896052590
0.0819074030
0.0000000000
0.0
0.0026178010
0.0026178010
0.0900313709
0.0784178568
0.0974457191
0.0000000000
0.0
0.0000000000
0.0000000000
0.0000000000
0.0052356021
0.0000000000
0.0865053381
0.0000000000
0.0000000000
0.1064467293
0.0725773154
0.0000000000
0.0052356021
0.0751708327
0.0000000000
0.0918407332
0.0668986260
0.0943918647
0.1091648913
0.0960334623
0.0740369710
0.0000000000
0.0
0.0845731832
0.0851710656
0.0885278410
0.0000000000
0.0000000000
0.0000000000
0.0000000000
0.0000000000
0.0000000000
0.0903382263
0.0796431358
0.0983861752
0.0801731264
0.0865053381
0.0047120419
0.0728566124
0.0000000000
0.0026178010
0.0000000000
0.0000000000
0.0690960261
0.0918407332
0.0000000000
0.0000000000
0.0000000000
0.0858886442
0.0000000000
0.0000000000
0.0000000000
0.0000000000
0.0000000000
0.0000000000
0.0000000000
0.0000000000
0.0000000000
0.0927405025
0.0581255167
0.0000000000
0.0000000000
0.0034904014
0.0000000000
0.0743693479
0.0000000000
0.0000000000
0.0752562056
0.0867885907
0.0000000000
0.0000000000
0.0000000000
0.0000000000
0.0026178010
0.0026178010
0.0000000000
0.0899702498
0.0000000000
0.0000000000
0.0000000000
0.0000000000
0.0000000000
0.0000000000
0.0000000000
0.0000000000
0.0000000000
0.0940569042
0.0000000000
0.0668311538
0.0000000000
0.0000000000
0.0801731264
0.0000000000
0.0000000000
0.0000000000
0.0000000000
0.0000000000
0.0000000000
0.0000000000
0.0000000000
0.1045159133
0.0000000000
0.0000000000
0.0
0.0000000000
0.0026178010
0.0000000000
0.0000000000
0.0000000000
0.0711741020
0.0000000000
0.0000000000
0.0034904014
0.0026178010
0.0000000000
0.0000000000
0.0000000000
0.0000000000
0.0000000000
0.0000000000
0.0000000000
0.0000000000
0.0000000000
0.0000000000
0.0000000000
0.0000000000
0.0000000000
0.0000000000
0.0000000000
0.0000000000
0.0000000000
0.0000000000
0.0000000000
0.0000000000
0.0000000000
