0.0
0.0
0.0
0.0
0.0
0.0
0.0
0.0
0.0
0.0
0.0
0.0
0.0
0.0
0.0
0.0
0.0
0.0
0.0
0.0
0.0
0.0
0.0
0.0
0.0
0.0
0.0
0.0
0.0
0.0941398743
0.0
0.1246065623
0.0
0.0
0.0
0.0
0.0
0.1041216314
0.0
0.0
0.1348073514
0.0
0.0
0.0
0.1000346141
0.0
0.0
0.0
0.0
0.1108043862
0.0
0.0
0.0945556864
0.0
0.1226082898
0.0
0.0
0.0
0.0
0.0
0.0
0.0
0.0
0.0
0.0
0.0
0.0
0.0
0.0
0.0
0.1088881353
0.1254830446
0.1032179721
0.0
0.0972180173
0.0
0.1097815764
0.0
0.0963429676
0.0
0.1354899203
0.1152174780
0.0
0.1146006821
0.1160922311
0.0888274166
0.0
0.1108043862
0.0
0.1221883984
0.0
0.0
0.0
0.0
0.0
0.0
0.0848826622
0.1055592081
0.0
0.0
0.0
0.1154660594
0.0000000000
0.0000000000
0.0
0.0
0.0
0.0
0.0
0.1289602856
0.1125520894
0.0
0.1042230156
0.1121981520
0.0886802295
0.1094448231
0.0000000000
0.0
0.0
0.0
0.0
0.0
0.1241728968
0.1190623326
0.0
0.0888274166
0.0
0.0
0.0
0.0
0.0
0.0
0.0662768031
0.0
0.0
0.0829101759
0.1097815764
0.0
0.0
0.1029202279
0.0
0.0
0.0836226852
0.0
0.1001281918
0.0
0.0111111111
0.0
0.1095568445
0.1105754515
0.0000000000
0.0
0.0066666667
0.0151234568
0.0
0.0992922421
0.1202663337
0.0
0.1054552089
0.1253361089
0.0
0.0
0.1126705653
0.1057678232
0.1061875367
0.0949751881
0.0744864558
0.0
0.0
0.1004099785
0.0
0.1088881353
0.0
0.0
0.0825903064
0.0100823045
0.0
0.0
0.0977507188
0.0822097059
0.0732628590
0.0
0.1098942885
0.0000000000
0.0944722304
0.0
0.0
0.1093330307
0.0984701353
0.1143558088
0.0
0.1223280423
0.1146006821
0.0
0.0736662333
0.1116131773
0.1052478240
0.1047329130
0.0
0.0737169677
0.1208092969
0.0930756844
0.0
0.0958254584
0.1042230156
0.0
0.0
0.1136274279
0.0000000000
0.0
0.0549189518
0.0
0.0
0.0
0.0100823045
0.0
0.1023298633
0.0
0.0000000000
0.0
0.0
0.0927530650
0.0953984287
0.0037037037
0.1120806671
0.1014569071
0.0
0.0000000000
0.0
0.0936457017
0.0986516470
0.1169803683
0.0000000000
0.0780153331
0.0113425926
0.0151234568
0.0978400704
0.0000000000
0.0
0.0977507188
0.0944722304
0.0
0.0
0.0000000000
0.1131469736
0.1143558088
0.0
0.0855611807
0.0
0.0973063973
0.0928335100
0.0
0.0
0.0831032896
0.0
0.0876634210
0.0
0.1124338624
0.0656668939
0.1083370820
0.0000000000
0.0833621784
0.0
0.0936457017
0.0933191256
0.0970417380
0.0
0.0000000000
0.0
0.0
0.0958254584
0.0
0.0113425926
0.1212197475
0.1014569071
0.0861118560
0.0996620457
0.0743312757
0.0894210836
0.0000000000
0.0993844355
0.0815831075
0.1268211339
0.1124338624
0.0549189518
0.0
0.0
0.1214949342
0.0000000000
0.0
0.0
0.0
0.0937277032
0.0934821284
0.0
0.0
0.0809659887
0.0656668939
0.0000000000
0.0000000000
0.0820836174
0.1146006821
0.0789358680
0.0861118560
0.0
0.0037037037
0.0
0.0756445491
0.0
0.0
0.0975725041
0.0929140947
0.0000000000
0.1009783368
0.0958254584
0.0000000000
0.0918772850
0.0
0.0000000000
0.0
0.1230310771
0.0923529224
0.0829101759
0.0934005559
0.0956541886
0.0777885444
0.1214949342
0.0943057595
0.1228898244
0.0976615301
0.1154660594
0.0000000000
0.0000000000
0.0966038240
0.1132667059
0.0082491582
0.1058724402
0.0000000000
0.0000000000
0.0909405582
0.0
0.0844140671
0.0694594660
0.0601331669
0.0000000000
0.0955687831
0.0817700818
0.0000000000
0.0
0.0037037037
0.0943057595
0.0000000000
0.1080091191
0.0000000000
0.0
0.0000000000
0.0
0.0
0.0934005559
0.0000000000
0.0000000000
0.0000000000
0.0748510749
0.1041216314
0.0
0.0000000000
0.0
0.0814589323
0.0000000000
0.0832325327
0.0000000000
0.0827819312
0.0905558689
0.0000000000
0.0000000000
0.0724201874
0.0860426343
0.0066666667
0.0000000000
0.0000000000
0.0000000000
0.0757516186
0.0000000000
0.0000000000
0.0000000000
0.0000000000
0.0841486140
0.0000000000
0.0000000000
0.0000000000
0.0941398743
0.0000000000
0.1027226843
0.0
0.0000000000
0.0809659887
0.0082491582
0.0904029029
0.0000000000
0.0000000000
0.0000000000
0.0037037037
0.0066666667
0.0000000000
0.0000000000
0.0
0.0
0.0000000000
0.0000000000
0.0000000000
0.0907093534
0.0000000000
0.0
0.0000000000
0.0922733078
0.0000000000
0.0783580066
0.0000000000
0.0000000000
0.0000000000
0.0000000000
0.0000000000
0.0000000000
0.0811501418
0.0000000000
0.0000000000
0.0792280067
0.0000000000
0.0000000000
0.1111495712
0.0675738870
0.0000000000
0.0000000000
0.0000000000
0.0000000000
0.0000000000
0.0000000000
0.0000000000
0.0000000000
0.0000000000
0.0000000000
0.0000000000
0.0000000000
0.0000000000
0.0000000000
