0.0
0.0
0.0
0.0
0.0
0.0
0.0
0.0
0.0
0.0
0.0
0.0
0.0
0.0
0.0
0.0
0.0
0.0
0.0
0.0
0.0
0.0
0.0
0.0
0.0
0.0
0.0
0.0
0.0
0.0
0.0
0.0000000000
0.0
0.0
0.0
0.0
0.0
0.0
0.0
0.0
0.0
0.0
0.0
0.0
0.0
0.0
0.0
0.0
0.0
0.0
0.0
0.0
0.0710482063
0.0
0.0
0.0
0.0
0.0
0.0
0.0
0.0
0.0607040230
0.0
0.0
0.0
0.0
0.0
0.0
0.0
0.0
0.0000000000
0.0
0.0
0.0
0.0
0.0
0.0
0.0
0.0
0.0
0.0
0.0
0.0
0.0
0.0
0.1009156051
0.0
0.0
0.0
0.0
0.0
0.0238095238
0.0
0.0
0.0
0.0
0.0000000000
0.0
0.0
0.0
0.0166666667
0.0
0.0804251269
0.0
0.0
0.0
0.0
0.0
0.0
0.0
0.0
0.0691866812
0.0
0.0
0.0
0.0
0.0
0.0
0.0
0.0
0.0104166667
0.0
0.0829515707
0.0652006173
0.0996462264
0.0
0.0000000000
0.0
0.0238095238
0.0
0.0
0.0
0.0
0.0
0.0
0.0
0.0847259358
0.0
0.0104166667
0.0
0.0
0.0000000000
0.0000000000
0.0937500000
0.0
0.0
0.0611727799
0.0
0.0
0.0
0.0104166667
0.0820919689
0.0
0.0
0.0
0.0
0.0
0.0
0.0104166667
0.0234375000
0.0
0.0563834520
0.0
0.0
0.0
0.0
0.0
0.0
0.0000000000
0.0
0.0
0.0
0.0
0.0
0.0
0.0
0.0
0.0
0.0812500000
0.0
0.0
0.0662918410
0.0
0.0652006173
0.0
0.0
0.0
0.0765398551
0.0104166667
0.0772865854
0.0
0.0
0.0000000000
0.0
0.0000000000
0.0
0.0
0.0000000000
0.0576136364
0.0
0.0000000000
0.0000000000
0.0838293651
0.0
0.0
0.0
0.0
0.0
0.0104166667
0.0104166667
0.0
0.0533459596
0.0
0.1009156051
0.0000000000
0.0000000000
0.0277777778
0.0
0.0972009202
0.0000000000
0.0000000000
0.0104166667
0.0000000000
0.0166666667
0.0691866812
0.0000000000
0.0710482063
0.0000000000
0.0
0.0
0.0000000000
0.0804251269
0.0646683673
0.0
0.0
0.0156250000
0.0000000000
0.0104166667
0.0000000000
0.0104166667
0.0
0.0000000000
0.0
0.0000000000
0.0
0.0646683673
0.0000000000
0.0000000000
0.0679989270
0.0000000000
0.0584640221
0.0000000000
0.0506190096
0.0000000000
0.0000000000
0.0000000000
0.0593398876
0.0593398876
0.0571976534
0.0000000000
0.0679989270
0.0607040230
0.0
0.0691866812
0.0000000000
0.0234375000
0.0
0.0000000000
0.0646683673
0.0000000000
0.0156250000
0.0000000000
0.0607040230
0.0584640221
0.0000000000
0.0000000000
