0.0
0.0
0.0
0.0
0.0
0.0
0.0
0.0
0.0
0.0
0.0
0.0
0.0
0.0
0.0
0.0
0.0
0.0
0.0
0.0
0.0
0.0
0.0
0.0
0.0
0.0
0.0
0.0
0.0
0.0970038672
0.0
0.1196159342
0.0
0.0
0.0
0.0
0.0
0.0976241957
0.0
0.0
0.1286911158
0.0
0.0
0.0
0.0982525091
0.0
0.0
0.0
0.0
0.1060137750
0.0
0.0
0.1064759101
0.0
0.1336191125
0.0
0.0
0.0
0.0
0.0
0.0
0.0
0.0
0.0
0.0
0.0
0.0
0.0
0.0
0.0
0.1129767519
0.1211586001
0.0887557186
0.0
0.0951892976
0.0
0.1099260746
0.0
0.0952635482
0.0
0.1342064493
0.0864316128
0.0
0.0
0.1213994720
0.1097285434
0.0
0.1086546876
0.0
0.1118387077
0.0
0.0
0.0
0.0
0.0
0.0
0.0000000000
0.0923113143
0.0
0.0
0.0
0.1083654559
0.0000000000
0.0000000000
0.0
0.0
0.0
0.0
0.0
0.1327476835
0.1056469454
0.0
0.0813643363
0.1114305373
0.0990493665
0.1036739124
0.0043715847
0.0
0.0
0.0
0.0
0.0
0.1248751215
0.0998592550
0.0
0.0729121605
0.0
0.0
0.0
0.0
0.0
0.0
0.1145664811
0.0
0.0
0.1008487769
0.0864316128
0.0
0.0
0.1170928752
0.0
0.0
0.0828547279
0.0
0.0997776706
0.0
0.0952635482
0.0
0.0932986011
0.1144591086
0.0620883929
0.0
0.1114305373
0.0770522832
0.0
0.1040271455
0.1164231352
0.0
0.1117363850
0.1205605813
0.0
0.0
0.1079822006
0.1091401866
0.1200864001
0.0839944077
0.0891444298
0.0
0.0
0.0978588693
0.0
0.1292358401
0.0
0.0
0.0907339293
0.0766653288
0.0
0.0
0.0970038672
0.0845175563
0.0795103313
0.0
0.1098272202
0.0000000000
0.0974683710
0.0
0.0
0.0974683710
0.1092378076
0.1085581056
0.0
0.1269520466
0.1078868099
0.0
0.0742418656
0.1072237655
0.1127681153
0.1022846473
0.0
0.1037619956
0.1181120589
0.1064759101
0.0
0.0821303758
0.0000000000
0.0
0.0
0.0
0.0000000000
0.0
0.0976241957
0.0
0.0
0.0
0.0688044332
0.0
0.0
0.0
0.0000000000
0.0
0.0
0.0932986011
0.0948197740
0.0000000000
0.1112275673
0.0996149012
0.0
0.0032786885
0.0
0.0960124755
0.0
0.1076016466
0.0
0.0937282186
0.1000228246
0.0871719264
0.0760921301
0.0000000000
0.0
0.0874215239
0.1068485292
0.0
0.0
0.0000000000
0.1173178375
0.1115323003
0.0
0.0932986011
0.0
0.0967732717
0.0992102915
0.0
0.0
0.0816908822
0.0
0.0862484950
0.0
0.1095317209
0.0706758500
0.1063831610
0.0032786885
0.0840522153
0.0
0.0818003140
0.0891444298
0.0931562691
0.0
0.0000000000
0.0
0.0
0.0966966499
0.0
0.0688044332
0.1163122560
0.0999409729
0.1008487769
0.1118387077
0.0131147541
0.0654841120
0.0000000000
0.0951892976
0.0724794474
0.1233614837
0.1136073199
0.0976241957
0.0
0.0
0.1239876841
0.0000000000
0.0
0.0
0.0
0.0816908822
0.0894054677
0.0
0.0
0.0858242227
0.0678111432
0.0000000000
0.0000000000
0.1203230235
0.1144591086
0.0098360656
0.0951151627
0.0
0.0000000000
0.0
0.0118032787
0.0
0.0
0.0000000000
0.0959370533
0.0
0.1005995625
0.0968500150
0.0000000000
0.0810403907
0.0
0.0000000000
0.0
0.1178840433
0.0840522153
0.0825188303
0.0000000000
0.0937282186
0.0857037676
0.1070358185
0.1207990790
0.1220058630
0.1076965334
0.1136073199
0.0000000000
0.0000000000
0.0813643363
0.1170928752
0.0919637567
0.1036739124
0.0970038672
0.1104230279
0.1090427400
0.0
0.0829109768
0.0816908822
0.1153237666
0.0000000000
0.1127681153
0.0724794474
0.0000000000
0.0
0.0032786885
0.0908689500
0.0000000000
0.1062905734
0.0000000000
0.0
0.1074123737
0.0
0.0
0.0908013895
0.0000000000
0.0000000000
0.0000000000
0.0
0.1066618942
0.0
0.0000000000
0.0
0.0783875923
0.0000000000
0.0727384567
0.0043715847
0.0078688525
0.0951892976
0.0
0.0000000000
0.0650654602
0.0829109768
0.0828547279
0.0000000000
0.0065573770
0.0000000000
0.0733500714
0.0084309133
0.0000000000
0.0000000000
0.0000000000
0.0813643363
0.0000000000
0.0000000000
0.1017732240
0.0970038672
0.0000000000
0.1104230279
0.0
0.0812560671
0.0860661514
0.0620883929
0.1044720863
0.0000000000
0.0000000000
0.0862484950
0.0032786885
0.0884984557
0.0868619266
0.0032786885
0.0
0.0
0.0000000000
0.0000000000
0.0000000000
0.0891444298
0.0733500714
0.0
0.0000000000
0.0910722363
0.0000000000
0.0593718371
0.0803472821
0.0000000000
0.0000000000
0.0032786885
0.0864316128
0.0000000000
0.0977022951
0.0000000000
0.0000000000
0.0827985552
0.0723935204
0.0000000000
0.1070358185
0.0078688525
0.0000000000
0.0783875923
0.0000000000
0.0000000000
0.0069431051
0.0000000000
0.0000000000
0.1024562658
0.1011829899
0.0000000000
0.0000000000
0.0000000000
0.0000000000
0.0000000000
0.0
0.0996149012
0.0000000000
0.0863094480
0.0000000000
0.0000000000
0.0000000000
0.0000000000
0.0000000000
0.0721369574
0.0936563411
0.1141381952
0.0000000000
0.0
0.0000000000
0.0000000000
0.0000000000
0.0759029639
0.0000000000
0.0000000000
0.0000000000
0.0000000000
0.0845175563
0.0000000000
0.0000000000
0.0000000000
0.0000000000
0.0000000000
0.0000000000
0.0000000000
0.0000000000
0.0970038672
0.0863094480
0.0000000000
0.0000000000
0.0000000000
0.0760921301
0.0000000000
0.0000000000
0.0000000000
0.0000000000
0.0000000000
0.0000000000
0.0000000000
0.0000000000
