0.0
0.0
0.0
0.0
0.1245516142
0.0
0.1436203826
0.0
0.0
0.1141969669
0.0
0.1116121255
0.0
0.1349527665
0.0
0.1258558196
0.0
0.1312680494
0.0
0.0
0.1462415911
0.1001602564
0.0
0.0
0.0
0.1251188629
0.1215598561
0.1207962891
0.1312680494
0.1294129827
0.0
0.0
0.1431926227
0.1272718017
0.1366792412
0.1343869268
0.1441586899
0.1161980014
0.1336398140
0.0
0.0
0.1460195082
0.1371666850
0.1370689183
0.0
0.1414027149
0.1490757305
0.1303780965
0.1191497474
0.1167624118
0.1118067979
0.1105852170
0.1397584973
0.0
0.1360026113
0.0
0.1247940898
0.0
0.1052011446
0.1405757985
0.0
0.0
0.1291522447
0.1288062239
0.0
0.1418198321
0.0
0.0914444566
0.1195200076
0.1319888073
0.1374608237
0.1414027149
0.1146052993
0.1393534002
0.1248751249
0.1204935415
0.0
0.0872935508
0.0925891634
0.1270196118
0.1257735071
0.1332693640
0.1363884343
0.0
0.1311785077
0.1317175975
0.1276096167
0.0
0.0966370313
0.1066007164
0.1329928716
0.0
0.1278641571
0.1135898950
0.0021367521
0.0
0.0943609874
0.1299376299
0.1224110072
0.1309997904
0.1340123291
0.1320794590
0.1155001155
0.1081595570
0.1226452119
0.1362917734
0.0
0.0985182850
0.1385502106
0.0
0.1259382399
0.1362917734
0.1169754819
0.1192236158
0.1152233028
0.1150853934
0.1355233913
0.0
0.1272718017
0.1401659565
0.1205690861
0.1261034048
0.0977173233
0.1231951905
0.0028490028
0.1417153223
0.0
0.1105216622
0.0000000000
0.1273560876
0.0
0.0
0.1160577503
0.0021367521
0.1346692523
0.1057798088
0.1107763205
0.1260207682
0.1325345915
0.1326259947
0.1263519660
0.1125264437
0.1256913022
0.0
0.1043449226
0.1401659565
0.1161278335
0.0000000000
0.1436203826
0.1133889695
0.1196687569
0.1396570024
0.1228018469
0.1190759705
0.1326259947
0.1163385918
0.0000000000
0.0000000000
0.1159178374
0.1112248076
0.1402681928
0.0000000000
0.1148791471
0.0950136820
0.1215598561
0.1060130608
0.1228803146
0.1007901951
0.1102681722
0.1336398140
0.0
0.0
0.0768615877
0.0
0.1056635672
0.1115473853
0.0
0.1318982800
0.1139938899
0.0
0.0970270900
0.1203427361
0.1096395053
0.1369712908
0.1052587259
0.1186352204
0.1331770722
0.0
0.0968316678
0.1105216622
0.1167624118
0.1337327485
0.1192236158
0.1060715346
0.1350475367
0.1067190301
0.1144007688
0.1448100093
0.1148105626
0.0
0.0
0.1157782615
0.1279492297
0.0
0.1174039636
0.0832140598
0.0
0.1231163203
0.0
0.1014281078
0.1066007164
0.1345750121
0.0
0.1054318489
0.0964915666
0.1256092046
0.1066007164
0.1127243214
0.0
0.1328091798
0.0000000000
0.1347636246
0.1341057826
0.0000000000
0.0
0.1271035640
0.0042735043
0.0000000000
0.1185620791
0.1394544542
0.1063648741
0.1313577133
0.0
0.1460195082
0.1245516142
0.1094523007
0.1350475367
0.0
0.1267684195
0.0
0.1243904866
0.0000000000
0.0965884944
0.0000000000
0.1240694789
0.0912708554
0.1273560876
0.0021367521
0.1274404853
0.1247131597
0.0949667616
0.0000000000
0.1153615431
0.1272718017
0.0843085017
0.0839038797
0.1255272143
0.1124606388
0.1423447019
0.0000000000
0.0
0.0000000000
0.1016425435
0.1072547085
0.1245516142
0.1104581805
0.1148791471
0.1150853934
0.0868990928
0.0000000000
0.0823587547
0.1416109664
0.1063648741
0.1125264437
0.0
0.0
0.1174039636
0.0000000000
0.0000000000
0.1149478137
0.1003693592
0.1150853934
0.1051436262
0.0765556100
0.1267684195
0.1133889695
0.1211005619
0.0021367521
0.0042735043
0.1299376299
0.0
0.0950606487
0.1129228962
0.1002124504
0.1161278335
0.1148791471
0.1204180916
0.0000000000
0.0988220413
0.1256913022
0.0000000000
0.1040063236
0.0983671060
0.1095770327
0.1014281078
0.1063648741
0.1276096167
0.0028490028
0.1109680856
0.0000000000
0.1064826646
0.1207204597
0.0000000000
0.0
0.0000000000
0.1305551204
0.0953907204
0.1052587259
0.1112891738
0.1198925763
0.1123949108
0.1139938899
0.0946396124
0.0
0.0000000000
0.0021367521
0.0737376121
0.0661533169
0.0000000000
0.1088328762
0.0000000000
0.1125923257
0.1276096167
0.0000000000
0.1098273514
0.1064826646
0.1226452119
0.0000000000
0.1139938899
0.1016425435
0.1161980014
0.1046287771
0.0021367521
0.0
0.1066007164
0.0984174474
0.0000000000
0.0
0.0977670017
0.1279492297
0.0984174474
0.0000000000
0.1008959561
0.0021367521
0.1232741617
0.1022369443
0.0768615877
0.0000000000
0.0839771582
0.1099529401
0.0000000000
0.0
0.0934439710
0.1190759705
0.0910979120
0.0000000000
0.0969781605
0.1163385918
0.0000000000
0.1339190058
0.0910547786
0.0000000000
0.0000000000
0.0000000000
0.0000000000
0.0914444566
0.1152233028
0.0000000000
0.1174039636
0.0843085017
0.0000000000
0.0000000000
0.0908397224
0.0000000000
0.0840138455
0.0021367521
0.1244709983
0.0000000000
0.0938086304
0.0000000000
0.0000000000
0.0000000000
0.0936259456
0.0000000000
0.0000000000
0.0000000000
0.0000000000
0.1204935415
0.0021367521
0.0028490028
0.1258558196
0.0952018279
0.0943147093
0.1159178374
0.0000000000
0.0000000000
0.0966370313
0.0000000000
0.0
0.0000000000
0.0840138455
0.1145370413
0.0000000000
0.0000000000
0.0021367521
0.0914444566
0.1032801785
0.1236705417
0.0944536799
0.0000000000
0.0000000000
0.0936715501
0.0908397224
0.0021367521
0.0000000000
0.0000000000
0.0000000000
0.0000000000
0.0000000000
0.0042735043
0.0
0.0
0.0000000000
0.0000000000
0.0000000000
0.0000000000
0.0000000000
0.0000000000
0.1080380294
0.1067190301
0.0000000000
0.0028490028
0.0028490028
0.0000000000
0.0021367521
0.0000000000
0.0000000000
0.0021367521
0.1106488448
0.0000000000
0.0000000000
0.0940839982
0.0977173233
0.0000000000
0.0000000000
0.1169043722
0.1174039636
0.1147420598
0.0912708554
0.0000000000
0.0000000000
0.0000000000
0.0877716533
0.0000000000
0.0000000000
0.0000000000
0.0000000000
0.0000000000
0.0000000000
0.0000000000
0.0889901399
0.0000000000
0.0000000000
0.0000000000
0.0000000000
0.0000000000
0.0000000000
0.0000000000
0.0000000000
0.0000000000
0.0021367521
0.0000000000
0.1016425435
0.0000000000
0.0000000000
0.0000000000
0.0000000000
0.0000000000
0.0000000000
0.0000000000
0.0000000000
0.0000000000
0.0000000000
0.0000000000
0.1019118666
0.0000000000
0.0000000000
0.0000000000
0.0000000000
0.0000000000
0.0000000000
0.0000000000
0.0000000000
0.0000000000
0.0000000000
0.0028490028
0.0000000000
0.0000000000
0.0000000000
0.0000000000
0.0000000000
0.1061300730
0.0000000000
0.0000000000
0.0000000000
0.0000000000
0.0000000000
0.0000000000
0.0000000000
0.0000000000
0.0000000000
0.0000000000
0.0839771582
0.0000000000
0.0000000000
0.0974696869
0.0000000000
0.0000000000
0.0000000000
0.0000000000
0.0000000000
0.0000000000
0.0000000000
0.0000000000
0.0000000000
0.0000000000
0.0000000000
0.0000000000
