0.0
0.0
0.0
0.0
0.0
0.0
0.0
0.0
0.0
0.0
0.0
0.0
0.0
0.0
0.0
0.1085881860
0.0
0.0
0.0
0.0
0.0
0.0
0.0
0.0
0.0
0.0
0.0
0.0
0.0
0.0908915578
0.0
0.1112804551
0.0
0.0
0.0
0.0
0.0
0.0953993375
0.0
0.0
0.1217758985
0.0
0.0
0.0
0.0945381599
0.0
0.0
0.0
0.0
0.1082141739
0.0
0.0
0.0843818670
0.0
0.1291158157
0.0
0.0
0.0
0.0
0.0
0.0
0.0
0.0
0.0
0.0
0.0
0.0
0.0
0.0
0.0
0.1068645640
0.1153666407
0.1169411234
0.0
0.0738093543
0.0
0.1054301403
0.0
0.1149445676
0.0
0.1266862170
0.1065023112
0.0
0.1022283573
0.0996348261
0.0796068796
0.0
0.1034627283
0.0994246260
0.0690509491
0.0
0.0
0.0
0.0
0.0
0.0
0.0819604743
0.0868705488
0.0
0.0
0.0
0.0832637327
0.0000000000
0.0000000000
0.0
0.0
0.0
0.0
0.0
0.1289391867
0.0992153110
0.1055482032
0.1107573977
0.0952066116
0.0607310216
0.1112804551
0.1014580683
0.0
0.0
0.0
0.0
0.0
0.1074738261
0.1139716390
0.0
0.0992153110
0.0
0.0
0.0
0.0
0.0
0.1055482032
0.0934138211
0.0
0.0
0.0961781076
0.1124755912
0.0
0.0
0.0667998196
0.1112804551
0.0
0.0978759558
0.0
0.0948234864
0.0
0.0045454545
0.0
0.1175243709
0.0997402597
0.0000000000
0.0908915578
0.0045454545
0.0843818670
0.0
0.0935993500
0.1101104503
0.0
0.0865514651
0.0625860196
0.1017867661
0.0
0.1000579039
0.0999517979
0.1005918308
0.0833373523
0.0000000000
0.0
0.0
0.0750434279
0.0
0.1175243709
0.0
0.0
0.0896808235
0.0915981977
0.0
0.0
0.0960800667
0.0045454545
0.0792055004
0.0
0.0925879621
0.0000000000
0.0045454545
0.0
0.0
0.0626692456
0.0997402597
0.1082141739
0.0
0.1220913801
0.0974710915
0.0
0.0081818182
0.1090909091
0.1103683202
0.0981818182
0.0
0.0905423107
0.0830436524
0.1114119923
0.0
0.1110183103
0.1132867133
0.0
0.0
0.0951105403
0.0000000000
0.0
0.0090909091
0.1059039837
0.0
0.0
0.0965722802
0.0
0.1233698239
0.0
0.0846851262
0.0
0.0
0.0673727988
0.0867107134
0.0952066116
0.0998459168
0.0993198582
0.0
0.0000000000
0.0
0.0060606061
0.1014580683
0.1124755912
0.0000000000
0.0045454545
0.0717856401
0.0805594406
0.0925879621
0.0060606061
0.0045454545
0.0572975960
0.0828975774
0.0
0.0
0.1073514185
0.0940664126
0.0831168831
0.0
0.0000000000
0.0
0.0811839323
0.0673727988
0.0
0.1089647924
0.0045454545
0.0000000000
0.0838563572
0.0
0.0686486129
0.0000000000
0.0000000000
0.0045454545
0.0136363636
0.0
0.0090909091
0.0952066116
0.0929532006
0.0
0.0000000000
0.0
0.0763813172
0.0081818182
0.0
0.0748051948
0.1128796952
0.0737516005
0.0919556541
0.1031231351
0.0761960755
0.0943488943
0.0000000000
0.0947281864
0.0060606061
0.0739251337
0.0965722802
0.0000000000
0.0
0.0842310505
0.0740994854
0.0000000000
0.0
0.0060606061
0.0081818182
0.1166516652
0.0571586085
0.0
0.0
0.0000000000
0.0707085862
0.0000000000
0.0000000000
0.0000000000
0.1103683202
0.0770683119
0.0000000000
0.0
0.0848375747
0.0
0.0000000000
0.0
0.0908915578
0.0622553140
0.0971696345
0.0000000000
0.0000000000
0.0000000000
0.0932290262
0.0527150702
0.0090909091
0.0000000000
0.0
0.0811839323
0.0568826466
0.0000000000
0.0000000000
0.0045454545
0.0556074014
0.0625030142
0.0000000000
0.0925879621
0.0676629903
0.0752831833
0.0613636364
0.0000000000
0.1087134319
0.1093440202
0.0000000000
0.0045454545
0.0060606061
0.0000000000
0.0842310505
0.0000000000
0.0000000000
0.0045454545
0.0060606061
0.0000000000
0.0978759558
0.0991109837
0.0000000000
0.0
0.0000000000
0.0707085862
0.0045454545
0.0738093543
0.0000000000
0.0
0.0000000000
0.0924064171
0.0
0.0000000000
0.0000000000
0.0000000000
0.0000000000
0.0000000000
0.0000000000
0.0000000000
0.0000000000
0.0000000000
0.0000000000
0.0000000000
0.0000000000
