0.0
0.0
0.0
0.0
0.0
0.0
0.2012195122
0.0
0.0
0.0
0.0
0.0
0.2450495050
0.0
0.0
0.2045454545
0.0
0.0
0.0
0.0
0.0
0.0
0.0
0.0
0.2190265487
0.0
0.0
0.2357142857
0.2357142857
0.2379807692
0.0
0.1556603774
0.1718750000
0.0
0.0
0.0
0.1607142857
0.0000000000
0.1964285714
0.0
0.1309523810
0.1755319149
0.2475000000
0.1889312977
0.2402912621
0.1860902256
0.0
0.0
0.0
0.2062500000
0.0
0.1980000000
0.1482035928
0.0
0.0000000000
0.0
0.2357142857
0.1833333333
0.2028688525
0.1706896552
0.2270642202
0.2133620690
0.0
0.2291666667
0.0000000000
0.0
0.2450495050
0.0000000000
0.1119909502
0.0
0.1833333333
0.0000000000
0.2551546392
0.0000000000
0.1903846154
0.0
0.0000000000
0.0000000000
0.0000000000
0.1833333333
0.0000000000
0.1596774194
0.0000000000
