0.0
0.0
0.0
0.0
0.0
0.0
0.0
0.2173631929
0.0
0.0
0.0
0.0
0.0
0.0
0.0
0.0
0.0
0.0
0.0
0.0
0.1574521534
0.0
0.0
0.2166818035
0.0
0.0
0.0
0.0
0.0
0.0
0.0
0.2045014655
0.1980558605
0.2063328219
0.0
0.0
0.0
0.1833461415
0.0
0.0
0.0
0.0
0.0
0.0
0.0
0.0
0.0
0.0
0.0
0.0
0.0
0.0
0.0
0.2081972751
0.0
0.0
0.0
0.2069505848
0.0
0.1818986719
0.0
0.0
0.0
0.2433855469
0.2009345794
0.2038982163
0.1626388125
0.0
0.1732368304
0.0
0.2266278535
0.2477472951
0.2391747243
0.0
0.0
0.2343101537
0.2327323075
0.2229725656
0.0
0.0
0.0
0.0
0.2251514506
0.0
0.0
0.1952584614
0.1930768026
0.0
0.2367174498
0.2288791236
0.0
0.2343101537
0.2495360842
0.2194333185
0.0
0.0
0.1969273371
0.0
0.2258872396
0.1790712314
0.2139984375
0.0
0.1489687399
0.1858104713
0.0
0.0
0.0
0.1786085151
0.0
0.0
0.2027023323
0.1818986719
0.0
0.1673643955
0.1818986719
0.0
0.2027023323
0.0000000000
0.0
0.0
0.2069505848
0.0
0.0
0.2244204394
0.1843239875
0.1790712314
0.2088262699
0.1786085151
0.0
0.2229725656
0.2063328219
0.1904173425
0.1786085151
0.2522682311
0.2187389093
0.2015203945
0.1690012111
0.1732368304
0.2133379485
0.0
0.1574521534
0.2003521604
0.0
0.0000000000
0.2100957305
0.0
0.2531922906
0.1781481838
0.1749911274
0.0
0.2038982163
0.0
0.0
0.1963678845
0.0
0.1809463228
0.1607476636
0.0
0.0000000000
0.0
0.2222556120
0.0000000000
0.2281237470
0.2100957305
0.1355323438
0.1758816675
0.0093457944
0.0
0.1925389842
0.1542890521
0.0
0.1622570313
0.2319513266
0.0000000000
0.0
0.1763303452
0.0000000000
0.0000000000
0.2094590767
0.1614988209
0.0000000000
0.0000000000
0.1480117673
0.1355323438
0.1863113082
0.1665578201
0.1649677693
0.0000000000
0.0000000000
0.0000000000
0.0000000000
0.0000000000
0.0000000000
0.0093457944
0.0000000000
0.1387981834
0.1749911274
0.1464438460
0.0000000000
0.0000000000
0.0000000000
