0.0
0.0
0.0
0.0
0.0
0.0
0.0
0.1956909938
0.0
0.0
0.0
0.0
0.0
0.0
0.0
0.0
0.0
0.0
0.0
0.0
0.1366420904
0.0
0.0
0.1640523301
0.0
0.0
0.0
0.0
0.0
0.0
0.0
0.1978103908
0.1339693845
0.1497089570
0.0
0.0
0.0
0.1113688583
0.0
0.0
0.0
0.0
0.0
0.0
0.0
0.2273588310
0.0
0.0
0.0
0.0
0.0
0.0
0.0
0.1733970831
0.0
0.0
0.0
0.1675641537
0.0
0.1635626217
0.0
0.1317150920
0.0
0.1963923952
0.1670532874
0.1902551329
0.0000000000
0.0
0.1863723750
0.0
0.1851131022
0.1851131022
0.1820381338
0.0
0.0
0.1902551329
0.2321757553
0.1509462211
0.0
0.0
0.0
0.0000000000
0.1645449798
0.0
0.1461159420
0.2218359444
0.1363021847
0.0
0.2227377165
0.1832557801
0.0
0.1870084582
0.1570013704
0.2227377165
0.0
0.1733970831
0.0144927536
0.1160878777
0.2174344375
0.1526280732
0.2254875649
0.0
0.2183007102
0.1298423655
0.0
0.0
0.0
0.1286231884
0.0
0.0
0.2091354132
0.1701660816
0.0
0.2044532771
0.1539142648
0.0
0.1655392092
0.0000000000
0.0
0.1701660816
0.1113688583
0.0
0.0
0.2021899567
0.0144927536
0.1625919236
0.1784803852
0.1484918110
0.1660408432
0.1419520162
0.1579062774
0.1539142648
0.1480904818
0.2099366983
0.1434384248
0.1530544085
0.1999761980
0.0000000000
0.0217391304
0.0000000000
0.1016576591
0.1773251724
0.1745015231
0.0000000000
0.2115578311
0.0
0.1902551329
0.1696392516
0.0000000000
0.0
0.1286231884
0.0000000000
0.0
0.1175825714
0.0000000000
0.1383673693
0.1168304441
0.0000000000
0.0000000000
0.0000000000
0.1733970831
0.0000000000
0.1449562917
0.0000000000
0.0000000000
0.1802417048
0.0000000000
0.0000000000
0.0000000000
