0.0
0.0
0.0
0.0
0.1267800523
0.0
0.1458619987
0.0
0.0
0.1138369474
0.0
0.1191879436
0.0
0.1337419627
0.0
0.1274785650
0.0
0.1324974062
0.0
0.0
0.1503646437
0.0998914606
0.0
0.0
0.0
0.1241441156
0.1221774762
0.1246457080
0.1332605302
0.1306272946
0.0
0.0
0.1449482196
0.1258320030
0.1375177388
0.1300765119
0.1364030040
0.1231529450
0.1339355111
0.0
0.0
0.1463232225
0.1410814607
0.1354051766
0.0
0.1367052263
0.1405458439
0.1254907637
0.1220163984
0.1185012013
0.1247297011
0.1097858104
0.1395919128
0.1394867192
0.1368062649
0.0
0.1281848175
0.0
0.1098509652
0.1439338075
0.0
0.0022471910
0.1291687902
0.1388588720
0.0
0.1440458182
0.0
0.0929211227
0.1237291955
0.1369074530
0.1440458182
0.1457471468
0.1130720076
0.1390675255
0.1273908303
0.1275664207
0.1172253809
0.0895062265
0.0927813917
0.1239778141
0.1323079889
0.1349117175
0.1386508437
0.0
0.1348134570
0.1325923183
0.1293493196
0.0
0.0977807060
0.1023776971
0.1316492720
0.0
0.1309044388
0.1150396994
0.0022471910
0.0
0.0938635276
0.1310898558
0.1255758999
0.1333565392
0.1342268864
0.1322134831
0.1175230961
0.1083082951
0.1314622702
0.1368062649
0.0
0.1161951515
0.1433763566
0.0
0.1262611708
0.1313689683
0.1155423698
0.1188817446
0.1171511876
0.1167079927
0.1364030040
0.0
0.1283626050
0.1415129024
0.1201940756
0.1205070810
0.1105728055
0.1222581746
0.0022471910
0.1407596018
0.0
0.1117746838
0.0000000000
0.1306272946
0.0
0.0
0.1135575929
0.1132103220
0.1364030040
0.0903803107
0.1115725596
0.1284516838
0.1319307743
0.1339355111
0.1226632713
0.1141880792
0.1252360463
0.0
0.0000000000
0.1430439539
0.1200381818
0.0000000000
0.1417296144
0.1170770882
0.1198826920
0.1383399674
0.1263473559
0.1216955137
0.1296210619
0.1182740424
0.0000000000
0.0000000000
0.1189581468
0.1124537524
0.1398027767
0.0000000000
0.1139771406
0.1000534467
0.1221774762
0.1137669800
0.1243944062
0.1036387886
0.1097858104
0.1324974062
0.0
0.0
0.0786316382
0.0
0.1073659376
0.1103092231
0.0
0.1326873666
0.1190346472
0.0
0.1007615005
0.1053493890
0.1130029770
0.1319307743
0.1065010796
0.1181230864
0.1208217209
0.0
0.1005425727
0.1182740424
0.1146833187
0.1361021150
0.1178973735
0.1100468944
0.1375177388
0.1042223403
0.1127963903
0.1446084972
0.1148256057
0.0
0.0
0.1185012013
0.1242274338
0.0
0.1135575929
0.0875171992
0.0
0.1213763124
0.0
0.0974204613
0.1084351941
0.1305351738
0.0
0.1015910408
0.0992487273
0.1271283492
0.1084987552
0.1134184292
0.0
0.1335489729
0.0000000000
0.1327825512
0.1323079889
0.0000000000
0.0
0.1254057428
0.0022471910
0.0000000000
0.1217755766
0.1370087908
0.1058918057
0.1255758999
0.0
0.1389631204
0.1273908303
0.1076782294
0.1365035962
0.0
0.1297118966
0.0
0.1261751032
0.0000000000
0.0957573080
0.0000000000
0.1259176030
0.0910023974
0.1263473559
0.0000000000
0.1282736496
0.1254907637
0.0967584299
0.0000000000
0.1117072278
0.1264336587
0.0871874123
0.0860524762
0.1267800523
0.1129340308
0.1437103078
0.0000000000
0.0
0.0000000000
0.1014796472
0.1014796472
0.1243108639
0.1156867978
0.1139771406
0.1181985162
0.0867786575
0.0000000000
0.0820473743
0.1377223783
0.1072415275
0.1141880792
0.0
0.0
0.0000000000
0.0000000000
0.0000000000
0.1151112415
0.1001075589
0.1171511876
0.1021516978
0.0765187583
0.1256611517
0.1122491670
0.1250668084
0.0963554796
0.0044943820
0.1323079889
0.0
0.0942458637
0.1095908090
0.0929211227
0.1229076205
0.1170770882
0.1201940756
0.0000000000
0.1031191512
0.1212967735
0.0000000000
0.0968090358
0.1012575910
0.1102435238
0.0000000000
0.1070554519
0.0976259897
0.0029962547
0.1115053472
0.0000000000
0.1078036554
0.1195729176
0.0992487273
0.0
0.0022471910
0.1155423698
0.1009813837
0.1054093829
0.1134879684
0.1245618280
0.1123172794
0.1173740497
0.0951176138
0.0
0.0000000000
0.0000000000
0.0771566805
0.0689381290
0.0000000000
0.1065623929
0.0000000000
0.1145413839
0.1300765119
0.0000000000
0.0000000000
0.1083082951
0.1152545930
0.0000000000
0.1173740497
0.1009263230
0.1201160781
0.1048125008
0.0022471910
0.0000000000
0.1078036554
0.1034649952
0.0000000000
0.0987720792
0.0977807060
0.1272157226
0.0000000000
0.0000000000
0.1011469270
0.0000000000
0.1256611517
0.1027756116
0.0786316382
0.0000000000
0.0834154468
0.1109705494
0.0000000000
0.0
0.1042810571
0.1229076205
0.0849467078
0.0000000000
0.0968090358
0.1122491670
0.0000000000
0.1328778725
0.0000000000
0.0000000000
0.0000000000
0.0000000000
0.0000000000
0.0928744989
0.1171511876
0.0000000000
0.1010916856
0.0871874123
0.0000000000
0.0000000000
0.0793054312
0.0000000000
0.0849467078
0.0022471910
0.1234815720
0.0000000000
0.0000000000
0.0000000000
0.0000000000
0.0000000000
0.0941979015
0.0000000000
0.0000000000
0.0000000000
0.0000000000
0.1229892866
0.0000000000
0.0029962547
0.1259176030
0.0877245860
0.0953135306
0.1189581468
0.0000000000
0.0000000000
0.0977807060
0.0000000000
0.1045756364
0.0000000000
0.0849467078
0.0000000000
0.0000000000
0.0000000000
0.0022471910
0.0000000000
0.0000000000
0.1149682462
0.0939588205
0.0000000000
0.0000000000
0.0000000000
0.0793054312
0.0000000000
0.1044576052
0.0000000000
0.0000000000
0.0000000000
0.0000000000
0.0022471910
0.0000000000
0.0
0.0000000000
0.0000000000
0.0000000000
0.0000000000
0.0000000000
0.0000000000
0.0000000000
0.1013684975
0.0000000000
0.0022471910
0.0000000000
0.0000000000
0.0000000000
0.0000000000
0.0000000000
0.0000000000
0.0000000000
0.0000000000
0.0000000000
0.0000000000
0.0000000000
0.0000000000
0.0000000000
0.1188817446
0.0000000000
0.1139771406
0.0919974535
0.0000000000
0.0000000000
0.0000000000
0.0877245860
0.0000000000
0.0000000000
0.0000000000
0.0000000000
0.0000000000
0.0000000000
0.0000000000
0.0000000000
0.0000000000
0.0000000000
0.0000000000
0.0000000000
0.0000000000
0.0000000000
0.0000000000
0.0000000000
0.0000000000
0.0000000000
0.0000000000
0.1009263230
0.0000000000
0.0000000000
0.0000000000
0.0000000000
0.0000000000
0.0000000000
0.0000000000
0.0000000000
0.0000000000
0.0000000000
0.0000000000
0.0000000000
0.0000000000
0.0000000000
0.0000000000
0.0000000000
0.0000000000
0.0000000000
0.0000000000
0.0000000000
0.0000000000
0.0000000000
0.0000000000
0.0000000000
0.0000000000
