0.0
0.0
0.0
0.0
0.0
0.0
0.0939095373
0.0
0.0
0.0
0.0
0.0
0.0
0.0
0.0
0.0996085329
0.0
0.0
0.0
0.0
0.0
0.0
0.0
0.0
0.0
0.0
0.0
0.0
0.0
0.0000000000
0.0
0.1091087687
0.0
0.0
0.0
0.0
0.0900993651
0.0000000000
0.0065359477
0.0
0.1001369602
0.0
0.0
0.0873880416
0.0685147622
0.0
0.0
0.0
0.0
0.0988262670
0.0
0.0
0.0857991682
0.0
0.0892473617
0.0
0.0936765111
0.1113617522
0.0
0.0
0.0
0.0
0.0
0.0
0.0
0.0
0.0
0.0
0.0
0.0
0.0793101554
0.0835213141
0.0873880416
0.0
0.0838925200
0.0
0.0923022836
0.0
0.0065359477
0.0
0.0990856535
0.1028654877
0.0
0.1183436802
0.1116912248
0.0733041437
0.0
0.1110342176
0.0894588483
0.0690157843
0.0
0.0
0.0
0.0
0.0
0.0
0.0000000000
0.0606939453
0.0
0.0
0.0
0.0000000000
0.0000000000
0.0065359477
0.0
0.0000000000
0.0
0.0
0.0
0.1051577548
0.0000000000
0.0000000000
0.1087943343
0.1094250260
0.0750529503
0.1233713529
0.1017564258
0.0000000000
0.0138408304
0.0
0.0
0.0
0.0721828566
0.0779992438
0.0
0.0727391792
0.0
0.0
0.0
0.0000000000
0.0
0.0932139111
0.0065359477
0.0
0.0065359477
0.0932139111
0.0000000000
0.0
0.0196078431
0.0653142457
0.0850262027
0.0
0.0065359477
0.0
0.0065359477
0.0
0.0670544121
0.0
0.1097431221
0.0604994134
0.0000000000
0.0000000000
0.0773599057
0.0882047523
0.0
0.0000000000
0.0779992438
0.0909677927
0.0000000000
0.0606939453
0.0687643606
0.0
0.0776782592
0.1006710240
0.0000000000
0.0000000000
0.0000000000
0.0000000000
0.0
0.0817134935
0.0
0.0813612801
0.1069451388
0.0
0.0000000000
0.0261437908
0.0
0.0
0.0898848428
0.0770441510
0.0000000000
0.0
0.0000000000
0.0000000000
0.0000000000
0.0000000000
0.0793101554
0.0606939453
0.0700401373
0.0690157843
0.0
0.1150964451
0.1094250260
0.0
0.0000000000
0.0808386167
0.0746079723
0.0719078743
0.0
0.0000000000
0.0065359477
0.0690157843
0.0065359477
0.0653142457
0.0000000000
0.0
0.0631298227
0.0065359477
0.0000000000
0.0
0.0000000000
0.0168067227
0.0762659272
0.0
0.1020314432
0.0
0.0606939453
0.0
0.0764203117
0.0156862745
0.0985682350
0.0000000000
0.0000000000
0.0000000000
0.0000000000
0.0744608165
0.0000000000
0.0000000000
0.0000000000
0.0000000000
0.0000000000
0.0629193900
0.0000000000
0.0000000000
0.0156862745
0.0235294118
0.0000000000
0.0000000000
0.0000000000
0.0000000000
0.0000000000
0.0000000000
0.0000000000
0.0789783138
0.0606939453
0.0606939453
0.0000000000
0.0000000000
0.0
0.0000000000
0.0000000000
0.0000000000
0.0000000000
0.0000000000
0.0000000000
0.0000000000
0.0000000000
0.0000000000
0.0000000000
