0.0
0.0
0.0
0.0
0.1350336503
0.0
0.1516311095
0.0
0.0
0.1223071006
0.0
0.1332332016
0.0
0.1252191744
0.0
0.1253762876
0.1014466002
0.1095667776
0.0
0.1454510934
0.0854789574
0.0785573123
0.0
0.0
0.0
0.1152536346
0.0823104623
0.1152536346
0.1352163751
0.1282733006
0.0
0.0
0.1366961713
0.1261678045
0.1276180092
0.1344884269
0.1232119620
0.0994277624
0.0741832971
0.0
0.0
0.1482565299
0.1286034764
0.1020683362
0.0
0.1241303120
0.0967327214
0.1242847030
0.0753013573
0.1051841065
0.1179750899
0.1208281756
0.1263273087
0.1105363951
0.1296042817
0.1403439623
0.1132935388
0.1523245445
0.0965457982
0.1409378014
0.0
0.1051841065
0.0000000000
0.1309631732
0.0
0.1343076629
0.0
0.1269693789
0.1195273938
0.0984481785
0.1277812036
0.1294364005
0.1224569867
0.1249061265
0.1185348769
0.1302801841
0.1080269202
0.1099283841
0.0660878976
0.1025923010
0.1139394540
0.1423431641
0.1242847030
0.0
0.1341273841
0.1164625888
0.1239763042
0.0833402012
0.0915063198
0.0039525692
0.1484768220
0.0
0.0666610415
0.1067573731
0.1075617881
0.1112749456
0.1014466002
0.1191000014
0.0955304983
0.1203914472
0.1052949433
0.1094467702
0.1038720387
0.0735824015
0.0958052744
0.1419387801
0.0
0.0962667641
0.1281088477
0.0
0.1032282037
0.1092075423
0.0000000000
0.0990335988
0.0039525692
0.1161917456
0.1000249261
0.1005280696
0.0663952832
0.1168712295
0.0986425481
0.0000000000
0.0039525692
0.0000000000
0.0000000000
0.1126549055
0.0052700922
0.1161917456
0.1201020447
0.0851874690
0.0
0.0
0.0079051383
0.0039525692
0.1348514186
0.0000000000
0.1174205654
0.0891390733
0.0000000000
0.1120234318
0.1010363005
0.1227578639
0.0930399452
0.0
0.1182543209
0.1332332016
0.0921816432
0.0000000000
0.1061901182
0.1049631315
0.0000000000
0.1313073603
0.0753013573
0.1125280419
0.0781273661
0.0867403656
0.0000000000
0.0000000000
0.1074461303
0.0000000000
0.1183944327
0.0000000000
0.1087322102
0.0079051383
0.1205366721
0.1057406362
0.1055173191
0.0948954427
0.0547233851
0.1161917456
0.0
0.0
0.0000000000
0.0000000000
0.0000000000
0.0000000000
0.0
0.1074461303
0.1002255779
0.0
0.1141998871
0.0000000000
0.0851874690
0.0551766434
0.0000000000
0.0896991932
0.1045239552
0.0799399209
0.0000000000
0.0872706561
0.0079051383
0.1035491204
0.1046334044
0.0000000000
0.1178359684
0.0000000000
0.0661754312
0.1058526496
0.0000000000
0.0728315606
0.0
0.0551766434
0.0052700922
0.0
0.0039525692
0.0000000000
0.0000000000
0.0000000000
0.1005280696
0.0052700922
0.0000000000
0.0600510223
0.0
0.0000000000
0.0901849289
0.0905937454
0.0052700922
0.0000000000
0.0599070151
0.0857724474
0.0000000000
0.0549037919
0.1152536346
0.0000000000
0.0
0.0039525692
0.0000000000
0.0000000000
0.0604506359
0.1031216731
0.0039525692
0.0905116859
0.0
0.1068715521
0.1012410346
0.0000000000
0.0000000000
0.0000000000
0.0755290258
0.0000000000
0.0039525692
0.0000000000
0.0000000000
0.0000000000
0.0505181502
0.0052700922
0.1043057424
0.0000000000
0.0906759539
0.0000000000
0.1203914472
0.0000000000
0.0000000000
0.0039525692
0.0967327214
0.0789296218
0.0000000000
0.0000000000
0.0000000000
0.0000000000
0.0000000000
0.0000000000
0.0000000000
0.0000000000
0.0000000000
0.0000000000
0.0039525692
0.0000000000
0.0039525692
0.0052700922
0.0000000000
0.1201020447
0.0000000000
0.0000000000
0.0000000000
0.0878846976
0.0000000000
0.0000000000
0.0000000000
0.0039525692
0.0039525692
0.0000000000
0.0000000000
0.0000000000
0.0000000000
0.0000000000
0.0000000000
0.0039525692
0.0000000000
0.0974877085
0.0000000000
0.0000000000
