0.0
0.0
0.0
0.0
0.0
0.0
0.0
0.1861111111
0.0
0.0
0.0
0.0
0.0
0.0
0.0
0.0
0.0
0.0
0.0
0.0
0.1309128026
0.0
0.0
0.1646131280
0.0
0.0
0.0
0.0
0.0
0.0
0.0
0.1918376068
0.1326536643
0.1475673899
0.0
0.0
0.0
0.1070338579
0.0
0.1484457672
0.0
0.0
0.0
0.0
0.0
0.1940769563
0.0
0.0
0.0
0.0
0.0
0.0
0.0
0.1548999310
0.0
0.0
0.0
0.1651582046
0.0
0.1583421517
0.0
0.1298900463
0.0
0.1955991285
0.1668153103
0.1708143075
0.0000000000
0.0
0.1781349206
0.0
0.1833741830
0.1377839165
0.1690772128
0.0
0.0
0.1840508405
0.2267171717
0.1454162617
0.0
0.0
0.0
0.0000000000
0.1393234016
0.0
0.1433269476
0.2216790123
0.1408976773
0.0
0.2236671649
0.1813737374
0.0
0.1800641797
0.1466993464
0.2149904215
0.0
0.1640716374
0.0148148148
0.1187566138
0.2168599034
0.1506881504
0.2178068899
0.0
0.1820356853
0.1246944444
0.0
0.0
0.0
0.1234598460
0.0
0.0
0.1875104428
0.1685060060
0.0
0.1868081565
0.1480052753
0.0
0.1497831164
0.1416982323
0.0
0.1743978244
0.1070338579
0.0
0.0
0.1987162461
0.0148148148
0.1568483578
0.1511447811
0.1466993464
0.1629992738
0.1285509737
0.1529993183
0.1475673899
0.1441554271
0.1979276896
0.1385493827
0.1181937862
0.1889309764
0.0000000000
0.0222222222
0.0000000000
0.0000000000
0.1714012982
0.1714012982
0.0000000000
0.1963692038
0.0
0.1401061174
0.1502342704
0.0000000000
0.0
0.0000000000
0.0000000000
0.0
0.0000000000
0.0000000000
0.0000000000
0.0000000000
0.0000000000
0.0000000000
0.0000000000
0.1725874664
0.0000000000
0.1228516694
0.0000000000
0.0000000000
0.0000000000
