0.0
0.0
0.0
0.0
0.0
0.0809190809
0.0
0.1082887701
0.0
0.0
0.0
0.1132867133
0.0909090909
0.0
0.0
0.0
0.0
0.0
0.0846394984
0.0
0.1067193676
0.0
0.0
0.0968899522
0.0
0.0
0.0568181818
0.0
0.0
0.0
0.0
0.1067193676
0.0727272727
0.1314935065
0.0
0.0
0.0
0.0667903525
0.0
0.0710227273
0.0
0.0
0.0
0.1128526646
0.0
0.1168831169
0.0
0.1416083916
0.0606060606
0.0
0.0
0.1150568182
0.0861244019
0.1443850267
0.1115702479
0.0
0.0473484848
0.1291866029
0.0
0.1168831169
0.0
0.0962566845
0.0
0.1566731141
0.0861244019
0.0710227273
0.0405844156
0.0
0.0473484848
0.0667903525
0.0761099366
0.0227272727
0.0995085995
0.0856236786
0.0000000000
0.0000000000
0.0818181818
0.0856236786
0.0
0.0
0.0227272727
0.0000000000
0.1128526646
0.0000000000
0.0818181818
0.0000000000
