0.0
0.0
0.0
0.0
0.0
0.0
0.0
0.0
0.0
0.0
0.0
0.0
0.0
0.0
0.0
0.0
0.0
0.0
0.0
0.0
0.0
0.0
0.0
0.0
0.0
0.0
0.0
0.0
0.0
0.0
0.0
0.0
0.0
0.0
0.0
0.0
0.0
0.0
0.0
0.0
0.0
0.0
0.0
0.0
0.0
0.0
0.0
0.0
0.0
0.0
0.0
0.0
0.0
0.0
0.0
0.0
0.0
0.0
0.0
0.0
0.1075253115
0.0
0.0
0.0
0.0
0.0
0.0
0.0
0.0
0.0
0.0
0.0
0.0
0.0
0.0
0.1180021368
0.0
0.0
0.0
0.1018160029
0.0
0.0
0.0
0.0
0.0
0.0
0.0796208189
0.0
0.0
0.0
0.0
0.0
0.0
0.0
0.0
0.0
0.0
0.0
0.0
0.0
0.0
0.0
0.0
0.0
0.0
0.0
0.0
0.0
0.0
0.1300023540
0.0
0.0
0.0
0.0
0.0
0.0
0.0
0.0
0.1285498138
0.0796208189
0.0
0.0761934327
0.0
0.0
0.0
0.0
0.0
0.0
0.0
0.0
0.0
0.0
0.0
0.1271293738
0.0
0.0
0.0
0.1353553922
0.0
0.1090541074
0.0
0.1353553922
0.0
0.0
0.0
0.0
0.0
0.0
0.0
0.0
0.1139129538
0.0
0.0255208333
0.0
0.0
0.0
0.1192249568
0.0
0.0234375000
0.0
0.0
0.0000000000
0.0
0.0156250000
0.1174000850
0.0
0.0
0.0898844401
0.0
0.0
0.0
0.0909502635
0.0
0.0
0.0
0.0000000000
0.0
0.0
0.0
0.0000000000
0.0
0.0
0.1198459201
0.0950843664
0.0138888889
0.0
0.0
0.0
0.1271293738
0.0
0.0
0.0798972801
0.1156302345
0.0
0.0
0.0
0.0
0.0
0.0695178751
0.0
0.0
0.0
0.0
0.0
0.0234375000
0.0208333333
0.1111614332
0.0
0.0
0.1031857250
0.0
0.0
0.0
0.0000000000
0.1075253115
0.1045928030
0.0
0.0931595816
0.0845971201
0.0
0.0104166667
0.0
0.0924113119
0.1090541074
0.0
0.0156250000
0.0
0.0196314103
0.1307410038
0.0686878109
0.1162142256
0.0
0.0546565717
0.1117010518
0.0
0.1139129538
0.0104166667
0.0
0.0
0.0
0.0364583333
0.0865053258
0.1300023540
0.0000000000
0.0208333333
0.0
0.0000000000
0.0
0.0138888889
0.0686878109
0.0885016026
0.0
0.0104166667
0.0000000000
0.1156302345
0.0
0.0
0.0104166667
0.0000000000
0.0212673611
0.0
0.0255208333
0.0943049863
0.0
0.0
0.1198459201
0.0
0.0000000000
0.0364583333
0.0319010417
0.0000000000
0.0138888889
0.0000000000
0.0104166667
0.1085397013
0.0613611111
0.0104166667
0.0000000000
0.0000000000
0.0000000000
0.0000000000
0.0283564815
0.0000000000
0.0000000000
0.0138888889
0.0000000000
0.1036505255
0.0000000000
0.0000000000
0.1031857250
0.0000000000
0.0000000000
0.0000000000
0.0000000000
0.0000000000
