0.0
0.0
0.0
0.0
0.1244044733
0.0
0.1561341995
0.0
0.0
0.0976661248
0.0
0.1128903502
0.0
0.1386525070
0.0
0.1388899257
0.0
0.1378278957
0.0
0.0
0.1394870449
0.0933928804
0.0
0.0
0.0
0.1242139611
0.1136018440
0.1198105120
0.1461472372
0.1248833204
0.0
0.0
0.1485562575
0.1257545994
0.1380624964
0.1330791085
0.1387711148
0.1249795325
0.1184977599
0.0
0.0
0.1517525100
0.1527527620
0.1344021816
0.0
0.1406968198
0.1418037004
0.1279364615
0.1153793978
0.1162058977
0.1244044733
0.1123430978
0.1470747355
0.1345136262
0.1292616998
0.0
0.1277349868
0.0
0.1124989135
0.1531854894
0.0
0.1049310694
0.1138410058
0.1426767223
0.0
0.1404531890
0.0
0.0941517314
0.1350736330
0.1308253494
0.1428023180
0.1334074287
0.0000000000
0.1499292359
0.1319962842
0.1250758930
0.1053398917
0.0830637139
0.1089479068
0.1244999488
0.1352989435
0.1474758484
0.1310366989
0.0
0.1497907971
0.1306146805
0.1342909216
0.0
0.0942064072
0.0961608970
0.1348490717
0.0
0.1277349868
0.1096845390
0.1084381238
0.0
0.0961608970
0.1261457490
0.1326438538
0.1403316897
0.1384158987
0.1276344872
0.1098330625
0.1123430978
0.1252690604
0.1354118808
0.0
0.1121101819
0.1404531890
0.0
0.1228035074
0.1264407118
0.0958201023
0.1270347950
0.0998912766
0.1254628254
0.1300909649
0.0
0.1007598964
0.1457533093
0.1198105120
0.1272340653
0.0868898946
0.1194576092
0.0000000000
0.1366667508
0.0973145970
0.1207918341
0.0000000000
0.1332978087
0.0
0.0
0.1238346819
0.0027247956
0.1421765410
0.0027247956
0.1138410058
0.1214247255
0.1180665453
0.1357518270
0.1241189237
0.1095364168
0.1270347950
0.0
0.1111119406
0.1436877177
0.1129689647
0.0956506092
0.1371288531
0.1201655061
0.1215156803
0.1293647793
0.1196338003
0.1292616998
0.1297787466
0.0959901972
0.0000000000
0.0000000000
0.1111880968
0.1116472355
0.1371288531
0.0000000000
0.1083656869
0.1043237513
0.1233638276
0.1123430978
0.1260477337
0.0947566783
0.1028031896
0.1436877177
0.0
0.0
0.0738722374
0.0
0.1144029854
0.0027247956
0.0
0.1377108941
0.1060977327
0.0
0.0054495913
0.0036330609
0.1093886940
0.1382978971
0.1149705409
0.1085832886
0.1213339067
0.0
0.0000000000
0.1116472355
0.1048632406
0.1296750066
0.1276344872
0.1038562313
0.1340689531
0.0000000000
0.1166236041
0.1392475822
0.1212432236
0.0970816477
0.0
0.1120327578
0.1242139611
0.0
0.1201655061
0.0848005401
0.0
0.1312487324
0.0
0.0906276163
0.0943159496
0.1327524004
0.0
0.1068665568
0.1019631887
0.1204331353
0.1096104279
0.1144029854
0.0
0.1358655220
0.0000000000
0.1254628254
0.1318889701
0.0000000000
0.0
0.1285447173
0.0000000000
0.0000000000
0.1224327798
0.1396070854
0.1011368038
0.1324272924
0.0
0.1462790201
0.1229897144
0.0972562549
0.1266381212
0.0
0.1277349868
0.0748263068
0.1268361480
0.0000000000
0.0000000000
0.0000000000
0.1144837214
0.1073616368
0.1164561617
0.0000000000
0.1194576092
0.1229897144
0.0961608970
0.0000000000
0.1068665568
0.1117241276
0.0036330609
0.0884533442
0.1256571907
0.1125769835
0.1304046891
0.0000000000
0.0
0.0961608970
0.1015801085
0.0956506092
0.0842719134
0.1163726207
0.1108083560
0.1116472355
0.0821800574
0.0000000000
0.0000000000
0.1503460920
0.0875463752
0.0000000000
0.0799130213
0.0
0.0000000000
0.0000000000
0.0000000000
0.1120327578
0.0936084439
0.1182386540
0.0000000000
0.0731725003
0.1277349868
0.0000000000
0.1027380831
0.0027247956
0.0027247956
0.1231764869
0.0
0.0027247956
0.1145645715
0.0941517314
0.0945358003
0.1111880968
0.1148891170
0.0000000000
0.0036330609
0.1101313192
0.0000000000
0.0000000000
0.0966190788
0.1143223631
0.0000000000
0.0000000000
0.0000000000
0.0027247956
0.0963322050
0.0000000000
0.1118011256
0.0837930957
0.0000000000
0.0000000000
0.0907797612
0.1169599374
0.0969076662
0.0000000000
0.1018351747
0.1039893803
0.0994016135
0.1160396518
0.0841844490
0.1297787466
0.0000000000
0.0000000000
0.0753126431
0.0676776943
0.0000000000
0.0000000000
0.0000000000
0.0943159496
0.1096845390
0.1086560169
0.0000000000
0.0000000000
0.1173830921
0.0000000000
0.0000000000
0.0000000000
0.1180665453
0.0027247956
0.0000000000
0.0000000000
0.1118011256
0.0000000000
0.0000000000
0.0054495913
0.1142418544
0.1094625056
0.0000000000
0.0000000000
0.0000000000
0.0000000000
0.1141614590
0.1072197179
0.0000000000
0.0000000000
0.0000000000
0.1128118451
0.0000000000
0.0943159496
0.1069370028
0.1101313192
0.0000000000
0.0000000000
0.0000000000
0.1013896458
0.0000000000
0.0000000000
0.0000000000
0.0000000000
0.0000000000
0.0000000000
0.0000000000
0.0826405671
0.1182386540
0.0000000000
0.0000000000
0.0036330609
0.0000000000
0.0000000000
0.0000000000
0.0000000000
0.0000000000
0.0932854705
0.1159567071
0.0000000000
0.0000000000
0.0000000000
0.0000000000
0.0000000000
0.0976073606
0.0000000000
0.0000000000
0.0000000000
0.0000000000
0.0000000000
0.0000000000
0.0000000000
0.0000000000
0.0000000000
0.0000000000
0.0000000000
0.0000000000
0.0000000000
0.0000000000
0.0000000000
0.0000000000
0.0000000000
0.0000000000
0.0000000000
0.0000000000
0.0000000000
0.0000000000
0.0000000000
0.0000000000
0.0000000000
0.0000000000
0.0000000000
0.0000000000
0.0000000000
