0.0
0.0
0.0
0.0
0.0
0.0
0.0
0.0
0.0
0.0
0.0
0.0
0.0
0.0
0.0
0.0
0.0
0.0
0.0
0.0
0.0
0.0
0.0
0.0
0.0
0.0
0.0
0.0
0.0
0.0
0.0
0.0000000000
0.0
0.0
0.0
0.0
0.0
0.0
0.0
0.0
0.0
0.0
0.0
0.0
0.0
0.0
0.0
0.0
0.0
0.0
0.0
0.0
0.0629679545
0.0
0.0
0.0
0.0
0.0
0.0
0.0
0.0
0.1042906746
0.0
0.0
0.0
0.0
0.0
0.0
0.0
0.0
0.0524968789
0.0
0.0
0.0
0.0
0.0
0.0
0.0
0.0
0.0
0.0
0.0
0.0
0.0
0.0
0.0000000000
0.0
0.0
0.0
0.0
0.0
0.0
0.0
0.0
0.0
0.0
0.0138888889
0.0
0.0
0.0
0.0
0.0
0.0
0.0
0.0
0.0
0.0
0.0
0.0
0.0
0.0
0.0693208045
0.0
0.0
0.0
0.0
0.0
0.0
0.0
0.0
0.0961362597
0.0
0.0092592593
0.0
0.0000000000
0.0
0.0000000000
0.0
0.0695271164
0.0
0.0
0.0
0.0
0.0
0.0
0.0
0.0605210132
0.0
0.0125000000
0.0
0.0
0.0069444444
0.0
0.0000000000
0.0
0.0
0.0092592593
0.0
0.0
0.0
0.0069444444
0.0923364076
0.0
0.0
0.0
0.0
0.0
0.0
0.0730034722
0.0783929903
0.0
0.0000000000
0.0
0.0
0.0
0.0
0.0
0.0
0.0092592593
0.0
0.0
0.0
0.0
0.0
0.0
0.0
0.0
0.0
0.0
0.0
0.0
0.0000000000
0.0
0.0
0.0
0.0
0.0
0.0478711293
0.0138888889
0.0
0.0
0.0
0.0000000000
0.0
0.0
0.0
0.0
0.0000000000
0.0
0.0
0.0545820353
0.0683073424
0.0
0.0
0.0
0.0
0.0
0.0
0.0
0.0000000000
0.0
0.0
0.0
0.0621306147
0.0631381381
0.0
0.0138888889
0.0
0.0965335170
0.0000000000
0.0069444444
0.0125000000
0.0532143761
0.0730034722
0.0611547411
0.0773546726
0.0781308064
0.0069444444
0.0
0.0
0.0888255175
0.0474819332
0.0605210132
0.0
0.0
0.0529730411
0.0000000000
0.0
0.0647122191
0.0581122167
0.0
0.0000000000
0.0
0.0000000000
0.0
0.0605210132
0.0701534868
0.0092592593
0.0125000000
0.0069444444
0.0000000000
0.0816822067
0.0
0.0825480958
0.0138888889
0.0539517578
0.0069444444
0.0
0.0000000000
0.0069444444
0.0718803419
0.0474819332
0.0
0.0770993766
0.0
0.0
0.0
0.0
0.0092592593
0.0
0.0
0.0723254214
0.0
0.0
0.0739275668
0.0599002849
0.0
0.0669372811
0.0
0.0
0.0000000000
0.0547098621
0.0465360779
0.0
0.0125000000
0.0599002849
0.0069444444
0.0734626136
0.0
0.0000000000
0.0
0.0
0.0
0.0537037037
0.0138888889
0.0069444444
0.0
0.0000000000
0.0000000000
0.0508956669
0.0508956669
0.0816822067
0.0
0.0069444444
0.0000000000
0.0000000000
0.0837315810
0.0938197233
0.0069444444
0.0
0.0
0.0
0.0000000000
0.0
0.0
0.0069444444
0.0069444444
0.0681081957
0.0092592593
0.0000000000
0.0
0.0000000000
0.0
0.0000000000
0.0000000000
0.0000000000
0.0000000000
0.0650727329
0.0469098617
0.0092592593
0.0000000000
0.0092592593
0.0862033620
0.0599002849
0.0701534868
0.0208333333
0.0092592593
0.0710064168
0.0208333333
0.0125000000
0.0000000000
0.0000000000
0.0092592593
0.0
0.0000000000
0.0
0.0000000000
0.0000000000
0.0069444444
0.0000000000
0.0650727329
0.0
0.0000000000
0.0542021139
0.0000000000
0.0069444444
0.0000000000
0.0125000000
0.0000000000
0.0846417069
0.0000000000
0.0000000000
0.0000000000
0.0000000000
0.0069444444
0.0000000000
0.0000000000
0.0000000000
