0.0
0.0
0.0
0.0
0.1365638767
0.0
0.1270491803
0.0
0.0
0.1139705882
0.0
0.1260162602
0.0
0.1280991736
0.0
0.1016393443
0.0826666667
0.1330472103
0.0
0.1255060729
0.0080645161
0.0000000000
0.0
0.0
0.0
0.1291666667
0.1040268456
0.1255060729
0.1080139373
0.1083916084
0.0
0.0
0.1260162602
0.1390134529
0.1260162602
0.1409090909
0.1119133574
0.1265306122
0.0161290323
0.0
0.0
0.1415525114
0.1196911197
0.0080645161
0.0
0.0080645161
0.0000000000
0.1006493506
0.0080645161
0.1139705882
0.1009771987
0.0968750000
0.0080645161
0.0801033592
0.1143911439
0.0080645161
0.0846994536
0.1435185185
0.0000000000
0.0000000000
0.0893371758
0.1023102310
0.0000000000
0.1091549296
0.0
0.1201550388
0.0
0.1111111111
0.1099290780
0.1076388889
0.1225296443
0.0844686649
0.0080645161
0.1220472441
0.1006493506
0.1119133574
0.0080645161
0.0911764706
0.0000000000
0.0000000000
0.1235059761
0.0840108401
0.1006493506
0.0
0.0000000000
0.1161048689
0.1196911197
0.0107526882
0.1115107914
0.0000000000
0.1006493506
0.0
0.0107526882
0.0914454277
0.0000000000
0.1076388889
0.0628803245
0.1000000000
0.0000000000
0.0000000000
0.0000000000
0.0000000000
0.0000000000
0.0911764706
0.0950920245
0.1244979920
0.0080645161
0.0628803245
0.0724299065
0.0717592593
0.0984126984
0.0000000000
0.0000000000
0.0000000000
0.0000000000
0.0000000000
0.0080645161
0.0000000000
0.0000000000
0.0000000000
0.0000000000
0.0000000000
0.0000000000
0.0000000000
0.0000000000
0.0080645161
0.0000000000
0.0000000000
0.0000000000
0.0888252149
0.0000000000
0.0000000000
0.0000000000
0.0000000000
0.0000000000
0.0000000000
0.0000000000
0.0000000000
0.0000000000
0.0000000000
0.0080645161
0.0000000000
0.0863509749
0.0000000000
0.0000000000
0.0000000000
0.0000000000
0.0000000000
