0.0
0.0
0.0
0.0
0.0
0.0
0.0
0.0
0.0
0.0
0.0
0.0
0.0
0.0
0.0
0.0
0.0
0.0
0.0
0.0
0.0
0.0
0.0
0.0
0.0
0.0
0.0
0.0
0.0
0.0
0.0
0.0680284858
0.0
0.0
0.0
0.0
0.0
0.0
0.0
0.0
0.0
0.0
0.0
0.0244565217
0.0
0.0
0.0
0.0
0.0
0.0
0.0
0.0
0.0247035573
0.0
0.0
0.0
0.0
0.0
0.0
0.0
0.0
0.1038329519
0.0
0.0
0.0
0.0
0.0
0.0
0.0
0.0
0.0794426612
0.0
0.0
0.0
0.0
0.0
0.0
0.0
0.0000000000
0.0
0.0
0.0
0.0
0.0
0.0
0.0548007246
0.0
0.0
0.0
0.0
0.0
0.0163043478
0.0
0.0
0.0
0.0
0.0108695652
0.0
0.0
0.0
0.0000000000
0.0
0.0108695652
0.0
0.0
0.0
0.0
0.0
0.0
0.0
0.0108695652
0.0163043478
0.0
0.0
0.0
0.0
0.0
0.0
0.0
0.0
0.0163043478
0.0
0.0910535117
0.0822010870
0.0643312854
0.0994702229
0.0000000000
0.0
0.0477296634
0.0
0.0
0.0
0.0
0.0799794360
0.0661282487
0.0
0.0805235138
0.0
0.0548007246
0.0
0.0
0.0664997557
0.0910535117
0.0622997712
0.0
0.0
0.0181159420
0.0244565217
0.0
0.0
0.0181159420
0.0000000000
0.0563664596
0.0
0.0
0.0
0.0
0.0
0.0108695652
0.0657608696
0.0
0.0501565954
0.0
0.0
0.0
0.0
0.0
0.0
0.0000000000
0.0
0.0
0.0
0.0661282487
0.0
0.0
0.0
0.0
0.0
0.0481177094
0.0
0.0
0.0954593268
0.0
0.0108695652
0.0108695652
0.0580242967
0.0
0.0144927536
0.0000000000
0.0713069670
0.0
0.0
0.0108695652
0.0
0.0108695652
0.0
0.0108695652
0.0108695652
0.0108695652
0.0
0.0244565217
0.0636395512
0.0301932367
0.0
0.0
0.0
0.0
0.0000000000
0.0108695652
0.0000000000
0.0574609540
0.0108695652
0.0
0.0000000000
0.0000000000
0.0108695652
0.0144927536
0.0
0.0768633540
0.0247035573
0.0163043478
0.0244565217
0.0108695652
0.0845496894
0.0758779264
0.0000000000
0.1096014493
0.0000000000
0.0653975498
0.0000000000
0.0000000000
0.0636395512
0.0217391304
0.0
0.0
0.0810750447
0.0000000000
0.0000000000
0.0301932367
0.0108695652
0.0000000000
0.0000000000
0.0425789803
0.0000000000
0.0000000000
0.0000000000
0.0000000000
0.0000000000
0.0000000000
0.0000000000
0.0000000000
