0.0
0.0
0.0
0.0
0.0
0.0
0.0
0.0
0.0
0.1460090850
0.0
0.0
0.0
0.0
0.0
0.1358695652
0.0
0.0
0.1185770751
0.0
0.0
0.0
0.0
0.0
0.1230516817
0.0
0.1111660079
0.0
0.0
0.0
0.1051893408
0.1200320085
0.0
0.0
0.0
0.1672240803
0.0
0.0
0.0
0.0
0.0
0.0
0.0
0.1746894410
0.0
0.0
0.1230516817
0.0
0.0
0.1438618926
0.0
0.0
0.0000000000
0.0
0.0
0.0
0.0
0.0
0.1428118058
0.0
0.0
0.0000000000
0.0
0.0
0.0000000000
0.0
0.0
0.0
0.0
0.0000000000
0.1246192191
0.1270468662
0.0
0.0
0.0000000000
0.0
0.0
0.0217391304
0.0910010111
0.0
0.1701323251
0.0
0.0000000000
0.0
0.0
0.1144164760
0.1358695652
0.0
0.0
0.0910010111
0.1552795031
0.0000000000
0.0
0.1193001060
0.0978260870
0.0
0.0000000000
0.0
0.0
0.0217391304
0.1013741834
0.1407569596
0.1358695652
0.1019021739
0.0000000000
0.0721963741
0.0808480057
0.0801853172
0.0000000000
0.1051893408
0.0000000000
0.0000000000
0.1019021739
0.0
0.0000000000
0.0000000000
