0.0038910506
0.0
0.0
0.0
0.0
0.0
0.0000000000
0.0
0.0
0.0000000000
0.0
0.0
0.0
0.0
0.0
0.0
0.0
0.0
0.0
0.0
0.0
0.0
0.0
0.0000000000
0.0
0.0
0.0000000000
0.0
0.0
0.0
0.0
0.0
0.0
0.0
0.0
0.0
0.0
0.0
0.0
0.0
0.0
0.0
0.0000000000
0.0087548638
0.0
0.0
0.0
0.0
0.0
0.0
0.0
0.0
0.0000000000
0.0
0.0223735409
0.0
0.0
0.0
0.0205836576
0.0
0.0
0.0000000000
0.0
0.0
0.0
0.0000000000
0.0
0.0183782657
0.0000000000
0.0
0.0000000000
0.0120722339
0.0
0.0
0.0311873600
0.0
0.0
0.0
0.0
0.0
0.0
0.0
0.0
0.0000000000
0.0
0.0224198629
0.0
0.0
0.0
0.0
0.0
0.0
0.0088432968
0.0000000000
0.0000000000
0.0
0.0
0.0
0.0151876491
0.0
0.0204703096
0.0000000000
0.0
0.0
0.0
0.0
0.0
0.0
0.0
0.0
0.0
0.0116731518
0.0
0.0
0.0
0.0
0.0
0.0038910506
0.0
0.0070038911
0.0
0.0223735409
0.0
0.0000000000
0.0
0.0038910506
0.0
0.0
0.0038910506
0.0
0.0
0.0
0.0
0.0
0.0197919784
0.0038910506
0.0
0.0
0.0
0.0285884133
0.0070038911
0.0
0.0
0.0
0.0162350731
0.0
0.0251020214
0.0038910506
0.0038910506
0.0038910506
0.0000000000
0.0
0.0239344856
0.0
0.0038910506
0.0
0.0
0.0
0.0087548638
0.0
0.0
0.0000000000
0.0
0.0
0.0
0.0
0.0038910506
0.0038910506
0.0343060960
0.0
0.0000000000
0.0
0.0
0.0
0.0077821012
0.0
0.0000000000
0.0000000000
0.0
0.0105058366
0.0
0.0000000000
0.0
0.0051880674
0.0
0.0
0.0051880674
0.0000000000
0.0000000000
0.0000000000
0.0000000000
0.0000000000
0.0112562535
0.0
0.0294052251
0.0
0.0
0.0
0.0000000000
0.0
0.0087548638
0.0038910506
0.0
0.0
0.0
0.0239344856
0.0051880674
0.0000000000
0.0
0.0000000000
0.0263893046
0.0
0.0
0.0218975081
0.0087548638
0.0
0.0
0.0214413100
0.0077821012
0.0077821012
0.0
0.0
0.0
0.0
0.0
0.0000000000
0.0165997239
0.0174376711
0.0038910506
0.0
0.0
0.0038910506
0.0180558400
0.0
0.0000000000
0.0
0.0000000000
0.0038910506
0.0
0.0
0.0000000000
0.0000000000
0.0
0.0
0.0
0.0051880674
0.0
0.0038910506
0.0
0.0082940815
0.0058365759
0.0038910506
0.0151876491
0.0038910506
0.0
0.0038910506
0.0000000000
0.0
0.0104626027
0.0000000000
0.0
0.0000000000
0.0
0.0
0.0
0.0
0.0000000000
0.0000000000
0.0000000000
0.0000000000
0.0
0.0000000000
0.0157587549
0.0038910506
0.0
0.0
0.0
0.0
0.0000000000
0.0
0.0077821012
0.0
0.0038910506
0.0000000000
0.0000000000
0.0
0.0134519177
0.0000000000
0.0038910506
0.0051880674
0.0000000000
0.0000000000
0.0038910506
0.0038910506
0.0149156939
0.0
0.0058365759
0.0000000000
0.0000000000
0.0000000000
0.0000000000
0.0190589422
0.0000000000
0.0
0.0
0.0000000000
0.0074827896
0.0000000000
0.0038910506
0.0
0.0000000000
0.0
0.0
0.0
0.0140983956
0.0
0.0087548638
0.0038910506
0.0000000000
0.0051880674
0.0038910506
0.0131322957
0.0000000000
0.0000000000
0.0000000000
0.0000000000
0.0038910506
0.0074827896
0.0000000000
0.0000000000
0.0051880674
0.0
0.0143261408
0.0000000000
0.0
0.0000000000
0.0
0.0000000000
0.0000000000
0.0138966092
0.0
0.0000000000
0.0077821012
0.0000000000
0.0
0.0000000000
0.0
0.0
0.0000000000
0.0105058366
0.0000000000
0.0
0.0000000000
0.0000000000
0.0157587549
0.0000000000
0.0000000000
0.0000000000
0.0
0.0000000000
0.0051880674
0.0
0.0177445324
0.0000000000
0.0000000000
0.0
0.0
0.0205836576
0.0000000000
0.0
0.0
0.0000000000
0.0000000000
0.0000000000
0.0000000000
0.0000000000
0.0000000000
0.0038910506
0.0000000000
0.0070038911
0.0000000000
0.0038910506
0.0000000000
0.0000000000
0.0
0.0000000000
0.0000000000
0.0108084738
0.0000000000
0.0000000000
0.0228707307
0.0108084738
0.0000000000
0.0051880674
0.0
0.0000000000
0.0
0.0000000000
0.0000000000
0.0
0.0000000000
0.0000000000
0.0112562535
0.0000000000
0.0058365759
0.0000000000
0.0
0.0000000000
0.0
0.0000000000
0.0
0.0000000000
0.0000000000
0.0120722339
0.0000000000
0.0000000000
0.0000000000
0.0000000000
0.0180558400
0.0162350731
0.0000000000
0.0058365759
0.0038910506
0.0000000000
0.0000000000
0.0000000000
0.0
0.0038910506
0.0000000000
0.0000000000
0.0000000000
0.0000000000
0.0000000000
0.0000000000
0.0000000000
0.0000000000
0.0000000000
0.0038910506
0.0000000000
0.0
0.0000000000
0.0000000000
0.0000000000
0.0000000000
0.0000000000
0.0000000000
0.0127247870
0.0038910506
0.0000000000
0.0000000000
0.0051880674
0.0038910506
0.0
0.0000000000
0.0000000000
0.0000000000
0.0038910506
0.0000000000
0.0000000000
0.0000000000
0.0000000000
0.0000000000
0.0000000000
0.0000000000
