0.0
0.0
0.0
0.0
0.0
0.0
0.1637426901
0.0
0.0
0.0
0.0
0.0
0.2242562929
0.0
0.0
0.1983805668
0.0
0.0
0.0
0.0
0.0
0.0
0.0
0.0
0.0
0.0
0.0
0.0
0.0
0.1831205232
0.0
0.2258932002
0.2022703818
0.0
0.0
0.0
0.2091038407
0.0000000000
0.1748438894
0.0
0.2009569378
0.1419604056
0.1864299302
0.2036011080
0.2326869806
0.1875598086
0.0
0.0
0.0
0.2210526316
0.0
0.0
0.1547368421
0.0
0.2022703818
0.0
0.2210526316
0.1853135834
0.2119682769
0.0
0.1864299302
0.0
0.0
0.0
0.1587044534
0.0
0.1983805668
0.0000000000
0.1237894737
0.0
0.1778584392
0.1480735331
0.2242562929
0.0
0.1788865227
0.0
0.1820433437
0.1603490592
0.1864299302
0.2326869806
0.2036011080
0.1719298246
0.0175438596
0.1495041953
0.1637426901
0.1284123171
0.0
0.0000000000
0.1289473684
0.0000000000
0.0
0.1778584392
0.0
0.1637426901
0.0000000000
0.0
0.1289473684
0.1322537112
0.0000000000
0.0000000000
0.0000000000
0.0000000000
0.0175438596
0.0000000000
0.1446138711
0.0000000000
0.0000000000
0.0000000000
