0.0
0.0
0.0
0.0
0.0
0.0
0.0
0.0
0.0
0.0
0.0
0.0
0.0
0.0
0.0
0.0
0.0
0.0
0.0
0.0
0.0
0.0
0.0
0.0
0.0
0.0
0.0
0.0
0.0
0.0
0.0
0.0000000000
0.0
0.0
0.0
0.0
0.0
0.0
0.0
0.0
0.0
0.0
0.0
0.0
0.0
0.0
0.0
0.0
0.0
0.0
0.0
0.0
0.0400000000
0.0
0.0
0.0
0.0
0.0
0.0
0.0
0.0
0.0716417910
0.0
0.0
0.0
0.0
0.0
0.0
0.0
0.0
0.0000000000
0.0
0.0
0.0
0.0
0.0
0.0
0.0
0.0
0.0
0.0
0.0
0.0
0.0
0.0
0.0964824121
0.0
0.0
0.0
0.0
0.0
0.0730038023
0.0
0.0
0.0
0.0
0.0333333333
0.0
0.0
0.0
0.0000000000
0.0
0.0083333333
0.0
0.0
0.0
0.0
0.0
0.0
0.0
0.0
0.0000000000
0.0
0.0
0.0
0.0
0.0
0.0
0.0
0.0
0.0780487805
0.0
0.0901408451
0.0324324324
0.1066666667
0.0
0.0083333333
0.0
0.0240000000
0.0
0.0
0.0
0.0
0.0
0.0
0.0
0.0000000000
0.0
0.0000000000
0.0
0.0
0.0083333333
0.0083333333
0.0780487805
0.0
0.0
0.0480000000
0.0
0.0
0.0
0.0648648649
0.0884792627
0.0
0.0
0.0
0.0
0.0
0.0
0.0588957055
0.0820512821
0.0
0.0000000000
0.0
0.0
0.0
0.0
0.0
0.0
0.0000000000
0.0
0.0
0.0
0.0
0.0
0.0
0.0
0.0
0.0
0.0780487805
0.0
0.0
0.0857142857
0.0
0.0553314121
0.0
0.0
0.0
0.0727272727
0.0640000000
0.0400000000
0.0
0.0
0.0000000000
0.0
0.0000000000
0.0
0.0
0.0083333333
0.0231481481
0.0
0.0375000000
0.0000000000
0.0690647482
0.0
0.0
0.0
0.0
0.0
0.0
0.0292682927
0.0
0.0189393939
0.0
0.1103448276
0.0662068966
0.0000000000
0.0793388430
0.0
0.1032258065
0.0210526316
0.0000000000
0.0292682927
0.0000000000
0.0793388430
0.0138888889
0.0138888889
0.0868778281
0.0845814978
0.0
0.0
0.0528925620
0.0941176471
0.0884792627
0.0
0.0
0.0603773585
0.0897196262
0.0752941176
0.0569732938
0.0000000000
0.0
0.0964824121
0.0
0.0000000000
0.0
0.0000000000
0.0000000000
0.0000000000
0.0771084337
0.0820512821
0.0000000000
0.0635761589
0.0
0.0780487805
0.0000000000
0.1026737968
0.0231481481
0.0
0.0083333333
0.0083333333
0.0083333333
0.0747081712
0.0
0.0189393939
0.0662068966
0.0698181818
0.0
0.0000000000
0.0260869565
0.0083333333
0.0783673469
0.0000000000
0.0
0.0864864865
0.0468292683
0.0000000000
0.0569732938
0.0831168831
0.0
0.0000000000
0.0000000000
0.0083333333
0.0853333333
0.0000000000
0.0083333333
0.0000000000
0.0719101124
0.0230769231
0.0
0.0000000000
0.0688172043
0.0000000000
0.0000000000
0.0307692308
0.0000000000
0.0705882353
0.0000000000
0.0000000000
0.0000000000
0.0000000000
0.0000000000
0.0000000000
0.0000000000
0.0000000000
0.0000000000
0.0083333333
