0.0
0.0
0.0
0.0
0.0
0.0
0.0
0.0
0.0
0.0
0.0
0.0
0.0
0.0
0.0
0.0
0.0
0.0
0.0
0.0
0.0
0.0
0.0
0.0
0.0
0.0
0.0
0.0
0.0
0.0
0.0
0.0514403292
0.0
0.0
0.0
0.0
0.0
0.0
0.0
0.0
0.0
0.0
0.0
0.0380922233
0.0
0.0
0.0
0.0
0.0
0.0
0.0
0.0
0.0450180821
0.0
0.0
0.0
0.0
0.0
0.0
0.0
0.0
0.0164609053
0.0
0.0
0.0564150649
0.0
0.0
0.0
0.0
0.0
0.0000000000
0.0
0.0
0.0
0.0
0.0
0.0
0.0
0.0469135802
0.0
0.0
0.0
0.0
0.0
0.0
0.0257201646
0.0
0.0
0.0
0.0
0.0
0.0000000000
0.0
0.0
0.0000000000
0.0
0.0459462899
0.0
0.0
0.0
0.0512274727
0.0
0.0123456790
0.0
0.0
0.0
0.0
0.0
0.0
0.0
0.0755388157
0.0755388157
0.0
0.0
0.0
0.0
0.0
0.0
0.0
0.0
0.0000000000
0.0
0.0000000000
0.0514403292
0.0164609053
0.0000000000
0.0000000000
0.0
0.0385802469
0.0
0.0
0.0
0.0
0.0578803912
0.0280583614
0.0
0.0385802469
0.0
0.0246913580
0.0
0.0
0.0730621332
0.0308641975
0.0316555872
0.0
0.0
0.0123456790
0.0524328250
0.0
0.0
0.0385802469
0.0123456790
0.0564150649
0.0000000000
0.0
0.0
0.0
0.0
0.0123456790
0.0000000000
0.0
0.0123456790
0.0
0.0
0.0
0.0
0.0
0.0352733686
0.0000000000
0.0536768653
0.0
0.0000000000
0.0123456790
0.0164609053
0.0
0.0
0.0
0.0
0.0164609053
0.0
0.0
0.0308641975
0.0
0.0308641975
0.0257201646
0.0457247371
0.0385802469
0.0707427004
0.0500762935
0.0000000000
0.0
0.0000000000
0.0000000000
0.0627716919
0.0500762935
0.0000000000
0.0246913580
0.0578803912
0.0000000000
0.0123456790
0.0000000000
0.0000000000
0.0000000000
0.0
0.0440917108
0.0164609053
0.0000000000
0.0000000000
0.0123456790
0.0000000000
0.0000000000
0.0610519195
0.0
0.0164609053
0.0123456790
0.0123456790
0.0246913580
0.0000000000
0.0424456202
0.0380922233
0.0000000000
0.0000000000
