0.0
0.0
0.0
0.0
0.0
0.0
0.0
0.0
0.0
0.0
0.0
0.0
0.0
0.0
0.0
0.0
0.0
0.0
0.0
0.0
0.0
0.0
0.0
0.0
0.0
0.0
0.0
0.0
0.0
0.0
0.0
0.0255681818
0.0
0.0
0.0
0.0
0.0
0.0
0.0
0.0
0.0
0.0
0.0
0.0363636364
0.0
0.0
0.0
0.0
0.0
0.0
0.0
0.0
0.0227272727
0.0
0.0
0.0
0.0
0.0
0.0
0.0
0.0
0.0823474471
0.0
0.0
0.0
0.0
0.0
0.0
0.0
0.0
0.0858766234
0.0
0.0
0.0
0.0
0.0
0.0
0.0
0.0675434116
0.0
0.0
0.0
0.0
0.0
0.0
0.0255681818
0.0
0.0
0.0
0.0
0.0
0.0227272727
0.0
0.0
0.0
0.0
0.0000000000
0.0
0.0
0.0
0.0000000000
0.0
0.0601136364
0.0
0.0
0.0
0.0
0.0
0.0
0.0
0.0000000000
0.0227272727
0.0
0.0
0.0
0.0
0.0
0.0
0.0
0.0
0.0202020202
0.0
0.0897218453
0.0690961338
0.0583627538
0.1001893939
0.0000000000
0.0
0.0170454545
0.0
0.0
0.0
0.0
0.0255681818
0.0607208448
0.0
0.0780696576
0.0
0.0480909091
0.0
0.0
0.0255681818
0.0632775120
0.0000000000
0.0
0.0
0.0151515152
0.0303030303
0.0
0.0
0.0751420455
0.0000000000
0.0170454545
0.0
0.0
0.0
0.0
0.0
0.0113636364
0.0170454545
0.0
0.0170454545
0.0
0.0
0.0
0.0
0.0
0.0
0.0000000000
0.0
0.0
0.0
0.0715638528
0.0
0.0
0.0
0.0
0.0
0.0255681818
0.0
0.0
0.0924825175
0.0
0.0113636364
0.0113636364
0.0255681818
0.0
0.0151515152
0.0000000000
0.0000000000
0.0
0.0
0.0181818182
0.0
0.0492734724
0.0
0.0259740260
0.0181818182
0.0259740260
0.0
0.0363636364
0.0227272727
0.0151515152
0.0
0.0
0.0303030303
0.0
0.0000000000
0.0113636364
0.0000000000
0.0170454545
0.0113636364
0.0
0.0000000000
0.0227272727
0.0113636364
0.0151515152
0.0
0.0724260679
0.0589349376
0.0202020202
0.0303030303
0.0113636364
0.0823474471
0.0801515152
0.0000000000
0.1092975207
0.0000000000
0.0653409091
0.0000000000
0.0000000000
0.0572510823
0.0227272727
0.0
0.0
0.0632775120
0.0000000000
0.0000000000
0.0000000000
0.0113636364
0.0000000000
0.0000000000
0.0170454545
0.0000000000
0.0000000000
0.0000000000
