0.0035335689
0.0
0.0
0.0
0.0
0.0
0.0000000000
0.0
0.0
0.0000000000
0.0
0.0
0.0
0.0
0.0
0.0
0.0
0.0
0.0
0.0
0.0
0.0
0.0
0.0000000000
0.0
0.0
0.0000000000
0.0
0.0
0.0
0.0
0.0
0.0
0.0
0.0
0.0
0.0
0.0
0.0
0.0
0.0
0.0
0.0000000000
0.0
0.0
0.0
0.0
0.0
0.0
0.0
0.0
0.0
0.0000000000
0.0
0.0228951903
0.0
0.0
0.0
0.0213101386
0.0
0.0
0.0000000000
0.0
0.0
0.0
0.0000000000
0.0
0.0192383196
0.0000000000
0.0
0.0000000000
0.0098696235
0.0
0.0
0.0314808866
0.0
0.0
0.0
0.0
0.0
0.0
0.0
0.0
0.0183464770
0.0
0.0190812721
0.0
0.0
0.0
0.0
0.0
0.0
0.0000000000
0.0
0.0000000000
0.0
0.0
0.0
0.0000000000
0.0
0.0124443079
0.0000000000
0.0
0.0
0.0
0.0
0.0
0.0
0.0
0.0
0.0
0.0070671378
0.0
0.0
0.0
0.0
0.0
0.0000000000
0.0
0.0047114252
0.0
0.0232799834
0.0
0.0000000000
0.0
0.0035335689
0.0
0.0
0.0035335689
0.0
0.0
0.0
0.0
0.0
0.0216431095
0.0035335689
0.0
0.0
0.0
0.0288574794
0.0000000000
0.0
0.0
0.0
0.0136294801
0.0
0.0256510928
0.0098696235
0.0035335689
0.0035335689
0.0000000000
0.0
0.0254157617
0.0
0.0062819003
0.0
0.0
0.0
0.0126198889
0.0
0.0
0.0200747683
0.0
0.0
0.0
0.0
0.0035335689
0.0000000000
0.0342014571
0.0
0.0000000000
0.0
0.0
0.0
0.0070671378
0.0
0.0
0.0035335689
0.0
0.0114487633
0.0
0.0000000000
0.0
0.0047114252
0.0
0.0
0.0079505300
0.0000000000
0.0000000000
0.0000000000
0.0000000000
0.0000000000
0.0168364165
0.0
0.0301121524
0.0
0.0
0.0
0.0000000000
0.0
0.0080308384
0.0080308384
0.0
0.0
0.0
0.0249578200
0.0053003534
0.0000000000
0.0
0.0000000000
0.0268962915
0.0
0.0
0.0225229107
0.0035335689
0.0
0.0
0.0223412744
0.0070671378
0.0079505300
0.0
0.0
0.0
0.0
0.0
0.0000000000
0.0185927384
0.0035335689
0.0035335689
0.0
0.0
0.0106007067
0.0189747810
0.0
0.0000000000
0.0
0.0047114252
0.0047114252
0.0
0.0
0.0000000000
0.0000000000
0.0
0.0
0.0
0.0189747810
0.0
0.0047114252
0.0
0.0000000000
0.0
0.0000000000
0.0124443079
0.0035335689
0.0
0.0063604240
0.0070671378
0.0
0.0
0.0000000000
0.0
0.0000000000
0.0
0.0
0.0
0.0
0.0000000000
0.0114487633
0.0000000000
0.0000000000
0.0
0.0000000000
0.0106007067
0.0035335689
0.0
0.0
0.0
0.0
0.0000000000
0.0
0.0070671378
0.0
0.0035335689
0.0000000000
0.0000000000
0.0
0.0035335689
0.0000000000
0.0094228504
0.0047114252
0.0000000000
0.0000000000
0.0035335689
0.0126198889
0.0157404433
0.0
0.0
0.0000000000
0.0047114252
0.0
0.0080308384
0.0200747683
0.0124443079
0.0
0.0
0.0000000000
0.0
0.0000000000
0.0035335689
0.0
0.0
0.0
0.0
0.0
0.0159213679
0.0
0.0124443079
0.0070671378
0.0000000000
0.0047114252
0.0000000000
0.0081776880
0.0000000000
0.0000000000
0.0000000000
0.0000000000
0.0035335689
0.0
0.0000000000
0.0000000000
0.0047114252
0.0
0.0168364165
0.0000000000
0.0
0.0000000000
0.0
0.0000000000
0.0000000000
0.0113074205
0.0
0.0000000000
0.0070671378
0.0000000000
0.0
0.0000000000
0.0
0.0
0.0000000000
0.0047114252
0.0000000000
0.0
0.0000000000
0.0000000000
0.0136294801
0.0000000000
0.0000000000
0.0000000000
0.0
0.0
0.0047114252
0.0
0.0185927384
0.0047114252
0.0000000000
0.0
0.0
0.0213101386
0.0000000000
0.0
0.0
0.0000000000
0.0000000000
0.0000000000
0.0000000000
0.0000000000
0.0000000000
0.0035335689
0.0035335689
0.0047114252
0.0000000000
0.0035335689
0.0000000000
0.0000000000
0.0
0.0000000000
0.0000000000
0.0070671378
0.0000000000
0.0157404433
0.0236779318
0.0070671378
0.0000000000
0.0047114252
0.0
0.0
0.0
0.0092328736
0.0000000000
0.0
0.0080308384
0.0000000000
0.0
0.0047114252
0.0035335689
0.0000000000
0.0
0.0000000000
0.0
0.0000000000
0.0
0.0000000000
0.0000000000
0.0124443079
0.0000000000
0.0000000000
0.0000000000
0.0035335689
0.0187183650
0.0190812721
0.0000000000
0.0000000000
0.0035335689
0.0000000000
0.0000000000
0.0000000000
0.0
0.0035335689
0.0000000000
0.0000000000
0.0000000000
0.0
0.0000000000
0.0000000000
0.0063604240
0.0000000000
0.0000000000
0.0136294801
0.0035335689
0.0
0.0000000000
0.0053003534
0.0000000000
0.0000000000
0.0000000000
0.0000000000
0.0000000000
0.0070671378
0.0000000000
0.0137826767
0.0047114252
0.0035335689
0.0
0.0000000000
0.0000000000
0.0000000000
0.0035335689
0.0000000000
0.0000000000
0.0000000000
0.0000000000
0.0000000000
0.0000000000
0.0000000000
0.0070671378
0.0000000000
0.0000000000
0.0047114252
0.0000000000
0.0000000000
0.0000000000
0.0000000000
0.0000000000
0.0000000000
0.0000000000
0.0000000000
0.0000000000
0.0000000000
0.0000000000
0.0000000000
0.0
0.0114487633
0.0000000000
0.0063604240
0.0047114252
0.0000000000
0.0000000000
0.0000000000
0.0000000000
0.0000000000
0.0000000000
0.0000000000
0.0000000000
0.0000000000
0.0000000000
0.0000000000
0.0000000000
0.0000000000
0.0000000000
0.0000000000
0.0000000000
0.0000000000
0.0000000000
0.0000000000
0.0000000000
