0.0
0.0
0.0
0.0
0.0
0.0
0.0
0.0
0.0
0.0
0.0
0.0
0.0
0.0
0.0
0.0
0.0
0.0
0.0
0.0
0.0
0.0
0.0
0.0
0.0
0.0
0.0
0.0
0.0
0.0900882786
0.0
0.1150648022
0.0
0.0
0.0
0.0
0.0
0.0807707027
0.0
0.0
0.1145653890
0.0
0.0
0.0
0.0713016360
0.0
0.0
0.0
0.0
0.1074750229
0.0
0.0
0.1101663841
0.0
0.1057526668
0.0
0.0
0.0
0.0
0.0
0.0
0.0
0.0
0.0
0.0
0.0
0.0
0.0
0.0
0.0
0.1210819524
0.1019932984
0.0836370901
0.0
0.0531103936
0.0
0.1085356317
0.0
0.0833202829
0.0
0.0
0.0976178463
0.0
0.0
0.0971150318
0.1154674787
0.0
0.0969723205
0.0
0.1067793917
0.0
0.0
0.0
0.0
0.0
0.0
0.0000000000
0.0852579639
0.0
0.0
0.0
0.0929431888
0.0822301110
0.0785591239
0.0
0.0
0.0
0.0
0.0
0.1109069985
0.0936687922
0.0
0.0996070401
0.1034320754
0.1033510792
0.1110002760
0.0
0.0
0.0
0.0
0.0
0.0
0.0969723205
0.1041667941
0.0
0.0847651433
0.0
0.0
0.0
0.0
0.0
0.0
0.0
0.0
0.0
0.0927472440
0.0974017182
0.0
0.0
0.1216399338
0.0
0.0
0.0961948456
0.0
0.0997576177
0.0
0.0034453058
0.0
0.1114690272
0.0985655924
0.0077519380
0.0
0.0
0.0
0.0
0.1128993397
0.1051628113
0.0
0.0953607862
0.1197634557
0.0
0.0
0.1100745022
0.0
0.0952231805
0.0038759690
0.0000000000
0.0
0.0
0.0904587582
0.0
0.0
0.0
0.0
0.0886957851
0.0987869223
0.0
0.0
0.0850382269
0.0000000000
0.0770457257
0.0
0.0891752217
0.0000000000
0.0774072306
0.0
0.0
0.1080911779
0.0956371943
0.1132869770
0.0
0.1087144384
0.0972581637
0.0
0.0
0.0900882786
0.0765097555
0.0868856670
0.0
0.0
0.1276395824
0.1165895125
0.0
0.0974017182
0.0922932365
0.0
0.0
0.0
0.0813181320
0.0
0.0635738575
0.0
0.0
0.0
0.0046511628
0.0
0.0
0.0
0.0000000000
0.0
0.0
0.0964761171
0.0647274783
0.0000000000
0.0
0.1132869770
0.0
0.0694993829
0.0
0.0835312204
0.0
0.0921000197
0.0
0.0964761171
0.0836370901
0.0938686545
0.1028677538
0.0000000000
0.0
0.1167958656
0.1072131017
0.0
0.0
0.0046511628
0.1194383060
0.0583979328
0.0
0.0875194484
0.0
0.0877522129
0.0
0.0
0.0
0.0
0.0
0.0976178463
0.0
0.1161789861
0.0903349269
0.0990835797
0.0025839793
0.0051679587
0.0
0.1048286959
0.0594769392
0.1021511828
0.0
0.0000000000
0.0
0.0
0.0082687339
0.0
0.0761126460
0.1058374725
0.1170029505
0.0905829294
0.1064349421
0.0802793967
0.0774981375
0.0636351630
0.0647910300
0.0890548773
0.1102584195
0.1087144384
0.0795056194
0.0
0.0
0.1255750030
0.0000000000
0.0
0.0
0.0
0.0877522129
0.0946767060
0.0
0.0
0.0000000000
0.0034453058
0.0839563156
0.0
0.0
0.0990835797
0.0930086879
0.0783725227
0.0
0.0
0.0
0.0
0.0
0.0
0.0760249586
0.1006707309
0.0
0.0973298880
0.1149645716
0.0878690600
0.1112810524
0.0
0.0000000000
0.0
0.1167958656
0.1007475788
0.0582947563
0.0000000000
0.0975456971
0.0879862188
0.1082685219
0.0909574970
0.1128993397
0.1105354507
0.0944058141
0.0
0.0834256183
0.1019145391
0.0998330773
0.0816198690
0.0928124671
0.0859240418
0.0961247838
0.1016789893
0.0
0.0
0.0
0.0919716573
0.0
0.0
0.0868856670
0.0038759690
0.0
0.0045937410
0.0950175149
0.0
0.0
0.0000000000
0.0
0.0773165367
0.0
0.0
0.0957065469
0.0000000000
0.0997576177
0.0731187414
0.0
0.0802305946
0.0
0.0832152132
0.0
0.0815190415
0.0000000000
0.0
0.0025839793
0.0000000000
0.0821277711
0.0
0.0745224891
0.0959849659
0.0726758415
0.0051679587
0.0000000000
0.0025839793
0.0770907291
0.0646640510
0.0000000000
0.0859240418
0.0889348573
0.0000000000
0.1040846437
0.0967590382
0.0051679587
0.0868856670
0.0830581046
0.0000000000
0.0909574970
0.0
0.0873456838
0.0034453058
0.0673707648
0.1004408890
0.1083574123
0.0000000000
0.0853682588
0.0068906115
0.0
0.0900268269
0.0025839793
0.0
0.0
0.0961247838
0.0659896641
0.0000000000
0.0
0.0835312204
0.0
0.0000000000
0.0000000000
0.0000000000
0.0802793967
0.0716500153
0.0635738575
0.0034453058
0.0788406978
0.0731998492
0.0000000000
0.1020721796
0.0025839793
0.1094355955
0.0828495469
0.0987130353
0.0845479360
0.0958455542
0.0692804872
0.0895990008
0.0823327063
0.0058139535
0.0000000000
0.0802793967
0.0740624737
0.0769558765
0.0784657123
0.0949491570
0.0000000000
0.0000000000
0.0025839793
0.0932716100
0.0000000000
0.0
0.1048286959
0.0000000000
0.0885767303
0.0807707027
0.0000000000
0.0
0.0025839793
0.0025839793
0.0886362177
0.0774072306
0.0969723205
0.0000000000
0.0
0.0000000000
0.0
0.0000000000
0.0051679587
0.0000000000
0.0000000000
0.0000000000
0.0000000000
0.1032702098
0.0721987572
0.0000000000
0.0051679587
0.0743545511
0.0000000000
0.0914617659
0.0661882288
0.0930086879
0.1069524539
0.0955679422
0.0731998492
0.0000000000
0.0
0.0835312204
0.0847651433
0.0868856670
0.0000000000
0.0000000000
0.0000000000
0.0000000000
0.0000000000
0.0000000000
0.0891752217
0.0784657123
0.0978349356
0.0795056194
0.0
0.0046511628
0.0720411180
0.0000000000
0.0025839793
0.0000000000
0.0000000000
0.0681359464
0.0914617659
0.0000000000
0.0000000000
0.0000000000
0.0847651433
0.0000000000
0.0000000000
0.0000000000
0.0000000000
0.0000000000
0.0000000000
0.0000000000
0.0000000000
0.0000000000
0.0913984267
0.0574072763
0.0000000000
0.0000000000
0.0034453058
0.1003645081
0.0730378130
0.0000000000
0.0000000000
0.0745224891
0.0852579639
0.0000000000
0.0000000000
0.0000000000
0.0000000000
0.0058139535
0.0025839793
0.0000000000
0.0889348573
0.0000000000
0.0000000000
0.0000000000
0.0000000000
0.0734442561
0.0000000000
0.0000000000
0.0000000000
0.0000000000
0.0936687922
0.0000000000
0.0661219079
0.0000000000
0.0000000000
0.0797458176
0.0000000000
0.0000000000
0.0000000000
0.0000000000
0.0000000000
0.0000000000
0.0000000000
0.0000000000
0.1034320754
0.0000000000
0.0000000000
0.0
0.0000000000
0.0852579639
0.0000000000
0.0000000000
0.0000000000
0.0706149428
0.0000000000
0.0000000000
0.0034453058
0.0744384254
0.0025839793
0.0000000000
0.0000000000
0.0025839793
0.0000000000
0.0000000000
0.0000000000
0.0000000000
0.0000000000
0.0000000000
0.0000000000
0.0000000000
0.0000000000
0.0000000000
0.0000000000
0.0000000000
0.0853130757
0.0000000000
0.0000000000
0.0000000000
0.0000000000
0.0000000000
0.0000000000
0.0000000000
0.0000000000
0.0000000000
0.0000000000
0.0000000000
0.0000000000
0.0000000000
0.0000000000
