0.0
0.0
0.0
0.0
0.0
0.0
0.0088150069
0.0
0.0
0.0000000000
0.0
0.0
0.0
0.0
0.0
0.0
0.0
0.0
0.0
0.0
0.0
0.0
0.0
0.0054216867
0.0
0.0
0.0
0.0
0.0
0.0
0.0
0.0
0.0
0.0
0.0
0.0
0.0
0.0
0.0
0.0
0.0
0.0
0.0000000000
0.0
0.0
0.0
0.0
0.0
0.0
0.0
0.0
0.0
0.0024096386
0.0
0.0048192771
0.0
0.0
0.0
0.0024096386
0.0
0.0
0.0000000000
0.0
0.0
0.0
0.0057117358
0.0
0.0048192771
0.0000000000
0.0
0.0000000000
0.0024096386
0.0
0.0
0.0
0.0
0.0
0.0
0.0
0.0
0.0
0.0
0.0
0.0024096386
0.0
0.0097590361
0.0
0.0
0.0
0.0
0.0
0.0
0.0024096386
0.0
0.0000000000
0.0
0.0
0.0
0.0088150069
0.0
0.0
0.0
0.0
0.0
0.0
0.0
0.0
0.0
0.0
0.0
0.0
0.0032128514
0.0
0.0
0.0
0.0
0.0
0.0000000000
0.0
0.0
0.0
0.0089738263
0.0
0.0000000000
0.0
0.0000000000
0.0
0.0
0.0000000000
0.0
0.0
0.0
0.0
0.0
0.0064257028
0.0048192771
0.0
0.0
0.0
0.0108433735
0.0032128514
0.0
0.0
0.0
0.0121987952
0.0
0.0075069509
0.0032128514
0.0036144578
0.0000000000
0.0000000000
0.0
0.0042838019
0.0
0.0
0.0
0.0
0.0
0.0000000000
0.0
0.0
0.0
0.0
0.0
0.0
0.0
0.0000000000
0.0048192771
0.0123924269
0.0
0.0100925441
0.0
0.0
0.0
0.0088718510
0.0
0.0
0.0054216867
0.0
0.0000000000
0.0
0.0000000000
0.0
0.0
0.0
0.0
0.0
0.0
0.0000000000
0.0
0.0000000000
0.0
0.0131393499
0.0
0.0000000000
0.0
0.0
0.0
0.0099324126
0.0
0.0032128514
0.0104417671
0.0
0.0
0.0
0.0
0.0000000000
0.0081166772
0.0
0.0
0.0000000000
0.0
0.0
0.0024096386
0.0048192771
0.0
0.0
0.0024096386
0.0072289157
0.0000000000
0.0
0.0
0.0
0.0
0.0
0.0000000000
0.0
0.0
0.0032128514
0.0
0.0
0.0
0.0075069509
0.0
0.0085793724
0.0
0.0024096386
0.0036144578
0.0
0.0
0.0049747377
0.0114161564
0.0
0.0
0.0
0.0077108434
0.0
0.0081927711
0.0
0.0032128514
0.0
0.0032128514
0.0032128514
0.0
0.0
0.0000000000
0.0075069509
0.0
0.0
0.0000000000
0.0
0.0000000000
0.0
0.0
0.0
0.0
0.0024096386
0.0122172902
0.0000000000
0.0036144578
0.0
0.0048192771
0.0048192771
0.0042838019
0.0
0.0
0.0
0.0
0.0024096386
0.0
0.0
0.0
0.0070098576
0.0024096386
0.0134607395
0.0
0.0066728452
0.0
0.0
0.0065060241
0.0
0.0000000000
0.0024096386
0.0094704399
0.0032128514
0.0
0.0
0.0000000000
0.0
0.0
0.0083107942
0.0
0.0
0.0
0.0
0.0000000000
0.0
0.0032128514
0.0032128514
0.0
0.0
0.0
0.0
0.0
0.0086644450
0.0
0.0100925441
0.0095395280
0.0
0.0024096386
0.0000000000
0.0000000000
0.0
0.0141949617
0.0
0.0102726696
0.0000000000
0.0
0.0075069509
0.0
0.0132325914
0.0
0.0055077453
0.0048192771
0.0
0.0000000000
0.0
0.0
0.0068949064
0.0048192771
0.0
0.0000000000
0.0144578313
0.0
0.0
0.0
0.0
0.0
0.0048192771
0.0110537388
0.0
0.0
0.0043373494
0.0
0.0032128514
0.0000000000
0.0
0.0
0.0
0.0
0.0043373494
0.0
0.0024096386
0.0
0.0068949064
0.0
0.0
0.0
0.0000000000
0.0
0.0
0.0000000000
0.0000000000
0.0
0.0
0.0059314180
0.0
0.0073303741
0.0100401606
0.0
0.0000000000
0.0
0.0057831325
0.0024096386
0.0
0.0105503093
0.0024096386
0.0032128514
0.0048192771
0.0071443669
0.0032128514
0.0032128514
0.0000000000
0.0113148245
0.0
0.0
0.0
0.0000000000
0.0024096386
0.0
0.0
0.0075069509
0.0
0.0104417671
0.0000000000
0.0
0.0
0.0
0.0
0.0000000000
0.0
0.0032128514
0.0060240964
0.0024096386
0.0000000000
0.0000000000
0.0032128514
0.0024096386
0.0000000000
0.0
0.0000000000
0.0
0.0075069509
0.0000000000
0.0
0.0
0.0
0.0048192771
0.0
0.0064257028
0.0000000000
0.0
0.0000000000
0.0
0.0000000000
0.0000000000
0.0090781732
0.0000000000
0.0075301205
0.0
0.0000000000
0.0000000000
0.0
0.0054216867
0.0
0.0000000000
0.0100925441
0.0032128514
0.0000000000
0.0
0.0000000000
0.0
0.0
0.0000000000
0.0000000000
0.0
0.0086746988
0.0038554217
0.0
0.0024096386
0.0024096386
0.0000000000
0.0000000000
0.0
0.0
0.0000000000
0.0024096386
0.0000000000
0.0
0.0
0.0
0.0054216867
0.0000000000
0.0089738263
0.0000000000
0.0062650602
0.0000000000
0.0
0.0000000000
0.0102726696
0.0
0.0126615553
0.0
0.0024096386
0.0097590361
0.0
0.0108433735
0.0
0.0024096386
0.0060240964
0.0000000000
0.0
0.0
0.0
0.0000000000
0.0000000000
0.0000000000
0.0105503093
0.0036144578
0.0
0.0000000000
0.0000000000
0.0024096386
0.0000000000
0.0085676037
0.0074041621
0.0
0.0000000000
0.0
0.0
0.0045656309
0.0
0.0024096386
0.0000000000
0.0000000000
0.0000000000
0.0057406095
0.0052886872
0.0032128514
0.0000000000
0.0000000000
0.0
0.0000000000
0.0048192771
0.0
0.0000000000
0.0000000000
0.0024096386
0.0054216867
0.0000000000
0.0000000000
0.0064257028
0.0000000000
0.0000000000
0.0
0.0038554217
0.0024096386
0.0000000000
0.0063888582
0.0
0.0024096386
0.0000000000
0.0024096386
0.0
0.0
0.0000000000
0.0059018683
0.0000000000
0.0000000000
0.0060240964
0.0036144578
0.0064257028
0.0000000000
0.0
0.0024096386
0.0
0.0000000000
0.0000000000
0.0081166772
0.0064257028
0.0000000000
0.0000000000
0.0000000000
0.0079848807
0.0032128514
0.0000000000
0.0000000000
0.0036144578
0.0000000000
0.0
0.0
0.0000000000
0.0000000000
0.0085793724
0.0054216867
0.0032128514
0.0048192771
0.0000000000
0.0
0.0048192771
0.0000000000
0.0
0.0042838019
0.0000000000
0.0000000000
0.0054216867
0.0
0.0000000000
0.0055077453
0.0024096386
0.0048192771
0.0000000000
0.0077108434
0.0061962134
0.0000000000
0.0000000000
0.0059018683
0.0000000000
0.0048192771
0.0
0.0000000000
0.0000000000
0.0076835644
0.0
0.0024096386
0.0000000000
0.0000000000
0.0024096386
0.0000000000
0.0000000000
0.0000000000
0.0
0.0032128514
0.0000000000
0.0098082471
0.0000000000
0.0000000000
0.0074880166
0.0000000000
0.0000000000
0.0000000000
0.0078860898
0.0000000000
0.0000000000
0.0000000000
0.0000000000
0.0048192771
0.0000000000
0.0000000000
0.0000000000
0.0024096386
0.0
0.0000000000
0.0054216867
0.0024096386
0.0045357902
0.0000000000
0.0000000000
0.0000000000
0.0000000000
0.0000000000
0.0077108434
0.0000000000
0.0024096386
0.0000000000
0.0000000000
0.0000000000
0.0000000000
0.0000000000
0.0000000000
0.0000000000
0.0
0.0000000000
0.0032128514
0.0000000000
0.0000000000
0.0000000000
0.0000000000
0.0000000000
0.0000000000
0.0000000000
0.0024096386
0.0000000000
0.0000000000
0.0000000000
0.0043373494
0.0000000000
0.0000000000
0.0000000000
0.0000000000
0.0050200803
0.0
0.0000000000
0.0000000000
0.0024096386
0.0048192771
0.0000000000
0.0000000000
0.0000000000
0.0024096386
0.0032128514
0.0000000000
0.0000000000
0.0000000000
0.0000000000
0.0000000000
0.0000000000
0.0000000000
0.0000000000
0.0000000000
0.0000000000
0.0000000000
0.0000000000
0.0000000000
0.0000000000
0.0000000000
0.0000000000
0.0000000000
0.0000000000
0.0000000000
0.0036144578
0.0000000000
0.0000000000
0.0000000000
0.0000000000
0.0000000000
0.0000000000
0.0000000000
0.0000000000
0.0000000000
0.0000000000
0.0000000000
0.0000000000
0.0000000000
0.0000000000
0.0000000000
0.0000000000
0.0
0.0000000000
0.0000000000
0.0000000000
0.0000000000
0.0000000000
0.0036144578
0.0000000000
0.0000000000
0.0000000000
0.0000000000
0.0000000000
0.0000000000
0.0000000000
0.0000000000
0.0000000000
