0.0
0.0
0.0
0.0
0.0
0.0
0.0
0.0
0.0
0.0
0.0
0.0
0.0
0.0
0.0
0.0
0.0
0.0
0.0
0.0
0.0
0.0
0.0
0.0
0.0
0.0
0.0
0.0
0.0
0.0
0.0
0.0
0.0
0.0
0.0
0.0
0.0
0.0
0.0
0.0
0.0
0.0
0.0000000000
0.0000000000
0.0
0.0
0.0
0.0
0.0
0.0450000000
0.0
0.0
0.0
0.0
0.0
0.0
0.0
0.0
0.0
0.0
0.0909090909
0.0
0.0
0.0
0.0
0.0
0.0
0.0
0.0
0.0
0.0
0.0645161290
0.0
0.0
0.0
0.0000000000
0.0
0.0000000000
0.0
0.0909090909
0.0
0.0
0.0000000000
0.0
0.0
0.0
0.0769230769
0.0
0.0
0.0
0.0
0.0666666667
0.0
0.0
0.0300000000
0.0
0.0
0.0
0.0
0.0
0.0
0.0000000000
0.0
0.0000000000
0.0000000000
0.0
0.0
0.0200000000
0.0
0.0465116279
0.0
0.0200000000
0.0
0.0
0.0
0.0
0.0512820513
0.0
0.0200000000
0.0200000000
0.0000000000
0.0800000000
0.0740740741
0.0
0.0
0.0000000000
0.0
0.0
0.0512820513
0.0
0.0000000000
0.0450000000
0.0
0.0000000000
0.0000000000
0.0
0.0
0.0266666667
0.0588235294
0.0300000000
0.0
0.0000000000
0.0
0.0200000000
0.0
0.0
0.0266666667
0.0000000000
0.0200000000
0.0
0.0000000000
0.0000000000
0.0000000000
0.0400000000
0.0000000000
0.0000000000
0.0200000000
0.0000000000
0.0000000000
0.0000000000
0.0
0.0200000000
0.0000000000
0.0000000000
