0.0
0.0
0.0
0.0
0.0
0.1516990291
0.0
0.1108156028
0.0
0.0
0.0
0.1474056604
0.0250000000
0.0
0.0
0.0
0.0
0.0
0.0500000000
0.0
0.1698369565
0.0
0.0000000000
0.2003205128
0.0
0.1516990291
0.0000000000
0.0
0.1977848101
0.0250000000
0.0
0.1977848101
0.0000000000
0.1370614035
0.0
0.1610824742
0.0
0.1680107527
0.0
0.1860119048
0.2170138889
0.1108156028
0.0
0.0000000000
0.2170138889
0.1860119048
0.0
0.1775568182
0.0333333333
0.1041666667
0.0
0.0000000000
0.1662234043
0.1335470085
0.1132246377
0.0333333333
0.1627604167
0.1627604167
0.0
0.0000000000
0.0
0.1680107527
0.1041666667
0.1240079365
0.0000000000
0.0000000000
0.0000000000
0.0000000000
