0.0
0.0
0.0
0.0
0.0
0.0
0.0027378508
0.0
0.0
0.0066238325
0.0
0.0
0.0
0.0
0.0
0.0
0.0
0.0
0.0
0.0
0.0
0.0
0.0
0.0092402464
0.0
0.0
0.0
0.0
0.0
0.0
0.0
0.0
0.0
0.0
0.0
0.0
0.0
0.0
0.0
0.0
0.0
0.0
0.0000000000
0.0
0.0
0.0
0.0
0.0
0.0
0.0
0.0
0.0
0.0078976465
0.0
0.0020533881
0.0
0.0
0.0
0.0000000000
0.0
0.0
0.0000000000
0.0
0.0
0.0
0.0020533881
0.0
0.0046201232
0.0020533881
0.0
0.0036960986
0.0020533881
0.0
0.0
0.0
0.0
0.0
0.0
0.0
0.0
0.0
0.0
0.0
0.0000000000
0.0
0.0061601643
0.0
0.0
0.0
0.0
0.0
0.0
0.0000000000
0.0
0.0000000000
0.0
0.0
0.0
0.0046667911
0.0
0.0
0.0
0.0
0.0
0.0
0.0
0.0
0.0
0.0
0.0
0.0
0.0000000000
0.0
0.0
0.0
0.0
0.0
0.0057038558
0.0
0.0
0.0
0.0076051411
0.0
0.0000000000
0.0
0.0046201232
0.0
0.0
0.0000000000
0.0
0.0
0.0
0.0
0.0
0.0
0.0041067762
0.0
0.0
0.0
0.0102669405
0.0000000000
0.0
0.0
0.0
0.0
0.0
0.0036960986
0.0000000000
0.0077643737
0.0000000000
0.0027378508
0.0
0.0000000000
0.0
0.0
0.0
0.0
0.0
0.0000000000
0.0
0.0
0.0
0.0
0.0
0.0
0.0
0.0
0.0095561523
0.0108073057
0.0
0.0057038558
0.0
0.0
0.0
0.0027378508
0.0
0.0
0.0054013035
0.0
0.0
0.0
0.0000000000
0.0
0.0
0.0
0.0
0.0
0.0
0.0000000000
0.0
0.0000000000
0.0
0.0
0.0
0.0000000000
0.0
0.0
0.0
0.0020533881
0.0
0.0000000000
0.0065708419
0.0
0.0
0.0
0.0
0.0000000000
0.0046201232
0.0
0.0
0.0000000000
0.0
0.0
0.0000000000
0.0054387036
0.0
0.0
0.0027378508
0.0060393767
0.0041067762
0.0
0.0
0.0
0.0
0.0
0.0000000000
0.0
0.0
0.0000000000
0.0
0.0
0.0
0.0057038558
0.0
0.0020533881
0.0
0.0
0.0000000000
0.0
0.0
0.0030800821
0.0057038558
0.0
0.0
0.0
0.0065384200
0.0
0.0
0.0
0.0027378508
0.0
0.0064913559
0.0027378508
0.0
0.0
0.0020533881
0.0000000000
0.0
0.0
0.0036960986
0.0
0.0000000000
0.0
0.0
0.0
0.0
0.0000000000
0.0
0.0000000000
0.0000000000
0.0
0.0043805613
0.0000000000
0.0089436459
0.0
0.0
0.0
0.0
0.0
0.0
0.0
0.0
0.0
0.0030800821
0.0
0.0
0.0083846680
0.0
0.0
0.0041067762
0.0
0.0
0.0000000000
0.0
0.0027378508
0.0
0.0
0.0020533881
0.0
0.0
0.0057038558
0.0
0.0
0.0
0.0
0.0000000000
0.0
0.0030800821
0.0027378508
0.0
0.0
0.0
0.0
0.0
0.0036960986
0.0
0.0000000000
0.0027378508
0.0
0.0041067762
0.0000000000
0.0036504677
0.0
0.0000000000
0.0
0.0020533881
0.0000000000
0.0
0.0
0.0
0.0020533881
0.0
0.0046934585
0.0041067762
0.0
0.0000000000
0.0
0.0
0.0000000000
0.0020533881
0.0
0.0000000000
0.0
0.0
0.0
0.0
0.0
0.0
0.0088735700
0.0041067762
0.0
0.0
0.0070806486
0.0
0.0000000000
0.0027378508
0.0
0.0
0.0
0.0
0.0050082636
0.0
0.0041067762
0.0
0.0020533881
0.0
0.0
0.0
0.0000000000
0.0
0.0
0.0000000000
0.0000000000
0.0
0.0
0.0030800821
0.0
0.0034223135
0.0093335822
0.0
0.0000000000
0.0
0.0100616016
0.0000000000
0.0
0.0000000000
0.0000000000
0.0
0.0043805613
0.0102669405
0.0046201232
0.0020533881
0.0000000000
0.0
0.0
0.0
0.0
0.0027378508
0.0000000000
0.0
0.0
0.0057038558
0.0
0.0041067762
0.0
0.0
0.0
0.0
0.0
0.0000000000
0.0
0.0020533881
0.0
0.0030800821
0.0000000000
0.0020533881
0.0069016655
0.0020533881
0.0000000000
0.0
0.0000000000
0.0
0.0069016655
0.0000000000
0.0
0.0
0.0
0.0020533881
0.0
0.0046201232
0.0
0.0
0.0000000000
0.0
0.0
0.0000000000
0.0000000000
0.0
0.0020533881
0.0
0.0020533881
0.0000000000
0.0
0.0
0.0
0.0000000000
0.0
0.0088735700
0.0000000000
0.0
0.0000000000
0.0
0.0
0.0020533881
0.0056863055
0.0
0.0108774072
0.0000000000
0.0
0.0041067762
0.0000000000
0.0000000000
0.0
0.0
0.0
0.0000000000
0.0
0.0037547668
0.0
0.0
0.0
0.0062223882
0.0030800821
0.0076051411
0.0020533881
0.0036960986
0.0020533881
0.0
0.0020533881
0.0
0.0
0.0046667911
0.0
0.0000000000
0.0073335289
0.0
0.0054013035
0.0
0.0000000000
0.0066238325
0.0000000000
0.0
0.0
0.0
0.0000000000
0.0000000000
0.0000000000
0.0020533881
0.0044367850
0.0
0.0000000000
0.0000000000
0.0
0.0000000000
0.0041067762
0.0061601643
0.0
0.0
0.0
0.0
0.0062885010
0.0
0.0030800821
0.0
0.0027378508
0.0000000000
0.0
0.0
0.0064913559
0.0020533881
0.0000000000
0.0
0.0000000000
0.0
0.0
0.0000000000
0.0000000000
0.0000000000
0.0058668231
0.0
0.0020533881
0.0054757016
0.0000000000
0.0000000000
0.0
0.0032854209
0.0046201232
0.0020533881
0.0020533881
0.0
0.0000000000
0.0
0.0046201232
0.0
0.0
0.0020533881
0.0057038558
0.0000000000
0.0000000000
0.0066238325
0.0048890193
0.0077396936
0.0020533881
0.0
0.0020533881
0.0
0.0000000000
0.0000000000
0.0027378508
0.0065708419
0.0000000000
0.0
0.0000000000
0.0041067762
0.0027378508
0.0000000000
0.0000000000
0.0046201232
0.0
0.0
0.0
0.0000000000
0.0000000000
0.0000000000
0.0065384200
0.0027378508
0.0041067762
0.0057038558
0.0
0.0082135524
0.0000000000
0.0
0.0069166757
0.0000000000
0.0
0.0078976465
0.0
0.0036960986
0.0046934585
0.0020533881
0.0041067762
0.0020533881
0.0057137756
0.0078914523
0.0000000000
0.0027378508
0.0057038558
0.0000000000
0.0065977716
0.0
0.0000000000
0.0000000000
0.0020533881
0.0
0.0
0.0000000000
0.0057137756
0.0046201232
0.0000000000
0.0054387036
0.0000000000
0.0
0.0027378508
0.0000000000
0.0034223135
0.0027378508
0.0
0.0027378508
0.0000000000
0.0054757016
0.0027378508
0.0100616016
0.0000000000
0.0
0.0000000000
0.0000000000
0.0041067762
0.0000000000
0.0000000000
0.0020533881
0.0027378508
0.0
0.0
0.0067201792
0.0020533881
0.0020533881
0.0000000000
0.0
0.0000000000
0.0
0.0046934585
0.0065977716
0.0041067762
0.0000000000
0.0000000000
0.0000000000
0.0
0.0020533881
0.0000000000
0.0000000000
0.0
0.0
0.0000000000
0.0020533881
0.0
0.0000000000
0.0000000000
0.0000000000
0.0000000000
0.0000000000
0.0000000000
0.0082135524
0.0000000000
0.0000000000
0.0020533881
0.0000000000
0.0000000000
0.0020533881
0.0000000000
0.0020533881
0.0020533881
0.0
0.0000000000
0.0020533881
0.0020533881
0.0000000000
0.0000000000
0.0000000000
0.0000000000
0.0000000000
0.0000000000
0.0
0.0041067762
0.0041067762
0.0032854209
0.0000000000
0.0000000000
0.0
0.0000000000
0.0000000000
0.0020533881
0.0
0.0000000000
0.0065384200
0.0000000000
0.0027378508
0.0020533881
0.0000000000
0.0000000000
0.0
0.0067201792
0.0000000000
0.0027378508
0.0000000000
0.0000000000
0.0000000000
0.0
0.0000000000
0.0000000000
0.0000000000
0.0000000000
0.0000000000
0.0000000000
0.0020533881
0.0000000000
0.0000000000
0.0000000000
0.0
0.0000000000
0.0000000000
0.0
0.0030800821
0.0020533881
0.0058668231
0.0000000000
0.0000000000
0.0065708419
0.0000000000
0.0000000000
0.0000000000
0.0020533881
0.0000000000
0.0000000000
0.0000000000
0.0000000000
0.0000000000
0.0000000000
0.0000000000
0.0
0.0000000000
0.0020533881
0.0027378508
0.0000000000
0.0000000000
0.0046201232
0.0000000000
0.0
0.0000000000
0.0027378508
0.0000000000
0.0000000000
0.0027378508
0.0000000000
0.0000000000
0.0000000000
0.0000000000
0.0000000000
0.0000000000
0.0000000000
0.0000000000
0.0
0.0000000000
0.0
0.0000000000
0.0000000000
0.0000000000
0.0000000000
0.0
0.0000000000
0.0020533881
0.0000000000
0.0056863055
0.0000000000
0.0000000000
0.0000000000
0.0000000000
0.0000000000
0.0020533881
0.0000000000
0.0000000000
0.0020533881
0.0000000000
0.0000000000
0.0000000000
0.0000000000
0.0000000000
0.0000000000
0.0
0.0020533881
0.0000000000
0.0000000000
0.0000000000
0.0000000000
0.0000000000
0.0000000000
0.0000000000
0.0000000000
0.0000000000
0.0000000000
0.0000000000
0.0000000000
0.0000000000
0.0020533881
0.0000000000
0.0
0.0000000000
0.0000000000
0.0020533881
0.0000000000
0.0000000000
0.0000000000
0.0
0.0000000000
0.0000000000
0.0000000000
0.0000000000
0.0000000000
0.0000000000
0.0000000000
0.0000000000
0.0000000000
0.0
0.0000000000
0.0020533881
0.0000000000
0.0000000000
0.0000000000
0.0027378508
0.0000000000
0.0000000000
0.0000000000
0.0000000000
0.0000000000
0.0000000000
0.0000000000
0.0000000000
0.0000000000
0.0000000000
0.0000000000
0.0000000000
0.0000000000
0.0
0.0000000000
0.0000000000
0.0000000000
0.0000000000
0.0000000000
0.0000000000
0.0000000000
0.0000000000
0.0000000000
0.0000000000
0.0000000000
0.0000000000
0.0000000000
0.0000000000
0.0027378508
0.0000000000
0.0000000000
0.0000000000
0.0000000000
0.0000000000
0.0000000000
0.0000000000
0.0000000000
0.0000000000
0.0000000000
0.0000000000
