0.0
0.0
0.0
0.0
0.0
0.0
0.0
0.0
0.0
0.1473145780
0.0
0.0
0.0
0.0
0.0
0.1739130435
0.0
0.0
0.0434782609
0.0
0.0
0.0
0.0
0.0
0.0434782609
0.0
0.1118012422
0.0
0.0
0.0
0.1422924901
0.0579710145
0.0
0.0
0.0
0.1605351171
0.0
0.0
0.0
0.0
0.0
0.0
0.0
0.1814744802
0.0
0.0
0.1181296144
0.0
0.0
0.0695652174
0.0
0.0
0.0217391304
0.0
0.0
0.0
0.0
0.0
0.1490683230
0.0
0.0
0.1128084606
0.0
0.0
0.0000000000
0.0
0.0
0.0
0.0
0.1128084606
0.1406936981
0.1108118507
0.0
0.0
0.0000000000
0.0
0.0
0.0000000000
0.0434782609
0.0
0.1841432225
0.0
0.0000000000
0.0
0.0
0.1181296144
0.0
0.0
0.0
0.0000000000
0.1456016178
0.0000000000
0.0
0.1192546584
0.1422924901
0.0
0.0978260870
0.0
0.0
0.0000000000
0.0978260870
0.1215702828
0.1376015289
0.0289855072
0.0217391304
0.1192546584
0.0
0.0289855072
0.0000000000
0.0970677452
0.0000000000
0.1585030270
0.0386473430
0.0
0.1227621483
0.0000000000
0.0000000000
0.0000000000
