0.0
0.0
0.0
0.0
0.0
0.0
0.0
0.0
0.0
0.0
0.0
0.0
0.0
0.0
0.0
0.0
0.0
0.0
0.0
0.0
0.0
0.0
0.0
0.0
0.0
0.0
0.0
0.0
0.0
0.0
0.0
0.0572344322
0.0
0.0
0.0
0.0
0.0
0.0
0.0
0.0
0.0
0.0
0.0
0.0
0.0
0.0
0.0
0.0
0.0
0.0
0.0
0.0
0.0360119048
0.0
0.0
0.0
0.0
0.0
0.0
0.0
0.0
0.0663481953
0.0
0.0
0.0
0.0
0.0
0.0
0.0
0.0
0.0000000000
0.0
0.0
0.0
0.0
0.0
0.0
0.0
0.0
0.0
0.0
0.0
0.0
0.0
0.0
0.0960061444
0.0
0.0
0.0
0.0
0.0
0.0744047619
0.0
0.0
0.0
0.0
0.0315104167
0.0
0.0
0.0
0.0000000000
0.0
0.0083333333
0.0
0.0
0.0
0.0
0.0
0.0
0.0
0.0
0.0000000000
0.0
0.0
0.0
0.0
0.0
0.0
0.0
0.0
0.0810635538
0.0
0.0810635538
0.0360119048
0.1046901173
0.0
0.0083333333
0.0
0.0000000000
0.0
0.0
0.0
0.0
0.0
0.0
0.0
0.0000000000
0.0
0.0000000000
0.0
0.0
0.0083333333
0.0083333333
0.0783208020
0.0
0.0
0.0458333333
0.0
0.0
0.0
0.0471342383
0.0798212005
0.0
0.0
0.0
0.0
0.0
0.0
0.0610948192
0.0850340136
0.0
0.0000000000
0.0
0.0
0.0
0.0
0.0
0.0
0.0000000000
0.0
0.0
0.0
0.0
0.0
0.0
0.0
0.0
0.0
0.0783208020
0.0
0.0
0.0886524823
0.0
0.0720876586
0.0
0.0
0.0
0.0595238095
0.0868055556
0.0458333333
0.0
0.0
0.0000000000
0.0
0.0000000000
0.0
0.0
0.0083333333
0.0187500000
0.0
0.0360119048
0.0000000000
0.0661375661
0.0
0.0
0.0
0.0
0.0
0.0
0.0360119048
0.0
0.0187500000
0.0
0.1073883162
0.0894134478
0.0612745098
0.0744047619
0.0
0.0934230194
0.0219202899
0.0000000000
0.0265350877
0.0000000000
0.0633232016
0.0125000000
0.0083333333
0.0786163522
0.0921828909
0.0
0.0
0.0548245614
0.0602119461
0.0692137320
0.0
0.0
0.0625625626
0.0942684766
0.0871687587
0.0738770686
0.0000000000
0.0
0.1001602564
0.0
0.0000000000
0.0
0.0000000000
0.0000000000
0.0000000000
0.0530110263
0.0833333333
0.0000000000
0.0723379630
0.0
0.0733568075
0.0000000000
0.1036484245
0.0125000000
0.0
0.0083333333
0.0083333333
0.0083333333
0.0823451910
0.0
0.0083333333
0.0879043601
0.0723379630
0.0
0.0000000000
0.0280092593
0.0
0.0921828909
0.0000000000
0.0
0.0801282051
0.0485625486
0.0000000000
0.0728438228
0.0777363184
0.0
0.0000000000
0.0000000000
0.0000000000
0.0853825137
0.0000000000
0.0083333333
0.0000000000
0.0733568075
0.0265350877
0.0
0.0000000000
0.0713470320
0.0000000000
0.0083333333
0.0265350877
0.0000000000
0.0715922108
0.0000000000
0.0000000000
0.0000000000
0.0000000000
0.0000000000
0.0000000000
0.0000000000
0.0000000000
0.0000000000
0.0083333333
0.0083333333
