0.0
0.0
0.0
0.0
0.0
0.0
0.0
0.0
0.0
0.0
0.0
0.0
0.0
0.0
0.0
0.1134851138
0.0
0.0
0.0
0.0
0.0
0.0
0.0
0.0
0.0
0.0
0.0
0.0
0.0
0.0000000000
0.0
0.1167567568
0.0
0.0
0.0
0.0
0.1028571429
0.0787363305
0.1153024911
0.0
0.1173913043
0.0
0.0
0.1015673981
0.0873315364
0.0
0.0
0.0
0.0
0.0810000000
0.0
0.0
0.1065789474
0.0
0.1098305085
0.0
0.0
0.0
0.0
0.0
0.0
0.0
0.0
0.0
0.0
0.0
0.0
0.0
0.0
0.0
0.1020472441
0.1081803005
0.1069306931
0.0
0.0972972973
0.0
0.1184643510
0.0
0.0761457109
0.0
0.1273084479
0.1211214953
0.0
0.1060556465
0.1280632411
0.0906293706
0.0
0.1144876325
0.1180327869
0.0160130719
0.0
0.0
0.0
0.0
0.0
0.0
0.0000000000
0.0876860622
0.0
0.0
0.0
0.1055374593
0.0000000000
0.0074074074
0.0
0.0
0.0
0.0
0.0
0.1293413174
0.0000000000
0.0000000000
0.1171790235
0.0978851964
0.0872139973
0.1184643510
0.1171790235
0.0000000000
0.0
0.0
0.0
0.0
0.0844850065
0.1161290323
0.0
0.0851511170
0.0
0.0
0.0
0.0
0.0
0.1022082019
0.0776047904
0.0
0.0687898089
0.0921763869
0.1180327869
0.0
0.0
0.0762352941
0.0987804878
0.0
0.0676409186
0.0
0.0675703858
0.0
0.0755244755
0.0
0.1239005736
0.0977375566
0.0000000000
0.0000000000
0.0862849534
0.0898751734
0.0
0.0910112360
0.0990825688
0.0993865031
0.0872139973
0.0118357488
0.1015673981
0.0
0.1018867925
0.0995391705
0.1057096248
0.0000000000
0.0644135189
0.0646706587
0.0
0.1001545595
0.0
0.0992343032
0.0000000000
0.0
0.0761457109
0.0771428571
0.0
0.0
0.1033492823
0.0000000000
0.0676409186
0.0
0.0744827586
0.0000000000
0.0000000000
0.0782608696
0.0874493927
0.0181481481
0.0852631579
0.0878048780
0.0
0.0720800890
0.0950146628
0.0
0.0055555556
0.1001545595
0.0936416185
0.0950146628
0.0
0.0000000000
0.0111111111
0.0880434783
0.0607879925
0.0684989429
0.0806973848
0.0
0.0
0.1071074380
0.0000000000
0.0
0.0000000000
0.0879240163
0.0
0.0
0.1051948052
0.0
0.0772348033
0.0
0.0998459168
0.0
0.0
0.0000000000
0.0000000000
0.0055555556
0.0000000000
0.0908835905
0.0
0.0000000000
0.1171790235
0.0000000000
0.0887671233
0.0931034483
0.0663254862
0.0584310189
0.0615969582
0.0685714286
0.1009345794
0.0891334250
0.0000000000
0.0181481481
0.0758782201
0.0
0.0000000000
0.1009345794
0.0766863905
0.0840466926
0.0055555556
0.0000000000
0.0
0.0663254862
0.0000000000
0.0
0.0905027933
0.0074074074
0.0000000000
0.0000000000
0.0
0.0000000000
0.0000000000
0.0000000000
0.0000000000
0.0055555556
0.0
0.0000000000
0.0917847025
0.0000000000
0.0160130719
0.0857142857
0.0990825688
0.0118357488
0.0000000000
0.0
0.0000000000
0.0129629630
0.0000000000
0.0000000000
0.0868632708
0.0000000000
0.0746543779
0.0584310189
0.0738041002
0.0000000000
0.0000000000
0.0100823045
0.0000000000
0.0869798658
0.0000000000
0.0000000000
0.0000000000
0.0000000000
0.0000000000
0.0000000000
0.0684989429
0.0000000000
0.0000000000
0.0000000000
0.0000000000
0.0000000000
0.0000000000
0.0000000000
0.0000000000
0.0000000000
0.0000000000
