0.0
0.0
0.0
0.0
0.1227640147
0.0
0.1542603216
0.0
0.0
0.0969071251
0.0
0.1122587489
0.0
0.1379095317
0.0
0.1369576108
0.0
0.1357860316
0.0
0.0
0.1374319229
0.0919130695
0.0
0.0
0.0
0.1294729780
0.1116271948
0.1190801733
0.1440416252
0.1232405830
0.0
0.0
0.1465686713
0.1239140289
0.1360187412
0.1309685404
0.1366040198
0.1231449736
0.1173199342
0.0
0.0
0.1496077954
0.1510312759
0.1324990576
0.0
0.1385112312
0.1396076262
0.1264811721
0.1136248182
0.1143615785
0.1238173720
0.1107703217
0.1471120213
0.1326097502
0.1271906017
0.0
0.1266830574
0.0
0.1107703217
0.1513192288
0.0
0.1037476281
0.1120210804
0.1409714662
0.0
0.1386322017
0.0
0.0926101931
0.1333898075
0.1290519276
0.1410967742
0.1318387633
0.0000000000
0.1483494121
0.1303233752
0.1232405830
0.1037476281
0.0818215830
0.1073251325
0.1230495124
0.1332778094
0.1457611304
0.1292621099
0.0
0.1475221849
0.1289470926
0.1326097502
0.0
0.0928268251
0.0944844470
0.1330543763
0.0
0.1257796125
0.1081293399
0.1066759886
0.0
0.0947664901
0.1242049069
0.1309685404
0.1387533837
0.1389963844
0.1266830574
0.1082768560
0.1104619840
0.1233363411
0.1337269343
0.0
0.1104619840
0.1386322017
0.0
0.1222911178
0.1265820343
0.1051914321
0.1263804705
0.0981049882
0.1239140289
0.1309685404
0.0
0.0996446145
0.1452276953
0.1190801733
0.1253822046
0.0853407908
0.1176678065
0.0000000000
0.1352077265
0.0956804527
0.1192591067
0.0000000000
0.1312935244
0.0
0.0
0.1218218503
0.0026881720
0.1404724522
0.0026881720
0.1124177556
0.1193487752
0.1168019654
0.1360187412
0.1228590333
0.1079822251
0.1249873000
0.0
0.1093961895
0.1416002417
0.1121794141
0.0944282397
0.1348631019
0.1182815730
0.1201619008
0.1273947600
0.1178425174
0.1277022293
0.1277022293
0.0945407212
0.0000000000
0.0000000000
0.1097744613
0.1110027070
0.1352077265
0.0000000000
0.1066759886
0.1028069112
0.1221969753
0.1103851676
0.1252832446
0.0933728653
0.1015571791
0.1430034874
0.0
0.0
0.0727469619
0.0
0.1137062113
0.0026881720
0.0
0.1388747777
0.1044301783
0.0
0.0053763441
0.0035842294
0.1078355102
0.1361353953
0.1133004075
0.1068914956
0.1212634614
0.0
0.0000000000
0.1103084579
0.1033423639
0.1282179895
0.1274970851
0.1034770997
0.1340657694
0.0000000000
0.1146921033
0.1373130372
0.1208940373
0.0953929513
0.0
0.1100026826
0.1224798387
0.0
0.1182815730
0.0840751435
0.0
0.1307527767
0.0
0.0892766428
0.0929355216
0.1308605696
0.0
0.1052611876
0.1003374658
0.1181935003
0.1078355102
0.1126571121
0.0
0.1345202296
0.0000000000
0.1232405830
0.1312935244
0.0000000000
0.0
0.1264811721
0.0000000000
0.0000000000
0.1206184430
0.1381495831
0.1008474403
0.1305377228
0.0
0.1443035191
0.1213561705
0.0956804527
0.1250857927
0.0
0.1260793256
0.0735219412
0.1249873000
0.0000000000
0.0000000000
0.0000000000
0.1123381960
0.1056113579
0.1146092931
0.0000000000
0.1178425174
0.1207101680
0.0944844470
0.0000000000
0.1052611876
0.1133004075
0.0035842294
0.0870251486
0.1238173720
0.1110803856
0.1284254619
0.0000000000
0.0
0.0000000000
0.1007834101
0.0949365257
0.0828032712
0.1146921033
0.1091704752
0.1113140750
0.0808628991
0.0000000000
0.0000000000
0.1482108973
0.0865034719
0.0000000000
0.0788935740
0.0
0.0000000000
0.0000000000
0.0000000000
0.1100789674
0.0921264486
0.1164591863
0.0000000000
0.0719881501
0.1270887678
0.0000000000
0.1009757449
0.0026881720
0.0026881720
0.1217284287
0.0
0.0026881720
0.1127371243
0.0926101931
0.0931536801
0.1113921902
0.1131388959
0.0000000000
0.0035842294
0.1084247753
0.0000000000
0.0000000000
0.0957959390
0.1147750332
0.0000000000
0.0000000000
0.0000000000
0.0026881720
0.0946534711
0.0000000000
0.1103084579
0.1121794141
0.0000000000
0.0000000000
0.0896801531
0.1152751423
0.0962023460
0.0000000000
0.1002107771
0.1026739140
0.0979234244
0.1144440310
0.0827169729
0.1283216418
0.0000000000
0.0000000000
0.0745929845
0.0669763169
0.0000000000
0.0000000000
0.0000000000
0.0929355216
0.1081293399
0.1073251325
0.0000000000
0.0000000000
0.1157796287
0.0000000000
0.0000000000
0.0000000000
0.1163738057
0.0026881720
0.0000000000
0.0000000000
0.1103084579
0.0000000000
0.0000000000
0.0053763441
0.1124974280
0.1079822251
0.0000000000
0.0000000000
0.0000000000
0.0000000000
0.1241077959
0.1061055287
0.0000000000
0.0000000000
0.0000000000
0.1126571121
0.0000000000
0.0929355216
0.1054710106
0.1085730992
0.0000000000
0.0000000000
0.0000000000
0.0997072054
0.0000000000
0.0000000000
0.0000000000
0.0000000000
0.0000000000
0.0000000000
0.0000000000
0.0814019851
0.1164591863
0.0000000000
0.0000000000
0.0035842294
0.0000000000
0.0000000000
0.0000000000
0.0000000000
0.0000000000
0.0917536826
0.1145266024
0.0000000000
0.0000000000
0.0000000000
0.0000000000
0.0000000000
0.0976823821
0.0000000000
0.0000000000
0.0000000000
0.0000000000
0.0000000000
0.0000000000
0.0000000000
0.0000000000
0.0000000000
0.0000000000
0.0000000000
0.0000000000
0.0000000000
0.0000000000
0.0000000000
0.0000000000
0.0000000000
0.0000000000
0.0000000000
0.0000000000
0.0000000000
0.0000000000
0.0000000000
0.0000000000
0.0000000000
0.0000000000
0.0000000000
0.0000000000
0.0000000000
0.0000000000
0.0000000000
0.0000000000
0.0000000000
0.0000000000
