0.0
0.0
0.0
0.0
0.0
0.0
0.0
0.0
0.0
0.0
0.0
0.0
0.0
0.0
0.0
0.0
0.0
0.0
0.0
0.0
0.0
0.0
0.0
0.0
0.0
0.0
0.0
0.0
0.0
0.0
0.0
0.0
0.0
0.0
0.0
0.0
0.0
0.0
0.0
0.0
0.0
0.0
0.0
0.0
0.0
0.0
0.0
0.0
0.0
0.0
0.0
0.0
0.0
0.0
0.0
0.0
0.0
0.0
0.0
0.0
0.1056015038
0.0
0.0
0.0
0.0
0.0
0.0
0.0
0.0
0.0
0.0
0.0
0.0
0.0
0.0
0.1280018227
0.0
0.0
0.0
0.1296860572
0.0
0.0
0.0
0.0
0.0
0.0
0.0000000000
0.0
0.0
0.0
0.0
0.1375275398
0.0
0.0
0.0
0.0
0.0
0.0
0.0
0.0
0.0
0.0
0.0
0.0
0.0
0.0
0.0
0.0
0.0
0.1421558704
0.0
0.0
0.0
0.0
0.0
0.0
0.0
0.0
0.1456572466
0.1132889696
0.0
0.0140350877
0.0
0.0
0.0
0.0
0.0
0.0
0.0
0.0
0.0
0.0
0.0
0.1320018797
0.0
0.0
0.0
0.1532042542
0.0
0.1388188782
0.0
0.1508592911
0.0
0.0
0.0
0.0
0.0
0.0
0.0
0.0
0.0105263158
0.0
0.1216807451
0.0
0.0
0.0
0.1394736842
0.0
0.0966288270
0.0
0.0
0.0157894737
0.1087074303
0.0825933549
0.1516329285
0.0
0.0
0.0210526316
0.0
0.0
0.0
0.1500935079
0.0
0.1401346969
0.0
0.1137246964
0.1344019139
0.1280018227
0.0
0.1435360245
0.0
0.0
0.1356349590
0.1023128756
0.0944677989
0.0
0.0
0.0
0.1471065724
0.1150522220
0.0
0.0867109122
0.1471065724
0.0
0.0
0.0
0.0
0.0
0.0944677989
0.0
0.0
0.0
0.0
0.0
0.0832913269
0.1124274565
0.1414756988
0.1428426138
0.0
0.0105263158
0.0
0.0
0.0
0.1206874329
0.1564466722
0.1079139454
0.1155016447
0.1362600049
0.0000000000
0.0
0.0000000000
0.0
0.0944677989
0.1670532263
0.0
0.0726496832
0.0
0.1002319358
0.1146062831
0.0140350877
0.1237172429
0.0
0.0000000000
0.0105263158
0.0000000000
0.1115789474
0.0105263158
0.0969456428
0.0
0.0
0.0236842105
0.0907006781
0.0105263158
0.0000000000
0.0105263158
0.0810093727
0.0000000000
0.0953820034
0.0944677989
0.0000000000
0.0000000000
0.0
0.0000000000
0.0236842105
0.0000000000
0.0
0.0
0.0000000000
0.0000000000
0.0000000000
0.0000000000
0.0157894737
0.1016096943
0.0000000000
0.0
0.0000000000
0.0000000000
0.0000000000
0.0000000000
0.0000000000
0.0000000000
0.0000000000
0.0000000000
0.0000000000
0.1206874329
0.0000000000
0.0000000000
0.0000000000
0.0000000000
