0.0
0.0
0.0
0.0
0.0
0.0
0.0
0.0
0.0
0.0
0.0
0.0
0.0
0.0
0.0
0.0
0.0
0.0
0.0
0.0
0.0
0.0
0.0
0.0
0.0
0.0
0.0
0.0
0.0
0.0
0.0
0.0000000000
0.0
0.0
0.0
0.0
0.0
0.0
0.0
0.0
0.0
0.0
0.0
0.0970427792
0.0
0.0
0.0
0.0
0.0
0.0
0.0
0.0
0.0779970001
0.0
0.0
0.0
0.0
0.0
0.0
0.0
0.0
0.0123456790
0.0
0.0
0.0684072050
0.0
0.0
0.0
0.0
0.0
0.0000000000
0.0
0.0
0.0
0.0
0.0
0.0
0.0
0.1069958848
0.0
0.0
0.0
0.0
0.0
0.0
0.0787328209
0.0
0.0
0.0
0.0
0.0
0.0000000000
0.0
0.0
0.0000000000
0.0
0.0810260098
0.0
0.0
0.0
0.0000000000
0.0
0.0887838193
0.0
0.0
0.0
0.0
0.0
0.0
0.0
0.0436946545
0.0502751748
0.0
0.0
0.0
0.0
0.0
0.0
0.0
0.0
0.0185185185
0.0
0.0000000000
0.0851599899
0.0164609053
0.0701317564
0.0000000000
0.0
0.1030330742
0.0
0.0
0.0
0.0
0.1112757202
0.0123456790
0.0
0.0678510489
0.0
0.0246913580
0.0
0.0
0.0970427792
0.0678510489
0.0851599899
0.0
0.1112757202
0.0123456790
0.0887838193
0.0
0.0
0.0887838193
0.0246913580
0.0751862974
0.0000000000
0.0
0.0
0.0
0.0
0.0000000000
0.0000000000
0.0
0.0123456790
0.0
0.0
0.0
0.0
0.0
0.0123456790
0.0000000000
0.0277777778
0.0
0.0000000000
0.0000000000
0.0123456790
0.0
0.0
0.0
0.0
0.0164609053
0.0
0.0
0.0678510489
0.0
0.0678510489
0.0678510489
0.0701317564
0.0277777778
0.0583613917
0.0123456790
0.0000000000
0.0123456790
0.0000000000
0.0000000000
0.0123456790
0.0000000000
0.0164609053
0.0000000000
0.0000000000
0.0000000000
0.0164609053
0.0000000000
0.0000000000
0.0000000000
0.0
0.0185185185
0.0000000000
0.0000000000
0.0000000000
0.0000000000
0.0000000000
0.0000000000
0.0701317564
0.0
0.0000000000
0.0000000000
0.0000000000
0.0123456790
0.0000000000
0.0000000000
0.0000000000
