0.0
0.0
0.0
0.0
0.0
0.0
0.0841143956
0.0
0.0
0.0
0.0
0.0
0.0
0.0
0.0
0.1043685702
0.0
0.0
0.0
0.0
0.0
0.0
0.0
0.0
0.0
0.0
0.0
0.0
0.0
0.0000000000
0.0
0.0998431037
0.0
0.0
0.0
0.0
0.0841143956
0.0000000000
0.0000000000
0.0
0.0982456140
0.0
0.0
0.0802660245
0.0843068770
0.0
0.0
0.0
0.0
0.0775623269
0.0
0.0
0.1080413644
0.0
0.0925681037
0.0
0.0939849624
0.0000000000
0.0
0.0
0.0
0.0
0.0
0.0
0.0
0.0
0.0
0.0
0.0
0.0
0.1001144165
0.0075187970
0.1040737437
0.0
0.0150375940
0.0
0.1006614898
0.0
0.0000000000
0.0
0.1043685702
0.0939849624
0.0
0.0759631036
0.1133603239
0.0898587933
0.0
0.1151315789
0.1162211522
0.0930356194
0.0
0.0
0.0
0.0
0.0
0.0
0.0000000000
0.0764359030
0.0
0.0
0.0
0.0000000000
0.0887761573
0.0075187970
0.0
0.0000000000
0.0
0.0
0.0
0.1119820829
0.0846944949
0.0000000000
0.0852826511
0.0665019951
0.0896401588
0.1151315789
0.1253132832
0.0000000000
0.0815090824
0.0
0.0
0.0000000000
0.0100250627
0.0954458686
0.0
0.0856793146
0.1064800730
0.0
0.0
0.0000000000
0.0
0.0993048659
0.0617120691
0.0
0.0697767145
0.0907441016
0.1064800730
0.0
0.0961934863
0.0767543860
0.1020556932
0.0848896435
0.1083591331
0.0
0.0993048659
0.0
0.0729546639
0.0
0.0947097822
0.0877192982
0.0000000000
0.0000000000
0.0845002414
0.0150375940
0.0
0.0000000000
0.0846944949
0.0998431037
0.0000000000
0.0799177988
0.0753417286
0.0
0.0954458686
0.0738318743
0.0000000000
0.0000000000
0.0000000000
0.0000000000
0.0
0.1009372747
0.0
0.0200501253
0.0881390078
0.0
0.0000000000
0.1165889407
0.0
0.0
0.0735371363
0.0841143956
0.0000000000
0.0000000000
0.0000000000
0.0100250627
0.0769146248
0.0000000000
0.0837320574
0.0898587933
0.0133667502
0.0892060660
0.0
0.1133603239
0.0648628614
0.0000000000
0.0000000000
0.0240601504
0.0150375940
0.0075187970
0.0000000000
0.0000000000
0.0075187970
0.0075187970
0.0837320574
0.0767543860
0.0000000000
0.0
0.0000000000
0.0000000000
0.0000000000
0.0000000000
0.0000000000
0.0000000000
0.0000000000
0.0
0.0947097822
0.0000000000
0.0075187970
0.0
0.0000000000
0.0000000000
0.0775623269
0.0000000000
0.0000000000
0.0000000000
0.0000000000
0.0000000000
0.0000000000
0.0000000000
0.0000000000
0.0000000000
