0.0
0.0
0.0
0.0
0.0
0.0
0.1967479675
0.0
0.0
0.0
0.0
0.0
0.2396039604
0.0
0.0
0.2000000000
0.0
0.0
0.0
0.0
0.0
0.0
0.0
0.0
0.2141592920
0.0
0.0
0.2304761905
0.2304761905
0.2326923077
0.0
0.1522012579
0.1680555556
0.0
0.0
0.0
0.1571428571
0.0000000000
0.1920634921
0.0
0.1280423280
0.1716312057
0.2420000000
0.1847328244
0.2349514563
0.1819548872
0.0
0.0
0.0
0.2016666667
0.0
0.1936000000
0.1449101796
0.0
0.0000000000
0.0
0.2304761905
0.1792592593
0.1983606557
0.1668965517
0.2220183486
0.2086206897
0.0
0.2240740741
0.0000000000
0.0
0.2396039604
0.0000000000
0.1095022624
0.0
0.1792592593
0.0000000000
0.2494845361
0.0000000000
0.1861538462
0.0
0.0000000000
0.0000000000
0.0000000000
0.1792592593
0.0000000000
0.1561290323
0.0000000000
0.0000000000
