0.0
0.0
0.0
0.0
0.0
0.0
0.0
0.0
0.0
0.0
0.0
0.0
0.0
0.0
0.0
0.0
0.0
0.0
0.0
0.0
0.0
0.0
0.0
0.0
0.0
0.0
0.0
0.0
0.0
0.0
0.0
0.1005952381
0.0
0.0
0.0
0.0
0.1408333333
0.0
0.1707070707
0.0
0.0
0.0
0.1181818182
0.1373983740
0.0
0.0
0.0
0.0
0.0
0.1656862745
0.0
0.0
0.0
0.0
0.0
0.1690000000
0.0
0.0000000000
0.0
0.0
0.0000000000
0.1432203390
0.1817204301
0.1352000000
0.1508928571
0.2036144578
0.0
0.2112500000
0.0250000000
0.0
0.1564814815
0.0000000000
0.1817204301
0.0000000000
0.1000000000
0.0000000000
0.1126666667
0.0250000000
0.0871134021
0.1157534247
0.0
0.0
0.0933701657
0.1141891892
0.0000000000
0.1083333333
0.1330708661
0.1432203390
0.1270676692
0.0000000000
0.0
0.0000000000
0.1352000000
0.1126666667
0.0000000000
0.0000000000
0.0000000000
0.0000000000
