0.0
0.0
0.0
0.0
0.0
0.0
0.1891143087
0.0
0.0
0.0
0.0
0.0
0.2133924970
0.0
0.0
0.1902535515
0.0
0.0
0.0
0.0
0.0
0.0
0.0
0.0
0.0
0.0
0.0
0.0
0.0
0.1804690832
0.0
0.1949511701
0.1961620469
0.0
0.0
0.0
0.1671010029
0.0000000000
0.1671010029
0.0
0.1914066033
0.1349661947
0.1764362545
0.1764362545
0.2178075142
0.0
0.0
0.0
0.0
0.2148441466
0.0
0.0
0.1794436906
0.0
0.1825554309
0.0
0.1925737168
0.1764362545
0.0
0.0
0.1836167997
0.0
0.0
0.0
0.1595055028
0.0
0.1764362545
0.0000000000
0.0000000000
0.0
0.1662215240
0.1579104478
0.2255863539
0.0
0.1644900498
0.0
0.1846905822
0.1744866826
0.1525704809
0.2374593199
0.1937551506
0.1707139976
0.1429053826
0.1496781495
0.1489721205
0.1563469780
0.0
0.0149253731
0.1435549525
0.1070579307
0.0
0.1662215240
0.0
0.1468934398
0.0000000000
0.0
0.1435549525
0.1397437591
0.1349661947
0.0000000000
0.0000000000
0.1253257522
0.1794436906
0.0000000000
0.1555767958
0.0928884987
0.0000000000
0.0000000000
0.0000000000
0.0000000000
0.0000000000
0.1533111143
0.0000000000
0.0000000000
0.0000000000
0.0000000000
0.0149253731
0.0000000000
0.0000000000
0.0000000000
