0.0
0.0
0.0
0.0
0.0
0.0
0.0
0.0
0.0
0.0
0.0
0.0
0.0
0.0
0.0
0.0
0.0
0.0
0.0
0.0
0.0
0.0
0.0
0.0
0.0
0.0
0.0
0.0
0.0
0.0929524566
0.0
0.1197577347
0.0
0.0
0.0
0.0
0.0
0.0921276225
0.0
0.0
0.1176695440
0.0
0.0
0.0
0.0867396960
0.0
0.0
0.0
0.0
0.0977313302
0.0
0.0
0.1155539101
0.0
0.1241646430
0.0
0.0
0.0
0.0
0.0
0.0
0.0
0.0
0.0
0.0
0.0
0.0
0.0
0.0
0.0
0.1336306604
0.1128486346
0.1075434000
0.0
0.0973787640
0.0
0.1114508398
0.0
0.0979440979
0.0
0.0
0.1035817091
0.0
0.0
0.1205062205
0.1323205558
0.0
0.1118201880
0.0
0.1035817091
0.0
0.0
0.0
0.0
0.0
0.0
0.0000000000
0.1019387968
0.0
0.0
0.0
0.0967505140
0.0000000000
0.0853681005
0.0
0.0
0.0
0.0
0.0
0.1295268397
0.1043828051
0.0
0.0985160343
0.1078872638
0.1171588255
0.1134176193
0.0
0.0
0.0
0.0
0.0
0.0
0.1097292414
0.1161505740
0.0
0.0953156546
0.0
0.0
0.0
0.0
0.0
0.0
0.0
0.0
0.0
0.0978730725
0.1147678291
0.0
0.0
0.1368833336
0.0
0.0
0.0849383052
0.0
0.1097292414
0.0
0.0030030030
0.0
0.1164512226
0.1085816307
0.0652960653
0.0
0.0
0.0
0.0
0.1220316157
0.1104475998
0.0
0.1127543584
0.1135130084
0.0
0.0
0.1212641213
0.1205062205
0.1116352084
0.0983007771
0.0840392073
0.0
0.0
0.1165517849
0.0
0.0955856707
0.0
0.0
0.1042215961
0.0636937079
0.0
0.0
0.0933381514
0.0883870118
0.0896195000
0.0
0.1102671299
0.0000000000
0.1025584855
0.0
0.0
0.1098185248
0.1063569480
0.1309087943
0.0
0.1151595281
0.1225858011
0.0
0.0
0.0978021500
0.0934674286
0.0959253497
0.0
0.0
0.1382858268
0.1146703203
0.0
0.1114508398
0.0811587294
0.0
0.0
0.0
0.0000000000
0.0
0.0892048691
0.0
0.0
0.0
0.0726409941
0.0
0.0
0.0
0.0000000000
0.0
0.0
0.0913791246
0.0960618982
0.0000000000
0.0
0.1137042687
0.0
0.0030030030
0.0
0.1048694382
0.0
0.1087566212
0.0
0.1099975281
0.0794390624
0.0707374041
0.1030282191
0.0000000000
0.0
0.1266106632
0.1098185248
0.0
0.0
0.0000000000
0.1337630991
0.0848315317
0.0
0.0915030285
0.0
0.1159510025
0.1168545169
0.0
0.0
0.1020930159
0.0
0.1083201982
0.0
0.1304028666
0.0000000000
0.1026364768
0.0989493893
0.0879263628
0.0
0.1077150574
0.0030030030
0.0702221472
0.0
0.0000000000
0.0
0.0
0.1019387968
0.0
0.0576781910
0.1121919925
0.1259020214
0.0983724249
0.1154550616
0.0040040040
0.0830565951
0.0763819847
0.0750650539
0.0921905512
0.1138001408
0.1201842983
0.0858568492
0.0
0.0
0.1414748081
0.0000000000
0.0
0.0
0.0
0.0953830155
0.0967505140
0.0
0.0
0.0988045146
0.1039807142
0.1108103177
0.0
0.0
0.0960618982
0.0060060060
0.1071166404
0.0
0.0
0.0
0.0
0.0
0.0
0.0576781910
0.1107194151
0.0
0.1073722888
0.1158514738
0.0990219860
0.1115429479
0.0
0.0000000000
0.0
0.1187044564
0.0980864586
0.0835191627
0.0000000000
0.1212641213
0.1017083398
0.1116352084
0.1028711638
0.1200773727
0.1209381424
0.1109013697
0.0
0.0000000000
0.1160507025
0.1163508336
0.0903393353
0.0967505140
0.0928245990
0.1085816307
0.1085816307
0.0
0.1140887295
0.0939881386
0.0991674996
0.1108103177
0.0
0.0934674286
0.0000000000
0.0
0.0775672224
0.0847782456
0.0
0.0
0.0000000000
0.0
0.0831589445
0.0
0.0
0.1077150574
0.0000000000
0.0964049764
0.0000000000
0.0
0.0840392073
0.0
0.0000000000
0.0
0.0840392073
0.0000000000
0.1026364768
0.0030030030
0.0000000000
0.0959935754
0.0
0.0000000000
0.1020158480
0.0672481151
0.0030030030
0.0000000000
0.0030030030
0.0712226739
0.0608507516
0.0000000000
0.0943824944
0.0000000000
0.0000000000
0.0785148150
0.0000000000
0.0000000000
0.0959253497
0.0000000000
0.0000000000
0.1039807142
0.0
0.0633945359
0.1015552799
0.0000000000
0.1153563820
0.0632756526
0.0000000000
0.0936620173
0.0881560855
0.0
0.0919393508
0.0856933124
0.0
0.0
0.0000000000
0.0000000000
0.0000000000
0.0
0.1049509852
0.0
0.0000000000
0.0000000000
0.0000000000
0.0735114199
0.0792524762
0.0000000000
0.0000000000
0.0030030030
0.0706633335
0.0000000000
0.1218113420
0.0000000000
0.0030030030
0.0000000000
0.1073722888
0.0000000000
0.0993865736
0.0753163878
0.1192287694
0.0841439944
0.0000000000
0.0000000000
0.0040040040
0.0829544972
0.0000000000
0.0852602445
0.0887940572
0.0705156567
0.0000000000
0.0000000000
0.1077150574
0.0000000000
0.0
0.1137042687
0.0819471566
0.0983007771
0.0000000000
0.0988045146
0.1230327867
0.0000000000
0.0000000000
0.0699310710
0.0940536355
0.1214824185
0.0000000000
0.0
0.0000000000
0.0000000000
0.0000000000
0.0953830155
0.0000000000
0.0944485423
0.0000000000
0.0000000000
0.0937270604
0.0743619653
0.0000000000
0.0879263628
0.0817486172
0.0000000000
0.0000000000
0.0030030030
0.0030030030
0.0835191627
0.1049509852
0.0920647797
0.0000000000
0.0000000000
0.0973085559
0.0951812179
0.0000000000
0.0000000000
0.0000000000
0.0000000000
0.0000000000
0.0000000000
0.0000000000
0.0941849037
0.0852602445
0.0944485423
0.0858568492
0.0000000000
0.0592480101
0.0834675120
0.0000000000
0.0000000000
0.0000000000
0.0000000000
0.0801466550
0.0000000000
0.0000000000
0.0000000000
0.0000000000
0.0000000000
0.0000000000
0.0000000000
0.0000000000
0.0000000000
0.0000000000
0.0000000000
0.0000000000
0.0000000000
0.0000000000
0.0000000000
0.0000000000
0.0000000000
0.0691783531
0.0000000000
0.0000000000
0.0000000000
0.0000000000
0.0000000000
0.0000000000
0.0880410743
0.0000000000
0.0000000000
0.0000000000
0.0000000000
0.0852064185
0.0000000000
0.0000000000
0.0000000000
0.0000000000
