0.0
0.0
0.0
0.0
0.0
0.0
0.0
0.0
0.0
0.0
0.0
0.0
0.0
0.0
0.0
0.0
0.0
0.0
0.0
0.0
0.0
0.0
0.0
0.0
0.0
0.0
0.0
0.0
0.0
0.0
0.0
0.0
0.0
0.0
0.0
0.0
0.0
0.0
0.0
0.0
0.0
0.0
0.0
0.0
0.0
0.0
0.0
0.0
0.0
0.0
0.0
0.0
0.0
0.0
0.0
0.0
0.0
0.0
0.0
0.0
0.1056889156
0.0
0.0
0.0
0.0
0.0
0.0
0.0
0.0
0.0
0.0
0.0
0.0
0.0
0.0
0.1076533936
0.0
0.0
0.0
0.1041682118
0.0
0.0
0.0
0.0
0.0
0.0
0.0869632519
0.0
0.0
0.0
0.0
0.1109531145
0.0
0.0
0.0
0.0
0.0
0.0
0.0
0.0
0.0
0.0
0.0
0.0
0.0
0.0
0.0
0.0
0.0
0.1322317940
0.0
0.0
0.0
0.0
0.0
0.0
0.0
0.0
0.1334505202
0.0971770567
0.0
0.0784790322
0.0
0.0
0.0
0.0
0.0
0.0
0.0
0.0
0.0
0.0
0.0
0.1365979381
0.0
0.0
0.0
0.1287056128
0.0
0.1264574799
0.0
0.1064660400
0.0
0.0
0.0
0.0
0.0
0.0
0.0
0.0
0.1242865360
0.0
0.0103092784
0.0
0.0
0.0
0.1191718637
0.0
0.0103092784
0.0
0.0
0.0103092784
0.0
0.0103092784
0.1026906485
0.0
0.0
0.0907798210
0.0
0.0
0.0
0.0995146491
0.0
0.0
0.0
0.0000000000
0.0
0.0
0.0
0.0000000000
0.0
0.0
0.1334505202
0.0975042521
0.0137457045
0.0
0.0
0.0
0.1045442703
0.0
0.0
0.0829763980
0.0965292096
0.0
0.0
0.0
0.0
0.0
0.0836958465
0.0
0.0
0.0
0.0
0.0
0.0103092784
0.0206185567
0.1211663719
0.0
0.0
0.0774298473
0.0
0.0
0.0
0.0000000000
0.0899340462
0.0991738455
0.0
0.1016096943
0.0877538269
0.0
0.0103092784
0.0
0.0891038858
0.0928165477
0.0
0.0103092784
0.0
0.0103092784
0.1196643094
0.0752175659
0.1172419550
0.0
0.0646400957
0.1270121179
0.0
0.1310351262
0.0103092784
0.0
0.0
0.0
0.0864440683
0.0841824503
0.0899340462
0.0000000000
0.0103092784
0.0
0.0000000000
0.0984991935
0.0103092784
0.0752175659
0.0774298473
0.0
0.0103092784
0.0000000000
0.0867028829
0.0
0.0
0.0103092784
0.0000000000
0.0662671920
0.0687856601
0.0748288447
0.0968520498
0.0103092784
0.0
0.0000000000
0.0
0.0000000000
0.1002033318
0.0849230583
0.0000000000
0.0137457045
0.0000000000
0.0103092784
0.1068589036
0.0731281891
0.0103092784
0.0000000000
0.0000000000
0.0000000000
0.0000000000
0.0752175659
0.0000000000
0.0000000000
0.0000000000
0.0000000000
0.0000000000
0.0000000000
0.0000000000
0.0000000000
0.0000000000
0.0000000000
