0.0
0.0
0.0
0.0
0.0
0.0
0.0
0.0
0.0
0.2182602771
0.2146526692
0.0
0.0
0.0
0.0
0.1791239515
0.0
0.0
0.0000000000
0.0
0.0
0.0000000000
0.0
0.0
0.2823149236
0.0
0.2258519389
0.0
0.0
0.0
0.2792792793
0.2111623819
0.0
0.0
0.0
0.1952855111
0.2450280469
0.0
0.0
0.0
0.0
0.2450280469
0.0
0.1938281565
0.0
0.0
0.2918311570
0.0
0.0
0.2298493183
0.2450280469
0.0
0.1467399603
0.1923923924
0.2473616474
0.0
0.2951474201
0.0
0.1583717864
0.1829082604
0.2219912220
0.0000000000
0.2473616474
0.0
0.1791239515
0.0
0.1766868910
0.0
0.1510056568
0.2219912220
0.2854172854
0.0000000000
0.2521647861
0.0
0.2650303365
0.0
0.2182602771
0.0000000000
0.1868559207
0.1923923924
0.0000000000
