0.0
0.0
0.0
0.0
0.0
0.0
0.0
0.1846547315
0.0
0.0
0.0
0.0
0.0
0.0
0.0
0.0
0.0
0.0
0.0
0.0
0.1358930924
0.0
0.0
0.1710697785
0.0
0.0
0.0
0.0
0.0
0.0
0.0
0.1857473630
0.1382876844
0.1453301127
0.0
0.0
0.0
0.0873193445
0.0
0.0
0.0
0.0
0.0
0.0
0.0
0.2187547341
0.0
0.0
0.0
0.0
0.0
0.0
0.0
0.1706049149
0.0
0.0
0.0
0.1896755550
0.0
0.1581425912
0.0
0.1527557389
0.0
0.1993098689
0.1652173913
0.1841132220
0.0000000000
0.0
0.1804097951
0.0
0.1758616490
0.1885363624
0.1783596838
0.0
0.0
0.1758616490
0.2150089339
0.1487739543
0.0
0.0
0.0
0.0000000000
0.1665321186
0.0
0.1119119585
0.2106798950
0.1426877470
0.0
0.2078894328
0.1768524189
0.0
0.1809297081
0.1505578146
0.2113892549
0.0
0.0
0.0839339688
0.1219079780
0.2031799634
0.1477237852
0.2099752799
0.0
0.2157477962
0.0974885228
0.0
0.0
0.0
0.0874409592
0.0
0.0
0.1968106856
0.1634963768
0.0
0.2065217391
0.1460060667
0.0
0.1687704535
0.0000000000
0.0
0.1634963768
0.1091871456
0.0
0.0
0.1879718823
0.1046376812
0.1825075834
0.1793788820
0.1622289630
0.0987147935
0.1417214643
0.1520160017
0.0874409592
0.1798928616
0.2005834144
0.1286528867
0.1538789429
0.1683179858
0.1715371822
0.0932876801
0.0000000000
0.1039447164
0.1793788820
0.1692253604
0.0000000000
0.1999446137
0.0
0.1874107722
0.1634963768
0.0000000000
0.0
0.1243219974
0.0000000000
0.0
0.1235878124
0.0000000000
0.1417214643
0.1186816800
0.1299846971
0.0000000000
0.1710697785
0.1665321186
0.0000000000
0.1398276363
0.0000000000
0.0000000000
0.1902503294
0.0000000000
0.0000000000
0.0000000000
0.0000000000
