0.0
0.0
0.0
0.0
0.0
0.0
0.0
0.0
0.0
0.0
0.0
0.0
0.0
0.0
0.0
0.0
0.0
0.0
0.0
0.0
0.0
0.0
0.0
0.0
0.0
0.0
0.0
0.0
0.0
0.0950499064
0.0
0.1236237936
0.0
0.0
0.0
0.0
0.0
0.1041495493
0.0
0.0
0.1323759205
0.0
0.0
0.0
0.1023676922
0.0
0.0
0.0
0.0
0.1073254100
0.0
0.0
0.0926221611
0.0
0.1214901849
0.0
0.0
0.0
0.0
0.0
0.0
0.0
0.0
0.0
0.0
0.0
0.0
0.0
0.0
0.0
0.1114225625
0.1242656616
0.1017583607
0.0
0.0945990768
0.0
0.1068462787
0.0
0.1070374170
0.0
0.1341567625
0.1166353140
0.0
0.1118390955
0.1176674849
0.1027191692
0.0
0.1088879274
0.0
0.1178993420
0.0
0.0
0.0
0.0
0.0
0.0
0.0859682702
0.1060885037
0.0
0.0
0.0
0.1115264046
0.0000000000
0.0000000000
0.0
0.0
0.0
0.0
0.0
0.1288135976
0.1103946791
0.0
0.0869047438
0.1121535447
0.0926221611
0.1046962661
0.0000000000
0.0
0.0
0.0
0.0
0.0
0.1241367554
0.1164083971
0.0
0.0827006442
0.0
0.0
0.0
0.0
0.0
0.0
0.0657515561
0.0
0.0
0.0816288078
0.1036982948
0.0
0.0
0.1078088578
0.0
0.0
0.0919107774
0.0
0.0988173676
0.0
0.0104895105
0.0
0.1003083254
0.1113189136
0.0000000000
0.0
0.0062937063
0.0576434644
0.0
0.0958109145
0.1173214041
0.0
0.1107010473
0.1203901732
0.0
0.0
0.1105987358
0.0934175115
0.1108035483
0.0962733968
0.0889062646
0.0
0.0
0.0978477777
0.0
0.1093855870
0.0
0.0
0.0863404272
0.0574773449
0.0
0.0
0.0950499064
0.0849913581
0.0763187705
0.0
0.1122587544
0.0000000000
0.0977678367
0.0
0.0
0.1058071018
0.0978477777
0.1173214041
0.0
0.1193099025
0.1090864468
0.0
0.0756912284
0.1167491046
0.1076149570
0.1043311527
0.0
0.0728793131
0.1258336826
0.0952769364
0.0
0.0944497491
0.1012418208
0.0
0.0
0.1097870020
0.0000000000
0.0
0.0547929634
0.0
0.0
0.0
0.0529503682
0.0
0.1053414016
0.0
0.0000000000
0.0
0.0
0.0913494902
0.0954288933
0.0000000000
0.1116304405
0.1054342134
0.0
0.0000000000
0.0
0.0939307945
0.0
0.1130007858
0.0736417429
0.0888402614
0.0694128957
0.0630494374
0.0990627750
0.0000000000
0.0
0.0958876860
0.0905888207
0.0
0.0
0.0000000000
0.1227362381
0.1104966133
0.0
0.0853550871
0.0
0.0997231935
0.0914192759
0.0
0.0
0.0853550871
0.0
0.0865277167
0.0
0.1155094905
0.0683035572
0.1097870020
0.0000000000
0.0856605814
0.0
0.0924075924
0.0901792254
0.0997231935
0.0
0.0000000000
0.0
0.0
0.0984920429
0.0
0.0529972685
0.1209988192
0.1054342134
0.0988990348
0.1166353140
0.0690524133
0.0734609160
0.0000000000
0.0948991532
0.0809113132
0.1218613362
0.1156210939
0.0547929634
0.0
0.0
0.1233688991
0.0000000000
0.0
0.0
0.0
0.0871579258
0.0903153450
0.0
0.0
0.0801526002
0.0000000000
0.0000000000
0.0000000000
0.0911407709
0.1134292248
0.0768579526
0.0988990348
0.0
0.0000000000
0.0
0.0625550612
0.0
0.0
0.0702688386
0.0951254628
0.0
0.0988990348
0.0895047361
0.0000000000
0.0899758137
0.0
0.0000000000
0.0
0.1200279159
0.0787806663
0.0832182421
0.0869047438
0.0982494517
0.0810757671
0.1186004283
0.1058071018
0.1224849869
0.0965063163
0.1133218108
0.0000000000
0.0000000000
0.0949744700
0.1116304405
0.0770063270
0.1029843650
0.0000000000
0.1023676922
0.0946739179
0.0
0.0825864956
0.0781631823
0.0598339161
0.0000000000
0.0957342657
0.0769568053
0.0000000000
0.0
0.0034965035
0.0921230425
0.0000000000
0.1056203285
0.0000000000
0.0
0.0000000000
0.0
0.0
0.0869047438
0.0000000000
0.0000000000
0.0000000000
0.0
0.1070374170
0.0
0.0000000000
0.0
0.0793027383
0.0000000000
0.0824726617
0.0000000000
0.0570662051
0.0947488774
0.0936368014
0.0000000000
0.0688141646
0.0830449911
0.0062937063
0.0000000000
0.0000000000
0.0000000000
0.0736417429
0.0624245343
0.0000000000
0.0000000000
0.0000000000
0.0865903272
0.0000000000
0.0000000000
0.1043311527
0.0950499064
0.0000000000
0.1023676922
0.0
0.0000000000
0.0801526002
0.0490040263
0.1068462787
0.0000000000
0.0000000000
0.0000000000
0.0034965035
0.0062937063
0.0000000000
0.0000000000
0.0
0.0
0.0000000000
0.0000000000
0.0000000000
0.0889062646
0.0000000000
0.0
0.0000000000
0.0908639576
0.0000000000
0.0660054231
0.0000000000
0.0000000000
0.0000000000
0.0000000000
0.0627189896
0.0000000000
0.0888402614
0.0000000000
0.0000000000
0.0827006442
0.0000000000
0.0000000000
0.1099888163
0.0570662051
0.0000000000
0.0000000000
0.0000000000
0.0000000000
0.0000000000
0.0000000000
0.0000000000
0.0950499064
0.0799384316
0.0000000000
0.0000000000
0.0000000000
0.0000000000
0.0000000000
0.0
0.0000000000
0.0000000000
0.0000000000
0.0000000000
0.0000000000
0.0000000000
0.0000000000
0.0000000000
0.0764162402
0.0957342657
0.0000000000
0.0000000000
0.0000000000
0.0000000000
0.0000000000
0.0000000000
0.0000000000
0.0000000000
0.0000000000
