0.0
0.0
0.0
0.0
0.0
0.0
0.0
0.2022774948
0.0
0.0
0.0
0.0
0.0
0.0
0.0
0.0
0.0
0.0
0.0
0.0
0.0187793427
0.0
0.0
0.0187793427
0.0
0.0
0.0
0.0
0.0
0.0
0.0
0.1584507042
0.1677713339
0.1771498557
0.0
0.0
0.0
0.1433222450
0.0
0.0000000000
0.0
0.0
0.0
0.1840072694
0.0
0.1901408451
0.0
0.0
0.0
0.0
0.0
0.0
0.0
0.2022774948
0.2097141674
0.0
0.1611363094
0.1541682528
0.0
0.1593359037
0.0
0.1760563380
0.0
0.1782570423
0.1620518566
0.1250926612
0.0000000000
0.0
0.0000000000
0.0140845070
0.1550061237
0.0281690141
0.2022774948
0.0
0.0
0.0000000000
0.1470161173
0.0000000000
0.0
0.0
0.0
0.1433222450
0.0187793427
0.0
0.0281690141
0.1240048990
0.1302334555
0.0
0.1509054326
0.0000000000
0.0
0.1517081211
0.1888816342
0.1980633803
0.0
0.1541682528
0.1658205044
0.1084453489
0.1611363094
0.1485475352
0.0140845070
0.0140845070
0.1667902150
0.1040917035
0.0
0.0000000000
0.1250926612
0.0000000000
0.2066748316
0.1208522320
0.1391274476
0.1470161173
0.1611363094
0.1290548722
0.1250926612
0.0
0.0000000000
0.0908316139
0.0
0.1290548722
0.0000000000
0.0
0.1517081211
0.1056338028
0.0187793427
0.0000000000
0.0000000000
0.0140845070
0.1541682528
0.0000000000
0.0000000000
0.0000000000
0.0000000000
