0.0
0.0
0.0
0.0
0.1281483696
0.0
0.1561379492
0.0
0.0
0.0858345171
0.0
0.1311446444
0.0
0.1382301844
0.0
0.1347808175
0.0998171421
0.1350304116
0.0
0.0
0.1364198733
0.0841019865
0.0
0.0
0.0
0.1207225535
0.1069940166
0.1225486089
0.1443889550
0.1286003920
0.0
0.0
0.1421372754
0.1226516775
0.1347808175
0.1317369870
0.1362923781
0.1232737486
0.1129611499
0.0
0.0
0.1519092131
0.1500337907
0.1299757973
0.0
0.1414479579
0.1362923781
0.1261529797
0.1129611499
0.1119208324
0.1231696322
0.1175123647
0.1446754410
0.1312626864
0.1300917436
0.1395529613
0.1244307548
0.0
0.1136655063
0.1541573410
0.0
0.1007828919
0.0841991019
0.1404940699
0.0
0.1453966546
0.0
0.0914886101
0.1355323834
0.1305576048
0.1467131233
0.1419988750
0.0000000000
0.1410375673
0.1369322484
0.1260439452
0.1057526067
0.0058651026
0.1029892970
0.1232737486
0.1374484869
0.1512788844
0.1347808175
0.0
0.1495721483
0.1303242579
0.1323347047
0.0
0.0956908429
0.0965141261
0.1422759459
0.0
0.1199283261
0.1120067931
0.1085873750
0.0
0.0996806867
0.1233780411
0.1245370150
0.1399547453
0.1340375410
0.1237969818
0.1120067931
0.1065250873
0.1242187773
0.1344081517
0.0
0.1095663746
0.1470089159
0.0
0.1158322832
0.1160165828
0.0970278407
0.1208225721
0.1007828919
0.1267009944
0.1191444809
0.0
0.0965141261
0.1425541003
0.1173232861
0.1262622031
0.0873773784
0.1296291952
0.0000000000
0.1312626864
0.0960690676
0.1229619263
0.0000000000
0.1328167983
0.0
0.0
0.0750555042
0.0029325513
0.1538321145
0.0029325513
0.1311446444
0.1102289075
0.0954403433
0.1326959459
0.1190472201
0.1264812182
0.0920081038
0.0
0.1104794277
0.1441036014
0.1141102070
0.0000000000
0.1293991522
0.1227549197
0.1129611499
0.1333024173
0.1166662757
0.1297445236
0.1130487167
0.0939039566
0.0000000000
0.0000000000
0.1167596834
0.1090746781
0.1318560982
0.0000000000
0.1108152314
0.1017675119
0.1333024173
0.1171348149
0.1275877905
0.0039100684
0.0963865463
0.1431136846
0.0
0.0
0.0039100684
0.0
0.0987358460
0.0029325513
0.0
0.1310268145
0.1038695474
0.0
0.1050668909
0.0039100684
0.1089117585
0.1384927299
0.0000000000
0.0964502940
0.1162941344
0.0
0.0000000000
0.1121791112
0.1058293502
0.1248568875
0.1258264405
0.1132242582
0.1258264405
0.0000000000
0.1149194993
0.1344081517
0.1209227567
0.1205230120
0.0
0.1148290115
0.1259350989
0.0
0.1161089527
0.0065982405
0.0
0.1134003457
0.0
0.0911455279
0.0937831798
0.1345321444
0.0
0.1059062052
0.1035744635
0.1099795208
0.1062921608
0.1118350035
0.0
0.1114930004
0.0000000000
0.1267009944
0.1361651210
0.0000000000
0.0
0.1215273705
0.0000000000
0.0000000000
0.1257179695
0.1362923781
0.0971571250
0.1282610770
0.0
0.1429733770
0.1259350989
0.0746329808
0.1284870877
0.0
0.1177020537
0.0747860741
0.1265910109
0.0000000000
0.0000000000
0.0000000000
0.1145584011
0.0847372717
0.1125253430
0.0000000000
0.1117493062
0.0942072639
0.1217302542
0.0000000000
0.1059062052
0.1136655063
0.0905794066
0.0894680028
0.1201259016
0.1115783050
0.1292844367
0.1097312600
0.0
0.0994088920
0.0995446038
0.0935425559
0.0843940073
0.1156485683
0.1061374415
0.1055994530
0.0058651026
0.0000000000
0.0000000000
0.1517511390
0.0841505162
0.0000000000
0.0029325513
0.0
0.0000000000
0.0000000000
0.0000000000
0.1127864227
0.0039100684
0.1181789664
0.0000000000
0.0039100684
0.1183708154
0.0000000000
0.0943901907
0.0029325513
0.0029325513
0.1091563208
0.0
0.0029325513
0.1143787016
0.0914886101
0.0029325513
0.1090746781
0.0955028452
0.0866505315
0.0039100684
0.0000000000
0.0000000000
0.0000000000
0.0972218964
0.1092380858
0.0000000000
0.0000000000
0.0000000000
0.0029325513
0.0967061304
0.0000000000
0.0000000000
0.0845407795
0.0000000000
0.0029325513
0.0029325513
0.0964502940
0.0043988270
0.0000000000
0.1034275493
0.0936025960
0.0029325513
0.1201259016
0.0842964420
0.0968345582
0.0000000000
0.0000000000
0.0065982405
0.0043988270
0.0000000000
0.0000000000
0.0000000000
0.0000000000
0.1092380858
0.0843940073
0.0000000000
0.0000000000
0.0000000000
0.0000000000
0.0000000000
0.0000000000
0.1184669737
0.0029325513
0.0000000000
0.0000000000
0.1101456530
0.0000000000
0.0000000000
0.0058651026
0.1120067931
0.0833330540
0.0000000000
0.0000000000
0.0000000000
0.0000000000
0.1092380858
0.0029325513
0.0000000000
0.0000000000
0.0000000000
0.0000000000
0.0029325513
0.0956908429
0.1023388383
0.0029325513
0.0000000000
0.0000000000
0.0000000000
0.0000000000
0.0000000000
0.0000000000
0.0000000000
0.0000000000
0.0000000000
0.0000000000
0.0000000000
0.0820668793
0.1181789664
0.0000000000
0.0000000000
0.0000000000
0.0000000000
0.0000000000
0.0000000000
0.0000000000
0.0000000000
0.0000000000
0.0000000000
0.0000000000
0.0000000000
0.0000000000
0.0000000000
0.0000000000
0.0000000000
0.0000000000
