0.0
0.0
0.0
0.0
0.1301814773
0.0
0.1585321101
0.0
0.0
0.0918139634
0.0
0.1288878944
0.0
0.1401560895
0.0
0.1342228590
0.1023521514
0.1373232907
0.0
0.0
0.1361439877
0.0854876567
0.0
0.0
0.0
0.1301814773
0.1095844079
0.1212225141
0.1460377677
0.1281930809
0.0
0.0
0.1472434459
0.1339707973
0.1335944748
0.1438295354
0.1391989259
0.1243931117
0.1030916901
0.0
0.0
0.1484691978
0.1514637995
0.1290044296
0.0
0.1323551940
0.1352406626
0.1284238516
0.1129682495
0.1192967384
0.1188000825
0.1210168779
0.1441201001
0.1337196805
0.1198982345
0.1415465269
0.1216358901
0.0
0.1097529993
0.1590623178
0.0
0.0993585648
0.0855902214
0.1425363627
0.0
0.1487788312
0.0
0.0880190617
0.1400185467
0.1293553029
0.1439746711
0.1423941109
0.1283083625
0.1448516742
0.1353689745
0.1242847553
0.1046800433
0.0030581040
0.0959508400
0.1249377400
0.1315012895
0.1537488137
0.1374555868
0.0
0.1513031804
0.1317441358
0.1337196805
0.0
0.0973253063
0.0971927105
0.1473955569
0.0
0.1162827213
0.1140518778
0.1015508179
0.0
0.1023521514
0.1227873486
0.1254871584
0.1416870895
0.1308980726
0.1041451818
0.1140518778
0.1020592983
0.1261528728
0.1386578222
0.0
0.1114678899
0.1460377677
0.0
0.1135074774
0.1142345069
0.0030581040
0.1224711580
0.0699749382
0.1285395487
0.1202012629
0.0
0.0893418279
0.1447047658
0.1189982478
0.1272782329
0.0633003102
0.1153426832
0.0000000000
0.1290044296
0.0781374037
0.1248284331
0.0000000000
0.1308980726
0.0
0.0
0.0741959954
0.0030581040
0.1581805977
0.0030581040
0.1279631382
0.1120808320
0.0967970821
0.1353689745
0.1164725707
0.1286554545
0.1085836370
0.0
0.1093324897
0.1431082238
0.1154360025
0.0000000000
0.1273918742
0.1261528728
0.0995665730
0.1236385607
0.1189982478
0.1297080901
0.1145095498
0.0954373907
0.0000000000
0.0000000000
0.1172382080
0.1079265500
0.1319878807
0.0000000000
0.1042212557
0.0883460675
0.1334695034
0.1190975785
0.1293553029
0.0030581040
0.0865770019
0.1429648287
0.0
0.0
0.0000000000
0.0
0.0977252733
0.0876406014
0.0
0.1342228590
0.1036157582
0.0
0.1059234589
0.0000000000
0.1082540964
0.1382547472
0.0000000000
0.0981285413
0.1164725707
0.0
0.0000000000
0.1133271637
0.1024992091
0.1258191350
0.1257082811
0.1120808320
0.1263763499
0.0000000000
0.1048338715
0.1347298386
0.1201000834
0.1212225141
0.0
0.1129682495
0.1210168779
0.0
0.1174311927
0.0061162080
0.0
0.0946774380
0.1188990826
0.0887858737
0.0000000000
0.1188000825
0.0
0.1067955831
0.1061598952
0.1106896036
0.1014785911
0.1112072479
0.0
0.1131474220
0.0000000000
0.1163775686
0.1327245573
0.0000000000
0.0
0.1243931117
0.0000000000
0.0000000000
0.1239608159
0.1362740201
0.0954373907
0.1294726852
0.0
0.1439746711
0.1251569290
0.0758123800
0.1283083625
0.0
0.1180139777
0.0753718431
0.1095003063
0.0000000000
0.0000000000
0.0000000000
0.1127005522
0.0835356552
0.1146015254
0.0000000000
0.1121689458
0.0948662893
0.1237457928
0.0000000000
0.1067955831
0.1111206379
0.0913437254
0.0915194991
0.1188000825
0.1146936488
0.1316226006
0.1182095270
0.0
0.0000000000
0.1009044548
0.0000000000
0.0850291413
0.1172382080
0.0939913696
0.1061598952
0.0030581040
0.0000000000
0.0000000000
0.1513031804
0.0787411143
0.0000000000
0.0030581040
0.0
0.0000000000
0.0000000000
0.0000000000
0.1135074774
0.0030581040
0.1177218639
0.0000000000
0.0000000000
0.1104325844
0.0000000000
0.0958863569
0.0030581040
0.0030581040
0.1084186163
0.0
0.1009758663
0.1144177218
0.0000000000
0.0000000000
0.1092487742
0.0959508400
0.0000000000
0.0908782797
0.0000000000
0.0000000000
0.0000000000
0.0983314260
0.1116423311
0.0000000000
0.0000000000
0.0000000000
0.0030581040
0.0973917400
0.0000000000
0.0000000000
0.0030581040
0.0000000000
0.0030581040
0.0030581040
0.0976583840
0.0040774720
0.0000000000
0.1060021539
0.0931932718
0.0000000000
0.1196970630
0.0849279161
0.0000000000
0.0000000000
0.0000000000
0.0040774720
0.0000000000
0.0000000000
0.0000000000
0.0000000000
0.0000000000
0.1082540964
0.0000000000
0.0000000000
0.0000000000
0.0000000000
0.0000000000
0.0000000000
0.0000000000
0.1097529993
0.0030581040
0.0000000000
0.0000000000
0.0000000000
0.0000000000
0.0000000000
0.1052980805
0.0000000000
0.0844753695
0.0000000000
0.0000000000
0.0000000000
0.0000000000
0.1116423311
0.0000000000
0.0000000000
0.0000000000
0.0000000000
0.0000000000
0.0030581040
0.0973253063
0.0865770019
0.0000000000
0.0000000000
0.0000000000
0.0000000000
0.0000000000
0.0000000000
0.0000000000
0.0000000000
0.0000000000
0.0000000000
0.0000000000
0.0000000000
0.0000000000
0.0000000000
0.0000000000
0.0000000000
