0.0
0.0
0.0
0.0
0.0
0.0
0.0
0.0
0.0
0.0
0.0
0.0
0.0
0.0
0.0
0.0
0.0
0.0
0.0
0.0
0.0
0.0
0.0
0.0
0.0
0.0
0.0
0.0
0.0
0.0
0.0
0.0
0.0
0.0
0.0
0.0
0.0
0.0
0.0
0.0
0.0
0.0
0.0000000000
0.0000000000
0.0
0.0
0.0
0.0
0.0
0.0208333333
0.0
0.0
0.0
0.0
0.0
0.0000000000
0.0
0.0
0.0
0.0
0.0833333333
0.0
0.0000000000
0.0208333333
0.0666666667
0.0
0.0
0.0
0.0000000000
0.0
0.0535714286
0.0434027778
0.0000000000
0.0520833333
0.0208333333
0.0555555556
0.0
0.0000000000
0.0
0.0868055556
0.0
0.0
0.0651041667
0.0000000000
0.0
0.0416666667
0.0000000000
0.0
0.0
0.0416666667
0.0
0.0535714286
0.0937500000
0.0
0.0000000000
0.0
0.0
0.0
0.0
0.0
0.0
0.0520833333
0.0000000000
0.0000000000
0.0000000000
0.0
0.0576923077
0.0000000000
0.0
0.0576923077
0.0000000000
0.0208333333
0.0000000000
0.0000000000
0.0000000000
0.0208333333
0.0208333333
0.0
0.0576923077
0.0000000000
0.0370370370
0.0520833333
0.0000000000
0.0000000000
0.0000000000
0.0000000000
0.0000000000
0.0000000000
