0.0
0.0
0.0
0.0
0.0
0.0
0.0
0.0
0.0
0.0
0.0
0.0
0.0
0.0
0.0
0.0
0.0
0.0
0.0
0.0
0.0
0.0
0.0
0.0
0.0
0.0
0.0
0.0
0.0
0.0913099336
0.0
0.1052340291
0.0
0.0
0.0
0.0
0.0
0.0803691017
0.0
0.0
0.1101605646
0.0
0.0
0.0
0.0738750467
0.0
0.0
0.0
0.0
0.0947453569
0.0
0.0
0.1068000117
0.0
0.1056212036
0.0
0.0
0.0
0.0
0.0
0.0
0.0
0.0
0.0
0.0
0.0
0.0
0.0
0.0
0.0
0.1144650843
0.1149233112
0.0765134412
0.0
0.0000000000
0.0
0.1046967292
0.0
0.0817421502
0.0
0.0
0.0943716079
0.0
0.0
0.0785655258
0.0973147225
0.0
0.0977787573
0.0
0.1060112376
0.0
0.0
0.0
0.0
0.0
0.0
0.0000000000
0.0837451667
0.0
0.0
0.0
0.0830186326
0.0839901789
0.0
0.0
0.0
0.0
0.0
0.0
0.1116168085
0.0929056412
0.0
0.0967245389
0.0986523819
0.0
0.1076813321
0.0
0.0
0.0
0.0
0.0
0.0
0.0927855305
0.1001669335
0.0
0.0792596442
0.0
0.0
0.0
0.0
0.0
0.0
0.0
0.0
0.0
0.0905610194
0.0765134412
0.0
0.0
0.1168886121
0.0
0.0
0.0965293986
0.0
0.0909627476
0.0
0.0032679739
0.0
0.1091552971
0.0977787573
0.0078431373
0.0
0.0
0.0
0.0
0.1084133049
0.1025280112
0.0
0.0952483183
0.1153852216
0.0
0.0
0.1045442212
0.0
0.0842860926
0.0722391624
0.0000000000
0.0
0.0
0.0888237721
0.0
0.0
0.0
0.0
0.0887688409
0.0977121958
0.0
0.0
0.0942476794
0.0000000000
0.0772546909
0.0
0.0878990911
0.0000000000
0.0854400093
0.0
0.0
0.1082497856
0.0933892099
0.1126681442
0.0
0.0989243389
0.0940007961
0.0
0.0
0.0833077282
0.0736476222
0.0963350441
0.0
0.0
0.1259115927
0.1108410932
0.0
0.0876843101
0.0909051398
0.0
0.0
0.0
0.0816491557
0.0
0.0657230841
0.0
0.0
0.0
0.0049019608
0.0
0.0
0.0
0.0000000000
0.0
0.0
0.0945581131
0.0637102600
0.0
0.0
0.1126681442
0.0
0.0698827730
0.0
0.0812792841
0.0
0.1002368825
0.0
0.0837451667
0.0859516262
0.0943096029
0.0991292926
0.0000000000
0.0
0.1169838759
0.0981129294
0.0
0.0
0.0049019608
0.1149233112
0.0575538154
0.0
0.0855928537
0.0
0.0875773128
0.0
0.0
0.0
0.0
0.0
0.0789110587
0.0
0.1112707098
0.0987202309
0.1011551908
0.0049019608
0.0049019608
0.0
0.0
0.0641372724
0.0995417585
0.0
0.0000000000
0.0
0.0
0.0078431373
0.0
0.0836963357
0.1015847245
0.1149233112
0.0835015798
0.0968550713
0.0786947454
0.0751907887
0.0657833252
0.0637102600
0.0024509804
0.0963350441
0.1047731501
0.0744112056
0.0
0.0
0.1270258546
0.0000000000
0.0
0.0
0.0
0.0856439234
0.0922488533
0.0
0.0
0.0000000000
0.0738370451
0.0834045414
0.0
0.0
0.1005880979
0.0906754363
0.0772962928
0.0
0.0
0.0
0.0
0.0
0.0
0.0800107111
0.0961414707
0.0
0.0965293986
0.1095719204
0.0049019608
0.1075200118
0.0
0.0000000000
0.0
0.1135595061
0.0925462384
0.0575538154
0.0000000000
0.0963350441
0.0655430209
0.1057768723
0.0839901789
0.1065621497
0.1084133049
0.0946204454
0.0
0.0694768711
0.1009417832
0.0948079364
0.0854908968
0.0829227127
0.0827792478
0.0978454095
0.0954383083
0.0
0.0
0.0
0.0850350804
0.0
0.0
0.0791722094
0.0532810749
0.0
0.0043572985
0.0854400093
0.0
0.0
0.0024509804
0.0
0.0024509804
0.0
0.0
0.0942476794
0.0000000000
0.0971829490
0.0715192903
0.0
0.0728625460
0.0
0.0840885856
0.0
0.0798771373
0.0000000000
0.0
0.0991292926
0.0000000000
0.0822103183
0.0
0.0816491557
0.0793911591
0.0712707129
0.0049019608
0.0000000000
0.0849847340
0.0024509804
0.0636537542
0.0000000000
0.0765950991
0.0000000000
0.0000000000
0.1022359086
0.0931467980
0.0024509804
0.0963350441
0.0805495038
0.0000000000
0.0911939109
0.0
0.0924270545
0.0738370451
0.0734591687
0.0969859565
0.1055435409
0.0000000000
0.0894325331
0.0065359477
0.0
0.0847338936
0.0032679739
0.0
0.0
0.0925462384
0.0716621147
0.0000000000
0.0
0.0764319572
0.0
0.0000000000
0.0000000000
0.0726413035
0.0809583845
0.0827315364
0.0657230841
0.0032679739
0.0791722094
0.0751120961
0.0848340518
0.0876843101
0.0734967822
0.1089068404
0.0816027377
0.0974468538
0.0
0.0929658133
0.0
0.0897120098
0.0805043274
0.0584681123
0.0000000000
0.0
0.0699508848
0.0750335681
0.0732342937
0.0880068766
0.0000000000
0.0000000000
0.0814638000
0.0940007961
0.0000000000
0.0
0.1039386066
0.0024509804
0.0858488132
0.0839410618
0.0000000000
0.0
0.0000000000
0.0
0.0872578819
0.0765950991
0.0979121526
0.0000000000
0.0
0.0000000000
0.0
0.0000000000
0.0842860926
0.0897120098
0.0731596410
0.0000000000
0.0817421502
0.1005176580
0.0709185848
0.0922488533
0.0049019608
0.0814638000
0.0000000000
0.0896559748
0.0718774240
0.0967897611
0.0955653899
0.0942476794
0.0678031250
0.0032679739
0.0
0.0678031250
0.0872578819
0.0963350441
0.0000000000
0.0000000000
0.0032679739
0.0000000000
0.0903899343
0.0000000000
0.0874705763
0.0732342937
0.0967245389
0.0744112056
0.0
0.0065359477
0.0722391624
0.0000000000
0.0716621147
0.0000000000
0.0836475616
0.0024509804
0.0896559748
0.0000000000
0.0024509804
0.0000000000
0.0940007961
0.0000000000
0.0000000000
0.0000000000
0.0000000000
0.0000000000
0.0000000000
0.0000000000
0.0024509804
0.0000000000
0.0898242902
0.0592402871
0.0024509804
0.0000000000
0.0024509804
0.0960128533
0.0622189925
0.0000000000
0.0000000000
0.0777568882
0.0835501838
0.0000000000
0.0000000000
0.0
0.0024509804
0.0646573044
0.0654235258
0.0000000000
0.0000000000
0.0000000000
0.0043572985
0.0000000000
0.0000000000
0.0731596410
0.0000000000
0.0000000000
0.0
0.0000000000
0.0922488533
0.0000000000
0.0718055106
0.0000000000
0.0000000000
0.0826838800
0.0000000000
0.0000000000
0.0000000000
0.0489060360
0.0000000000
0.0000000000
0.0024509804
0.0000000000
0.0000000000
0.0
0.0000000000
0.0
0.0000000000
0.0833077282
0.0532415488
0.0000000000
0.0000000000
0.0712707129
0.0000000000
0.0032679739
0.0000000000
0.0730851404
0.0024509804
0.0000000000
0.0764319572
0.0024509804
0.0000000000
0.0000000000
0.0000000000
0.0734215937
0.0000000000
0.0000000000
0.0000000000
0.0000000000
0.0000000000
0.0
0.0000000000
0.0000000000
0.0817887269
0.0789110587
0.0000000000
0.0000000000
0.0899932387
0.0000000000
0.0000000000
0.0000000000
0.0000000000
0.0024509804
0.0000000000
0.0000000000
0.0000000000
0.0857974989
0.0653937201
0.0000000000
0.0000000000
0.0000000000
0.0000000000
0.0000000000
0.0000000000
0.0000000000
0.0839410618
0.0000000000
0.0000000000
0.0000000000
0.0000000000
0.0000000000
0.0000000000
0.0000000000
0.0000000000
0.0000000000
0.0000000000
0.0000000000
0.0000000000
0.0712707129
0.0000000000
0.0000000000
0.0000000000
0.0000000000
0.0000000000
0.0000000000
0.0000000000
0.0000000000
0.0000000000
0.0000000000
0.0000000000
0.0000000000
