0.0062893082
0.0
0.0
0.0
0.0
0.0
0.0000000000
0.0
0.0
0.0062893082
0.0
0.0
0.0
0.0
0.0
0.0
0.0143755615
0.0150943396
0.0
0.0
0.0
0.0
0.0
0.0083857442
0.0
0.0
0.0167714885
0.0
0.0
0.0
0.0083857442
0.0
0.0
0.0
0.0
0.0000000000
0.0
0.0
0.0
0.0
0.0
0.0
0.0256813417
0.0100628931
0.0
0.0
0.0
0.0
0.0
0.0
0.0000000000
0.0
0.0000000000
0.0125786164
0.0201257862
0.0
0.0062893082
0.0
0.0000000000
0.0
0.0
0.0000000000
0.0
0.0
0.0167714885
0.0141509434
0.0
0.0150943396
0.0062893082
0.0
0.0062893082
0.0226415094
0.0171208945
0.0
0.0167714885
0.0125786164
0.0
0.0
0.0
0.0
0.0192610063
0.0
0.0
0.0083857442
0.0000000000
0.0167714885
0.0125786164
0.0
0.0000000000
0.0062893082
0.0
0.0
0.0000000000
0.0094339623
0.0000000000
0.0000000000
0.0
0.0
0.0111809923
0.0
0.0141509434
0.0192610063
0.0
0.0
0.0
0.0
0.0
0.0
0.0
0.0
0.0
0.0125786164
0.0062893082
0.0
0.0
0.0
0.0
0.0000000000
0.0000000000
0.0100628931
0.0
0.0083857442
0.0
0.0062893082
0.0
0.0100628931
0.0
0.0201257862
0.0143755615
0.0
0.0251572327
0.0083857442
0.0
0.0
0.0000000000
0.0000000000
0.0
0.0083857442
0.0000000000
0.0000000000
0.0083857442
0.0
0.0
0.0000000000
0.0125786164
0.0094339623
0.0062893082
0.0000000000
0.0220125786
0.0000000000
0.0000000000
0.0
0.0083857442
0.0125786164
0.0062893082
0.0
0.0
0.0
0.0000000000
0.0
0.0
0.0140080046
0.0
0.0
0.0
0.0
0.0083857442
0.0140080046
0.0133185350
0.0
0.0000000000
0.0
0.0000000000
0.0062893082
0.0000000000
0.0
0.0000000000
0.0000000000
0.0
0.0000000000
0.0
0.0062893082
0.0
0.0094339623
0.0062893082
0.0
0.0141509434
0.0000000000
0.0000000000
0.0000000000
0.0128406709
0.0000000000
0.0000000000
0.0125786164
0.0000000000
0.0
0.0
0.0
0.0143755615
0.0062893082
0.0000000000
0.0062893082
0.0
0.0188679245
0.0083857442
0.0000000000
0.0000000000
0.0062893082
0.0125786164
0.0000000000
0.0143755615
0.0062893082
0.0
0.0161725067
0.0000000000
0.0
0.0000000000
0.0100628931
0.0062893082
0.0000000000
0.0062893082
0.0083857442
0.0
0.0
0.0000000000
0.0000000000
0.0141509434
0.0000000000
0.0000000000
0.0083857442
0.0062893082
0.0000000000
0.0000000000
0.0000000000
0.0062893082
0.0000000000
0.0000000000
0.0000000000
0.0125786164
0.0000000000
0.0111809923
0.0000000000
0.0062893082
0.0000000000
0.0
0.0000000000
0.0000000000
0.0000000000
0.0125786164
0.0000000000
0.0000000000
0.0000000000
0.0000000000
0.0000000000
0.0000000000
0.0000000000
0.0000000000
0.0000000000
0.0000000000
0.0094339623
0.0000000000
0.0000000000
0.0000000000
0.0000000000
0.0000000000
0.0000000000
0.0000000000
0.0000000000
0.0000000000
0.0000000000
