0.0
0.0
0.0
0.0
0.0
0.0
0.1890380313
0.0
0.0
0.0
0.0
0.0
0.2347222222
0.0
0.0
0.2011904762
0.0
0.0
0.0
0.0
0.0
0.0
0.0
0.0
0.0
0.0
0.0
0.1805555556
0.1890380313
0.2200520833
0.0
0.1498226950
0.1903153153
0.0
0.0
0.0
0.1530797101
0.0000000000
0.1997635934
0.0
0.1422558923
0.1916099773
0.1983568075
0.1696787149
0.2117794486
0.1728016360
0.0
0.0
0.0
0.2055961071
0.0
0.2133838384
0.1401326700
0.0
0.1246312684
0.0
0.2011904762
0.1707070707
0.1929223744
0.0000000000
0.1903153153
0.1890380313
0.0
0.1829004329
0.1564814815
0.0
0.2253333333
0.0000000000
0.1193502825
0.0
0.1647173489
0.1628131021
0.2584097859
0.0
0.1738683128
0.0
0.2086419753
0.0000000000
0.1656862745
0.2366946779
0.0185185185
0.2055961071
0.0000000000
0.1514336918
0.1676587302
0.1178521618
0.0185185185
0.0000000000
0.0000000000
0.0185185185
0.0
0.0000000000
0.0185185185
0.0000000000
0.0000000000
0.0000000000
