0.0
0.0
0.0
0.0
0.0
0.0
0.0
0.2044221944
0.0
0.0
0.0
0.0
0.0
0.0
0.0
0.0
0.0
0.0
0.0
0.0
0.1385746606
0.0
0.0
0.2044221944
0.0
0.0
0.0
0.0
0.0
0.0
0.0
0.1853603178
0.1362814629
0.1601307190
0.0
0.0
0.0
0.1642366348
0.0
0.1656524679
0.0
0.0
0.0
0.0
0.0
0.2001633987
0.0
0.0
0.0
0.0
0.0
0.0
0.0
0.2103907256
0.0
0.0
0.0
0.2036998545
0.0
0.1661298525
0.0
0.1171688187
0.0
0.2412010829
0.1614763552
0.1715686275
0.0000000000
0.0
0.1921568627
0.0
0.1980998585
0.1705534285
0.1807117831
0.0
0.0
0.1883890811
0.2539518010
0.1537254902
0.0
0.0
0.0
0.0000000000
0.1501225490
0.0
0.1399200457
0.2453066333
0.1715686275
0.0
0.2422145329
0.1818519206
0.0
0.1883890811
0.1680672269
0.2278539874
0.0
0.1762906998
0.1278205295
0.1423384168
0.2260668973
0.1619299405
0.2208699572
0.0
0.1908843007
0.2044221944
0.0
0.0
0.0
0.1513046163
0.0
0.0
0.1493447120
0.1779230211
0.0
0.2143013339
0.1537254902
0.0
0.1705534285
0.1505145139
0.0
0.1835893593
0.1642366348
0.0
0.0
0.2058823529
0.0982062331
0.1902543195
0.1588073246
0.1877754359
0.1670929241
0.1705534285
0.1517027864
0.1847662142
0.1481929533
0.2088661552
0.1198483551
0.1221335992
0.1266968326
0.0000000000
0.1112877583
0.0000000000
0.1614763552
0.1801470588
0.1768314688
0.0000000000
0.1994707918
0.0
0.1430448110
0.1266968326
0.0000000000
0.0
0.0000000000
0.0000000000
0.0
0.0000000000
0.0000000000
0.0000000000
0.0000000000
0.0000000000
0.0000000000
0.0000000000
0.1877754359
