0.0
0.0
0.0
0.0
0.1294863334
0.0
0.1590790852
0.0
0.0
0.0925982735
0.0
0.1287851439
0.0
0.1405851620
0.0
0.1333588219
0.1026575104
0.1369423603
0.0
0.0
0.1360285409
0.0850381045
0.0
0.0
0.0
0.1304332170
0.1058560381
0.1200117236
0.1451616881
0.1286690166
0.0
0.0
0.1483304983
0.1337337764
0.1338592302
0.1450141661
0.1388073340
0.1245147813
0.1120926468
0.0
0.0
0.1519637267
0.1503624230
0.1313940510
0.0
0.1407238061
0.1390779136
0.1289014809
0.1128015331
0.1186150785
0.1185165610
0.1213383838
0.1465030179
0.1322464684
0.1287851439
0.1418428821
0.1213383838
0.0
0.1128907748
0.1566344011
0.0
0.1010580307
0.0851395820
0.1418428821
0.0
0.1474110944
0.0
0.0884101235
0.1373377665
0.1287851439
0.1463527584
0.1417020252
0.0000000000
0.1436998383
0.1361583391
0.1251701223
0.1052315187
0.0060606061
0.0948132488
0.1248415918
0.1361583391
0.1540971268
0.1366800186
0.0
0.1494177376
0.1305525521
0.1334835729
0.0
0.0968072859
0.0967416538
0.1477162934
0.0
0.1178314941
0.1134292046
0.1077748787
0.0
0.1025100139
0.1241896775
0.1249509102
0.1414211491
0.1358989899
0.1241896775
0.1134292046
0.1036266808
0.1255003865
0.1384034330
0.0
0.1103588085
0.1468044644
0.0
0.1143380925
0.1142465488
0.0030303030
0.1222741554
0.0701543458
0.1286690166
0.1200117236
0.0
0.0959609545
0.1445733935
0.1188126057
0.1275191594
0.0634195286
0.1299580504
0.0000000000
0.1285530986
0.0784032634
0.1249509102
0.0000000000
0.1328621410
0.0
0.0
0.0751416216
0.0030303030
0.1566344011
0.0030303030
0.1315151515
0.1127124324
0.0964800131
0.1343634081
0.1189116162
0.1289014809
0.0912365341
0.0
0.1106154569
0.1459038235
0.1149830293
0.0000000000
0.1289014809
0.1235445363
0.0979368150
0.1326151853
0.1183200161
0.1300765172
0.1154481710
0.0945619214
0.0000000000
0.0000000000
0.1166753388
0.1085125014
0.1307918785
0.0000000000
0.1104442255
0.0887400121
0.1342370079
0.1174435715
0.1289014809
0.0040404040
0.0852922531
0.1453095106
0.0
0.0
0.0040404040
0.0
0.0976686786
0.0030303030
0.0
0.1337337764
0.1045376845
0.0
0.1065675425
0.0908300060
0.1077748787
0.1394857668
0.0000000000
0.0976018737
0.1173469896
0.0
0.0000000000
0.1128015331
0.1066471894
0.1268390572
0.1267264115
0.1116540997
0.1269519034
0.0000000000
0.1136098244
0.1342370079
0.1216487122
0.1216487122
0.0
0.1128015331
0.1269519034
0.0
0.1179288755
0.0068181818
0.0
0.0937542309
0.0
0.0918236418
0.0030303030
0.1341108453
0.0
0.1068868460
0.1042322421
0.1097645688
0.1020700568
0.1113057250
0.0
0.1128015331
0.0000000000
0.1256108621
0.1362883853
0.0000000000
0.0
0.1260547168
0.0000000000
0.0000000000
0.1241896775
0.1380018756
0.0971367865
0.1304332170
0.0
0.1445733935
0.1256108621
0.0754196297
0.1279766273
0.0
0.1179288755
0.0750231017
0.1272916498
0.0000000000
0.0000000000
0.0000000000
0.1140639004
0.0847854661
0.1139727950
0.0000000000
0.1117415344
0.0941252898
0.1232244727
0.0000000000
0.1068868460
0.1135194426
0.0917645913
0.0900277220
0.1195091620
0.1144297830
0.1300765172
0.1189116162
0.0
0.0997162400
0.1007014392
0.0000000000
0.0846346023
0.1170581947
0.1067269554
0.1064880145
0.0030303030
0.0000000000
0.0000000000
0.1531050852
0.0837897471
0.0000000000
0.0030303030
0.0
0.0000000000
0.0000000000
0.0000000000
0.1129801579
0.0030303030
0.1195091620
0.0000000000
0.0000000000
0.1092602905
0.0000000000
0.0962847094
0.0030303030
0.0030303030
0.1077748787
0.0
0.0030303030
0.1151686355
0.0884101235
0.0000000000
0.1085125014
0.0955753110
0.0888505227
0.0908300060
0.0000000000
0.0000000000
0.0000000000
0.0979368150
0.1112189707
0.0000000000
0.0000000000
0.0000000000
0.0030303030
0.0969388175
0.0000000000
0.0000000000
0.0030303030
0.0000000000
0.0030303030
0.0030303030
0.0982740629
0.0045454545
0.0000000000
0.1040801892
0.0926584022
0.0030303030
0.1201127436
0.0845343243
0.0030303030
0.0000000000
0.0000000000
0.0068181818
0.0045454545
0.0000000000
0.0000000000
0.0000000000
0.0000000000
0.1077748787
0.0030303030
0.0000000000
0.0000000000
0.0000000000
0.0000000000
0.0000000000
0.0000000000
0.1128907748
0.0030303030
0.0000000000
0.0000000000
0.1110458672
0.0000000000
0.0000000000
0.1053091804
0.0000000000
0.0841852150
0.0000000000
0.0000000000
0.0000000000
0.0000000000
0.1112189707
0.0030303030
0.0000000000
0.0000000000
0.0000000000
0.0000000000
0.0030303030
0.0968072859
0.0852922531
0.0000000000
0.0000000000
0.0000000000
0.0000000000
0.0000000000
0.0000000000
0.0000000000
0.0000000000
0.0000000000
0.0000000000
0.0000000000
0.0000000000
0.0030303030
0.0000000000
0.0000000000
0.0000000000
0.0000000000
0.0000000000
0.0000000000
0.0000000000
