0.0
0.0
0.0
0.0
0.0
0.0
0.0
0.1875025344
0.0
0.0
0.0
0.0
0.0
0.0
0.0
0.0
0.0
0.0
0.0
0.0
0.1340717330
0.0
0.0
0.1613117042
0.0
0.0
0.0
0.0
0.0
0.0
0.0
0.1896014433
0.1306251589
0.1447669140
0.0
0.0
0.0
0.1069751301
0.0
0.0
0.0
0.0
0.0
0.0
0.0
0.2153101136
0.0
0.0
0.0
0.0
0.0
0.0
0.0
0.1587912088
0.0
0.0
0.0
0.1644439703
0.0
0.1608012241
0.0
0.1296254766
0.0
0.1932060335
0.1558686712
0.1677002865
0.0000000000
0.0
0.1776684854
0.0
0.1789196719
0.1490122780
0.1801886057
0.0
0.0
0.1847752248
0.2268445840
0.1485765696
0.0
0.0
0.0
0.0000000000
0.1481434018
0.0
0.1447669140
0.2180823468
0.1337189127
0.0
0.2171503710
0.1814756672
0.0
0.1847752248
0.1568308235
0.2180823468
0.0
0.1677002865
0.0146520147
0.1136760331
0.2135007849
0.1477127524
0.2199705057
0.0
0.2117216117
0.1245421245
0.0
0.0
0.0
0.1233329777
0.0
0.0
0.1961899105
0.1666006125
0.0
0.2016396302
0.1485765696
0.0
0.1592889869
0.0000000000
0.0
0.1666006125
0.1069751301
0.0
0.0
0.1992673993
0.0146520147
0.1587912088
0.1705140497
0.1460149046
0.1639135058
0.1313002243
0.1516811547
0.1472845995
0.1455965238
0.1961899105
0.1435400757
0.1168119237
0.1917478748
0.0000000000
0.0219780220
0.0000000000
0.0994387217
0.1734238458
0.1682555855
0.0000000000
0.2008426356
0.0
0.1380793120
0.1602939647
0.0000000000
0.0
0.0000000000
0.0000000000
0.0
0.0109890110
0.0000000000
0.0109890110
0.1144441144
0.0000000000
0.0000000000
0.0000000000
0.1688145741
0.0000000000
0.1377051133
0.0000000000
0.0000000000
0.1608012241
0.0000000000
0.0000000000
