0.0034013605
0.0
0.0
0.0
0.0
0.0
0.0000000000
0.0
0.0
0.0000000000
0.0
0.0
0.0
0.0
0.0
0.0
0.0
0.0
0.0
0.0
0.0
0.0
0.0
0.0244043806
0.0
0.0
0.0000000000
0.0
0.0
0.0
0.0
0.0
0.0
0.0
0.0
0.0
0.0
0.0
0.0
0.0
0.0
0.0
0.0000000000
0.0
0.0
0.0
0.0
0.0
0.0
0.0
0.0
0.0
0.0000000000
0.0
0.0034013605
0.0
0.0
0.0
0.0034013605
0.0
0.0
0.0000000000
0.0
0.0
0.0
0.0000000000
0.0
0.0045351474
0.0000000000
0.0
0.0000000000
0.0193671775
0.0
0.0
0.0292590154
0.0
0.0
0.0
0.0
0.0
0.0
0.0
0.0
0.0000000000
0.0
0.0265472042
0.0
0.0
0.0
0.0
0.0
0.0
0.0000000000
0.0
0.0000000000
0.0
0.0
0.0
0.0000000000
0.0
0.0295770482
0.0000000000
0.0
0.0
0.0
0.0
0.0
0.0
0.0
0.0
0.0
0.0068027211
0.0
0.0
0.0
0.0
0.0
0.0000000000
0.0
0.0045351474
0.0
0.0329828901
0.0
0.0000000000
0.0
0.0034013605
0.0
0.0
0.0034013605
0.0
0.0
0.0
0.0
0.0
0.0054421769
0.0034013605
0.0
0.0
0.0
0.0358037952
0.0000000000
0.0
0.0
0.0
0.0224883342
0.0
0.0264183343
0.0174428746
0.0034013605
0.0054421769
0.0000000000
0.0
0.0077745384
0.0
0.0060468632
0.0
0.0
0.0
0.0090702948
0.0
0.0
0.0212585034
0.0
0.0
0.0
0.0
0.0034013605
0.0034013605
0.0325878855
0.0
0.0000000000
0.0
0.0
0.0
0.0034013605
0.0
0.0
0.0034013605
0.0
0.0199347138
0.0
0.0000000000
0.0
0.0045351474
0.0
0.0
0.0076530612
0.0000000000
0.0000000000
0.0000000000
0.0000000000
0.0034013605
0.0265472042
0.0
0.0045351474
0.0
0.0
0.0
0.0111317254
0.0
0.0060468632
0.0068027211
0.0
0.0
0.0
0.0248501227
0.0051020408
0.0000000000
0.0
0.0000000000
0.0250791561
0.0
0.0
0.0325878855
0.0034013605
0.0
0.0
0.0215959400
0.0068027211
0.0076530612
0.0
0.0
0.0
0.0
0.0
0.0000000000
0.0094191523
0.0034013605
0.0045351474
0.0
0.0
0.0
0.0266773376
0.0
0.0000000000
0.0
0.0054421769
0.0000000000
0.0
0.0
0.0000000000
0.0000000000
0.0
0.0
0.0
0.0266773376
0.0
0.0090702948
0.0
0.0000000000
0.0
0.0223040036
0.0224883342
0.0034013605
0.0
0.0000000000
0.0068027211
0.0
0.0
0.0000000000
0.0
0.0000000000
0.0
0.0
0.0
0.0
0.0000000000
0.0223040036
0.0000000000
0.0000000000
0.0
0.0000000000
0.0177848917
0.0034013605
0.0
0.0
0.0
0.0
0.0000000000
0.0
0.0068027211
0.0
0.0077745384
0.0000000000
0.0000000000
0.0
0.0034013605
0.0000000000
0.0090702948
0.0034013605
0.0045351474
0.0000000000
0.0034013605
0.0108843537
0.0165920027
0.0
0.0
0.0000000000
0.0045351474
0.0
0.0068027211
0.0210937088
0.0197897341
0.0
0.0
0.0000000000
0.0
0.0000000000
0.0034013605
0.0
0.0
0.0
0.0
0.0
0.0122448980
0.0
0.0223040036
0.0077745384
0.0000000000
0.0045351474
0.0000000000
0.0157744257
0.0000000000
0.0034013605
0.0000000000
0.0000000000
0.0000000000
0.0
0.0000000000
0.0000000000
0.0045351474
0.0
0.0232571661
0.0193671775
0.0
0.0000000000
0.0
0.0
0.0000000000
0.0108843537
0.0
0.0000000000
0.0068027211
0.0000000000
0.0
0.0
0.0
0.0
0.0045351474
0.0054421769
0.0000000000
0.0
0.0000000000
0.0000000000
0.0202311408
0.0034013605
0.0000000000
0.0000000000
0.0
0.0
0.0045351474
0.0
0.0188310618
0.0
0.0000000000
0.0
0.0
0.0212585034
0.0068027211
0.0
0.0
0.0000000000
0.0000000000
0.0000000000
0.0000000000
0.0000000000
0.0000000000
0.0034013605
0.0034013605
0.0045351474
0.0000000000
0.0034013605
0.0000000000
0.0000000000
0.0
0.0241874528
0.0000000000
0.0068027211
0.0000000000
0.0068027211
0.0068027211
0.0068027211
0.0000000000
0.0045351474
0.0
0.0
0.0
0.0000000000
0.0034013605
0.0
0.0000000000
0.0000000000
0.0
0.0087463557
0.0034013605
0.0000000000
0.0
0.0000000000
0.0
0.0000000000
0.0
0.0000000000
0.0000000000
0.0197897341
0.0000000000
0.0000000000
0.0034013605
0.0034013605
0.0034013605
0.0230600715
0.0000000000
0.0000000000
0.0045351474
0.0000000000
0.0000000000
0.0000000000
0.0
0.0068027211
0.0184480572
0.0000000000
0.0000000000
0.0
0.0000000000
0.0000000000
0.0000000000
0.0000000000
0.0000000000
0.0199347138
0.0034013605
0.0
0.0000000000
0.0051020408
0.0000000000
0.0000000000
0.0000000000
0.0000000000
0.0000000000
0.0064446831
0.0000000000
0.0081632653
0.0045351474
0.0034013605
0.0
0.0000000000
0.0000000000
0.0000000000
0.0034013605
0.0199347138
0.0000000000
0.0000000000
0.0000000000
0.0000000000
0.0000000000
0.0000000000
0.0077745384
0.0000000000
0.0000000000
0.0090702948
0.0000000000
0.0000000000
0.0034013605
0.0000000000
0.0000000000
0.0000000000
0.0000000000
0.0000000000
0.0000000000
0.0000000000
0.0000000000
0.0000000000
0.0
0.0295770482
0.0000000000
0.0000000000
0.0045351474
0.0000000000
0.0000000000
0.0000000000
0.0000000000
0.0000000000
0.0000000000
0.0000000000
0.0000000000
0.0
0.0000000000
0.0000000000
0.0000000000
0.0000000000
0.0000000000
0.0000000000
0.0000000000
0.0000000000
0.0000000000
0.0000000000
0.0000000000
0.0000000000
0.0000000000
0.0000000000
0.0000000000
0.0000000000
0.0000000000
0.0000000000
0.0000000000
0.0000000000
0.0000000000
0.0000000000
0.0000000000
0.0000000000
0.0000000000
0.0000000000
0.0000000000
