0.0135135135
0.0
0.0
0.0
0.0
0.0
0.0000000000
0.0
0.0
0.0090090090
0.0
0.0
0.0
0.0
0.0
0.0
0.0090090090
0.0290379665
0.0
0.0
0.0
0.0
0.0
0.0067567568
0.0
0.0
0.0090090090
0.0
0.0
0.0
0.0090090090
0.0
0.0
0.0
0.0
0.0000000000
0.0
0.0
0.0
0.0
0.0
0.0
0.0277180590
0.0135135135
0.0
0.0
0.0
0.0
0.0
0.0
0.0265129260
0.0
0.0143084261
0.0135135135
0.0135135135
0.0
0.0329620161
0.0
0.0000000000
0.0
0.0202702703
0.0000000000
0.0
0.0000000000
0.0135135135
0.0202702703
0.0
0.0143084261
0.0210274930
0.0
0.0265129260
0.0369574120
0.0338776276
0.0
0.0000000000
0.0135135135
0.0
0.0
0.0
0.0
0.0239136195
0.0
0.0
0.0000000000
0.0000000000
0.0090090090
0.0067567568
0.0
0.0162162162
0.0067567568
0.0
0.0
0.0000000000
0.0090090090
0.0090090090
0.0203265766
0.0
0.0
0.0000000000
0.0
0.0358704293
0.0234537422
0.0
0.0
0.0
0.0
0.0
0.0182029044
0.0
0.0
0.0
0.0135135135
0.0000000000
0.0
0.0
0.0
0.0
0.0283626650
0.0000000000
0.0000000000
0.0
0.0090090090
0.0
0.0000000000
0.0
0.0000000000
0.0000000000
0.0135135135
0.0000000000
0.0
0.0358704293
0.0067567568
0.0
0.0
0.0000000000
0.0090090090
0.0135135135
0.0000000000
0.0000000000
0.0000000000
0.0090090090
0.0
0.0
0.0000000000
0.0090090090
0.0090090090
0.0243918919
0.0067567568
0.0312716563
0.0000000000
0.0000000000
0.0
0.0000000000
0.0090090090
0.0000000000
0.0
0.0
0.0000000000
0.0090090090
0.0
0.0000000000
0.0265129260
0.0000000000
0.0
0.0
0.0
0.0000000000
0.0199933540
0.0135135135
0.0000000000
0.0000000000
0.0
0.0090090090
0.0090090090
0.0000000000
0.0000000000
0.0000000000
0.0000000000
0.0
0.0090090090
0.0
0.0000000000
0.0000000000
0.0221130221
0.0000000000
0.0
0.0000000000
0.0000000000
0.0000000000
0.0067567568
0.0000000000
0.0000000000
0.0000000000
0.0067567568
0.0000000000
0.0000000000
0.0
0.0
0.0000000000
0.0067567568
0.0000000000
0.0000000000
0.0000000000
0.0090090090
0.0067567568
0.0000000000
0.0000000000
0.0000000000
0.0067567568
0.0000000000
0.0000000000
0.0000000000
0.0000000000
0.0283626650
0.0000000000
0.0000000000
0.0000000000
0.0000000000
0.0000000000
0.0000000000
0.0000000000
0.0000000000
0.0000000000
0.0
0.0000000000
0.0121621622
0.0000000000
0.0000000000
0.0000000000
0.0090090090
0.0000000000
0.0000000000
0.0090090090
0.0000000000
0.0000000000
0.0000000000
0.0000000000
0.0000000000
0.0000000000
0.0000000000
0.0000000000
0.0000000000
