0.0
0.0
0.0
0.0
0.0
0.0
0.0
0.0
0.0
0.0
0.0
0.0
0.0
0.0
0.0
0.0
0.0
0.0
0.0
0.0
0.0
0.0
0.0
0.0
0.0
0.0
0.0
0.0
0.0
0.0
0.0
0.0000000000
0.0
0.0
0.0
0.0
0.0
0.0
0.0
0.0
0.0
0.0
0.0
0.0
0.0
0.0
0.0
0.0
0.0
0.0
0.0
0.0
0.0761775362
0.0
0.0
0.0
0.0
0.0
0.0
0.0
0.0
0.0765938069
0.0
0.0
0.0
0.0
0.0
0.0
0.0
0.0
0.0000000000
0.0
0.0
0.0
0.0
0.0
0.0
0.0
0.0
0.0
0.0
0.0
0.0
0.0
0.0
0.1172942817
0.0
0.0
0.0
0.0
0.0
0.0789671362
0.0
0.0
0.0
0.0
0.1015700483
0.0
0.0
0.0
0.0000000000
0.0
0.0083333333
0.0
0.0
0.0
0.0
0.0
0.0
0.0
0.0
0.0000000000
0.0
0.0
0.0
0.0
0.0
0.0
0.0
0.0
0.0836815920
0.0
0.0931339978
0.0662726556
0.1153635117
0.0
0.0083333333
0.0
0.0000000000
0.0
0.0
0.0
0.0
0.0
0.0
0.0
0.0000000000
0.0
0.0000000000
0.0
0.0
0.0083333333
0.0083333333
0.0947072072
0.0
0.0
0.0889947090
0.0
0.0
0.0
0.0662726556
0.0884332282
0.0
0.0
0.0
0.0
0.0
0.0
0.0644444444
0.0867905057
0.0
0.0000000000
0.0
0.0
0.0
0.0
0.0
0.0
0.0000000000
0.0
0.0
0.0
0.0
0.0
0.0
0.0
0.0
0.0
0.0947072072
0.0
0.0
0.1008393285
0.0
0.0574453552
0.0
0.0
0.0
0.0669053302
0.0650425367
0.0761775362
0.0
0.0
0.0000000000
0.0
0.0000000000
0.0
0.0
0.0083333333
0.0231481481
0.0
0.0761775362
0.0000000000
0.0745567376
0.0
0.0
0.0
0.0
0.0
0.0
0.0662726556
0.0
0.0189393939
0.0
0.1251488095
0.0757657658
0.0000000000
0.0819688109
0.0
0.1061868687
0.0000000000
0.0000000000
0.0659607843
0.0000000000
0.0819688109
0.0138888889
0.0138888889
0.0907227616
0.0934444444
0.0
0.0
0.0581604426
0.0901393355
0.0770146520
0.0
0.0
0.0656518345
0.0862564103
0.0745567376
0.0656518345
0.0000000000
0.0
0.1008393285
0.0
0.0000000000
0.0
0.0588935574
0.0000000000
0.0000000000
0.0765938069
0.0916122004
0.0000000000
0.0647421093
0.0
0.0753584229
0.0000000000
0.1125836680
0.0231481481
0.0
0.0083333333
0.0083333333
0.0083333333
0.0834325397
0.0
0.0189393939
0.0757657658
0.0749554367
0.0
0.0000000000
0.0584027778
0.0083333333
0.0889947090
0.0000000000
0.0
0.0733856894
0.0520098949
0.0000000000
0.0656518345
0.0878787879
0.0
0.0000000000
0.0000000000
0.0083333333
0.0083333333
0.0000000000
0.0000000000
0.0000000000
0.0653457653
0.0584027778
0.0000000000
0.0000000000
0.0741622575
0.0000000000
0.0000000000
0.0659607843
0.0000000000
0.0083333333
0.0000000000
0.0000000000
0.0000000000
0.0000000000
0.0000000000
0.0000000000
0.0000000000
0.0000000000
0.0000000000
