0.0
0.0
0.0
0.0
0.0
0.0
0.1682983683
0.0
0.0
0.0
0.0
0.0
0.2476843911
0.0
0.0
0.2224961479
0.0
0.0
0.0
0.0
0.0
0.0
0.0
0.0
0.0
0.0
0.0
0.0
0.0
0.1944781145
0.0
0.2117302053
0.2344155844
0.0
0.0
0.0
0.2051136364
0.0000000000
0.2206264324
0.0
0.1916390179
0.1902503294
0.1944781145
0.2004163775
0.2524475524
0.1715983363
0.0
0.0
0.0
0.2243978244
0.0
0.2117302053
0.0409090909
0.0
0.2019580420
0.0
0.2243978244
0.1930481283
0.2206264324
0.0
0.1974025974
0.0
0.0
0.0
0.1508881923
0.0
0.1930481283
0.0000000000
0.1238421955
0.0
0.1862024500
0.1500259740
0.2453695837
0.0
0.1798256538
0.0
0.1875324675
0.0181818182
0.1672264042
0.2453695837
0.2051136364
0.1888816220
0.1630717109
0.1544385027
0.1682983683
0.0272727273
0.0
0.0000000000
0.0409090909
0.0000000000
0.0
0.1862024500
0.0
0.1591184573
0.0000000000
0.0
0.0272727273
0.0181818182
0.0000000000
0.1591184573
0.0000000000
0.0000000000
0.0000000000
0.0000000000
0.0000000000
