0.0
0.0
0.0
0.0
0.1453199523
0.0
0.1708282418
0.0
0.0
0.1359395109
0.0
0.1321634134
0.0
0.1382807727
0.0
0.1343753534
0.1089591500
0.1321634134
0.0
0.1619960124
0.1309509050
0.0830399727
0.0
0.0
0.0
0.1305516645
0.1066967092
0.1255746215
0.1454845276
0.1191677531
0.0
0.0
0.1497235872
0.1422622789
0.1463130272
0.1440166343
0.1425780664
0.1208493300
0.1336762100
0.0
0.0
0.1694760394
0.1463130272
0.1237599594
0.0
0.1408583748
0.1301548509
0.1378356629
0.1093300748
0.1228134205
0.1205092287
0.1304191247
0.1342349403
0.1430543851
0.1518473260
0.1518473260
0.1278237192
0.1699243887
0.1088668117
0.1506012167
0.0
0.1166783268
0.0831474679
0.1525686910
0.0
0.1416348818
0.0
0.1430543851
0.1270651215
0.1213057959
0.1504248687
0.1493753928
0.1357958117
0.1432138660
0.1314870398
0.1504248687
0.1225790437
0.1258206051
0.1061676346
0.1198347368
0.1302868538
0.1617919872
0.1312184248
0.0
0.1448284530
0.1228134205
0.1428952590
0.1289787528
0.0943885656
0.0828792502
0.1615884753
0.0
0.1346570627
0.1098912214
0.1235219595
0.0
0.1089591500
0.1360835147
0.1083160521
0.1366625934
0.1116097635
0.1461465732
0.1095164858
0.1084990184
0.1263154748
0.1597796491
0.0
0.1218812503
0.1523877080
0.0
0.1146989624
0.1161508480
0.0000000000
0.1106484391
0.0785705430
0.1302868538
0.1093300748
0.0
0.1112232362
0.1254519901
0.1056437811
0.1207357498
0.0702366527
0.1096099299
0.0000000000
0.1232848732
0.0890248356
0.1300231152
0.0000000000
0.1181810836
0.0
0.0
0.0033783784
0.0795928363
0.1433737029
0.0000000000
0.1313525949
0.1130834840
0.0907223431
0.1250855286
0.1153167306
0.1306844739
0.0918904419
0.0
0.1335372535
0.1481693631
0.1100795526
0.0000000000
0.1253295979
0.1131831170
0.1199466273
0.1490288142
0.1166783268
0.1294988285
0.1130834840
0.1166783268
0.0000000000
0.0000000000
0.1218812503
0.0000000000
0.1309509050
0.0000000000
0.1216504146
0.1025242122
0.1379837141
0.1133829107
0.1216504146
0.1178558145
0.0000000000
0.1400903357
0.0
0.0
0.0000000000
0.0
0.0000000000
0.0000000000
0.0
0.1207357498
0.1128847433
0.0
0.1088668117
0.0000000000
0.1025242122
0.1253295979
0.0000000000
0.0949466651
0.1111270224
0.0826127575
0.0000000000
0.1106484391
0.0899599705
0.1300231152
0.1098912214
0.0033783784
0.1280786020
0.0000000000
0.1213057959
0.1186175788
0.1116097635
0.1225790437
0.0
0.1022793295
0.1039343348
0.0
0.1097035336
0.0000000000
0.0
0.0000000000
0.1066081642
0.0792002699
0.0000000000
0.1458147989
0.0
0.1021167232
0.0968069614
0.1026881198
0.1206223829
0.0000000000
0.0
0.1051250719
0.0000000000
0.1294988285
0.1391796726
0.0000000000
0.0
0.1139865464
0.0000000000
0.0000000000
0.1209631241
0.1302868538
0.0033783784
0.1289787528
0.0
0.1228134205
0.1239988782
0.0738716721
0.1039343348
0.0000000000
0.1127856346
0.0000000000
0.0033783784
0.0000000000
0.0000000000
0.0000000000
0.1092371070
0.0033783784
0.1102685303
0.0000000000
0.1005973671
0.0000000000
0.1274432915
0.0000000000
0.1021167232
0.0033783784
0.0934955152
0.0844594595
0.1053837882
0.1287202784
0.1093300748
0.1182899059
0.0
0.0000000000
0.0911083956
0.0000000000
0.0664233908
0.1088668117
0.0033783784
0.1073206665
0.0033783784
0.0000000000
0.0000000000
0.1428952590
0.0000000000
0.0000000000
0.0033783784
0.1046114315
0.0000000000
0.0000000000
0.0000000000
0.0943192642
0.0033783784
0.1242387213
0.0000000000
0.0000000000
0.1015516505
0.0000000000
0.0000000000
0.0904667872
0.0000000000
0.1055569744
0.0910438255
0.0000000000
0.1055569744
0.0000000000
0.0000000000
0.0033783784
0.0000000000
0.0000000000
0.0000000000
0.0000000000
0.0000000000
0.0000000000
0.0000000000
0.0000000000
0.0000000000
0.0000000000
0.0000000000
0.0000000000
0.0738292171
0.0000000000
0.0000000000
0.0000000000
0.0000000000
0.0000000000
0.0033783784
0.0965885999
0.0000000000
0.0000000000
0.0966612775
0.0000000000
0.0000000000
0.0000000000
0.0664233908
0.0000000000
0.0000000000
0.0000000000
0.0000000000
0.0000000000
0.0000000000
0.0000000000
0.0000000000
0.0000000000
0.1025242122
0.0000000000
0.0000000000
0.0000000000
0.0000000000
0.0000000000
0.0000000000
0.0000000000
0.0000000000
