0.0
0.0
0.0
0.0
0.1333441558
0.0
0.1555681818
0.0
0.0
0.1232100000
0.0
0.1316346154
0.0
0.1168975332
0.0
0.1168975332
0.1025041597
0.1082688928
0.0
0.1299683544
0.0881330472
0.0050000000
0.0
0.0
0.0
0.1175667939
0.0952163833
0.1264989733
0.1259815951
0.1077010490
0.0
0.0
0.1406506849
0.1305190678
0.1302431290
0.1316346154
0.1054880137
0.1128296703
0.0133333333
0.0
0.0
0.1498905109
0.1227191235
0.0066666667
0.0
0.1275465839
0.0000000000
0.1136623616
0.0761495674
0.1058505155
0.1065830450
0.1151495327
0.1092287234
0.1106014363
0.1270206186
0.1184711538
0.0967111460
0.1591860465
0.0918107303
0.1294222689
0.0
0.1145074349
0.0000000000
0.1310744681
0.0
0.1254684318
0.0
0.1339239130
0.1234569138
0.1042385787
0.1222321429
0.1182437620
0.1205577299
0.1262397541
0.1044152542
0.1324838710
0.1071391304
0.0000000000
0.0927786145
0.0703253425
0.1098128342
0.1442740047
0.1051279863
0.0
0.1294222689
0.1025041597
0.1296947368
0.0114285714
0.0784777070
0.0000000000
0.1390632054
0.0
0.0114285714
0.0912666667
0.0000000000
0.1080789474
0.0841598361
0.1186994220
0.0066666667
0.1003338762
0.0905955882
0.1049488927
0.0885129310
0.1112003610
0.0923613193
0.1463301663
0.0854438280
0.1049488927
0.1264989733
0.0990434084
0.0987259615
0.0970157480
0.0000000000
0.0804242820
0.0000000000
0.1147206704
0.0804242820
0.0000000000
0.0000000000
0.0936246201
0.0804242820
0.0703253425
0.0000000000
0.0000000000
0.0741335740
0.0100000000
0.0000000000
0.1147206704
0.1182437620
0.0878815977
0.0
0.0
0.0000000000
0.0000000000
0.1345087336
0.0000000000
0.0066666667
0.0771026283
0.0000000000
0.1033640940
0.1004975530
0.0977857143
0.0861608392
0.0
0.1054880137
0.1283437500
0.0000000000
0.0000000000
0.1056689537
0.1014909390
0.0000000000
0.1147206704
0.0000000000
0.0100000000
0.0677722772
0.0000000000
0.0000000000
0.0000000000
0.0976307448
0.0000000000
0.0066666667
0.0000000000
0.0000000000
0.0000000000
0.0977857143
0.0859205021
0.0000000000
0.0080000000
0.0000000000
0.1147206704
0.0
0.0
0.0000000000
0.0000000000
0.0000000000
0.0000000000
0.0
0.1058505155
0.0000000000
0.0
0.0769101124
0.0000000000
0.0000000000
0.0000000000
0.0000000000
0.0050000000
0.0050000000
0.0000000000
0.1025041597
0.0000000000
0.0100000000
0.0891534009
0.0050000000
0.0000000000
0.1149347015
0.0000000000
0.0927786145
0.0000000000
0.0000000000
0.0813804491
0.0703253425
0.0000000000
0.0066666667
0.0
0.0000000000
0.0000000000
0.0000000000
0.0000000000
0.1011576355
0.0066666667
0.0000000000
0.0050000000
0.0000000000
0.0000000000
0.0000000000
0.0000000000
0.0000000000
0.0000000000
0.0000000000
0.0000000000
0.0000000000
0.0050000000
0.0000000000
0.0000000000
0.0000000000
0.0000000000
0.0000000000
0.0000000000
0.0080000000
0.0000000000
0.0000000000
0.0000000000
0.0000000000
