0.0
0.0
0.0
0.0
0.0
0.0
0.0
0.0
0.0
0.0
0.0
0.0
0.0
0.0
0.0
0.0
0.0
0.0
0.0
0.0
0.0
0.0
0.0
0.0
0.0
0.0
0.0
0.0
0.0
0.0
0.0
0.0000000000
0.0
0.0
0.0
0.0
0.0
0.0
0.0
0.0
0.0
0.0
0.0
0.0
0.0
0.0
0.0
0.0
0.0
0.0
0.0
0.0
0.0206896552
0.0
0.0
0.0
0.0
0.0
0.0
0.0
0.0
0.0728836839
0.0
0.0
0.0
0.0
0.0
0.0
0.0
0.0
0.0507525799
0.0
0.0
0.0
0.0
0.0
0.0
0.0
0.0
0.0
0.0
0.0
0.0
0.0
0.0
0.0585278068
0.0
0.0
0.0
0.0
0.0
0.0
0.0
0.0
0.0
0.0
0.0155172414
0.0
0.0
0.0
0.0
0.0
0.0847939445
0.0
0.0
0.0
0.0
0.0
0.0
0.0
0.0
0.0722775826
0.0
0.0
0.0
0.0
0.0
0.0
0.0
0.0
0.0000000000
0.0
0.0730368009
0.0
0.0633251680
0.0
0.0000000000
0.0
0.0000000000
0.0
0.0
0.0
0.0
0.0
0.0
0.0
0.0000000000
0.0
0.0000000000
0.0
0.0
0.0833705449
0.1001888105
0.0655953155
0.0
0.0
0.0155172414
0.0
0.0
0.0
0.0000000000
0.0814180732
0.0
0.0
0.0
0.0
0.0
0.0
0.0976559473
0.0479524376
0.0
0.0750875102
0.0
0.0
0.0
0.0
0.0
0.0
0.0103448276
0.0
0.0
0.0
0.0
0.0
0.0
0.0
0.0
0.0
0.0
0.0
0.0
0.0000000000
0.0
0.0
0.0
0.0
0.0
0.0684360576
0.0068965517
0.0705182906
0.0
0.0
0.0000000000
0.0
0.0
0.0
0.0
0.0000000000
0.0845876332
0.0
0.0124137931
0.0793733270
0.0
0.0
0.0
0.0
0.0
0.0
0.0
0.0713870991
0.0
0.0754132695
0.0
0.0526750261
0.0957727748
0.0000000000
0.0852096011
0.0
0.0752500373
0.0000000000
0.0808500401
0.0592257534
0.0575588034
0.0910092074
0.0651039649
0.0155172414
0.0653487166
0.0563460571
0.0
0.0
0.1073009791
0.0000000000
0.0000000000
0.0
0.0
0.0693922500
0.0640248936
0.0
0.0858407833
0.0728836839
0.0
0.0068965517
0.0
0.0000000000
0.0
0.0550959069
0.0619706190
0.0510506861
0.1031617722
0.0435658111
0.0000000000
0.0724281609
0.0
0.0882373534
0.0741269024
0.0477548314
0.0000000000
0.0
0.0000000000
0.0000000000
0.0742852933
0.0742852933
0.0
0.0155172414
0.0
0.0
0.0
0.0
0.0000000000
0.0
0.0
0.0806624530
0.0
0.0
0.0124137931
0.0000000000
0.0000000000
0.0530771256
0.0
0.0
0.0630953126
0.0000000000
0.0565292963
0.0
0.0091954023
0.0000000000
0.0648610396
0.0735000365
0.0
0.0000000000
0.0640248936
0.0
0.0
0.0636731085
0.0568993736
0.0509011965
0.0841780078
0.0000000000
0.0000000000
0.0000000000
0.0841780078
0.0000000000
0.0575588034
0.0000000000
0.0000000000
0.0068965517
0.0965708812
0.0635567043
0.0573688403
0.0000000000
0.0
0.0000000000
0.0124137931
0.0
0.0
0.0767450712
0.0833705449
0.0000000000
0.0645000320
0.0529155514
0.0
0.0103448276
0.0
0.0068965517
0.0000000000
0.0000000000
0.0000000000
0.0103448276
0.0000000000
0.0000000000
0.0000000000
0.0727312076
0.0713870991
0.0000000000
0.0000000000
0.0137931034
0.0068965517
0.0000000000
0.0664732643
0.0091954023
0.0000000000
0.0646199205
0.0769148612
0.0000000000
0.0000000000
0.0000000000
0.0000000000
0.0000000000
0.0103448276
0.0000000000
0.0000000000
0.0068965517
0.0000000000
0.0000000000
