0.0
0.0
0.0
0.0
0.0
0.0
0.0
0.2423230975
0.0
0.0
0.0
0.0
0.0
0.0
0.0
0.0
0.0
0.0
0.0
0.0
0.1286777738
0.0
0.0
0.1956873315
0.0
0.0
0.0
0.0
0.0
0.0
0.0
0.1971754481
0.1299677766
0.1525210084
0.0
0.0
0.0
0.1581010453
0.0
0.1683673469
0.0
0.0
0.0
0.0
0.0
0.2002206288
0.0
0.0
0.0
0.0
0.0
0.0
0.0
0.2125292740
0.0
0.0
0.0
0.1746031746
0.0
0.1534234996
0.0
0.1117610837
0.0
0.2235221675
0.1600529101
0.1722828666
0.0000000000
0.0
0.2017787660
0.0
0.1885714286
0.1711456860
0.1906512605
0.0
0.0
0.1819548872
0.2335907336
0.1516290727
0.0
0.0
0.0
0.0000000000
0.1456661316
0.0
0.0119047619
0.2367906067
0.1646258503
0.0
0.2294563843
0.1728571429
0.0
0.1872099020
0.2049689441
0.2315051020
0.0
0.1689157748
0.1220168067
0.1364661654
0.2457684496
0.1543367347
0.2151748666
0.0
0.1740172579
0.1971754481
0.0
0.0
0.0
0.1448523543
0.0
0.0
0.1424646782
0.1878881988
0.0
0.2074285714
0.1481632653
0.0
0.1646258503
0.1571428571
0.0
0.1956873315
0.1581010453
0.0
0.0
0.1885714286
0.0937742185
0.1630727763
0.1460764588
0.1794364805
0.1525210084
0.1711456860
0.1581010453
0.1769868357
0.1473214286
0.1469040874
0.0119047619
0.1208791209
0.1208791209
0.0000000000
0.1062646370
0.0000000000
0.1600529101
0.1806869089
0.1717123936
0.0000000000
0.1800595238
0.0
0.1424646782
0.0000000000
0.0000000000
0.0
0.0000000000
0.0000000000
0.0000000000
0.0000000000
0.0000000000
0.0000000000
0.0000000000
0.0000000000
0.0000000000
