0.0
0.0
0.0
0.0
0.0967693031
0.0
0.1358591051
0.0
0.0
0.1120390992
0.0
0.0953257546
0.0
0.1268082504
0.0
0.1177922590
0.0
0.1306032419
0.0
0.0
0.1373188345
0.0922776902
0.0
0.0
0.0
0.1163370880
0.1157350850
0.1094351323
0.1237388944
0.1154364138
0.0
0.0
0.1341277671
0.1238245269
0.1278046010
0.1235679844
0.1350388237
0.1063139877
0.1205703783
0.0
0.0
0.1389180445
0.1355503344
0.1257388906
0.0
0.1317573206
0.1371083842
0.1224684746
0.1116894141
0.1114112337
0.0822272249
0.1044520965
0.1383808518
0.0
0.1231427676
0.0
0.1174828899
0.0
0.1033062594
0.1310816420
0.0
0.0
0.1182593796
0.1007468701
0.0
0.1275313196
0.0
0.0907795238
0.1098382083
0.1247743664
0.1293755903
0.1363768608
0.1100408618
0.1350388237
0.1246005859
0.1119689871
0.0
0.0828363154
0.0863128034
0.1123909807
0.1248614385
0.1225523571
0.1288167324
0.0
0.1266287625
0.1155109370
0.1191254603
0.0
0.0908717325
0.0920403505
0.1246874156
0.0
0.1166404442
0.1070134219
0.0754327324
0.0
0.0889296428
0.1206516799
0.1204081032
0.1182593796
0.1250359478
0.1199238883
0.0871112178
0.1008604517
0.1150652356
0.1297508639
0.0
0.0895079747
0.1301283210
0.0
0.1164127790
0.1272592044
0.1110654509
0.1126740815
0.1072700488
0.1061248169
0.1277133771
0.0
0.1068855683
0.1339269771
0.1148436722
0.1157350850
0.0924684451
0.1187302199
0.0029821074
0.1245138771
0.0
0.1018363354
0.0000000000
0.1254743628
0.0
0.0
0.0
0.0019880716
0.1232275767
0.1026542980
0.1079821613
0.1164127790
0.1196032362
0.1256505908
0.1164127790
0.1228046955
0.1233125027
0.0
0.0878382137
0.1355503344
0.1249486322
0.0019880716
0.1306986423
0.0991282224
0.1130299693
0.1349369844
0.1153619867
0.1166404442
0.1199238883
0.1052508479
0.0000000000
0.0000000000
0.1110654509
0.1044520965
0.1208146127
0.0000000000
0.0019880716
0.0952242902
0.1123909807
0.0960936849
0.1222175146
0.0959391106
0.1015473560
0.1281708033
0.0
0.0
0.0727639046
0.0
0.1175600797
0.0998473445
0.0
0.1176373710
0.1095021061
0.0
0.0927560608
0.1093014303
0.1033659395
0.1257388906
0.0984193847
0.1091014886
0.1247743664
0.0
0.0925641187
0.1109965517
0.1117591764
0.1293755903
0.1112726625
0.0945700007
0.1246874156
0.1016050206
0.1050654383
0.1315635598
0.1123909807
0.0
0.0
0.1042087603
0.1223847068
0.0
0.1068855683
0.0947703609
0.0
0.1200043202
0.0
0.0984193847
0.0019880716
0.1242544732
0.0
0.0970843415
0.0851219987
0.1133163023
0.1041481032
0.1053127966
0.0
0.1197633476
0.0000000000
0.1192842942
0.1243408210
0.0026507621
0.0
0.1167927163
0.0044731610
0.0000000000
0.1077870129
0.1348352987
0.1000707166
0.1213060619
0.0
0.1378477977
0.1158099944
0.1001267159
0.0
0.0
0.1181032616
0.0
0.1206516799
0.0000000000
0.0039761431
0.0000000000
0.1101763801
0.0857338004
0.1164885686
0.0019880716
0.1156602724
0.1133881124
0.0868996801
0.0000000000
0.1058110239
0.1200043202
0.0803080976
0.0745216332
0.1227204673
0.1066307755
0.1293755903
0.0000000000
0.0
0.0000000000
0.0964563026
0.1000707166
0.1029496210
0.1023021391
0.1105849452
0.1068855683
0.0019880716
0.0000000000
0.0000000000
0.1335271950
0.0909641288
0.1059990766
0.0
0.0
0.1189670488
0.0000000000
0.0800924088
0.0
0.0922776902
0.1105166407
0.1005769766
0.0019880716
0.1216359221
0.1039061796
0.0
0.0019880716
0.0039761431
0.1228890394
0.0
0.0894185114
0.1040270008
0.0956825890
0.1082434612
0.1061248169
0.1108590095
0.0000000000
0.0939246411
0.1208962442
0.0000000000
0.0982033158
0.1033659395
0.0019880716
0.0935318564
0.0970316927
0.1170218714
0.0026507621
0.0922776902
0.0000000000
0.0993483850
0.1177922590
0.0000000000
0.0
0.0000000000
0.1200043202
0.0
0.0991831715
0.1019523882
0.1138208914
0.1039061796
0.1068855683
0.0874945923
0.0
0.0000000000
0.0039761431
0.0818885315
0.0720315786
0.0000000000
0.1043302865
0.0000000000
0.1019523882
0.1188880009
0.0000000000
0.1033062594
0.0991831715
0.1084402675
0.0000000000
0.1092347017
0.1123204277
0.1205703783
0.1004076551
0.0039761431
0.0
0.0994588334
0.0902757020
0.0000000000
0.0
0.0916631359
0.1155109370
0.0902757020
0.0000000000
0.0950724981
0.1022436808
0.1117591764
0.0946200113
0.0727639046
0.0019880716
0.0026507621
0.1038458743
0.0000000000
0.0
0.0995695277
0.1120390992
0.0840819743
0.0000000000
0.0943704859
0.1069494569
0.0000000000
0.1227204673
0.0816642818
0.0000000000
0.1003513412
0.0000000000
0.0000000000
0.0019880716
0.1105166407
0.0000000000
0.1085718698
0.0803080976
0.0000000000
0.0886213182
0.0877090399
0.0000000000
0.0788917290
0.0863128034
0.1125323531
0.0000000000
0.0821517178
0.0000000000
0.0000000000
0.0000000000
0.0019880716
0.0000000000
0.0000000000
0.0000000000
0.0019880716
0.1144030955
0.0873237879
0.0026507621
0.1188880009
0.0895527734
0.0870264793
0.1110654509
0.0000000000
0.0000000000
0.0908717325
0.0000000000
0.0
0.0000000000
0.0788917290
0.1248614385
0.0000000000
0.0000000000
0.0026507621
0.0852842904
0.1016050206
0.1177922590
0.0913356005
0.0930454713
0.0000000000
0.0881411041
0.0876231348
0.0026507621
0.0019880716
0.0000000000
0.0000000000
0.0000000000
0.0000000000
0.0039761431
0.0
0.0
0.0000000000
0.0000000000
0.0000000000
0.0000000000
0.0000000000
0.1059990766
0.1009742897
0.0980418857
0.0000000000
0.0026507621
0.0044731610
0.0019880716
0.0019880716
0.0834934397
0.0000000000
0.0019880716
0.1138208914
0.0893738468
0.0000000000
0.0900485362
0.0000000000
0.0789613598
0.0000000000
0.1114806488
0.1107218078
0.1101085793
0.0789613598
0.0000000000
0.0000000000
0.0000000000
0.0830670573
0.0019880716
0.0000000000
0.0000000000
0.0789613598
0.0000000000
0.0000000000
0.0026507621
0.0868574958
0.0000000000
0.0000000000
0.0000000000
0.0000000000
0.0019880716
0.0000000000
0.0000000000
0.0000000000
0.0000000000
0.0019880716
0.0000000000
0.0984193847
0.0000000000
0.0764969822
0.0000000000
0.0918042285
0.0000000000
0.0000000000
0.0019880716
0.0000000000
0.0000000000
0.0000000000
0.0000000000
0.0000000000
0.0000000000
0.1018363354
0.0000000000
0.0000000000
0.0000000000
0.0019880716
0.0000000000
0.0000000000
0.0000000000
0.0000000000
0.0026507621
0.0000000000
0.0000000000
0.0000000000
0.0000000000
0.0000000000
0.0977206124
0.0000000000
0.0000000000
0.0000000000
0.0000000000
0.0000000000
0.0000000000
0.0019880716
0.0000000000
0.0000000000
0.0000000000
0.0026507621
0.0000000000
0.0835324189
0.0019880716
0.0000000000
0.0000000000
0.0000000000
0.0019880716
0.0000000000
0.0000000000
0.0000000000
0.0019880716
0.0000000000
0.0000000000
0.0000000000
0.0000000000
0.0000000000
0.0000000000
0.0000000000
0.0000000000
0.0000000000
0.0000000000
0.0000000000
0.0000000000
0.0000000000
0.0000000000
0.0000000000
0.0000000000
0.0000000000
0.0000000000
0.0000000000
0.0029821074
0.0000000000
0.0000000000
0.0000000000
0.0000000000
0.0000000000
0.0000000000
0.0000000000
0.0000000000
0.0000000000
0.0000000000
0.0000000000
0.0862296103
0.0000000000
0.0000000000
0.0000000000
0.0000000000
0.0000000000
0.0000000000
0.0000000000
0.0000000000
0.1037254732
0.0000000000
0.0000000000
0.0000000000
