0.0
0.0
0.0
0.0
0.0
0.0
0.0818205016
0.0
0.0
0.0
0.0
0.0
0.0
0.0
0.0
0.0861149478
0.0
0.0
0.0
0.0
0.0
0.0
0.0
0.0
0.0
0.0
0.0
0.0
0.0
0.0000000000
0.0
0.0953321441
0.0
0.0
0.0
0.0
0.0797279057
0.0000000000
0.0069444444
0.0
0.0851738009
0.0
0.0
0.0765936391
0.0673296136
0.0
0.0
0.0
0.0
0.0903582931
0.0
0.0
0.0754808986
0.0
0.0769718793
0.0
0.0838000299
0.1042595689
0.0
0.0
0.0
0.0
0.0
0.0
0.0
0.0
0.0
0.0
0.0
0.0
0.0785229499
0.0719944829
0.0769718793
0.0
0.0156250000
0.0
0.0842530030
0.0
0.0000000000
0.0
0.0844813309
0.0908851636
0.0
0.0885613952
0.1012130231
0.0650806077
0.0
0.1060326909
0.0880610483
0.0688159186
0.0
0.0
0.0
0.0
0.0
0.0
0.0000000000
0.0591529623
0.0
0.0
0.0
0.0000000000
0.0092592593
0.0069444444
0.0
0.0000000000
0.0
0.0
0.0
0.0919575549
0.0000000000
0.0000000000
0.1012130231
0.0749365652
0.0138888889
0.1137723033
0.0992790163
0.0000000000
0.0104166667
0.0
0.0
0.0542149758
0.0156250000
0.0714991081
0.0
0.0702108358
0.0
0.0
0.0
0.0000000000
0.0
0.0822522721
0.0138888889
0.0
0.0092592593
0.0816063118
0.0138888889
0.0
0.0156250000
0.0092592593
0.0824698707
0.0
0.0092592593
0.0
0.0069444444
0.0
0.0602971201
0.0
0.0916870915
0.0069444444
0.0092592593
0.0000000000
0.0691210889
0.0803443585
0.0
0.0000000000
0.0714991081
0.0805519667
0.0000000000
0.0600647613
0.0069444444
0.0
0.0764059096
0.0908851636
0.0000000000
0.0000000000
0.0000000000
0.0000000000
0.0
0.0728355400
0.0
0.0608859592
0.0861149478
0.0
0.0000000000
0.0156250000
0.0
0.0
0.0833519014
0.0688159186
0.0000000000
0.0000000000
0.0000000000
0.0104166667
0.0000000000
0.0000000000
0.0700530587
0.0607672731
0.0539335832
0.0676217161
0.0
0.1063945772
0.0938964190
0.0000000000
0.0000000000
0.0695839534
0.0606490489
0.0624721666
0.0646755417
0.0000000000
0.0069444444
0.0676217161
0.0069444444
0.0092592593
0.0000000000
0.0
0.0104166667
0.0069444444
0.0000000000
0.0728355400
0.0000000000
0.0104166667
0.0000000000
0.0
0.0944654882
0.0
0.0591529623
0.0
0.0682135911
0.0487849939
0.0695839534
0.0000000000
0.0000000000
0.0000000000
0.0000000000
0.0000000000
0.0000000000
0.0000000000
0.0000000000
0.0000000000
0.0000000000
0.0000000000
0.0000000000
0.0000000000
0.0000000000
0.0442178881
0.0000000000
0.0000000000
0.0000000000
0.0000000000
0.0000000000
0.0000000000
0.0000000000
0.0000000000
