0.0062500000
0.0
0.0
0.0
0.0
0.0
0.0000000000
0.0
0.0
0.0062500000
0.0
0.0
0.0
0.0
0.0
0.0
0.0142857143
0.0150000000
0.0
0.0
0.0
0.0
0.0
0.0083333333
0.0
0.0
0.0140625000
0.0
0.0
0.0
0.0156250000
0.0
0.0
0.0
0.0
0.0000000000
0.0
0.0
0.0
0.0
0.0
0.0
0.0255208333
0.0100000000
0.0
0.0
0.0
0.0
0.0
0.0
0.0000000000
0.0
0.0000000000
0.0000000000
0.0140625000
0.0
0.0062500000
0.0
0.0000000000
0.0
0.0
0.0000000000
0.0
0.0
0.0284090909
0.0140625000
0.0
0.0150000000
0.0062500000
0.0
0.0062500000
0.0225000000
0.0170138889
0.0
0.0166666667
0.0201612903
0.0
0.0
0.0
0.0
0.0191406250
0.0
0.0
0.0000000000
0.0000000000
0.0166666667
0.0125000000
0.0
0.0000000000
0.0062500000
0.0
0.0
0.0000000000
0.0093750000
0.0000000000
0.0000000000
0.0
0.0
0.0111111111
0.0
0.0140625000
0.0191406250
0.0
0.0
0.0
0.0
0.0
0.0
0.0
0.0
0.0
0.0125000000
0.0062500000
0.0
0.0
0.0
0.0
0.0000000000
0.0000000000
0.0164473684
0.0
0.0083333333
0.0
0.0062500000
0.0
0.0240384615
0.0
0.0200000000
0.0215517241
0.0
0.0250000000
0.0083333333
0.0
0.0
0.0000000000
0.0000000000
0.0
0.0083333333
0.0000000000
0.0000000000
0.0083333333
0.0
0.0
0.0000000000
0.0093750000
0.0100000000
0.0062500000
0.0000000000
0.0218750000
0.0000000000
0.0000000000
0.0
0.0083333333
0.0125000000
0.0062500000
0.0
0.0
0.0
0.0000000000
0.0
0.0
0.0139204545
0.0
0.0
0.0
0.0
0.0062500000
0.0139204545
0.0132352941
0.0
0.0000000000
0.0
0.0000000000
0.0062500000
0.0000000000
0.0
0.0000000000
0.0000000000
0.0
0.0000000000
0.0
0.0062500000
0.0
0.0093750000
0.0062500000
0.0
0.0142857143
0.0000000000
0.0000000000
0.0000000000
0.0127604167
0.0000000000
0.0000000000
0.0231481481
0.0000000000
0.0
0.0
0.0
0.0271739130
0.0062500000
0.0000000000
0.0062500000
0.0
0.0187500000
0.0173611111
0.0000000000
0.0000000000
0.0062500000
0.0125000000
0.0000000000
0.0142857143
0.0062500000
0.0
0.0160714286
0.0000000000
0.0
0.0000000000
0.0100000000
0.0062500000
0.0000000000
0.0062500000
0.0173611111
0.0
0.0
0.0000000000
0.0000000000
0.0166666667
0.0000000000
0.0000000000
0.0156250000
0.0062500000
0.0000000000
0.0000000000
0.0000000000
0.0062500000
0.0000000000
0.0000000000
0.0000000000
0.0125000000
0.0000000000
0.0093750000
0.0000000000
0.0062500000
0.0000000000
0.0
0.0000000000
0.0000000000
0.0000000000
0.0062500000
0.0000000000
0.0000000000
0.0000000000
0.0100000000
0.0000000000
0.0000000000
0.0000000000
0.0000000000
0.0000000000
0.0000000000
0.0142857143
0.0000000000
0.0000000000
0.0
0.0000000000
0.0000000000
0.0000000000
0.0000000000
0.0000000000
0.0000000000
0.0000000000
0.0000000000
0.0000000000
