0.0
0.0
0.0
0.0
0.0
0.0
0.0
0.0
0.0
0.0
0.0
0.0
0.0
0.0
0.0
0.0
0.0
0.0
0.0
0.0
0.0
0.0
0.0
0.0
0.0
0.0
0.0
0.0
0.0
0.0909339785
0.0
0.1146989384
0.0
0.0
0.0
0.0
0.0
0.0892012915
0.0
0.0
0.1122542008
0.0
0.0
0.0
0.0841532823
0.0
0.0
0.0
0.0
0.0951793901
0.0
0.0
0.1108756404
0.0
0.1210711016
0.0
0.0
0.0
0.0
0.0
0.0
0.0
0.0
0.0
0.0
0.0
0.0
0.0
0.0
0.0
0.1275461454
0.1077563769
0.1074814882
0.0
0.0953948906
0.0
0.1072990069
0.0
0.0909339785
0.0
0.0
0.1006355335
0.0
0.0
0.1180188890
0.1269058535
0.0
0.1094356970
0.0
0.1017699115
0.0
0.0
0.0
0.0
0.0
0.0
0.0000000000
0.0000000000
0.0
0.0
0.0
0.0936283186
0.0791968860
0.0795958628
0.0
0.0
0.0
0.0
0.0
0.1253950695
0.1009570528
0.0
0.0951793901
0.1046342964
0.1122542008
0.1103914673
0.0
0.0
0.0
0.0
0.0
0.0
0.1066651731
0.1135653460
0.0
0.0939065602
0.0
0.0
0.0
0.0
0.0
0.0
0.0
0.0
0.0
0.0939065602
0.1098160122
0.0
0.0
0.1312546522
0.0
0.0
0.0791968860
0.0
0.1091521849
0.0
0.0029498525
0.0
0.1124539414
0.1063958166
0.0634529268
0.0
0.0
0.0
0.0
0.1177989097
0.1059498995
0.0
0.1096255248
0.1107784663
0.0
0.0
0.1162817204
0.0
0.1095305287
0.0951077728
0.0812327957
0.0
0.0
0.1074814882
0.0
0.0902844501
0.0
0.0
0.1022639402
0.0619599167
0.0
0.0
0.0911964142
0.0866334682
0.0876548059
0.0
0.1084963348
0.0000000000
0.1008764805
0.0
0.0
0.1075729618
0.1003160556
0.1245302759
0.0
0.1124539414
0.1143875385
0.0
0.0
0.0908033262
0.0882669205
0.0916593402
0.0
0.0
0.1318021169
0.1098160122
0.0
0.1102951397
0.0791968860
0.0
0.0
0.0
0.0000000000
0.0
0.0868716358
0.0
0.0
0.0
0.0706925224
0.0
0.0
0.0
0.0000000000
0.0
0.0
0.0863966029
0.0917924692
0.0000000000
0.0
0.1084963348
0.0
0.0029498525
0.0
0.0983643814
0.0
0.1022639402
0.0
0.1055077046
0.0775449264
0.0689194275
0.1005554734
0.0000000000
0.0
0.1239198334
0.1080326753
0.0
0.0
0.0000000000
0.1269058535
0.0828840853
0.0
0.0865148734
0.0
0.1123539823
0.1109729852
0.0
0.0
0.0985177164
0.0
0.1085895447
0.0
0.1251467625
0.0000000000
0.0996045942
0.0941163292
0.0061455261
0.0
0.1078483192
0.0029498525
0.0840972921
0.0
0.0000000000
0.0
0.0
0.0092182891
0.0
0.0661424543
0.1065752362
0.1203792668
0.0913282009
0.1065752362
0.0039331367
0.0815472452
0.0740904045
0.0731894789
0.0917258564
0.1102951397
0.1138722794
0.0835967130
0.0
0.0
0.1357660903
0.0000000000
0.0
0.0
0.0
0.0910650073
0.0939763792
0.0
0.0
0.0939763792
0.0998406241
0.1053318584
0.0
0.0
0.0917924692
0.0058997050
0.0914603691
0.0
0.0
0.0
0.0
0.0
0.0
0.0661424543
0.1057725775
0.0
0.1016880371
0.1124539414
0.0948935661
0.1107784663
0.0
0.0000000000
0.0
0.1151167851
0.0950362632
0.0798472711
0.0000000000
0.1171438648
0.0966347325
0.1066651731
0.1017699115
0.1159616790
0.1158553896
0.1063958166
0.0
0.0000000000
0.1138722794
0.1148031154
0.0883903707
0.0936283186
0.0906730488
0.1060387836
0.1047209860
0.0
0.1121545964
0.0901556563
0.0967827183
0.1053318584
0.0
0.0897077573
0.0000000000
0.0
0.0073746313
0.0823978032
0.0
0.0
0.0000000000
0.0
0.0787037547
0.0
0.0
0.1042889687
0.0000000000
0.0938368449
0.0000000000
0.0
0.0812327957
0.0
0.0000000000
0.0
0.0814946680
0.0000000000
0.1016880371
0.0029498525
0.0000000000
0.0931453427
0.0
0.0000000000
0.0979072270
0.0654573952
0.0029498525
0.0000000000
0.0029498525
0.0675565099
0.0591475106
0.0000000000
0.0902200072
0.0000000000
0.0000000000
0.0811806230
0.0823978032
0.0000000000
0.0916593402
0.0000000000
0.0000000000
0.1011185841
0.0
0.0741338593
0.0966347325
0.0000000000
0.1112660476
0.0951793901
0.0000000000
0.0926673241
0.0092182891
0.0
0.0872313527
0.0815998903
0.0
0.0
0.0000000000
0.0000000000
0.0000000000
0.0
0.1034355402
0.0
0.0000000000
0.0000000000
0.0000000000
0.0719807688
0.0773550980
0.0000000000
0.0000000000
0.0029498525
0.0688443519
0.0000000000
0.1148031154
0.0000000000
0.0029498525
0.0000000000
0.1022639402
0.0000000000
0.0948935661
0.0704560926
0.1153268523
0.0815998903
0.0000000000
0.0000000000
0.0039331367
0.0814421586
0.0000000000
0.0794957422
0.0859267370
0.0686946903
0.0000000000
0.0000000000
0.1041171582
0.0000000000
0.0
0.1084963348
0.0786058645
0.0958288325
0.0000000000
0.0939763792
0.1180188890
0.0000000000
0.0000000000
0.0716949689
0.0921941868
0.1185724485
0.0000000000
0.0
0.0000000000
0.0000000000
0.0000000000
0.0913942372
0.0000000000
0.0898991679
0.0000000000
0.0000000000
0.0915265967
0.0720217835
0.0000000000
0.0061455261
0.0796962359
0.0000000000
0.0000000000
0.0029498525
0.0029498525
0.0798472711
0.1032665279
0.0914603691
0.0000000000
0.0000000000
0.0931453427
0.0928715871
0.0000000000
0.0000000000
0.0000000000
0.0000000000
0.0000000000
0.0000000000
0.0000000000
0.0903489851
0.0794957422
0.0898991679
0.0835967130
0.0000000000
0.0575060191
0.0808689892
0.0000000000
0.0000000000
0.0000000000
0.0000000000
0.0759148529
0.0000000000
0.0000000000
0.0000000000
0.0000000000
0.0000000000
0.0000000000
0.0000000000
0.0000000000
0.0000000000
0.0000000000
0.0000000000
0.0000000000
0.0000000000
0.0000000000
0.0000000000
0.0661078609
0.0000000000
0.0052675938
0.0000000000
0.0000000000
0.0000000000
0.0000000000
0.0000000000
0.0000000000
0.0848879987
0.0000000000
0.0000000000
0.0000000000
0.0000000000
0.0823441238
0.0000000000
0.0000000000
0.0000000000
0.0000000000
0.0000000000
0.0000000000
0.0000000000
0.0000000000
0.0000000000
0.0000000000
0.0000000000
