0.0
0.0
0.0
0.0
0.1476938954
0.0
0.1360014620
0.0
0.0
0.1204440992
0.0
0.1354371406
0.0
0.1377229995
0.0
0.1088011696
0.0896712936
0.1444263313
0.0
0.1337719298
0.0087719298
0.0000000000
0.0
0.0
0.0
0.1383065715
0.1106452572
0.1337719298
0.1153369289
0.1169905049
0.0
0.0
0.1321471695
0.1497263802
0.1348774830
0.1511127355
0.1204440992
0.1371443314
0.0175438596
0.0
0.0
0.1518155855
0.1300412386
0.0087719298
0.0
0.0087719298
0.0000000000
0.1073695753
0.0087719298
0.1217923540
0.1084397039
0.1052914544
0.0087719298
0.0868094438
0.1217923540
0.0087719298
0.0906676413
0.1539639192
0.0000000000
0.0000000000
0.0962842209
0.0986113320
0.0000000000
0.1157459251
0.0
0.1300412386
0.0
0.1191253682
0.1145275469
0.1145275469
0.1326843532
0.0911741645
0.0087719298
0.1332259219
0.1088011696
0.1200012900
0.0000000000
0.0977256014
0.0000000000
0.0000000000
0.1337719298
0.0906676413
0.1070175439
0.0
0.1174113341
0.1265129879
0.1280013760
0.0116959064
0.1195617248
0.0000000000
0.1088011696
0.0
0.0116959064
0.0980190717
0.0000000000
0.1161578323
0.0680007310
0.1080806320
0.0000000000
0.0000000000
0.0000000000
0.0000000000
0.0000000000
0.0977256014
0.1032922496
0.1348774830
0.0000000000
0.0680007310
0.0780869638
0.0777151211
0.1070175439
0.0000000000
0.0000000000
0.0000000000
0.0000000000
0.0000000000
0.0000000000
0.0000000000
0.0000000000
0.0000000000
0.0000000000
0.0000000000
0.0000000000
0.0000000000
0.0000000000
0.0087719298
0.0000000000
0.0000000000
0.0000000000
0.0000000000
0.0000000000
0.0000000000
0.0000000000
0.0000000000
0.0000000000
0.0000000000
0.0000000000
0.0000000000
