0.0
0.0
0.0
0.0
0.1363942826
0.0
0.1551754367
0.0
0.0
0.1221007432
0.0
0.1340014005
0.0
0.1165130821
0.0
0.1208132134
0.0965487619
0.1077472076
0.0
0.1287316825
0.0915349114
0.0048543689
0.0
0.0
0.0
0.1173083933
0.0972315678
0.1304415910
0.1268315838
0.1105188399
0.0
0.0
0.1405781563
0.1287316825
0.1355872159
0.1332223226
0.1057580284
0.1119588248
0.0129449838
0.0
0.0
0.1520856603
0.1221007432
0.0809690441
0.0
0.1275375110
0.0710886437
0.1130636817
0.0791055448
0.1054336172
0.1105188399
0.1157284822
0.1106968091
0.1064128769
0.1306895788
0.1236379828
0.1000621811
0.1609899729
0.0911707141
0.1265980082
0.0
0.1022957120
0.0000000000
0.1287316825
0.0
0.1292156362
0.0
0.1345258678
0.1195525538
0.1079163555
0.1227548544
0.1149543787
0.1201795777
0.1263652913
0.0989103863
0.1316910315
0.1074104976
0.0000000000
0.0945566966
0.0718314717
0.1080860353
0.1456413526
0.1085982914
0.0
0.1280125111
0.1084270007
0.1361241949
0.0110957004
0.0812561684
0.0000000000
0.1438132185
0.0
0.0110957004
0.0944268111
0.0000000000
0.1105188399
0.0000000000
0.1206012604
0.0064724919
0.1013904402
0.0000000000
0.1096375095
0.0915349114
0.1128780270
0.0899773802
0.1459505700
0.0
0.0902135413
0.1231948359
0.0
0.1003543335
0.1060844420
0.0000000000
0.0821298906
0.0000000000
0.1165130821
0.0819341102
0.0000000000
0.0000000000
0.0950798319
0.0817392609
0.0000000000
0.0000000000
0.0000000000
0.0000000000
0.0937826991
0.0000000000
0.1165130821
0.1206012604
0.0910499582
0.0
0.0
0.0000000000
0.0000000000
0.1353203119
0.0000000000
0.0064724919
0.0816421834
0.0000000000
0.1033725089
0.0932737021
0.1197608335
0.0888148817
0.0
0.1054336172
0.1268315838
0.0000000000
0.0000000000
0.1099883495
0.0997717249
0.0000000000
0.1165130821
0.0791055448
0.0097087379
0.0716069984
0.0781167255
0.0000000000
0.0000000000
0.0960093833
0.0000000000
0.0824253219
0.0000000000
0.0000000000
0.0048543689
0.1022957120
0.0853946813
0.0000000000
0.0077669903
0.0048543689
0.1165130821
0.0
0.0
0.0000000000
0.0000000000
0.0000000000
0.0000000000
0.0
0.1064128769
0.0999167419
0.0
0.0814487185
0.0000000000
0.0000000000
0.0000000000
0.0000000000
0.0048543689
0.0048543689
0.0000000000
0.0000000000
0.0000000000
0.0097087379
0.0946869400
0.0048543689
0.0000000000
0.1151469321
0.0000000000
0.0950798319
0.0772390095
0.0000000000
0.0833245072
0.0000000000
0.0000000000
0.0064724919
0.0
0.0000000000
0.0000000000
0.0000000000
0.0000000000
0.0991958419
0.0064724919
0.0000000000
0.0819341102
0.0
0.0000000000
0.0000000000
0.0744774848
0.0048543689
0.0000000000
0.0048543689
0.0721329679
0.0000000000
0.0718314717
0.0870160993
0.0000000000
0.0000000000
0.0000000000
0.0000000000
0.0000000000
0.0077669903
0.0895087480
0.0000000000
0.0000000000
0.0000000000
0.0833245072
0.0000000000
0.0000000000
0.0000000000
0.0000000000
0.0641855448
0.0000000000
0.0000000000
0.0000000000
