0.0
0.0
0.0
0.0
0.0
0.0
0.0905091138
0.0
0.0
0.0
0.0
0.0
0.0463320463
0.0
0.0
0.0360360360
0.0
0.0463320463
0.0
0.0
0.1342031687
0.0
0.0
0.0
0.1081081081
0.0
0.0
0.1216216216
0.1556756757
0.0972972973
0.0
0.0884520885
0.0810810811
0.0
0.0
0.0
0.1024182077
0.0000000000
0.0748440748
0.0
0.0000000000
0.0608108108
0.0905091138
0.1179361179
0.0540540541
0.0270270270
0.0
0.0
0.0
0.0000000000
0.0
0.0000000000
0.0270270270
0.0
0.0270270270
0.0
0.1621621622
0.0748440748
0.0794263651
0.0000000000
0.0608108108
0.1081081081
0.0
0.0000000000
0.0000000000
0.0
0.0270270270
0.0000000000
0.0000000000
0.0000000000
0.0360360360
0.0000000000
