0.0
0.0
0.0
0.0
0.0
0.0
0.0022637238
0.0
0.0
0.0
0.0
0.0
0.0
0.0
0.0
0.0
0.0
0.0
0.0
0.0
0.0
0.0
0.0
0.0033955857
0.0
0.0
0.0
0.0
0.0
0.0
0.0
0.0
0.0
0.0
0.0
0.0
0.0
0.0
0.0
0.0
0.0
0.0
0.0000000000
0.0
0.0
0.0
0.0
0.0
0.0
0.0
0.0
0.0
0.0110016978
0.0
0.0110900490
0.0
0.0
0.0
0.0000000000
0.0
0.0
0.0000000000
0.0
0.0
0.0
0.0016977929
0.0
0.0142784380
0.0016977929
0.0
0.0038200340
0.0038200340
0.0
0.0
0.0
0.0
0.0
0.0
0.0
0.0
0.0
0.0
0.0
0.0000000000
0.0
0.0038200340
0.0
0.0
0.0
0.0
0.0
0.0
0.0076400679
0.0
0.0000000000
0.0
0.0
0.0
0.0016977929
0.0
0.0
0.0
0.0
0.0
0.0
0.0
0.0
0.0
0.0
0.0
0.0
0.0105375926
0.0
0.0
0.0
0.0
0.0
0.0030560272
0.0
0.0
0.0
0.0103279841
0.0
0.0000000000
0.0
0.0038806694
0.0
0.0
0.0088723369
0.0
0.0
0.0
0.0
0.0
0.0
0.0038200340
0.0
0.0
0.0
0.0025466893
0.0030560272
0.0
0.0
0.0
0.0
0.0
0.0016977929
0.0033955857
0.0054329372
0.0000000000
0.0045274477
0.0
0.0000000000
0.0
0.0
0.0
0.0
0.0
0.0
0.0
0.0
0.0
0.0
0.0
0.0
0.0
0.0
0.0
0.0149512440
0.0
0.0
0.0
0.0
0.0
0.0045274477
0.0
0.0
0.0067911715
0.0
0.0
0.0
0.0
0.0
0.0
0.0
0.0
0.0
0.0
0.0000000000
0.0
0.0000000000
0.0
0.0
0.0
0.0016977929
0.0
0.0
0.0
0.0065486296
0.0
0.0000000000
0.0128634577
0.0
0.0
0.0
0.0
0.0053056027
0.0038200340
0.0
0.0
0.0022637238
0.0
0.0
0.0000000000
0.0000000000
0.0
0.0
0.0
0.0022637238
0.0033955857
0.0
0.0
0.0
0.0
0.0
0.0000000000
0.0
0.0
0.0000000000
0.0
0.0
0.0
0.0114227504
0.0
0.0094091849
0.0
0.0
0.0025466893
0.0
0.0
0.0025466893
0.0
0.0
0.0
0.0
0.0000000000
0.0
0.0
0.0
0.0000000000
0.0
0.0129216634
0.0
0.0
0.0
0.0016977929
0.0000000000
0.0
0.0
0.0025466893
0.0
0.0000000000
0.0
0.0
0.0
0.0
0.0016977929
0.0
0.0000000000
0.0000000000
0.0
0.0102907661
0.0000000000
0.0139642426
0.0
0.0
0.0
0.0
0.0
0.0
0.0
0.0
0.0
0.0038806694
0.0
0.0
0.0175195559
0.0
0.0
0.0030182984
0.0
0.0
0.0025466893
0.0
0.0016977929
0.0
0.0
0.0016977929
0.0
0.0
0.0038586202
0.0
0.0
0.0
0.0
0.0000000000
0.0
0.0127202121
0.0000000000
0.0
0.0
0.0
0.0
0.0
0.0030560272
0.0
0.0000000000
0.0022637238
0.0
0.0
0.0076400679
0.0103466942
0.0
0.0115381317
0.0
0.0
0.0039615167
0.0
0.0
0.0
0.0000000000
0.0
0.0
0.0016977929
0.0
0.0000000000
0.0
0.0
0.0000000000
0.0035051208
0.0
0.0127486054
0.0
0.0
0.0
0.0
0.0
0.0
0.0063993731
0.0033955857
0.0
0.0
0.0090177851
0.0
0.0
0.0033955857
0.0
0.0
0.0
0.0
0.0033955857
0.0
0.0053056027
0.0
0.0016977929
0.0
0.0
0.0
0.0
0.0
0.0
0.0000000000
0.0016977929
0.0
0.0
0.0025466893
0.0
0.0016977929
0.0157338160
0.0
0.0
0.0
0.0161338283
0.0000000000
0.0
0.0022637238
0.0016977929
0.0
0.0127202121
0.0047160913
0.0
0.0045274477
0.0016977929
0.0
0.0
0.0
0.0
0.0116797039
0.0027164686
0.0
0.0
0.0000000000
0.0
0.0115381317
0.0
0.0
0.0
0.0
0.0
0.0000000000
0.0
0.0124702516
0.0
0.0022637238
0.0000000000
0.0033955857
0.0000000000
0.0033955857
0.0070523704
0.0
0.0093937092
0.0
0.0048936383
0.0016977929
0.0
0.0
0.0
0.0022637238
0.0
0.0038200340
0.0
0.0
0.0000000000
0.0
0.0
0.0000000000
0.0000000000
0.0
0.0025466893
0.0
0.0016977929
0.0114917006
0.0
0.0
0.0
0.0000000000
0.0
0.0040243979
0.0000000000
0.0
0.0000000000
0.0
0.0
0.0038200340
0.0022637238
0.0
0.0179039975
0.0000000000
0.0
0.0022637238
0.0093323124
0.0016977929
0.0
0.0
0.0
0.0000000000
0.0
0.0
0.0
0.0
0.0
0.0067911715
0.0038200340
0.0038200340
0.0016977929
0.0030560272
0.0033955857
0.0
0.0016977929
0.0
0.0
0.0016977929
0.0
0.0016977929
0.0000000000
0.0
0.0036170370
0.0
0.0000000000
0.0
0.0016977929
0.0
0.0
0.0
0.0000000000
0.0000000000
0.0000000000
0.0103843186
0.0047242932
0.0
0.0000000000
0.0
0.0
0.0057188812
0.0054329372
0.0050933786
0.0
0.0
0.0
0.0
0.0000000000
0.0
0.0047015803
0.0
0.0
0.0000000000
0.0
0.0
0.0000000000
0.0000000000
0.0000000000
0.0
0.0000000000
0.0
0.0
0.0000000000
0.0016977929
0.0
0.0022637238
0.0
0.0022637238
0.0000000000
0.0000000000
0.0016977929
0.0
0.0022637238
0.0045274477
0.0016977929
0.0016977929
0.0
0.0000000000
0.0
0.0076400679
0.0
0.0
0.0048936383
0.0
0.0000000000
0.0000000000
0.0164119977
0.0056131111
0.0
0.0028296548
0.0
0.0033955857
0.0
0.0000000000
0.0016977929
0.0033955857
0.0102538155
0.0
0.0
0.0016977929
0.0113999505
0.0038200340
0.0000000000
0.0000000000
0.0022637238
0.0
0.0
0.0
0.0
0.0
0.0000000000
0.0063916908
0.0000000000
0.0000000000
0.0047160913
0.0
0.0146821985
0.0022637238
0.0
0.0
0.0000000000
0.0
0.0083346195
0.0
0.0030560272
0.0033955857
0.0022637238
0.0
0.0
0.0114227504
0.0155623303
0.0016977929
0.0000000000
0.0035953261
0.0
0.0170488812
0.0
0.0000000000
0.0025466893
0.0055564130
0.0
0.0
0.0000000000
0.0
0.0055564130
0.0
0.0022637238
0.0000000000
0.0
0.0000000000
0.0000000000
0.0016977929
0.0042444822
0.0
0.0000000000
0.0000000000
0.0114917006
0.0000000000
0.0168975598
0.0000000000
0.0
0.0000000000
0.0
0.0000000000
0.0000000000
0.0000000000
0.0
0.0115381317
0.0
0.0
0.0033955857
0.0000000000
0.0016977929
0.0022637238
0.0
0.0
0.0
0.0000000000
0.0033955857
0.0038200340
0.0061120543
0.0016977929
0.0016977929
0.0
0.0016977929
0.0000000000
0.0000000000
0.0
0.0
0.0016977929
0.0033955857
0.0
0.0
0.0050933786
0.0000000000
0.0000000000
0.0016977929
0.0
0.0100015434
0.0016977929
0.0000000000
0.0025466893
0.0000000000
0.0
0.0000000000
0.0016977929
0.0016977929
0.0038200340
0.0
0.0000000000
0.0022637238
0.0025466893
0.0022637238
0.0124975388
0.0000000000
0.0000000000
0.0025466893
0.0016977929
0.0
0.0
0.0130396694
0.0016977929
0.0000000000
0.0016977929
0.0
0.0000000000
0.0000000000
0.0
0.0
0.0000000000
0.0075628955
0.0000000000
0.0025466893
0.0016977929
0.0145698347
0.0000000000
0.0
0.0
0.0000000000
0.0050933786
0.0000000000
0.0022637238
0.0086535988
0.0
0.0055564130
0.0000000000
0.0000000000
0.0016977929
0.0038200340
0.0000000000
0.0
0.0077476745
0.0016977929
0.0000000000
0.0
0.0000000000
0.0000000000
0.0
0.0000000000
0.0072379591
0.0066275288
0.0016977929
0.0000000000
0.0000000000
0.0000000000
0.0025466893
0.0016977929
0.0022637238
0.0000000000
0.0000000000
0.0016977929
0.0
0.0016977929
0.0000000000
0.0000000000
0.0
0.0000000000
0.0025466893
0.0054329372
0.0000000000
0.0016977929
0.0016977929
0.0000000000
0.0
0.0038200340
0.0
0.0
0.0000000000
0.0094716007
0.0087329896
0.0000000000
0.0000000000
0.0000000000
0.0000000000
0.0000000000
0.0016977929
0.0000000000
0.0
0.0000000000
0.0
0.0000000000
0.0000000000
0.0093782844
0.0016977929
0.0
0.0000000000
0.0000000000
0.0000000000
0.0022637238
0.0040747029
0.0
0.0000000000
0.0022637238
0.0144591778
0.0059148913
0.0100015434
0.0000000000
0.0016977929
0.0040243979
0.0016977929
0.0095667927
0.0028296548
0.0000000000
0.0000000000
0.0
0.0
0.0000000000
0.0000000000
0.0085885342
0.0000000000
0.0022637238
0.0000000000
0.0000000000
0.0000000000
0.0
0.0000000000
0.0022637238
0.0000000000
0.0103093415
0.0038200340
0.0000000000
0.0
0.0114917006
0.0033955857
0.0000000000
0.0000000000
0.0
0.0000000000
0.0
0.0016977929
0.0000000000
0.0016977929
0.0022637238
0.0000000000
0.0047015803
0.0000000000
0.0000000000
0.0016977929
0.0
0.0016977929
0.0038586202
0.0000000000
0.0094091849
0.0016977929
0.0000000000
0.0038200340
0.0000000000
0.0
0.0000000000
0.0055461234
0.0000000000
0.0000000000
0.0016977929
0.0000000000
0.0000000000
0.0000000000
0.0
0.0033955857
0.0
0.0000000000
0.0016977929
0.0141721469
0.0000000000
0.0016977929
0.0000000000
0.0016977929
0.0000000000
0.0
0.0115381317
0.0000000000
0.0000000000
0.0
0.0000000000
0.0000000000
0.0000000000
0.0016977929
0.0016977929
0.0035370685
0.0000000000
0.0000000000
0.0000000000
0.0022637238
0.0030182984
0.0
0.0016977929
0.0000000000
0.0000000000
0.0016977929
0.0030560272
0.0000000000
0.0
0.0000000000
0.0016977929
0.0000000000
0.0000000000
0.0
0.0000000000
0.0033955857
0.0000000000
0.0113096539
0.0000000000
0.0000000000
0.0
0.0000000000
0.0104222175
0.0016977929
0.0000000000
0.0000000000
0.0000000000
0.0000000000
0.0016977929
0.0000000000
0.0000000000
0.0067911715
0.0103093415
0.0000000000
0.0
0.0000000000
0.0000000000
0.0000000000
0.0124975388
0.0000000000
0.0016977929
0.0000000000
0.0000000000
0.0000000000
0.0135985124
0.0047421111
0.0000000000
0.0000000000
0.0043657531
0.0000000000
0.0000000000
0.0000000000
0.0000000000
0.0030317730
0.0000000000
0.0122561700
0.0000000000
0.0000000000
0.0000000000
0.0000000000
0.0000000000
0.0000000000
0.0000000000
0.0
0.0000000000
0.0134702246
0.0000000000
0.0
0.0000000000
0.0000000000
0.0
0.0000000000
0.0035370685
0.0016977929
0.0000000000
0.0000000000
0.0
0.0000000000
0.0000000000
0.0000000000
0.0062509647
0.0000000000
0.0000000000
0.0016977929
0.0000000000
0.0016977929
0.0016977929
0.0000000000
0.0000000000
0.0000000000
0.0000000000
0.0027164686
0.0000000000
0.0000000000
0.0022637238
0.0000000000
0.0016977929
0.0000000000
0.0
0.0000000000
0.0000000000
0.0000000000
0.0000000000
0.0000000000
0.0000000000
0.0000000000
0.0000000000
0.0040747029
0.0000000000
0.0000000000
0.0000000000
0.0016977929
0.0000000000
0.0000000000
0.0016977929
0.0000000000
0.0000000000
0.0000000000
0.0000000000
0.0000000000
0.0000000000
0.0000000000
0.0000000000
0.0000000000
0.0000000000
0.0000000000
0.0048936383
0.0000000000
0.0000000000
0.0000000000
0.0000000000
0.0000000000
0.0000000000
0.0000000000
0.0000000000
0.0000000000
0.0000000000
0.0000000000
0.0000000000
0.0000000000
0.0000000000
0.0000000000
0.0000000000
0.0000000000
0.0000000000
0.0000000000
0.0000000000
0.0000000000
0.0000000000
0.0000000000
0.0000000000
0.0000000000
0.0000000000
0.0000000000
0.0000000000
0.0000000000
0.0000000000
0.0000000000
0.0000000000
0.0000000000
0.0000000000
0.0000000000
0.0000000000
0.0000000000
0.0000000000
0.0000000000
0.0000000000
