0.0554298643
0.0
0.0
0.0
0.0379256966
0.0
0.0000000000
0.0
0.0
0.0147058824
0.0
0.0266884532
0.0
0.0
0.0
0.0
0.0379256966
0.0480392157
0.0
0.0
0.0
0.0
0.0
0.0480392157
0.0000000000
0.0
0.0000000000
0.0313299233
0.0
0.0
0.0261437908
0.0
0.0
0.0147058824
0.0
0.0147058824
0.0
0.0
0.0423875433
0.0000000000
0.0
0.0
0.0392156863
0.0554298643
0.0
0.0
0.0
0.0
0.0000000000
0.0
0.0470588235
0.0294117647
0.0379256966
0.0147058824
0.0000000000
0.0
0.0294117647
0.0
0.0000000000
0.0000000000
0.0423875433
0.0147058824
0.0
0.0147058824
0.0343137255
0.0147058824
0.0
0.0147058824
0.0147058824
0.0000000000
0.0000000000
0.0000000000
0.0147058824
0.0000000000
0.0379256966
0.0000000000
0.0000000000
0.0000000000
0.0000000000
0.0000000000
0.0000000000
0.0
0.0000000000
0.0480392157
0.0147058824
0.0000000000
0.0288235294
0.0
0.0313299233
0.0000000000
0.0000000000
0.0147058824
0.0000000000
0.0000000000
0.0147058824
0.0147058824
0.0
0.0000000000
0.0000000000
0.0000000000
0.0000000000
0.0000000000
0.0000000000
0.0000000000
0.0000000000
0.0
0.0000000000
0.0000000000
