0.0
0.0
0.0
0.0
0.0
0.0
0.0
0.2298401895
0.0
0.0
0.0
0.0
0.0
0.0
0.0
0.0
0.0
0.0
0.0
0.0
0.1750876836
0.0
0.0
0.1967161622
0.0
0.0
0.0
0.0
0.0
0.0
0.0
0.2064305406
0.2077127178
0.2200114972
0.0
0.0
0.0
0.1996522243
0.0
0.0
0.0
0.0
0.0
0.0
0.0
0.0
0.0
0.0
0.0
0.0
0.0
0.0
0.0
0.2200114972
0.0
0.0
0.0
0.2157532101
0.0
0.2090109223
0.0
0.0
0.0
0.2414566612
0.2116566302
0.2064305406
0.1697550638
0.0
0.1802789627
0.0
0.2432127096
0.2612636529
0.2380195557
0.0
0.0
0.2363374387
0.2514417111
0.2164514406
0.0
0.0
0.0
0.0
0.2008513368
0.0
0.0
0.2077127178
0.1894716576
0.0
0.2504999818
0.2371755147
0.0
0.2414566612
0.2572442121
0.2251969534
0.0
0.0
0.2039130950
0.0
0.2267237124
0.2116566302
0.2267237124
0.0
0.1627335648
0.1873487259
0.0
0.0
0.0
0.1827417900
0.0
0.0
0.2222043028
0.1863050004
0.0
0.1755472314
0.1996522243
0.0
0.2130047616
0.0000000000
0.0
0.0
0.2070696444
0.0
0.0
0.2274948814
0.1916432526
0.2096661290
0.2051640955
0.1639301352
0.0
0.2290530656
0.2096661290
0.2002499855
0.1884042117
0.2675339806
0.2306327419
0.2109889437
0.1764736020
0.1807662031
0.2244412589
0.0
0.1509785443
0.2070696444
0.0
0.0000000000
0.2200114972
0.0
0.2633208470
0.1832424525
0.2008513368
0.0
0.2164514406
0.0
0.0
0.2032932983
0.0
0.1863050004
0.1676278074
0.0
0.0000000000
0.0
0.2290530656
0.1732733035
0.2363374387
0.2259577539
0.1405115444
0.2290530656
0.0097087379
0.0
0.2014563107
0.1863050004
0.0
0.1688977150
0.2346789303
0.0000000000
0.0
0.1755472314
0.0000000000
0.0000000000
0.2143701767
0.1676278074
0.0000000000
0.0000000000
0.1516632543
0.1405115444
0.1631304760
0.1697550638
0.0000000000
0.0000000000
0.0000000000
0.0000000000
0.0000000000
0.0000000000
0.0000000000
0.0097087379
0.0000000000
0.0000000000
0.0000000000
