0.0
0.0
0.0
0.0
0.0
0.0
0.0
0.2646816038
0.0
0.0
0.0
0.0
0.0
0.0
0.0
0.0
0.0
0.0
0.0
0.0
0.1603214286
0.0
0.0
0.2033061594
0.0
0.0
0.0
0.0
0.0
0.0
0.0
0.2226686508
0.1476644737
0.1902118644
0.0
0.0
0.0
0.1675000000
0.0
0.1388923267
0.0
0.0
0.0
0.0
0.0
0.2226686508
0.0
0.0
0.0
0.0
0.0
0.0
0.0
0.2290306122
0.0
0.0
0.0
0.1996886121
0.0
0.1948350694
0.0
0.1258127803
0.0
0.2450327511
0.1764544025
0.2309156379
0.0000000000
0.0
0.2191894531
0.0
0.2209153543
0.1839754098
0.2253514056
0.0
0.0
0.1955139373
0.2672023810
0.1655235988
0.0
0.0
0.0
0.0000000000
0.2078240741
0.0
0.1355374396
0.2659360190
0.1660133136
0.0
0.2609883721
0.1941608997
0.0
0.2055402930
0.2271761134
0.2516255605
0.0
0.2025722022
0.1612428161
0.1388923267
0.2659360190
0.1775712025
0.2367616034
0.0
0.1902118644
0.2085966543
0.0
0.0
0.0
0.1406328321
0.0
0.0
0.1870416667
0.2025722022
0.0
0.2299692623
0.1589589235
0.0
0.1810080645
0.1645527859
0.0
0.2040454545
0.1675000000
0.0
0.0
0.2309156379
0.1358656174
0.1759012539
0.1753515625
0.1787022293
0.2085966543
0.1839754098
0.1845805921
0.1685060060
0.1589589235
0.1598646724
0.1169010417
0.0000000000
0.1533128415
0.0000000000
0.1617074928
0.0000000000
0.1764544025
0.1955139373
0.1827768730
0.0000000000
0.1968859649
0.0
0.1815938511
0.0000000000
0.0000000000
0.0000000000
0.0000000000
0.0000000000
0.0000000000
0.0000000000
