0.0
0.0
0.0
0.0
0.0
0.0
0.0
0.0
0.0
0.0
0.0
0.0
0.0
0.0
0.0
0.0
0.0
0.0
0.0
0.0
0.0
0.0
0.0
0.0
0.0
0.0
0.0
0.0
0.0
0.0
0.0
0.0000000000
0.0
0.0
0.0
0.0
0.0
0.0
0.0
0.0
0.0
0.0
0.0
0.0
0.0
0.0
0.0
0.0
0.0
0.0
0.0
0.0
0.0590150330
0.0
0.0
0.0
0.0
0.0
0.0
0.0
0.0
0.0862527406
0.0
0.0
0.0
0.0
0.0
0.0
0.0
0.0
0.0698236471
0.0
0.0
0.0
0.0
0.0
0.0
0.0
0.0
0.0
0.0
0.0
0.0
0.0
0.0
0.0741706446
0.0
0.0
0.0
0.0
0.0
0.0439862543
0.0
0.0
0.0
0.0
0.0000000000
0.0
0.0
0.0
0.0253766852
0.0
0.0103092784
0.0
0.0
0.0
0.0
0.0
0.0
0.0
0.0000000000
0.0231958763
0.0
0.0
0.0
0.0
0.0
0.0
0.0
0.0
0.0103092784
0.0
0.0903405482
0.0505619514
0.0854791734
0.0825188557
0.0000000000
0.0
0.0347259902
0.0
0.0
0.0
0.0
0.0
0.0678357853
0.0
0.0778034925
0.0
0.0724785387
0.0
0.0
0.0206185567
0.0525119991
0.0646164599
0.0
0.0
0.0528029243
0.0388114008
0.0
0.0
0.0103092784
0.0231958763
0.0137457045
0.0
0.0
0.0
0.0
0.0
0.0103092784
0.0137457045
0.0
0.0543072811
0.0
0.0
0.0
0.0
0.0
0.0
0.0299906279
0.0
0.0
0.0
0.0
0.0
0.0
0.0
0.0
0.0
0.0646164599
0.0
0.0
0.0620907351
0.0
0.0616888533
0.0430290196
0.0
0.0
0.0708619170
0.0569010617
0.0569010617
0.0
0.0
0.0000000000
0.0
0.0000000000
0.0
0.0
0.0000000000
0.0549333016
0.0
0.0388114008
0.0747523752
0.0659579781
0.0
0.0
0.0
0.0
0.0543072811
0.0103092784
0.0103092784
0.0
0.0475357997
0.0
0.0797567183
0.0000000000
0.0000000000
0.0471281296
0.0
0.0894922801
0.0000000000
0.0274914089
0.0103092784
0.0103092784
0.0646164599
0.0753433030
0.0000000000
0.0894922801
0.0543072811
0.0
0.0
0.0000000000
0.0753433030
0.0616888533
0.0
0.0
0.0000000000
0.0000000000
0.0505619514
0.0000000000
0.0624978874
0.0
0.0000000000
0.0
0.0000000000
0.0103092784
0.0616888533
0.0000000000
0.0593827279
0.0646164599
0.0590150330
0.0412371134
0.0000000000
0.0490021997
0.0522242621
0.0000000000
0.0103092784
0.0000000000
0.0154639175
0.0000000000
0.0000000000
0.0000000000
0.0753433030
0.0000000000
0.0154639175
0.0000000000
0.0000000000
0.0000000000
