0.0
0.0
0.0
0.0
0.0
0.0
0.0
0.0
0.0
0.0666666667
0.0
0.0
0.0
0.0
0.0
0.1000000000
0.0
0.0
0.0790123457
0.0
0.0
0.0
0.0
0.0
0.0000000000
0.0
0.0000000000
0.0
0.0
0.0
0.1000000000
0.0222222222
0.0
0.0
0.0
0.0
0.0
0.0
0.0
0.0
0.0
0.0
0.0
0.0000000000
0.0
0.0
0.0666666667
0.0
0.0
0.0948148148
0.0
0.0
0.0603773585
0.0
0.0
0.0
0.0
0.0
0.0000000000
0.0
0.0
0.0000000000
0.0
0.0
0.0000000000
0.0
0.0
0.0
0.0
0.0744186047
0.0864864865
0.0547008547
0.0
0.0
0.0666666667
0.0
0.0
0.0568888889
0.0222222222
0.0
0.0914285714
0.0
0.0
0.0
0.0
0.0748538012
0.0
0.0
0.0
0.0000000000
0.0
0.0646464646
0.0
0.0222222222
0.0547008547
0.0
0.0888888889
0.0
0.0
0.0000000000
0.0222222222
0.0000000000
0.0695652174
0.0000000000
0.0603773585
0.0
0.0
0.0222222222
0.0000000000
0.0000000000
0.0568888889
0.1032258065
0.0222222222
0.0
0.0000000000
0.0761904762
0.0000000000
0.0000000000
0.0000000000
0.0000000000
0.0000000000
