0.0
0.0
0.0
0.0
0.0
0.0
0.0
0.0
0.0
0.0
0.0
0.0
0.0
0.0
0.0
0.0
0.0
0.0
0.0
0.0
0.0
0.0
0.0
0.0
0.0
0.0
0.0
0.0
0.0
0.0
0.0
0.0000000000
0.0
0.0
0.0
0.0
0.0
0.0
0.0
0.0
0.0
0.0
0.0
0.0
0.0
0.0
0.0
0.0
0.0
0.0
0.0
0.0
0.0208333333
0.0
0.0
0.0
0.0
0.0
0.0
0.0
0.0
0.0685941043
0.0
0.0
0.0
0.0
0.0
0.0
0.0
0.0
0.0463957055
0.0
0.0
0.0
0.0
0.0
0.0
0.0
0.0
0.0
0.0
0.0
0.0
0.0
0.0
0.0490275527
0.0
0.0
0.0
0.0
0.0
0.0
0.0
0.0
0.0
0.0
0.0138888889
0.0
0.0
0.0
0.0
0.0
0.0675223214
0.0
0.0
0.0
0.0
0.0
0.0
0.0
0.0
0.0138888889
0.0
0.0
0.0
0.0
0.0
0.0
0.0
0.0
0.0000000000
0.0
0.0594302554
0.0
0.0575095057
0.0
0.0000000000
0.0
0.0000000000
0.0
0.0
0.0
0.0
0.0
0.0
0.0
0.0000000000
0.0
0.0000000000
0.0
0.0
0.0000000000
0.0
0.0542114695
0.0
0.0
0.0092592593
0.0
0.0
0.0
0.0000000000
0.0730676329
0.0
0.0
0.0
0.0
0.0
0.0
0.0758145363
0.0406586022
0.0
0.0692219680
0.0
0.0
0.0
0.0
0.0
0.0
0.0092592593
0.0
0.0
0.0
0.0
0.0
0.0
0.0
0.0
0.0
0.0
0.0
0.0
0.0000000000
0.0
0.0
0.0
0.0
0.0
0.0545045045
0.0069444444
0.0636842105
0.0
0.0
0.0000000000
0.0
0.0
0.0
0.0
0.0000000000
0.0664835165
0.0
0.0125000000
0.0617346939
0.0
0.0
0.0
0.0
0.0
0.0
0.0
0.0644989339
0.0
0.0605000000
0.0
0.0446165192
0.0653347732
0.0000000000
0.0678251121
0.0
0.0708430913
0.0000000000
0.0745073892
0.0491071429
0.0482456140
0.0777634961
0.0538256228
0.0156250000
0.0614837398
0.0513582343
0.0
0.0
0.0813172043
0.0000000000
0.0000000000
0.0
0.0
0.0515332198
0.0562267658
0.0
0.0621149897
0.0533509700
0.0
0.0069444444
0.0
0.0000000000
0.0
0.0501658375
0.0562267658
0.0400132275
0.0692219680
0.0375310174
0.0000000000
0.0589668616
0.0
0.0734223301
0.0672222222
0.0408232119
0.0000000000
0.0
0.0000000000
0.0000000000
0.0603792415
0.0603792415
0.0
0.0156250000
0.0
0.0
0.0
0.0
0.0000000000
0.0
0.0
0.0577290076
0.0
0.0
0.0125000000
0.0000000000
0.0000000000
0.0445508100
0.0
0.0
0.0092592593
0.0000000000
0.0515332198
0.0
0.0092592593
0.0000000000
0.0536347518
0.0639534884
0.0
0.0000000000
0.0481687898
0.0
0.0
0.0527003484
0.0437771346
0.0465384615
0.0595472441
0.0000000000
0.0000000000
0.0000000000
0.0092592593
0.0000000000
0.0482456140
0.0000000000
0.0000000000
0.0069444444
0.0763888889
0.0597826087
0.0480922099
0.0000000000
0.0
0.0000000000
0.0125000000
0.0
0.0
0.0716824645
0.0000000000
0.0000000000
0.0587378641
0.0444199706
0.0
0.0000000000
0.0
0.0069444444
0.0000000000
0.0000000000
0.0000000000
0.0104166667
0.0000000000
0.0000000000
0.0000000000
0.0591976517
0.0661925602
0.0000000000
0.0000000000
0.0138888889
0.0069444444
0.0000000000
0.0543087971
0.0092592593
0.0000000000
0.0534452297
0.0666299559
0.0000000000
0.0000000000
0.0000000000
0.0000000000
0.0000000000
0.0104166667
0.0000000000
0.0000000000
0.0069444444
0.0000000000
0.0463957055
