0.0
0.0
0.0
0.0
0.0
0.0
0.0
0.0
0.0
0.2306306306
0.1939393939
0.0
0.0
0.0
0.0
0.1190697674
0.0
0.0
0.1910447761
0.0
0.0
0.0
0.0
0.0
0.2151260504
0.0
0.2265486726
0.0
0.0
0.0
0.2306306306
0.1741496599
0.0
0.0
0.0
0.2081300813
0.2151260504
0.0
0.0
0.0
0.0
0.0
0.0
0.1855072464
0.0
0.0
0.2348623853
0.0
0.0
0.2206896552
0.0
0.0
0.1924812030
0.2327272727
0.0
0.0
0.2285714286
0.0
0.1939393939
0.1802816901
0.2534653465
0.2206896552
0.0
0.0
0.2752688172
0.0
0.0
0.0
0.0
0.0000000000
0.2612244898
0.2415094340
0.0
0.0
0.2285714286
0.0
0.0
0.1790209790
0.1790209790
0.0
0.1391304348
0.0
0.1190697674
0.0
0.0
0.1600000000
0.1630573248
0.0
0.0000000000
0.0000000000
0.2612244898
0.2285714286
0.1939393939
0.0000000000
0.0000000000
0.0
0.0000000000
0.0000000000
0.0000000000
