0.0
0.0
0.0
0.0
0.0
0.0
0.0
0.0
0.0
0.1093750000
0.1353383459
0.0
0.0
0.0
0.0
0.1353383459
0.0
0.0
0.1469387755
0.0
0.0
0.0000000000
0.0
0.0
0.1458333333
0.0
0.0000000000
0.0
0.0357142857
0.0
0.1904761905
0.1978021978
0.0
0.0
0.0000000000
0.0000000000
0.1904761905
0.0
0.0
0.0
0.0
0.0972222222
0.0
0.1904761905
0.0
0.0000000000
0.1658986175
0.0972222222
0.0
0.1458333333
0.1978021978
0.1353383459
0.1750000000
0.1658986175
0.1978021978
0.0
0.1250000000
0.0000000000
0.1118012422
0.0357142857
0.1093750000
