0.0
0.0
0.0
0.0
0.0
0.0
0.0
0.0
0.0
0.0
0.0
0.0
0.0
0.0
0.0
0.0
0.0
0.0
0.0
0.0
0.0
0.0
0.0
0.0
0.0
0.0
0.0
0.0
0.0
0.0
0.0
0.0
0.0
0.0
0.0
0.0
0.0
0.0
0.0
0.0
0.0
0.0
0.1328574591
0.0
0.0
0.0
0.0
0.0
0.0
0.0
0.0
0.0
0.0
0.0
0.0
0.0
0.0
0.0
0.0
0.0
0.1248959634
0.0
0.0
0.0
0.0
0.0
0.0
0.0
0.0
0.0
0.0
0.0
0.0
0.0
0.0
0.0901276276
0.0
0.0
0.0
0.1522704211
0.0
0.0
0.0
0.0
0.0
0.0
0.0000000000
0.0
0.0
0.0
0.0
0.1783273916
0.0
0.0
0.0
0.0
0.0
0.0
0.0
0.0
0.0
0.0
0.0
0.0
0.0
0.0
0.0
0.0000000000
0.0
0.1822252580
0.0
0.0
0.0
0.0
0.0
0.0
0.0000000000
0.0
0.1495391131
0.1469040627
0.0
0.0000000000
0.0
0.0
0.0
0.0
0.0
0.0
0.0
0.0
0.0
0.0
0.0
0.1610976919
0.0
0.0
0.0
0.1884023854
0.1389467593
0.2238068606
0.0
0.1684203143
0.0
0.0
0.0
0.0
0.0
0.0
0.0
0.0
0.0138888889
0.0
0.1072257949
0.0
0.0
0.1328574591
0.1248959634
0.1718928981
0.1122802095
0.2058470508
0.0
0.1710113960
0.1395281265
0.0000000000
0.1035628019
0.0
0.0
0.0138888889
0.0
0.0
0.0
0.1508924082
0.1462597466
0.1174197966
0.0
0.1745927865
0.1727835348
0.1822252580
0.0
0.0138888889
0.0
0.0
0.1802552553
0.1482098765
0.1495391131
0.0
0.1736834491
0.0000000000
0.1894728535
0.0000000000
0.1212626263
0.0000000000
0.0966586151
0.0
0.0
0.0
0.1230524805
0.1230524805
0.1221509972
0.0000000000
0.0
0.0
0.0000000000
0.0
0.1038854275
0.1267955218
0.1239673689
0.1634667756
0.0
0.0000000000
0.0000000000
0.1072257949
0.1045367468
0.1230524805
0.1413017891
0.1161924119
0.0000000000
0.0901276276
0.0000000000
0.0
0.0000000000
0.0000000000
0.1212626263
0.1199540368
0.0138888889
0.0000000000
0.0000000000
0.0000000000
