0.0
0.0
0.0
0.0
0.0
0.0
0.0
0.0
0.0
0.0
0.0
0.0
0.0
0.0
0.0
0.0
0.0
0.0
0.0
0.0
0.0
0.0
0.0
0.0
0.0
0.0
0.0
0.0
0.0
0.0960562719
0.0
0.1185972276
0.0
0.0
0.0
0.0
0.0
0.0968198353
0.0
0.0
0.1276722775
0.0
0.0
0.0
0.0995092751
0.0
0.0
0.0
0.0
0.1053627619
0.0
0.0
0.1071234413
0.0
0.1353326142
0.0
0.0
0.0
0.0
0.0
0.0
0.0
0.0
0.0
0.0
0.0
0.0
0.0
0.0
0.0
0.1153402962
0.1197633754
0.0878783209
0.0
0.0945647149
0.0
0.1097291466
0.0
0.0972061874
0.0
0.1323906008
0.0855933610
0.0
0.0
0.1198812527
0.1087494221
0.0
0.1085555729
0.0
0.1103255007
0.0
0.0
0.0
0.0
0.0
0.0
0.0000000000
0.0924122555
0.0
0.0
0.0
0.1092370877
0.0000000000
0.0072080024
0.0
0.0
0.0
0.0
0.0
0.1328237216
0.1054539851
0.0
0.0891649727
0.1100265156
0.0989434222
0.1051807882
0.0043149946
0.0
0.0
0.0
0.0
0.0
0.1231540473
0.0988631110
0.0
0.0721987865
0.0
0.0
0.0
0.0
0.0
0.0
0.1129864126
0.0
0.0
0.0997537697
0.0855933610
0.0
0.0
0.1171147623
0.0
0.0
0.0842319175
0.0
0.1000816374
0.0
0.0936918098
0.0
0.1038357653
0.1133017235
0.0625574488
0.0
0.1098280908
0.0779266492
0.0
0.1027842639
0.1158890131
0.0
0.1102256586
0.1189446804
0.0
0.0
0.1082660913
0.1102256586
0.1195283148
0.0854132908
0.0881326720
0.0
0.0
0.0992659762
0.0
0.1329687257
0.0
0.0
0.0912354702
0.0775298235
0.0
0.0
0.0960562719
0.0840575243
0.0798160896
0.0
0.1089439649
0.0000000000
0.0969740070
0.0
0.0
0.0962080196
0.1230296492
0.1125687179
0.0
0.1262169459
0.1070293082
0.0
0.0793998388
0.1091392050
0.1140443378
0.1006606221
0.0
0.1024384800
0.1244120049
0.1058204629
0.0
0.0813079791
0.0000000000
0.0
0.0
0.0
0.0000000000
0.0
0.0965129578
0.0
0.0
0.0
0.0694409081
0.0
0.0
0.0
0.0000000000
0.0
0.0
0.1030451377
0.0936918098
0.0000000000
0.1098280908
0.1039243624
0.0
0.0032362460
0.0
0.0947854885
0.0
0.1096303805
0.0
0.0929056848
0.1017538452
0.0883884998
0.0753708866
0.0000000000
0.0
0.0863212989
0.1061894967
0.0
0.0
0.0000000000
0.1249224131
0.1108274365
0.0
0.1030451377
0.0
0.0987829300
0.1014149482
0.0
0.0
0.0857138302
0.0
0.0863825197
0.0
0.1120509225
0.0708547718
0.1048187201
0.0032362460
0.0908272578
0.0
0.0809836122
0.0901549613
0.0959805774
0.0
0.0000000000
0.0
0.0
0.1059124807
0.0
0.0694409081
0.1208326912
0.1099272137
0.1029580328
0.1146886561
0.0132146710
0.0648558854
0.0000000000
0.0945647149
0.0717733369
0.1217993528
0.1267423026
0.0965129578
0.0
0.0
0.1271391991
0.0000000000
0.0
0.0
0.0
0.0895583476
0.0904226821
0.0
0.0
0.0873739977
0.0688910366
0.0000000000
0.0000000000
0.1221658503
0.1130913210
0.0099110032
0.0970512771
0.0
0.0000000000
0.0
0.0132146710
0.0
0.0
0.0000000000
0.0975174962
0.0
0.1079781496
0.0962080196
0.0000000000
0.0801311531
0.0
0.0000000000
0.0
0.1161099645
0.0834813932
0.0815802765
0.0000000000
0.0991851407
0.0855332533
0.1061894967
0.1211933858
0.1203550917
0.1075966014
0.1125687179
0.0000000000
0.0000000000
0.0804487138
0.1176805341
0.0934044116
0.1024384800
0.0960562719
0.1114358214
0.1078825091
0.0
0.0823525036
0.0809836122
0.1139376546
0.0000000000
0.1157788524
0.0785295633
0.0000000000
0.0
0.0032362460
0.0902886232
0.0000000000
0.1057286048
0.0000000000
0.0
0.1098280908
0.0
0.0
0.0967429331
0.0000000000
0.0000000000
0.0000000000
0.0
0.1142583046
0.0
0.0000000000
0.0
0.0790904888
0.0000000000
0.0720280028
0.0043149946
0.0088097807
0.0939809821
0.0
0.0000000000
0.0698390784
0.0823525036
0.0815802765
0.0000000000
0.0064724919
0.0000000000
0.0728465028
0.0088097807
0.0000000000
0.0000000000
0.0000000000
0.0834242142
0.0000000000
0.0000000000
0.1006606221
0.0960562719
0.0000000000
0.1114358214
0.0
0.0833100908
0.0877516951
0.0625574488
0.1045488006
0.0000000000
0.0000000000
0.0863825197
0.0032362460
0.0
0.0922023866
0.0032362460
0.0
0.0
0.0000000000
0.0000000000
0.0000000000
0.0881326720
0.0728465028
0.0
0.0000000000
0.0905571396
0.0000000000
0.0588118555
0.0813622931
0.0000000000
0.0000000000
0.0032362460
0.0876254336
0.0000000000
0.0968198353
0.0000000000
0.0000000000
0.0817994310
0.0784284306
0.0000000000
0.1061894967
0.0099110032
0.0000000000
0.0790904888
0.0000000000
0.0000000000
0.0072080024
0.0000000000
0.0000000000
0.1020095082
0.1023523973
0.0000000000
0.0000000000
0.0000000000
0.0000000000
0.0000000000
0.0
0.1039243624
0.0000000000
0.0854732300
0.0000000000
0.0873739977
0.0621108377
0.0000000000
0.0000000000
0.0736838190
0.0929056848
0.1140443378
0.0000000000
0.0
0.0000000000
0.0000000000
0.0000000000
0.0772348464
0.0000000000
0.0000000000
0.0000000000
0.0000000000
0.0834813932
0.0000000000
0.0000000000
0.0000000000
0.0000000000
0.0000000000
0.0000000000
0.0000000000
0.0000000000
0.0959050022
0.0854732300
0.0000000000
0.0000000000
0.0000000000
0.0753708866
0.0000000000
0.0000000000
0.0000000000
0.0000000000
0.0000000000
0.0000000000
0.0000000000
0.0000000000
0.0000000000
0.0000000000
0.0000000000
0.0000000000
0.0000000000
