0.0
0.0
0.0
0.0
0.0
0.0
0.0
0.0
0.0
0.0
0.0
0.0
0.0
0.0
0.0
0.0938035696
0.0
0.0
0.0
0.0
0.0
0.0
0.0
0.0
0.0
0.0
0.0
0.0
0.0
0.0784652774
0.0
0.1185550998
0.0
0.0
0.0
0.0
0.1250714262
0.1181579303
0.0
0.0
0.1160202045
0.0
0.0
0.0085308057
0.1091954866
0.0
0.0
0.0
0.0
0.0888416680
0.0
0.0
0.0690218047
0.0
0.1187546875
0.0
0.0
0.0
0.0
0.0
0.0
0.0
0.0
0.0
0.0
0.0
0.0
0.0
0.0
0.0
0.1045041250
0.1031290707
0.1088584635
0.0
0.0485814631
0.0
0.0906687460
0.0
0.0868722714
0.0
0.1179603417
0.0673094316
0.0
0.1060756156
0.1114380480
0.0616072352
0.0
0.0785526552
0.0959731760
0.0233321181
0.0
0.0
0.0
0.0
0.0
0.0
0.0000000000
0.0875189632
0.0
0.0
0.0
0.0623698359
0.0000000000
0.0912552191
0.0
0.0
0.0
0.0
0.0
0.1224657715
0.1081906202
0.0692250092
0.1032800649
0.0985199502
0.0142180095
0.0907854368
0.0868722714
0.0
0.0
0.0
0.0
0.0
0.0992127769
0.1040417173
0.0
0.0713970489
0.0
0.0
0.0
0.0
0.0
0.0985199502
0.0889537003
0.0
0.0
0.0779450656
0.0951960653
0.0
0.0
0.0085308057
0.0800684272
0.0
0.0756058782
0.0
0.0142180095
0.0
0.1032800649
0.0
0.1013509833
0.0900897629
0.0000000000
0.0784652774
0.0877366721
0.0870867708
0.0
0.0622597391
0.1067175255
0.0
0.1040417173
0.0168509742
0.1025294831
0.0
0.1029785173
0.0887299174
0.0974313320
0.0982455214
0.0875189632
0.0881753555
0.0
0.0618232115
0.0
0.1201708422
0.0
0.0
0.0797065360
0.0801594140
0.0
0.0
0.0794372572
0.0047393365
0.0702592474
0.0
0.0851935801
0.0047393365
0.0047393365
0.0
0.0
0.0168509742
0.0996331700
0.0890660156
0.0
0.1029785173
0.0909024283
0.0
0.0063191153
0.0983825444
0.1072040796
0.0890660156
0.0
0.0688869964
0.0047393365
0.0939284745
0.0
0.0777731911
0.1032800649
0.0
0.0
0.0697038383
0.0825998646
0.0
0.0063191153
0.0924512246
0.0
0.0
0.0966305265
0.0
0.0881753555
0.0
0.1065563208
0.0
0.0
0.0000000000
0.0485814631
0.0108327691
0.0529979597
0.0917298886
0.0
0.0000000000
0.0
0.0664847166
0.0785526552
0.1043495331
0.0743311742
0.0765909711
0.0629823968
0.0706108953
0.0603424160
0.0791697917
0.0047393365
0.0121327014
0.0085308057
0.0
0.0
0.0759314148
0.0772620858
0.0529979597
0.0
0.0000000000
0.0
0.0743311742
0.0558956294
0.0
0.1051271004
0.0047393365
0.0000000000
0.0085308057
0.0
0.0047393365
0.0000000000
0.0000000000
0.0047393365
0.0094786730
0.0
0.0047393365
0.0799776467
0.0772620858
0.0
0.0000000000
0.0
0.0189573460
0.0000000000
0.0
0.1029785173
0.0972969439
0.0047393365
0.0886184477
0.0918493286
0.0047393365
0.0641858820
0.0765909711
0.0582015548
0.0047393365
0.0563420802
0.0835785360
0.0000000000
0.0887299174
0.0828910510
0.0000000000
0.0000000000
0.0
0.0094786730
0.0063191153
0.0844793825
0.0121327014
0.0
0.0
0.0000000000
0.0627024750
0.0063191153
0.0000000000
0.0000000000
0.0875189632
0.0047393365
0.0000000000
0.0047393365
0.0144436922
0.0
0.0765909711
0.0
0.0694978171
0.0047393365
0.0000000000
0.0000000000
0.0000000000
0.0000000000
0.0000000000
0.0000000000
0.0750428557
0.0000000000
0.0000000000
0.0000000000
0.0000000000
0.0000000000
0.0000000000
0.0047393365
0.0085308057
0.0151658768
0.0000000000
0.0847839956
0.0094786730
0.0063191153
0.0063191153
0.0000000000
0.0876276824
0.0085308057
0.0000000000
0.0000000000
0.0000000000
0.0000000000
0.0730987403
0.0000000000
0.0000000000
0.0000000000
0.0000000000
0.0000000000
0.0756058782
0.0000000000
0.0000000000
0.0000000000
0.0000000000
0.0000000000
0.0000000000
