0.0
0.0
0.0
0.0
0.0
0.0
0.0
0.0
0.0
0.0
0.0
0.0
0.0
0.0
0.0
0.0
0.0
0.0
0.0
0.0
0.0
0.0
0.0
0.0
0.0
0.0
0.0
0.0
0.0
0.0
0.0
0.0
0.0
0.0
0.0
0.0
0.0
0.0
0.0
0.0
0.0
0.0
0.0000000000
0.0000000000
0.0
0.0
0.0
0.0
0.0
0.0432724814
0.0
0.0
0.0
0.0
0.0
0.0000000000
0.0
0.0
0.0
0.0
0.0570409982
0.0
0.0000000000
0.0570409982
0.0
0.0
0.0
0.0
0.0196078431
0.0
0.0
0.0432724814
0.0
0.0
0.0
0.0000000000
0.0
0.0000000000
0.0
0.0544662309
0.0
0.0
0.0445632799
0.0196078431
0.0
0.0000000000
0.0196078431
0.0
0.0
0.0000000000
0.0
0.0432724814
0.0
0.0
0.0000000000
0.0
0.0
0.0
0.0
0.0
0.0
0.0445632799
0.0
0.0000000000
0.0000000000
0.0
0.0
0.0000000000
0.0
0.0000000000
0.0000000000
0.0196078431
0.0326797386
0.0660474716
0.0
0.0697167756
0.0660474716
0.0
0.0196078431
0.0196078431
0.0000000000
0.0544662309
0.0000000000
0.0196078431
0.0
0.0000000000
0.0
0.0000000000
0.0196078431
0.0196078431
0.0000000000
0.0196078431
0.0326797386
0.0000000000
0.0000000000
0.0
0.0000000000
0.0196078431
0.0432724814
0.0000000000
0.0000000000
0.0196078431
0.0000000000
