0.0
0.0
0.0
0.0
0.0
0.0
0.0
0.0
0.0
0.0
0.0
0.0
0.0
0.0
0.0
0.0
0.0
0.0
0.0
0.0
0.0
0.0
0.0
0.0
0.0
0.0
0.0
0.0
0.0
0.0
0.0
0.0
0.0
0.0
0.0
0.0
0.0
0.0
0.0
0.0
0.0
0.0
0.0
0.0
0.0
0.0
0.0
0.0
0.0
0.0
0.0
0.0
0.0
0.0
0.0
0.0
0.0
0.0
0.0
0.0
0.1404359564
0.0
0.0
0.0
0.0
0.0
0.0
0.0
0.0
0.0
0.0
0.0
0.0
0.0
0.0
0.1741151677
0.0
0.0
0.0
0.1781456114
0.0
0.0
0.0
0.0
0.0
0.0
0.0000000000
0.0
0.0
0.0
0.0
0.2091274568
0.0
0.0
0.0
0.0
0.0
0.0
0.0
0.0
0.0
0.0
0.0
0.0
0.0
0.0
0.0
0.1384152952
0.0
0.2125936578
0.0
0.0
0.0
0.0
0.0
0.0
0.0000000000
0.0
0.1637423492
0.1702630622
0.0
0.0136986301
0.0
0.0
0.0
0.0
0.0
0.0
0.0
0.0
0.0
0.0
0.0
0.1596657762
0.0
0.0
0.0
0.2057724709
0.1539178082
0.2672184170
0.0
0.1733308651
0.0
0.0
0.0
0.0
0.0
0.0
0.0
0.0
0.0273972603
0.0
0.1616783700
0.0
0.0
0.1733308651
0.1435800450
0.2035949844
0.1514939057
0.2435408358
0.0
0.2046779365
0.1430462902
0.0136986301
0.1520926959
0.0
0.0
0.0182648402
0.0
0.0
0.0
0.1733308651
0.1733308651
0.1225460257
0.0
0.2004138128
0.1741151677
0.2161766969
0.0
0.0136986301
0.0
0.0
0.2068787745
0.1680325417
0.1623605572
0.0
0.2125936578
0.0000000000
0.2091274568
0.0000000000
0.1384152952
0.0000000000
0.1508998120
0.0
0.0
0.0
0.1340747458
0.1379191830
0.1394183045
0.0
0.0
0.0
0.0136986301
0.0
0.1173154026
0.1551590809
0.1404359564
0.1943406669
0.0
0.0000000000
0.0000000000
0.1282648402
0.1665777145
0.1331468929
0.1468681376
0.1198736824
0.0136986301
0.1261621379
0.1198736824
0.0
0.0000000000
0.0
0.1384152952
0.1404359564
0.0136986301
0.0182648402
0.1340747458
0.1326877657
0.1651478629
0.0000000000
0.0000000000
0.0000000000
