0.0
0.0
0.0
0.0
0.0
0.0
0.0
0.0
0.0
0.0
0.0
0.0
0.0
0.0
0.0
0.0
0.0
0.0
0.0
0.0
0.0
0.0
0.0
0.0
0.0
0.0
0.0
0.0
0.0
0.0
0.0
0.0000000000
0.0
0.0
0.0
0.0
0.0
0.0
0.0
0.0
0.0
0.0
0.0
0.0
0.0
0.0
0.0
0.0
0.0
0.0
0.0
0.0
0.0528246515
0.0
0.0
0.0
0.0
0.0
0.0
0.0
0.0
0.0753400767
0.0
0.0
0.0
0.0
0.0
0.0
0.0
0.0
0.0000000000
0.0
0.0
0.0
0.0
0.0
0.0
0.0
0.0
0.0
0.0
0.0
0.0
0.0
0.0
0.0685932042
0.0
0.0
0.0
0.0
0.0
0.0295508274
0.0
0.0
0.0
0.0
0.0000000000
0.0
0.0
0.0
0.0204582651
0.0
0.0106382979
0.0
0.0
0.0
0.0
0.0
0.0
0.0
0.0
0.0239361702
0.0
0.0
0.0
0.0
0.0
0.0
0.0
0.0
0.0106382979
0.0
0.0825582877
0.0459574468
0.0796949945
0.0703430308
0.0000000000
0.0
0.0295508274
0.0
0.0
0.0
0.0
0.0
0.0
0.0
0.0653423414
0.0
0.0669283206
0.0
0.0
0.0000000000
0.0106382979
0.0594277329
0.0
0.0
0.0468953539
0.0
0.0
0.0
0.0106382979
0.0239361702
0.0
0.0
0.0
0.0
0.0
0.0
0.0106382979
0.0000000000
0.0
0.0465784934
0.0
0.0
0.0
0.0
0.0
0.0
0.0000000000
0.0
0.0
0.0
0.0
0.0
0.0
0.0
0.0
0.0
0.0594277329
0.0
0.0
0.0532325639
0.0
0.0528246515
0.0
0.0
0.0
0.0604703247
0.0520272983
0.0520272983
0.0
0.0
0.0000000000
0.0
0.0000000000
0.0
0.0
0.0000000000
0.0472165549
0.0
0.0204582651
0.0685932042
0.0599444958
0.0
0.0
0.0
0.0
0.0468953539
0.0106382979
0.0106382979
0.0
0.0419064865
0.0
0.0741249142
0.0000000000
0.0000000000
0.0379939210
0.0
0.0830556268
0.0000000000
0.0000000000
0.0106382979
0.0106382979
0.0574468085
0.0682536339
0.0000000000
0.0801583375
0.0000000000
0.0
0.0
0.0000000000
0.0692825831
0.0524229431
0.0
0.0
0.0000000000
0.0000000000
0.0459574468
0.0000000000
0.0572084400
0.0
0.0000000000
0.0
0.0000000000
0.0106382979
0.0532325639
0.0000000000
0.0106382979
0.0589198036
0.0000000000
0.0241779497
0.0000000000
0.0421627952
0.0000000000
0.0000000000
0.0106382979
0.0000000000
0.0159574468
0.0000000000
0.0000000000
0.0000000000
0.0672548002
0.0
0.0159574468
0.0000000000
0.0000000000
0.0
0.0468953539
0.0000000000
0.0000000000
0.0000000000
