0.0054945055
0.0
0.0
0.0
0.0
0.0
0.0000000000
0.0
0.0
0.0073260073
0.0
0.0
0.0
0.0
0.0
0.0
0.0
0.0164835165
0.0
0.0
0.0
0.0
0.0
0.0000000000
0.0
0.0
0.0054945055
0.0
0.0
0.0
0.0
0.0
0.0
0.0
0.0
0.0000000000
0.0
0.0
0.0
0.0
0.0
0.0
0.0317896389
0.0000000000
0.0
0.0
0.0
0.0
0.0
0.0
0.0
0.0
0.0000000000
0.0000000000
0.0000000000
0.0
0.0082417582
0.0
0.0000000000
0.0
0.0
0.0000000000
0.0
0.0
0.0054945055
0.0109890110
0.0
0.0000000000
0.0054945055
0.0
0.0123626374
0.0219780220
0.0240570241
0.0
0.0082417582
0.0192307692
0.0
0.0
0.0
0.0
0.0243865723
0.0
0.0
0.0082417582
0.0
0.0234239445
0.0
0.0
0.0000000000
0.0168269231
0.0
0.0
0.0123626374
0.0073260073
0.0000000000
0.0000000000
0.0
0.0
0.0191421482
0.0
0.0109890110
0.0000000000
0.0
0.0
0.0
0.0
0.0
0.0
0.0
0.0
0.0
0.0109890110
0.0
0.0
0.0
0.0
0.0
0.0109890110
0.0116354234
0.0054945055
0.0
0.0073260073
0.0
0.0073260073
0.0
0.0192307692
0.0
0.0054945055
0.0054945055
0.0
0.0197802198
0.0073260073
0.0
0.0
0.0231197374
0.0000000000
0.0
0.0073260073
0.0000000000
0.0000000000
0.0073260073
0.0
0.0
0.0000000000
0.0000000000
0.0193502150
0.0054945055
0.0000000000
0.0282574568
0.0054945055
0.0000000000
0.0
0.0000000000
0.0054945055
0.0000000000
0.0
0.0
0.0
0.0109890110
0.0
0.0
0.0000000000
0.0
0.0
0.0
0.0
0.0149572650
0.0000000000
0.0000000000
0.0
0.0000000000
0.0
0.0103550296
0.0000000000
0.0000000000
0.0
0.0149598301
0.0000000000
0.0
0.0000000000
0.0
0.0054945055
0.0
0.0073260073
0.0054945055
0.0
0.0237362637
0.0000000000
0.0000000000
0.0000000000
0.0204622963
0.0000000000
0.0054945055
0.0054945055
0.0335890525
0.0
0.0
0.0
0.0134615385
0.0134615385
0.0073260073
0.0054945055
0.0
0.0131868132
0.0054945055
0.0222527473
0.0073260073
0.0211930926
0.0109890110
0.0109890110
0.0123626374
0.0073260073
0.0
0.0131868132
0.0073260073
0.0
0.0000000000
0.0123626374
0.0109890110
0.0000000000
0.0
0.0
0.0
0.0
0.0000000000
0.0141287284
0.0296703297
0.0073260073
0.0073260073
0.0
0.0265704445
0.0054945055
0.0054945055
0.0000000000
0.0000000000
0.0000000000
0.0000000000
0.0000000000
0.0
0.0000000000
0.0054945055
0.0000000000
0.0054945055
0.0
0.0
0.0073260073
0.0000000000
0.0000000000
0.0112179487
0.0000000000
0.0000000000
0.0000000000
0.0291839308
0.0054945055
0.0174531351
0.0054945055
0.0000000000
0.0
0.0000000000
0.0342349958
0.0000000000
0.0000000000
0.0
0.0000000000
0.0
0.0
0.0000000000
0.0000000000
0.0000000000
0.0000000000
0.0000000000
0.0000000000
0.0000000000
0.0000000000
0.0000000000
0.0000000000
0.0000000000
0.0054945055
0.0000000000
0.0000000000
0.0082417582
0.0000000000
0.0054945055
0.0000000000
0.0000000000
0.0000000000
0.0000000000
0.0000000000
0.0000000000
0.0000000000
0.0000000000
0.0000000000
0.0000000000
0.0000000000
0.0000000000
0.0000000000
0.0073260073
0.0000000000
0.0000000000
0.0000000000
0.0000000000
0.0000000000
0.0000000000
0.0000000000
0.0000000000
0.0000000000
0.0000000000
0.0000000000
