0.0
0.0
0.0
0.0
0.0
0.0
0.0
0.0
0.0
0.0
0.0
0.0
0.0
0.0
0.0
0.0
0.0
0.0
0.0
0.0
0.0
0.0
0.0
0.0
0.0
0.0
0.0
0.0
0.0
0.0
0.0
0.0619510550
0.0
0.0
0.0
0.0
0.0
0.0
0.0
0.0
0.0
0.0
0.0
0.0
0.0
0.0
0.0
0.0
0.0
0.0
0.0
0.0
0.0801631724
0.0
0.0
0.0
0.0
0.0
0.0
0.0
0.0
0.0000000000
0.0
0.0
0.0
0.0
0.0
0.0
0.0
0.0
0.0795878386
0.0
0.0
0.0
0.0
0.0
0.0
0.0
0.0
0.0
0.0
0.0
0.0
0.0
0.0
0.0582622006
0.0
0.0
0.0
0.0
0.0
0.0000000000
0.0
0.0
0.0
0.0
0.0676173100
0.0
0.0
0.0
0.0078740157
0.0
0.0078740157
0.0
0.0
0.0
0.0
0.0
0.0
0.0
0.0
0.0104986877
0.0
0.0
0.0
0.0
0.0
0.0
0.0
0.0
0.0000000000
0.0
0.0619510550
0.0
0.0978462251
0.0
0.0619510550
0.0
0.0000000000
0.0
0.0
0.0
0.0
0.0
0.0
0.0
0.0000000000
0.0
0.0000000000
0.0
0.0
0.0580588421
0.0653589716
0.0525556343
0.0
0.0
0.0777283097
0.0
0.0
0.0
0.0676173100
0.0958723819
0.0
0.0
0.0
0.0
0.0
0.0
0.0000000000
0.0850836740
0.0
0.0078740157
0.0
0.0
0.0
0.0
0.0
0.0
0.0000000000
0.0
0.0
0.0
0.0
0.0
0.0
0.0
0.0
0.0
0.0643476142
0.0
0.0
0.0700372980
0.0
0.0
0.0
0.0
0.0
0.0104986877
0.0000000000
0.0831692913
0.0
0.0
0.0000000000
0.0
0.0
0.0
0.0
0.0078740157
0.0653589716
0.0
0.0859630918
0.0586732214
0.0703334388
0.0
0.0
0.0
0.0
0.0
0.0
0.0924103237
0.0
0.0580588421
0.0
0.0527222132
0.0740929099
0.0651031635
0.0553539377
0.0
0.0975592860
0.0000000000
0.0000000000
0.0694524354
0.0078740157
0.0683115329
0.0747589136
0.0104986877
0.0821425100
0.0831692913
0.0
0.0
0.0786470840
0.0770086031
0.0157480315
0.0
0.0
0.0707823756
0.0480053630
0.0
0.0656167979
0.0000000000
0.0
0.0078740157
0.0
0.0000000000
0.0
0.0680321402
0.0726369357
0.0000000000
0.0777283097
0.0439467854
0.0000000000
0.0000000000
0.0
0.0947798192
0.0580588421
0.0480053630
0.0000000000
0.0
0.0000000000
0.0703334388
0.0078740157
0.0873168413
0.0
0.0157480315
0.0
0.0819401885
0.0
0.0
0.0000000000
0.0
0.0809433492
0.0648493500
0.0
0.0104986877
0.0715434764
0.0000000000
0.0000000000
0.0825501651
0.0
0.0
0.0000000000
0.0000000000
0.0859630918
0.0
0.0078740157
0.0000000000
0.0924103237
0.0528898514
0.0
0.0477298659
0.0078740157
0.0584669886
0.0
0.0700372980
0.0078740157
0.0744244218
0.0653589716
0.0000000000
0.0000000000
0.0000000000
0.0000000000
0.0000000000
0.0712370804
0.0000000000
0.0000000000
0.0000000000
0.0801631724
0.0000000000
0.0813391602
0.0000000000
0.0
0.0000000000
0.0694524354
0.0000000000
0.0
0.0078740157
0.0000000000
0.0580588421
0.0000000000
0.0000000000
0.0
0.0000000000
0.0000000000
0.0078740157
0.0000000000
0.0000000000
