0.0
0.0
0.0
0.0
0.1412404092
0.0
0.1443790850
0.0
0.0
0.1292947030
0.0
0.1382352941
0.0
0.1258510184
0.0
0.1080591904
0.0822412509
0.1043704229
0.0
0.1447812551
0.0058823529
0.0000000000
0.0
0.0
0.0
0.1252445074
0.0995717827
0.1305941472
0.1110608346
0.1127472247
0.0
0.0
0.1302668436
0.1367801858
0.1332730015
0.1305941472
0.1225860155
0.1096550012
0.0132352941
0.0
0.0
0.1570286120
0.1147383457
0.0078431373
0.0
0.1258510184
0.0000000000
0.1149921916
0.0058823529
0.1155032680
0.1108240311
0.0716916836
0.0894603625
0.1231669919
0.1332730015
0.1065091610
0.0905513425
0.1704146577
0.0915078708
0.1134857436
0.0
0.1183974273
0.0000000000
0.1343061256
0.0
0.1267718795
0.0
0.1424012893
0.1270818352
0.1062913509
0.1283369644
0.1031279178
0.1115374905
0.1332730015
0.0988145829
0.1367801858
0.0000000000
0.1134857436
0.0964312998
0.0058823529
0.1094241486
0.1273933103
0.1098868300
0.0
0.0943311626
0.1228758170
0.1267718795
0.0132352941
0.0810865376
0.0000000000
0.1302668436
0.0
0.0088235294
0.0948475741
0.0000000000
0.1127472247
0.0819818148
0.1194861393
0.0000000000
0.1043704229
0.0000000000
0.1089653471
0.0918312201
0.1165391717
0.1170641229
0.1519779842
0.0842406330
0.1056432329
0.1183974273
0.0960748070
0.0839684501
0.0000000000
0.0000000000
0.0719895715
0.0000000000
0.1037454503
0.0058823529
0.0000000000
0.0791118274
0.0826334986
0.0719895715
0.0000000000
0.0000000000
0.0000000000
0.0000000000
0.0117647059
0.0693019608
0.1037454503
0.1225860155
0.0893066505
0.0
0.0
0.0000000000
0.0000000000
0.1110608346
0.0000000000
0.0058823529
0.0117647059
0.0000000000
0.0962527233
0.0988145829
0.0000000000
0.0910270938
0.0918312201
0.1149921916
0.1054289464
0.0000000000
0.0000000000
0.1076117403
0.1039529412
0.0000000000
0.1037454503
0.0000000000
0.0058823529
0.0078431373
0.0000000000
0.0000000000
0.0000000000
0.0000000000
0.0000000000
0.0078431373
0.0000000000
0.0000000000
0.0000000000
0.0894603625
0.0876500347
0.0000000000
0.0088235294
0.0000000000
0.0000000000
0.0000000000
0.0000000000
0.0000000000
0.0000000000
0.0000000000
0.0000000000
0.0000000000
0.0000000000
0.0000000000
0.0000000000
0.0732062966
0.0000000000
0.0000000000
0.0000000000
0.0000000000
0.0000000000
0.0000000000
0.0000000000
0.1033329435
0.0000000000
0.0000000000
0.0078431373
0.0000000000
0.0000000000
0.0000000000
0.0000000000
0.0000000000
