0.0
0.0
0.0
0.0
0.0
0.0
0.0
0.0
0.0
0.0
0.0
0.0
0.0
0.0
0.0
0.0
0.0
0.0
0.0
0.0
0.0
0.0
0.0
0.0
0.0
0.0
0.0
0.0
0.0
0.0914547239
0.0
0.1190621605
0.0
0.0
0.0
0.0
0.0
0.0822305082
0.0
0.0
0.1175961357
0.0
0.0
0.0
0.0726272712
0.0
0.0
0.0
0.0
0.1102281997
0.0
0.0
0.1123586607
0.0
0.1067945737
0.0
0.0
0.0
0.0
0.0
0.0
0.0
0.0
0.0
0.0
0.0
0.0
0.0
0.0
0.0
0.1238025984
0.1042141904
0.0848932103
0.0
0.0538488950
0.0
0.1104102447
0.0
0.0854902853
0.0
0.0
0.0994102649
0.0
0.0
0.0998557179
0.1174927999
0.0
0.0983861709
0.0
0.1085282519
0.0
0.0
0.0
0.0
0.0
0.0
0.0000000000
0.0870487020
0.0
0.0
0.0
0.0941597227
0.0834103595
0.0800160421
0.0
0.0
0.0
0.0
0.0
0.1120761159
0.0954366926
0.0
0.1011397930
0.1060323603
0.1047858983
0.1126426338
0.0
0.0
0.0
0.0
0.0
0.0
0.0996324935
0.1060323603
0.0
0.0859850844
0.0
0.0
0.0
0.0
0.0
0.0
0.0
0.0
0.0
0.0944924426
0.0988955668
0.0
0.0
0.1233457623
0.0
0.0
0.0978103923
0.0
0.1009870138
0.0
0.0034904014
0.0
0.1132149079
0.1005314333
0.0078534031
0.0
0.0
0.0
0.0
0.1145730988
0.1073950251
0.0
0.0969592504
0.1226667948
0.0
0.0
0.1129280458
0.0
0.0973829616
0.0026178010
0.0000000000
0.0
0.0
0.0921480402
0.0
0.0
0.0
0.0
0.0899171528
0.1017555603
0.0
0.0
0.0866537954
0.0000000000
0.0780997700
0.0
0.0912674446
0.0000000000
0.0791164534
0.0
0.0
0.1097757030
0.0975962090
0.1158637836
0.0
0.1098659049
0.1148683903
0.0
0.0
0.0918315977
0.0775561521
0.0886649909
0.0
0.0
0.1299385873
0.1191682765
0.0
0.0988955668
0.0937635388
0.0
0.0
0.0
0.0824332961
0.0
0.0647177184
0.0
0.0
0.0
0.0047120419
0.0
0.0
0.0
0.0000000000
0.0
0.0
0.0983861709
0.0656390802
0.0000000000
0.0
0.1152644882
0.0
0.0702610648
0.0
0.0964000045
0.0
0.0938952291
0.0
0.0980974367
0.0852721979
0.0957785145
0.1045401144
0.0000000000
0.0
0.1184294121
0.1083523552
0.0
0.0
0.0047120419
0.1222182873
0.0592147061
0.0
0.0892568800
0.0
0.0892568800
0.0
0.0
0.0
0.0
0.0
0.0989687685
0.0
0.1222182873
0.0917685699
0.1010633456
0.0026178010
0.0052356021
0.0
0.1066242474
0.0605008173
0.1038096322
0.0
0.0000000000
0.0
0.0
0.0083769634
0.0
0.0772871713
0.1081770277
0.1188504945
0.0923389546
0.1086164145
0.0817278767
0.0783285333
0.0647804294
0.0657035903
0.0905259352
0.1117015926
0.1111444774
0.0804009659
0.0
0.0
0.1273398155
0.0000000000
0.0
0.0
0.0
0.0890784852
0.0960537401
0.0
0.0
0.0000000000
0.0034904014
0.0850011483
0.0
0.0
0.1012930351
0.0947603163
0.0797773307
0.0
0.0
0.0
0.0
0.0
0.0
0.0771979251
0.1027723338
0.0
0.0992626624
0.1168765789
0.0890784852
0.1130235049
0.0
0.0000000000
0.0
0.1206740129
0.1023788716
0.0591099939
0.0000000000
0.1098659049
0.0891973357
0.1103191471
0.0925947412
0.1164693435
0.1120761159
0.0957099544
0.0
0.0855997479
0.1033282892
0.1006070777
0.0830477058
0.0940272899
0.0876191391
0.0971000772
0.1038096322
0.0
0.0
0.0
0.0929810892
0.1016781797
0.0
0.0880809001
0.0026178010
0.0
0.0046538685
0.0971706441
0.0
0.0
0.0000000000
0.0
0.0785586406
0.0
0.0
0.0971706441
0.0000000000
0.1019884106
0.0829446689
0.0
0.0812807333
0.0
0.0000000000
0.0
0.0826881919
0.0000000000
0.0
0.0026178010
0.0000000000
0.0834624259
0.0
0.0758835450
0.0972413137
0.0737082725
0.0052356021
0.0000000000
0.0026178010
0.0786973551
0.0655746966
0.0000000000
0.0876191391
0.0904035201
0.0000000000
0.1065392879
0.0983861709
0.0052356021
0.0886649909
0.0844108626
0.0000000000
0.0918947122
0.0
0.0887238263
0.0034904014
0.0683922283
0.1021442370
0.1098659049
0.0000000000
0.0864297390
0.0069808028
0.0
0.0918315977
0.0026178010
0.0
0.0
0.0976674991
0.0671556034
0.0000000000
0.0
0.0847855462
0.0
0.0000000000
0.0000000000
0.0000000000
0.0811327708
0.0728647446
0.0647177184
0.0034904014
0.0796822445
0.0745715596
0.0000000000
0.1038096322
0.0026178010
0.1117949885
0.0844108626
0.1002299897
0.0868790164
0.0981694613
0.0705204674
0.0905259352
0.0835145573
0.0026178010
0.0000000000
0.0817278767
0.0751161833
0.0782368673
0.0799203863
0.0966089641
0.0000000000
0.0000000000
0.0026178010
0.0942925291
0.0000000000
0.0
0.1066242474
0.0000000000
0.0900989261
0.0823317773
0.0000000000
0.0
0.0026178010
0.0026178010
0.0905872671
0.0791164534
0.0977388935
0.0000000000
0.0
0.0000000000
0.0000000000
0.0000000000
0.0052356021
0.0000000000
0.0868226015
0.0000000000
0.0000000000
0.1069654450
0.0732238808
0.0000000000
0.0052356021
0.0757116683
0.0000000000
0.0927231666
0.0673585926
0.0948948235
0.1098659049
0.0965392103
0.0742815590
0.0000000000
0.0
0.0847855462
0.0859850844
0.0886649909
0.0000000000
0.0000000000
0.0000000000
0.0000000000
0.0000000000
0.0000000000
0.0909570111
0.0799203863
0.0991890254
0.0804009659
0.0868226015
0.0047120419
0.0731838020
0.0000000000
0.0026178010
0.0000000000
0.0000000000
0.0694941821
0.0927231666
0.0000000000
0.0000000000
0.0000000000
0.0863739059
0.0000000000
0.0000000000
0.0000000000
0.0000000000
0.0000000000
0.0000000000
0.0000000000
0.0000000000
0.0000000000
0.0930457942
0.0584127594
0.0000000000
0.0000000000
0.0034904014
0.1024573228
0.0748219397
0.0000000000
0.0000000000
0.0754553083
0.0870487020
0.0000000000
0.0000000000
0.0000000000
0.0000000000
0.0026178010
0.0026178010
0.0000000000
0.0904035201
0.0000000000
0.0000000000
0.0000000000
0.0000000000
0.0000000000
0.0000000000
0.0000000000
0.0000000000
0.0000000000
0.0950973018
0.0000000000
0.0672907933
0.0000000000
0.0000000000
0.0807896110
0.0000000000
0.0000000000
0.0000000000
0.0000000000
0.0000000000
0.0000000000
0.0000000000
0.0000000000
0.1048680834
0.0000000000
0.0000000000
0.0
0.0000000000
0.0865416222
0.0000000000
0.0000000000
0.0000000000
0.0713864422
0.0000000000
0.0000000000
0.0034904014
0.0755405685
0.0000000000
0.0000000000
0.0000000000
0.0000000000
0.0000000000
0.0000000000
0.0000000000
0.0000000000
0.0000000000
0.0000000000
0.0000000000
0.0000000000
0.0000000000
0.0000000000
0.0000000000
0.0000000000
0.0000000000
0.0000000000
0.0000000000
0.0000000000
0.0000000000
0.0000000000
0.0000000000
