0.0
0.0
0.0
0.0
0.0
0.0
0.0023228804
0.0
0.0
0.0
0.0
0.0
0.0
0.0
0.0
0.0
0.0
0.0
0.0
0.0
0.0
0.0
0.0
0.0034843206
0.0
0.0
0.0
0.0
0.0
0.0
0.0
0.0
0.0
0.0
0.0
0.0
0.0
0.0
0.0
0.0
0.0
0.0
0.0000000000
0.0
0.0
0.0
0.0
0.0
0.0
0.0
0.0
0.0
0.0135605989
0.0
0.0082426976
0.0
0.0
0.0
0.0000000000
0.0
0.0
0.0000000000
0.0
0.0
0.0
0.0017421603
0.0
0.0134651701
0.0017421603
0.0
0.0039198606
0.0039198606
0.0
0.0
0.0
0.0
0.0
0.0
0.0
0.0
0.0
0.0
0.0
0.0000000000
0.0
0.0039198606
0.0
0.0
0.0
0.0
0.0
0.0
0.0098380816
0.0
0.0000000000
0.0
0.0
0.0
0.0017421603
0.0
0.0
0.0
0.0
0.0
0.0
0.0
0.0
0.0
0.0
0.0
0.0
0.0090458322
0.0
0.0
0.0
0.0
0.0
0.0070557491
0.0
0.0
0.0
0.0093826451
0.0
0.0017421603
0.0
0.0039820806
0.0
0.0
0.0102396359
0.0
0.0
0.0
0.0
0.0
0.0
0.0039198606
0.0
0.0
0.0
0.0026132404
0.0044098432
0.0
0.0
0.0
0.0
0.0
0.0017421603
0.0034843206
0.0055749129
0.0000000000
0.0046457607
0.0
0.0000000000
0.0
0.0
0.0
0.0
0.0
0.0
0.0
0.0
0.0
0.0
0.0
0.0
0.0
0.0
0.0
0.0112352693
0.0
0.0
0.0
0.0
0.0
0.0046457607
0.0
0.0
0.0069686411
0.0
0.0
0.0
0.0
0.0
0.0
0.0
0.0
0.0
0.0
0.0000000000
0.0
0.0000000000
0.0
0.0
0.0
0.0017421603
0.0
0.0
0.0
0.0076021539
0.0
0.0000000000
0.0062717770
0.0
0.0
0.0
0.0
0.0077605322
0.0039198606
0.0
0.0
0.0037166086
0.0
0.0
0.0000000000
0.0000000000
0.0
0.0
0.0065666041
0.0096488877
0.0034843206
0.0
0.0
0.0
0.0
0.0
0.0000000000
0.0
0.0
0.0000000000
0.0
0.0
0.0
0.0104996267
0.0
0.0070840855
0.0
0.0
0.0026132404
0.0
0.0
0.0026132404
0.0
0.0
0.0
0.0
0.0000000000
0.0
0.0
0.0
0.0000000000
0.0
0.0116817039
0.0
0.0
0.0
0.0017421603
0.0000000000
0.0
0.0
0.0026132404
0.0
0.0000000000
0.0
0.0
0.0
0.0
0.0017421603
0.0
0.0000000000
0.0017421603
0.0
0.0093330015
0.0000000000
0.0124220935
0.0
0.0
0.0
0.0
0.0
0.0
0.0
0.0
0.0
0.0039820806
0.0
0.0
0.0153385851
0.0
0.0
0.0030971738
0.0
0.0
0.0033503082
0.0
0.0017421603
0.0
0.0
0.0017421603
0.0
0.0
0.0058797909
0.0
0.0
0.0
0.0
0.0000000000
0.0
0.0118385052
0.0000000000
0.0
0.0
0.0
0.0
0.0
0.0031358885
0.0
0.0000000000
0.0023228804
0.0
0.0
0.0000000000
0.0044798407
0.0
0.0000000000
0.0
0.0
0.0029036005
0.0
0.0
0.0
0.0000000000
0.0
0.0
0.0017421603
0.0
0.0000000000
0.0
0.0
0.0000000000
0.0035967180
0.0
0.0093826451
0.0
0.0
0.0
0.0
0.0
0.0
0.0048393341
0.0034843206
0.0
0.0
0.0118056979
0.0
0.0
0.0034843206
0.0
0.0
0.0
0.0
0.0080278746
0.0
0.0085365854
0.0
0.0017421603
0.0
0.0
0.0
0.0000000000
0.0
0.0
0.0000000000
0.0017421603
0.0
0.0
0.0026132404
0.0
0.0017421603
0.0122495645
0.0
0.0000000000
0.0
0.0145779941
0.0000000000
0.0
0.0023228804
0.0017421603
0.0
0.0118385052
0.0078397213
0.0
0.0046457607
0.0017421603
0.0
0.0
0.0
0.0
0.0101375706
0.0027874564
0.0
0.0
0.0000000000
0.0
0.0048244438
0.0
0.0
0.0
0.0
0.0
0.0000000000
0.0
0.0091871733
0.0
0.0061943477
0.0000000000
0.0017421603
0.0000000000
0.0034843206
0.0092915215
0.0
0.0084398913
0.0
0.0039594552
0.0017421603
0.0
0.0
0.0
0.0023228804
0.0
0.0039198606
0.0
0.0
0.0000000000
0.0
0.0
0.0000000000
0.0000000000
0.0
0.0026132404
0.0
0.0017421603
0.0085214361
0.0
0.0
0.0
0.0000000000
0.0
0.0041295651
0.0000000000
0.0
0.0000000000
0.0
0.0
0.0039198606
0.0023228804
0.0
0.0163327526
0.0000000000
0.0
0.0067802995
0.0083598923
0.0017421603
0.0
0.0
0.0
0.0000000000
0.0
0.0
0.0
0.0
0.0
0.0092062782
0.0050681026
0.0039198606
0.0017421603
0.0031358885
0.0034843206
0.0
0.0017421603
0.0
0.0
0.0017421603
0.0
0.0017421603
0.0000000000
0.0
0.0029036005
0.0
0.0000000000
0.0
0.0017421603
0.0
0.0
0.0
0.0000000000
0.0000000000
0.0000000000
0.0077706488
0.0048477503
0.0
0.0000000000
0.0
0.0
0.0058683294
0.0055749129
0.0052264808
0.0
0.0
0.0
0.0
0.0000000000
0.0
0.0048477503
0.0
0.0000000000
0.0000000000
0.0
0.0
0.0000000000
0.0000000000
0.0017421603
0.0
0.0000000000
0.0
0.0
0.0000000000
0.0017421603
0.0
0.0095569935
0.0
0.0017421603
0.0068264239
0.0000000000
0.0000000000
0.0
0.0068264239
0.0046457607
0.0017421603
0.0017421603
0.0
0.0000000000
0.0
0.0069686411
0.0
0.0
0.0000000000
0.0
0.0017421603
0.0000000000
0.0132626863
0.0076021539
0.0
0.0039198606
0.0
0.0017421603
0.0
0.0000000000
0.0017421603
0.0034843206
0.0092838804
0.0
0.0
0.0017421603
0.0041811847
0.0039198606
0.0000000000
0.0000000000
0.0023228804
0.0
0.0
0.0
0.0
0.0
0.0000000000
0.0065587210
0.0000000000
0.0000000000
0.0064143174
0.0
0.0134651701
0.0023228804
0.0
0.0
0.0000000000
0.0
0.0114032309
0.0
0.0031358885
0.0080926155
0.0023228804
0.0
0.0
0.0104996267
0.0145779941
0.0017421603
0.0000000000
0.0033503082
0.0
0.0143409535
0.0
0.0000000000
0.0026132404
0.0065587210
0.0
0.0
0.0000000000
0.0
0.0074332172
0.0000000000
0.0023228804
0.0000000000
0.0
0.0000000000
0.0000000000
0.0017421603
0.0060975610
0.0
0.0000000000
0.0000000000
0.0057016155
0.0000000000
0.0157494400
0.0000000000
0.0
0.0000000000
0.0
0.0000000000
0.0000000000
0.0000000000
0.0
0.0100223709
0.0
0.0
0.0034843206
0.0000000000
0.0017421603
0.0000000000
0.0
0.0
0.0
0.0000000000
0.0034843206
0.0062220010
0.0055749129
0.0017421603
0.0017421603
0.0
0.0017421603
0.0000000000
0.0000000000
0.0
0.0
0.0017421603
0.0034843206
0.0
0.0
0.0058797909
0.0000000000
0.0000000000
0.0017421603
0.0000000000
0.0127023332
0.0017421603
0.0000000000
0.0026132404
0.0000000000
0.0
0.0000000000
0.0017421603
0.0017421603
0.0039198606
0.0
0.0000000000
0.0017421603
0.0026132404
0.0023228804
0.0115290018
0.0000000000
0.0000000000
0.0026132404
0.0017421603
0.0
0.0
0.0114541382
0.0017421603
0.0000000000
0.0000000000
0.0
0.0000000000
0.0000000000
0.0
0.0
0.0000000000
0.0048393341
0.0000000000
0.0039594552
0.0017421603
0.0121650847
0.0000000000
0.0
0.0
0.0000000000
0.0048393341
0.0000000000
0.0023228804
0.0017421603
0.0
0.0053094408
0.0000000000
0.0000000000
0.0017421603
0.0039820806
0.0000000000
0.0
0.0088803922
0.0017421603
0.0000000000
0.0
0.0000000000
0.0000000000
0.0
0.0000000000
0.0094668332
0.0090403993
0.0017421603
0.0000000000
0.0000000000
0.0000000000
0.0026132404
0.0017421603
0.0023228804
0.0000000000
0.0000000000
0.0017421603
0.0
0.0017421603
0.0000000000
0.0000000000
0.0
0.0000000000
0.0026132404
0.0055749129
0.0000000000
0.0017421603
0.0017421603
0.0000000000
0.0
0.0048393341
0.0000000000
0.0
0.0000000000
0.0017421603
0.0000000000
0.0000000000
0.0000000000
0.0000000000
0.0000000000
0.0000000000
0.0017421603
0.0000000000
0.0
0.0000000000
0.0
0.0000000000
0.0000000000
0.0033009353
0.0017421603
0.0
0.0000000000
0.0000000000
0.0000000000
0.0023228804
0.0034843206
0.0
0.0000000000
0.0023228804
0.0128754546
0.0077789482
0.0118056979
0.0000000000
0.0017421603
0.0041295651
0.0017421603
0.0081287432
0.0044098432
0.0000000000
0.0000000000
0.0
0.0017421603
0.0000000000
0.0000000000
0.0076360921
0.0000000000
0.0023228804
0.0000000000
0.0000000000
0.0000000000
0.0
0.0000000000
0.0000000000
0.0000000000
0.0000000000
0.0039198606
0.0000000000
0.0
0.0102554493
0.0048477503
0.0000000000
0.0000000000
0.0
0.0000000000
0.0
0.0017421603
0.0000000000
0.0017421603
0.0023228804
0.0000000000
0.0000000000
0.0000000000
0.0000000000
0.0017421603
0.0
0.0017421603
0.0050398208
0.0000000000
0.0070840855
0.0017421603
0.0000000000
0.0039198606
0.0000000000
0.0
0.0000000000
0.0039594552
0.0000000000
0.0000000000
0.0000000000
0.0000000000
0.0000000000
0.0000000000
0.0
0.0034843206
0.0
0.0000000000
0.0017421603
0.0103154227
0.0000000000
0.0000000000
0.0000000000
0.0000000000
0.0000000000
0.0
0.0100223709
0.0000000000
0.0000000000
0.0
0.0000000000
0.0000000000
0.0000000000
0.0017421603
0.0000000000
0.0050215208
0.0000000000
0.0000000000
0.0000000000
0.0023228804
0.0030971738
0.0000000000
0.0000000000
0.0000000000
0.0000000000
0.0017421603
0.0044098432
0.0000000000
0.0
0.0000000000
0.0000000000
0.0000000000
0.0000000000
0.0
0.0000000000
0.0034843206
0.0000000000
0.0083997013
0.0000000000
0.0000000000
0.0
0.0000000000
0.0034843206
0.0000000000
0.0000000000
0.0000000000
0.0000000000
0.0000000000
0.0017421603
0.0000000000
0.0000000000
0.0046457607
0.0090924602
0.0000000000
0.0
0.0000000000
0.0000000000
0.0000000000
0.0115290018
0.0000000000
0.0017421603
0.0000000000
0.0000000000
0.0000000000
0.0106261282
0.0057016155
0.0000000000
0.0000000000
0.0030971738
0.0000000000
0.0000000000
0.0000000000
0.0000000000
0.0042682927
0.0000000000
0.0107557151
0.0000000000
0.0000000000
0.0000000000
0.0000000000
0.0000000000
0.0000000000
0.0000000000
0.0000000000
0.0000000000
0.0000000000
0.0000000000
0.0000000000
0.0000000000
0.0000000000
0.0
0.0000000000
0.0050215208
0.0000000000
0.0000000000
0.0000000000
0.0
0.0000000000
0.0000000000
0.0000000000
0.0073785612
0.0000000000
0.0000000000
0.0000000000
0.0000000000
0.0017421603
0.0017421603
0.0053353659
0.0000000000
0.0000000000
0.0000000000
0.0027874564
0.0000000000
0.0000000000
0.0023228804
0.0000000000
0.0017421603
0.0000000000
0.0000000000
0.0000000000
0.0000000000
0.0000000000
0.0000000000
0.0000000000
0.0000000000
0.0000000000
0.0000000000
0.0034843206
0.0000000000
0.0000000000
0.0000000000
0.0000000000
0.0000000000
0.0000000000
0.0000000000
0.0000000000
0.0000000000
0.0000000000
0.0000000000
0.0000000000
0.0000000000
0.0000000000
0.0000000000
0.0000000000
0.0000000000
0.0000000000
0.0000000000
0.0000000000
0.0000000000
0.0000000000
0.0000000000
0.0000000000
0.0000000000
0.0000000000
0.0000000000
0.0000000000
0.0000000000
0.0000000000
0.0000000000
0.0000000000
