0.0
0.0
0.0
0.0
0.0
0.0
0.0
0.0
0.0
0.0
0.0
0.0
0.0
0.0
0.0
0.0
0.0
0.0
0.0
0.0
0.0
0.0
0.0
0.0
0.0
0.0
0.0
0.0
0.0
0.0
0.0
0.0200000000
0.0
0.0
0.0
0.0
0.0
0.0
0.0
0.0
0.0
0.0
0.0
0.0250000000
0.0
0.0
0.0
0.0
0.0
0.0
0.0
0.0
0.0400000000
0.0
0.0
0.0
0.0
0.0
0.0
0.0
0.0
0.0000000000
0.0
0.0
0.0312500000
0.0
0.0
0.0
0.0
0.0
0.0000000000
0.0
0.0
0.0
0.0
0.0
0.0
0.0
0.0187500000
0.0
0.0
0.0
0.0
0.0
0.0
0.0384090909
0.0
0.0
0.0
0.0
0.0
0.0000000000
0.0
0.0
0.0000000000
0.0
0.0223214286
0.0
0.0
0.0
0.0333333333
0.0
0.0187500000
0.0
0.0
0.0
0.0
0.0
0.0
0.0
0.0260416667
0.0390625000
0.0
0.0
0.0
0.0
0.0
0.0
0.0
0.0
0.0125000000
0.0
0.0000000000
0.0640151515
0.0166666667
0.0000000000
0.0000000000
0.0
0.0491279070
0.0
0.0
0.0
0.0
0.0281250000
0.0346311475
0.0
0.0681451613
0.0
0.0250000000
0.0
0.0
0.0281250000
0.0469444444
0.0285714286
0.0
0.0
0.0125000000
0.0333333333
0.0
0.0
0.0333333333
0.0125000000
0.0187500000
0.0000000000
0.0
0.0
0.0
0.0
0.0125000000
0.0000000000
0.0
0.0125000000
0.0
0.0
0.0
0.0
0.0
0.0431122449
0.0000000000
0.0681451613
0.0
0.0000000000
0.0281250000
0.0125000000
0.0
0.0
0.0
0.0
0.0166666667
0.0
0.0
0.0469444444
0.0
0.0469444444
0.0200000000
0.0285714286
0.0541666667
0.0390625000
0.0250000000
0.0000000000
0.0
0.0000000000
0.0000000000
0.0400000000
0.0250000000
0.0000000000
0.0346311475
0.0260416667
0.0000000000
0.0125000000
0.0000000000
0.0000000000
0.0000000000
0.0
0.0541666667
0.0431122449
0.0000000000
0.0125000000
0.0125000000
0.0000000000
0.0000000000
0.0222222222
0.0
0.0000000000
0.0187500000
0.0281250000
0.0125000000
0.0000000000
0.0222222222
0.0250000000
0.0000000000
