0.0592105263
0.0
0.0
0.0
0.0000000000
0.0
0.0250000000
0.0
0.0
0.0500000000
0.0
0.0725806452
0.0
0.0
0.0
0.0
0.0125000000
0.0698757764
0.0
0.0
0.0
0.0
0.0
0.0833333333
0.0
0.0
0.0533175355
0.0573979592
0.0
0.0
0.0250000000
0.0
0.0
0.0125000000
0.0
0.0745033113
0.0
0.0
0.0685975610
0.0000000000
0.0
0.0
0.0533175355
0.0125000000
0.0
0.0
0.0
0.0
0.0
0.0
0.0716560510
0.0604838710
0.0000000000
0.0125000000
0.0000000000
0.0
0.0865384615
0.0
0.0000000000
0.0
0.0657894737
0.0000000000
0.0
0.0922131148
0.0618131868
0.0333333333
0.0
0.0222222222
0.0125000000
0.0
0.0792253521
0.0618131868
0.0480769231
0.0995575221
0.0770547945
0.0000000000
0.0
0.0
0.0
0.0
0.0250000000
0.0
0.0
0.0740131579
0.0125000000
0.0125000000
0.0845864662
0.0
0.0568181818
0.0495594714
0.0000000000
0.0000000000
0.0000000000
0.0000000000
0.0000000000
0.0000000000
0.0
0.0000000000
0.0000000000
0.0166666667
0.0543478261
0.0000000000
0.0400000000
0.0
0.0000000000
0.0
0.0427756654
0.0000000000
0.0
0.0
0.0
0.0000000000
0.0166666667
0.0000000000
0.0
0.0
0.0
0.0707547170
0.0000000000
0.0000000000
0.0922131148
0.0000000000
0.0000000000
0.0592105263
0.0000000000
0.0000000000
0.0000000000
0.0125000000
0.0000000000
0.0000000000
0.0000000000
0.0000000000
0.0500000000
0.0000000000
0.0000000000
0.0000000000
