0.0
0.0
0.0
0.0
0.0
0.0
0.0
0.0
0.0
0.0
0.0
0.0
0.0
0.0
0.0
0.0
0.0
0.0
0.0
0.0
0.0
0.0
0.0
0.0
0.0
0.0
0.0
0.0
0.0
0.0
0.0
0.0
0.0
0.0
0.0
0.0
0.0
0.0
0.0
0.0
0.0
0.0
0.0
0.0
0.0
0.0
0.0
0.0
0.0
0.0
0.0
0.0
0.0
0.0
0.0
0.0
0.0
0.0
0.0
0.0
0.0
0.0
0.0
0.0
0.0
0.0
0.0
0.0
0.0
0.0
0.0
0.0
0.0
0.0
0.0
0.0
0.0
0.0
0.0
0.0
0.0
0.0
0.0
0.0
0.0
0.0
0.0
0.0
0.0
0.0555555556
0.0
0.0
0.0
0.0
0.0
0.0
0.0
0.0
0.0
0.0
0.0
0.0
0.0
0.0
0.0
0.0
0.0925925926
0.0
0.0
0.0
0.0
0.0
0.0000000000
0.0
0.0
0.1262626263
0.0000000000
0.0
0.0
0.0000000000
0.0
0.1543209877
0.0
0.0
0.0
0.0
0.1543209877
0.0555555556
0.0
0.0
0.0555555556
0.0555555556
0.0555555556
0.0555555556
0.0555555556
0.0555555556
0.1262626263
0.0000000000
0.0000000000
0.0925925926
