0.0
0.0
0.0
0.0
0.0
0.0
0.0
0.1825090929
0.0
0.0
0.0
0.0
0.0
0.0
0.0
0.0
0.0
0.0
0.0
0.0
0.1718330735
0.0
0.0
0.1875017428
0.0
0.0
0.0
0.0
0.0
0.0
0.0
0.1970864965
0.1903952883
0.1561723377
0.0
0.0
0.0
0.2015950111
0.0
0.0
0.0
0.0
0.0
0.0
0.0
0.0
0.0
0.0
0.0
0.0
0.0
0.0
0.0
0.2002859526
0.0
0.0
0.0
0.1863688018
0.0
0.1645015291
0.0
0.0
0.0
0.1983539337
0.1623370352
0.1909847474
0.0
0.0
0.0
0.0
0.1830506629
0.2243202669
0.2063146267
0.0
0.0
0.1989937851
0.1782892295
0.1561723377
0.0
0.0
0.0
0.0
0.2105394996
0.0
0.0
0.1798486105
0.0091743119
0.0
0.1809034410
0.1939876522
0.0
0.0
0.1782892295
0.0
0.0
0.0
0.1523162306
0.0
0.2098233789
0.1809034410
0.1508265853
0.0
0.0
0.1727957238
0.0
0.0
0.0
0.1742600943
0.0
0.0
0.1662751304
0.1737692208
0.0
0.1933795404
0.1718330735
0.0
0.1788060098
0.1323778399
0.0
0.0
0.1640640250
0.0
0.0
0.0
0.1989937851
0.1671763507
0.1977181840
0.1606460245
0.0
0.2149410223
0.2179790579
0.0
0.2251389540
0.2015950111
0.0
0.1767566573
0.1338136082
0.1585811655
0.1880733945
0.0
0.1526932510
0.1880733945
0.0
0.0000000000
0.1752502085
0.0
0.2284743459
0.1825090929
0.2077039508
0.0
0.1546067002
0.0
0.0
0.1788060098
0.0
0.1623370352
0.1737692208
0.0
0.0000000000
0.0
0.1875017428
0.2156925643
0.1869335557
0.1676306342
0.0000000000
0.1742600943
0.0000000000
0.0
0.1602287621
0.0
0.0
0.0
0.2127174945
0.1364780385
0.0
0.0
0.1546067002
0.1782892295
0.1875017428
0.1434606358
0.0
0.0000000000
0.1594007064
0.0000000000
0.1269301922
0.1830506629
0.0091743119
0.1690084203
0.0000000000
0.0000000000
0.0
0.0091743119
0.0000000000
0.1798486105
0.0
0.1549951593
0.1676306342
0.1326625234
0.1500926360
0.1269301922
0.0000000000
0.1287851219
0.0091743119
0.0
0.0000000000
0.0
0.0000000000
0.0000000000
0.0000000000
0.0000000000
0.0000000000
0.1680873934
0.0000000000
0.0000000000
0.0000000000
0.0000000000
0.0000000000
0.0000000000
0.0000000000
