0.0
0.0
0.0
0.0
0.1158194067
0.0
0.1371429185
0.0
0.0
0.1128347456
0.0
0.0965680905
0.0
0.1276814227
0.0
0.1189662560
0.0
0.1314202638
0.0
0.0
0.1384117813
0.0931603946
0.0
0.0
0.0
0.1171802091
0.1162694821
0.1109518420
0.1250139835
0.1216260707
0.0
0.0
0.1346737287
0.1244075401
0.1286882296
0.1258906594
0.1353846760
0.1076259474
0.1212154492
0.0
0.0
0.1402500628
0.1363098560
0.1266902472
0.0
0.1329778373
0.1381986762
0.1228747983
0.1125517745
0.1122702191
0.0832267410
0.1045545022
0.1393789443
0.0
0.1273192059
0.0
0.1182609225
0.0
0.1038889354
0.1325849929
0.0
0.0
0.1190451461
0.1015385070
0.0
0.1301813490
0.0
0.0880863986
0.1110204578
0.1262447822
0.1305600584
0.1372477678
0.1104738956
0.1357943119
0.1251883405
0.1138364492
0.0
0.0839271063
0.0871456701
0.1134766627
0.1255385177
0.1238069519
0.1311322720
0.0
0.1280457064
0.1171802091
0.1203217697
0.0
0.0922034311
0.0930638052
0.1258024389
0.0
0.1174101245
0.1087341492
0.0760034210
0.0
0.0890918513
0.1234663551
0.1207263486
0.1188087891
0.1267797177
0.1223722429
0.0870611447
0.1018842681
0.1164958341
0.1309409776
0.0
0.0909883833
0.1323894398
0.0
0.1172567474
0.1284120746
0.1119202496
0.1143440002
0.1082750786
0.1073684691
0.1290582892
0.0
0.1080795186
0.1354868531
0.1158194067
0.1197598935
0.0936952403
0.1188874704
0.0030120482
0.1261560649
0.0
0.1028179154
0.0000000000
0.1274095673
0.0
0.0
0.0
0.0020080321
0.1251011013
0.1034697869
0.1080795186
0.1171802091
0.1204024684
0.1265116845
0.1173333858
0.1244938144
0.1238069519
0.0
0.0882596265
0.1358971085
0.1247533567
0.0020080321
0.1316129621
0.0999555013
0.1195206926
0.1349775040
0.1164202856
0.1170274318
0.1208075911
0.1071761674
0.0000000000
0.0000000000
0.1117808719
0.1051670066
0.1217910993
0.0000000000
0.0020080321
0.0946835867
0.1134049781
0.0983671673
0.1222888831
0.0973008565
0.1049211457
0.1286882296
0.0
0.0
0.0736643744
0.0
0.1184169395
0.1035294581
0.0
0.1181053160
0.1122702191
0.0
0.0948336399
0.1102703196
0.1044936440
0.1269590384
0.0993470284
0.1102026276
0.1249269870
0.0
0.0946336744
0.1114339419
0.1123404758
0.1305600584
0.1119202496
0.0954386392
0.1251011013
0.1022323920
0.1062877918
0.1325849929
0.1131904668
0.0
0.0
0.1059740734
0.1231276271
0.0
0.1095302503
0.0954894044
0.0
0.1217910993
0.0
0.0987459188
0.1003466072
0.1258024389
0.0
0.1000111868
0.0858126579
0.1163448349
0.1031724600
0.1060366688
0.0
0.1210519759
0.0000000000
0.1244075401
0.1252757016
0.0026773762
0.0
0.1188087891
0.0045180723
0.0000000000
0.1085369289
0.1352826528
0.1007407858
0.1226230057
0.0
0.1392708148
0.1167990113
0.1007973500
0.0
0.0
0.1192032406
0.0
0.1212154492
0.0000000000
0.0040160643
0.0000000000
0.1124108205
0.0863077309
0.1177180855
0.0020080321
0.1175639033
0.1147826601
0.0889153444
0.0000000000
0.1086683295
0.1208075911
0.0819352261
0.0751130043
0.1222888831
0.1075614621
0.1309409776
0.0000000000
0.0
0.0000000000
0.0972481475
0.1009106691
0.1034101845
0.1038288492
0.1112268156
0.1074327231
0.0020080321
0.0000000000
0.0777479776
0.1352826528
0.0919201640
0.1076905101
0.0
0.0
0.1203217697
0.0000000000
0.0810840471
0.0
0.0931603946
0.1108833109
0.1011380734
0.0020080321
0.1245802084
0.1046764317
0.0
0.0020080321
0.0040160643
0.1237216267
0.0
0.0915918777
0.1049825031
0.0953879279
0.1096640686
0.1071761674
0.1133333840
0.0000000000
0.0946336744
0.1215437240
0.0000000000
0.0989636606
0.1033506507
0.0020080321
0.0953879279
0.0984750852
0.1181830680
0.0026773762
0.0931120749
0.0000000000
0.1002905477
0.1189662560
0.0000000000
0.0
0.0000000000
0.1210519759
0.0
0.1000669344
0.1027002748
0.1147826601
0.1046764317
0.1085369289
0.0884335371
0.0
0.0000000000
0.0040160643
0.0825000369
0.0725626840
0.0000000000
0.1048598600
0.0000000000
0.1017687530
0.1202411790
0.0000000000
0.1034697869
0.1002345507
0.1164202856
0.0000000000
0.1106100310
0.1131904668
0.1222056367
0.1011950847
0.0040160643
0.0
0.1004027295
0.0913123501
0.0000000000
0.0
0.0931120749
0.1162694821
0.0913123501
0.0000000000
0.0997333780
0.0020080321
0.1123404758
0.0954386392
0.0736643744
0.0020080321
0.0026773762
0.1045545022
0.0000000000
0.0
0.0994571082
0.1139086804
0.0860182464
0.0000000000
0.0950344523
0.1082750786
0.0000000000
0.1232121347
0.0823864526
0.0000000000
0.1009106691
0.0000000000
0.0000000000
0.0860182464
0.1108833109
0.0000000000
0.1095302503
0.0819352261
0.0000000000
0.0894024304
0.0883030400
0.0000000000
0.0799644010
0.0869767831
0.1134049781
0.0000000000
0.0818231907
0.0000000000
0.0000000000
0.0000000000
0.0020080321
0.0000000000
0.0000000000
0.0000000000
0.0020080321
0.1155212872
0.0020080321
0.0026773762
0.1200000537
0.0902110956
0.0878278279
0.1117808719
0.0000000000
0.0000000000
0.0922034311
0.0000000000
0.0
0.0000000000
0.0799644010
0.1258024389
0.0000000000
0.0000000000
0.0026773762
0.0860594824
0.1017687530
0.1185733688
0.0892690603
0.0947335516
0.0000000000
0.0890476589
0.0883030400
0.0026773762
0.0020080321
0.0000000000
0.0000000000
0.0000000000
0.0000000000
0.0040160643
0.0
0.0
0.0000000000
0.0000000000
0.0000000000
0.0000000000
0.0000000000
0.1076905101
0.1023489626
0.1008539777
0.0000000000
0.0026773762
0.0045180723
0.0020080321
0.0020080321
0.0846393589
0.0000000000
0.0020080321
0.1145629102
0.0903472976
0.0000000000
0.0906667072
0.0000000000
0.0797512574
0.0000000000
0.1121299690
0.1117113132
0.1102703196
0.0797512574
0.0000000000
0.0000000000
0.0000000000
0.0837313807
0.0020080321
0.0000000000
0.0000000000
0.0797512574
0.0000000000
0.0000000000
0.0026773762
0.0870611447
0.0000000000
0.0000000000
0.0000000000
0.0000000000
0.0020080321
0.0000000000
0.0000000000
0.0000000000
0.0000000000
0.0020080321
0.0000000000
0.0993470284
0.0000000000
0.0000000000
0.0000000000
0.0975652610
0.0000000000
0.0000000000
0.0000000000
0.0000000000
0.0000000000
0.0000000000
0.0000000000
0.0000000000
0.0000000000
0.1022906441
0.0000000000
0.0000000000
0.0000000000
0.0020080321
0.0000000000
0.0000000000
0.0000000000
0.0000000000
0.0026773762
0.0000000000
0.0000000000
0.0000000000
0.0000000000
0.0000000000
0.0992371920
0.0000000000
0.0000000000
0.0000000000
0.0000000000
0.0000000000
0.0000000000
0.0020080321
0.0000000000
0.0000000000
0.0000000000
0.0026773762
0.0000000000
0.0857716581
0.0020080321
0.0000000000
0.0000000000
0.0000000000
0.0020080321
0.0000000000
0.0000000000
0.0000000000
0.0000000000
0.0000000000
0.0000000000
0.0000000000
0.0000000000
0.0000000000
0.0000000000
0.0000000000
0.0000000000
0.0000000000
0.0000000000
0.0000000000
0.0000000000
0.0000000000
0.0000000000
0.0000000000
0.0000000000
0.0000000000
0.0000000000
0.0000000000
0.0030120482
0.0000000000
0.0000000000
0.0000000000
0.0000000000
0.0000000000
0.0000000000
0.0000000000
0.0000000000
0.0000000000
0.0000000000
0.0000000000
0.0777479776
0.0000000000
0.0000000000
0.0000000000
0.0000000000
0.0000000000
0.0000000000
0.0000000000
