0.0
0.0
0.0
0.0
0.0
0.0
0.0
0.0
0.0
0.0
0.0
0.0
0.0
0.0
0.0
0.0
0.0
0.0
0.0
0.0
0.0
0.0
0.0
0.0
0.0
0.0
0.1439393939
0.0
0.0
0.0
0.0
0.0346320346
0.0
0.0
0.0
0.0
0.0
0.0
0.0
0.0
0.0
0.0
0.0
0.0885780886
0.0
0.0
0.0
0.0
0.0
0.1017618041
0.0
0.0
0.1696030068
0.0
0.0
0.0
0.0
0.0
0.0
0.0
0.0
0.1257401602
0.0
0.0
0.0000000000
0.0
0.0
0.0
0.0
0.0
0.0000000000
0.0151515152
0.0
0.0
0.0
0.0
0.0
0.0
0.1208772811
0.0
0.0
0.0
0.0
0.0
0.0
0.1093939394
0.0
0.0
0.0
0.0
0.0
0.0151515152
0.0
0.0
0.0346320346
0.0
0.0000000000
0.0
0.0
0.0
0.1286987522
0.0
0.1722739203
0.1488352917
0.0
0.0
0.0
0.0
0.0
0.1145486276
0.1022373265
0.1439393939
0.0
0.0
0.0
0.1104989287
0.1036909378
0.0
0.0000000000
0.0968087959
0.0000000000
0.0606060606
0.0923155607
0.1032018296
0.1402486402
0.0871664856
0.1350542462
0.0
0.1157607824
0.1195562179
0.0
0.0
0.0
0.1279461279
0.1189064559
0.0770379855
0.1222278652
0.0
0.1202131202
0.0151515152
0.0
0.0939003772
0.0999031410
0.1657483930
0.0
0.1003614123
0.0000000000
0.1498547115
0.0
0.0
0.1294602833
0.0000000000
0.1420700512
0.0810325477
0.0
0.0000000000
0.1145486276
0.0
0.0810325477
0.0346320346
0.0151515152
0.1051864802
0.0346320346
0.0000000000
0.0
0.0000000000
0.0
0.0000000000
0.0000000000
0.0000000000
0.0000000000
0.0000000000
0.0000000000
0.0000000000
0.0000000000
0.0000000000
