0.0
0.0
0.0
0.0
0.0
0.0
0.0
0.0
0.0
0.0
0.0
0.0
0.0
0.0
0.0
0.0
0.0
0.0
0.0
0.0
0.0
0.0
0.0
0.0
0.0
0.0
0.0
0.0
0.0
0.0
0.0
0.1266352695
0.0
0.0
0.0
0.0
0.1228738258
0.0
0.1551282051
0.0
0.0
0.0
0.1611721612
0.1228738258
0.0
0.0
0.0
0.0
0.0
0.1632928475
0.0
0.0
0.0
0.0
0.0
0.1551282051
0.0
0.0
0.0
0.0
0.0000000000
0.0
0.1852277076
0.1306342780
0.1292735043
0.2034468264
0.0
0.2139699381
0.0256410256
0.0
0.1591058514
0.0000000000
0.1654700855
0.0000000000
0.0977185544
0.0000000000
0.1069849691
0.0256410256
0.0838530839
0.1149097816
0.0
0.0
0.0256410256
0.0000000000
0.0000000000
0.0256410256
0.1279407877
0.1292735043
0.0
0.0000000000
0.0
0.1513445904
0.1363764441
0.1108058608
0.0000000000
0.0000000000
0.0000000000
0.0000000000
0.0000000000
0.0000000000
