0.0
0.0
0.0
0.0
0.0
0.0
0.0
0.0
0.0
0.0
0.0
0.0
0.0
0.0
0.0
0.0
0.0
0.0
0.0
0.0
0.0
0.0
0.0
0.0
0.0
0.0
0.0
0.0
0.0
0.0
0.0
0.0
0.0
0.0
0.0
0.0
0.0
0.0
0.0
0.0
0.0
0.0
0.0
0.0
0.0
0.0
0.0
0.0
0.0
0.0
0.0
0.0
0.0
0.0
0.0
0.0
0.0
0.0
0.0
0.0
0.1211939103
0.0
0.0
0.0
0.0
0.0
0.0
0.0
0.0
0.0
0.0
0.0
0.0
0.0
0.0
0.1602224576
0.0
0.0
0.0
0.1979712042
0.0
0.0
0.0
0.0
0.0
0.0
0.0000000000
0.0
0.0
0.0
0.0
0.1673119469
0.0
0.0
0.0
0.0
0.0
0.0
0.0
0.0
0.0
0.0
0.0
0.0
0.0
0.0
0.0
0.1231677524
0.0
0.1726598174
0.0
0.0
0.0
0.0
0.0
0.0
0.0
0.0
0.1167052469
0.1494565217
0.0
0.0125000000
0.0
0.0
0.0
0.0
0.0
0.0
0.0
0.0
0.0
0.0
0.0
0.0000000000
0.0
0.0
0.0
0.1380018248
0.1299398625
0.2043918919
0.0
0.1465600775
0.0
0.0
0.0
0.0
0.0
0.0
0.0
0.0
0.0250000000
0.0
0.1809210526
0.0
0.0
0.0
0.1665748899
0.0
0.0000000000
0.1432291667
0.0
0.1582112971
0.1568983402
0.0000000000
0.1471303502
0.0
0.0
0.0166666667
0.0
0.0
0.0
0.1465600775
0.1537093496
0.1835558252
0.0
0.1680555556
0.1853553922
0.1862684729
0.0
0.1299398625
0.0
0.0
0.1871905941
0.1629849138
0.1159892638
0.0
0.1809210526
0.0000000000
0.2032930108
0.1454326923
0.1506474104
0.0000000000
0.1211939103
0.0
0.0
0.0
0.1000330688
0.1775234742
0.1239754098
0.0
0.0
0.0
0.0125000000
0.0
0.1053272981
0.2089088398
0.1416198502
0.1595464135
0.0
0.0000000000
0.1200396825
0.1703265766
0.1658442982
0.0995065789
0.1651200873
0.1562500000
0.0000000000
0.1215836013
0.1281779661
0.0
0.0000000000
0.0
0.1231677524
0.1477050781
0.0000000000
0.0166666667
0.1000330688
0.1448754789
0.1385073260
0.0000000000
0.0000000000
0.1340868794
0.1340868794
0.0000000000
0.0000000000
0.1281779661
0.0000000000
0.0000000000
0.0000000000
0.0000000000
0.0000000000
0.0000000000
