0.0
0.0
0.0
0.0
0.0
0.0
0.0
0.0
0.0
0.0
0.0
0.0
0.0
0.0
0.0
0.0
0.0
0.0
0.0
0.0
0.0
0.0
0.0
0.0
0.0
0.0
0.0
0.0
0.0
0.0918462980
0.0
0.1159534609
0.0
0.0
0.0
0.0
0.0
0.0934520025
0.0
0.0
0.1256276039
0.0
0.0
0.0
0.0900666309
0.0
0.0
0.0
0.0
0.1094258863
0.0
0.0
0.0967503085
0.0
0.1154525820
0.0
0.0
0.0
0.0
0.0
0.0
0.0
0.0
0.0
0.0
0.0
0.0
0.0
0.0
0.0
0.0991735537
0.1163319814
0.1073384447
0.0
0.0945261635
0.0
0.1125358852
0.0
0.1025015253
0.0
0.1203931204
0.1152037618
0.0
0.1120640366
0.1000085041
0.0739343644
0.0
0.1045054652
0.0
0.1243128964
0.0
0.0
0.0
0.0
0.0
0.0
0.0899151311
0.0918462980
0.0
0.0
0.0
0.1201225741
0.0000000000
0.0000000000
0.0
0.0
0.0
0.0
0.0
0.1132511556
0.1002899539
0.1061659294
0.1068022886
0.0981718007
0.0738322451
0.1191851627
0.0000000000
0.0
0.0
0.0
0.0
0.0
0.1110167091
0.1233092167
0.0
0.0879910213
0.0
0.0
0.0
0.0
0.0
0.0
0.0675784393
0.0
0.0
0.0847140182
0.1138541969
0.0
0.0
0.0833274286
0.0
0.0
0.0883546206
0.0
0.0957966764
0.0
0.0910639616
0.0
0.1154525820
0.1072307833
0.0000000000
0.0
0.0797234086
0.0151515152
0.0
0.1055371085
0.1148325359
0.0
0.1014317751
0.1302181375
0.0
0.0
0.0977231178
0.1066956995
0.0927225420
0.0870595203
0.0730752501
0.0
0.0
0.0992656369
0.0
0.1130117240
0.0
0.0
0.0118371212
0.0090909091
0.0
0.0
0.1019152440
0.0067640693
0.0118371212
0.0
0.1025015253
0.0000000000
0.0094696970
0.0
0.0
0.1130117240
0.1004784689
0.1107866227
0.0
0.1212121212
0.1131313131
0.0
0.0727767807
0.1088687280
0.1046077210
0.0984429935
0.0
0.0752351097
0.1101020504
0.0860089227
0.0
0.0957109140
0.1033937049
0.0
0.0
0.1223216143
0.0000000000
0.0
0.0559147965
0.0
0.0
0.0
0.0097402597
0.0
0.1014317751
0.0
0.0000000000
0.0
0.0
0.0936156663
0.0784941930
0.0737812912
0.0893141946
0.0939447196
0.0
0.0000000000
0.0
0.0942760943
0.1110167091
0.1124175509
0.0000000000
0.0663619435
0.0090909091
0.0136363636
0.0999150382
0.0000000000
0.0
0.1025015253
0.0833274286
0.0
0.0
0.0000000000
0.1078800110
0.1104432757
0.0
0.0868473525
0.0
0.0914534567
0.0951148496
0.0
0.0953693942
0.0753411493
0.0
0.0879910213
0.0
0.0983524295
0.0078914141
0.1072307833
0.0000000000
0.0821114370
0.0
0.0985337243
0.1004784689
0.0946098150
0.0
0.0000000000
0.0
0.0
0.0940273447
0.0
0.0113636364
0.1167129813
0.0939447196
0.0855957493
0.0988069232
0.0877022895
0.0885009031
0.0000000000
0.0967503085
0.0853906477
0.1292733868
0.1097629270
0.0559147965
0.0
0.0
0.0949459067
0.0000000000
0.0
0.0
0.0
0.0981718007
0.1183932347
0.0
0.0
0.0828110696
0.0078914141
0.0000000000
0.0000000000
0.0804432588
0.1117127387
0.0857330320
0.0855957493
0.0
0.0833924266
0.0
0.0845131153
0.0
0.0
0.0891652134
0.0858707558
0.0000000000
0.1013356312
0.0951148496
0.0000000000
0.0966628308
0.0
0.0000000000
0.0
0.1201225741
0.0896136554
0.0699209228
0.0978125260
0.0853906477
0.0661975795
0.1182622687
0.0920043812
0.1102155576
0.0963144963
0.1131313131
0.0837189435
0.0000000000
0.0997286296
0.1088687280
0.0000000000
0.1077712610
0.0000000000
0.0000000000
0.0809917355
0.0
0.0824915825
0.0601288475
0.0612659547
0.0000000000
0.1018181818
0.0852544585
0.0000000000
0.0
0.0000000000
0.0934520025
0.0000000000
0.0941930316
0.0000000000
0.0
0.0000000000
0.0
0.0
0.0978125260
0.0000000000
0.0000000000
0.0000000000
0.0788415125
0.1006676939
0.0
0.0000000000
0.0
0.0999150382
0.0000000000
0.0000000000
0.0000000000
0.0867768595
0.0037878788
0.0000000000
0.0000000000
0.0752351097
0.0841803865
0.0797234086
0.0000000000
0.0000000000
0.0000000000
0.0743974189
0.0000000000
0.0000000000
0.0000000000
0.0000000000
0.0824279807
0.0957109140
0.0000000000
0.0000000000
0.0918462980
0.0797234086
0.0978125260
0.0
0.0000000000
0.0828110696
0.0080213904
0.0875586330
0.0000000000
0.0000000000
0.0000000000
0.0000000000
0.0000000000
0.0000000000
0.0000000000
0.0
0.0
0.0000000000
0.0000000000
0.0000000000
0.0922425288
0.0000000000
0.0
0.0000000000
0.0000000000
0.0000000000
0.0777520661
0.0000000000
0.0000000000
0.0000000000
0.0000000000
0.0000000000
0.0000000000
0.0758220503
0.0000000000
0.0000000000
0.0037878788
0.0000000000
0.0000000000
0.0000000000
0.0000000000
0.0000000000
0.0000000000
0.0000000000
0.0000000000
0.0000000000
0.0000000000
