0.0
0.0
0.0
0.0
0.0
0.0
0.0
0.2459627329
0.0
0.0
0.0
0.0
0.0
0.0
0.0
0.0
0.0
0.0
0.0
0.0
0.1537267081
0.0
0.0
0.1303489138
0.0
0.0
0.0
0.0
0.0
0.0
0.0
0.1957488878
0.1473214286
0.1984962406
0.0
0.0
0.0
0.1589085072
0.0
0.1010204082
0.0
0.0
0.0
0.0
0.0
0.2253841776
0.0
0.0
0.0
0.0
0.0
0.0
0.0
0.2118780096
0.0
0.0
0.0
0.1790235081
0.0
0.1842717543
0.0
0.1259942730
0.0
0.2095238095
0.1790235081
0.1879449454
0.0000000000
0.0
0.2042289840
0.0
0.2175824176
0.1373092926
0.2427958308
0.0
0.0
0.1848739496
0.2386980108
0.1589085072
0.0
0.0
0.0
0.0000000000
0.1630300535
0.0
0.1312562148
0.2417582418
0.1142857143
0.0
0.2397094431
0.1751437417
0.0
0.1944035346
0.2271944923
0.2481203008
0.0
0.2151004889
0.2020408163
0.1010204082
0.2386980108
0.1762349800
0.2347362181
0.0
0.2271944923
0.1944035346
0.0
0.0
0.0
0.1350153427
0.2299651568
0.0
0.2027649770
0.1873226112
0.0
0.2020408163
0.0000000000
0.0
0.1639751553
0.1549902153
0.0
0.1885714286
0.1589085072
0.0
0.0
0.2192691030
0.1400282885
0.1778975741
0.1848739496
0.1508571429
0.2142857143
0.1746031746
0.1598062954
0.1598062954
0.0000000000
0.0000000000
0.1140552995
0.1206213829
0.1644518272
0.0000000000
0.1658986175
0.0000000000
0.1790235081
0.1930765480
0.1654135338
0.0000000000
0.1790235081
0.0000000000
0.1545667447
0.0000000000
0.0000000000
