0.0
0.0
0.0
0.0
0.0
0.0
0.0024968789
0.0
0.0
0.0000000000
0.0
0.0
0.0
0.0
0.0
0.0
0.0
0.0
0.0
0.0
0.0
0.0
0.0
0.0089174246
0.0
0.0
0.0
0.0
0.0
0.0
0.0
0.0
0.0
0.0
0.0
0.0
0.0
0.0
0.0
0.0
0.0
0.0
0.0000000000
0.0
0.0
0.0
0.0
0.0
0.0
0.0
0.0
0.0
0.0099200324
0.0
0.0033440342
0.0
0.0
0.0
0.0000000000
0.0
0.0
0.0000000000
0.0
0.0
0.0
0.0018726592
0.0
0.0093082177
0.0018726592
0.0
0.0090636704
0.0018726592
0.0
0.0
0.0
0.0
0.0
0.0
0.0
0.0
0.0
0.0
0.0
0.0000000000
0.0
0.0119258821
0.0
0.0
0.0
0.0
0.0
0.0
0.0074906367
0.0
0.0000000000
0.0
0.0
0.0
0.0048294895
0.0
0.0
0.0
0.0
0.0
0.0
0.0
0.0
0.0
0.0
0.0
0.0
0.0000000000
0.0
0.0
0.0
0.0
0.0
0.0070584846
0.0
0.0
0.0
0.0068799870
0.0
0.0018726592
0.0
0.0024968789
0.0
0.0
0.0018726592
0.0
0.0
0.0
0.0
0.0
0.0
0.0037453184
0.0
0.0
0.0
0.0058607296
0.0018726592
0.0
0.0
0.0
0.0
0.0
0.0083922874
0.0000000000
0.0058520599
0.0000000000
0.0024968789
0.0
0.0000000000
0.0
0.0
0.0
0.0
0.0
0.0
0.0
0.0
0.0
0.0
0.0
0.0
0.0
0.0
0.0
0.0024968789
0.0
0.0061173533
0.0
0.0
0.0
0.0018726592
0.0
0.0
0.0046816479
0.0
0.0
0.0
0.0000000000
0.0
0.0
0.0
0.0
0.0
0.0
0.0000000000
0.0
0.0000000000
0.0
0.0
0.0
0.0000000000
0.0
0.0
0.0
0.0018726592
0.0
0.0000000000
0.0107900838
0.0
0.0
0.0
0.0
0.0028089888
0.0042134831
0.0
0.0
0.0000000000
0.0
0.0
0.0024968789
0.0000000000
0.0
0.0
0.0042134831
0.0074906367
0.0018726592
0.0
0.0
0.0
0.0
0.0
0.0000000000
0.0
0.0
0.0000000000
0.0
0.0
0.0
0.0079119850
0.0
0.0024968789
0.0
0.0
0.0000000000
0.0
0.0
0.0028089888
0.0024968789
0.0
0.0
0.0
0.0000000000
0.0
0.0
0.0
0.0000000000
0.0
0.0073753961
0.0024968789
0.0
0.0
0.0018726592
0.0000000000
0.0
0.0
0.0078135090
0.0
0.0000000000
0.0
0.0
0.0
0.0
0.0018726592
0.0
0.0000000000
0.0000000000
0.0
0.0052746567
0.0018726592
0.0082655302
0.0
0.0
0.0
0.0
0.0
0.0
0.0
0.0
0.0
0.0024968789
0.0
0.0
0.0087163773
0.0
0.0
0.0018726592
0.0
0.0
0.0000000000
0.0
0.0024968789
0.0
0.0
0.0018726592
0.0
0.0
0.0048294895
0.0
0.0
0.0
0.0
0.0000000000
0.0
0.0087910945
0.0024968789
0.0
0.0
0.0
0.0
0.0
0.0074906367
0.0
0.0000000000
0.0024968789
0.0
0.0037453184
0.0000000000
0.0058100451
0.0
0.0000000000
0.0
0.0
0.0000000000
0.0
0.0
0.0
0.0000000000
0.0
0.0042803638
0.0037453184
0.0
0.0000000000
0.0
0.0
0.0000000000
0.0024968789
0.0
0.0058520599
0.0
0.0
0.0
0.0
0.0
0.0
0.0042134831
0.0037453184
0.0
0.0
0.0091760300
0.0
0.0018726592
0.0024968789
0.0
0.0
0.0
0.0
0.0061173533
0.0
0.0042134831
0.0
0.0018726592
0.0
0.0
0.0
0.0000000000
0.0
0.0
0.0000000000
0.0000000000
0.0
0.0
0.0028089888
0.0
0.0036704120
0.0037453184
0.0
0.0000000000
0.0
0.0106533500
0.0000000000
0.0
0.0000000000
0.0000000000
0.0
0.0079119850
0.0070584846
0.0068799870
0.0037453184
0.0018726592
0.0
0.0
0.0
0.0
0.0059925094
0.0000000000
0.0
0.0
0.0041642026
0.0
0.0073094116
0.0
0.0
0.0
0.0
0.0
0.0000000000
0.0
0.0046816479
0.0
0.0076466916
0.0000000000
0.0018726592
0.0000000000
0.0018726592
0.0000000000
0.0
0.0018726592
0.0
0.0042134831
0.0018726592
0.0
0.0
0.0
0.0024968789
0.0
0.0042134831
0.0
0.0
0.0000000000
0.0
0.0
0.0000000000
0.0000000000
0.0
0.0018726592
0.0
0.0018726592
0.0039013733
0.0
0.0
0.0
0.0000000000
0.0
0.0039013733
0.0000000000
0.0
0.0000000000
0.0
0.0
0.0018726592
0.0085120872
0.0
0.0114143035
0.0000000000
0.0
0.0050279616
0.0000000000
0.0061241016
0.0
0.0
0.0
0.0000000000
0.0
0.0
0.0
0.0
0.0
0.0076466916
0.0057350187
0.0049449906
0.0018726592
0.0048016902
0.0018726592
0.0
0.0018726592
0.0
0.0
0.0037453184
0.0
0.0000000000
0.0000000000
0.0
0.0028089888
0.0
0.0000000000
0.0
0.0000000000
0.0
0.0
0.0
0.0000000000
0.0000000000
0.0000000000
0.0037453184
0.0033440342
0.0
0.0000000000
0.0000000000
0.0
0.0024968789
0.0037453184
0.0062421973
0.0
0.0
0.0
0.0
0.0065671335
0.0
0.0045880150
0.0
0.0024968789
0.0000000000
0.0
0.0
0.0000000000
0.0024968789
0.0018726592
0.0
0.0000000000
0.0
0.0
0.0000000000
0.0018726592
0.0
0.0070584846
0.0
0.0018726592
0.0049937578
0.0000000000
0.0000000000
0.0
0.0029962547
0.0037453184
0.0018726592
0.0018726592
0.0
0.0000000000
0.0
0.0065543071
0.0
0.0
0.0000000000
0.0048294895
0.0000000000
0.0000000000
0.0024968789
0.0060170688
0.0
0.0018726592
0.0
0.0018726592
0.0
0.0000000000
0.0000000000
0.0024968789
0.0052746567
0.0
0.0
0.0000000000
0.0073094116
0.0024968789
0.0000000000
0.0000000000
0.0050612410
0.0
0.0
0.0
0.0018726592
0.0000000000
0.0018726592
0.0058520599
0.0024968789
0.0000000000
0.0048294895
0.0
0.0088777916
0.0000000000
0.0
0.0
0.0018726592
0.0
0.0094113128
0.0
0.0048016902
0.0042803638
0.0018726592
0.0037453184
0.0
0.0065933208
0.0082655302
0.0018726592
0.0024968789
0.0033291719
0.0
0.0068485821
0.0
0.0000000000
0.0000000000
0.0018726592
0.0
0.0
0.0000000000
0.0037453184
0.0091760300
0.0060170688
0.0024968789
0.0000000000
0.0
0.0024968789
0.0000000000
0.0024968789
0.0028089888
0.0
0.0000000000
0.0000000000
0.0078135090
0.0000000000
0.0106533500
0.0000000000
0.0
0.0000000000
0.0000000000
0.0056179775
0.0000000000
0.0000000000
0.0018726592
0.0059925094
0.0
0.0
0.0066880685
0.0000000000
0.0018726592
0.0000000000
0.0
0.0
0.0
0.0024968789
0.0037453184
0.0059925094
0.0037453184
0.0000000000
0.0018726592
0.0
0.0018726592
0.0000000000
0.0000000000
0.0
0.0
0.0000000000
0.0037453184
0.0
0.0000000000
0.0018726592
0.0000000000
0.0000000000
0.0000000000
0.0000000000
0.0101955888
0.0018726592
0.0018726592
0.0018726592
0.0000000000
0.0000000000
0.0000000000
0.0018726592
0.0000000000
0.0018726592
0.0
0.0000000000
0.0018726592
0.0018726592
0.0000000000
0.0071927137
0.0000000000
0.0000000000
0.0000000000
0.0000000000
0.0
0.0037453184
0.0073753961
0.0029962547
0.0000000000
0.0000000000
0.0
0.0000000000
0.0000000000
0.0
0.0
0.0000000000
0.0028089888
0.0000000000
0.0037453184
0.0018726592
0.0000000000
0.0000000000
0.0
0.0066880685
0.0000000000
0.0049937578
0.0000000000
0.0024968789
0.0000000000
0.0
0.0018726592
0.0000000000
0.0000000000
0.0018726592
0.0056514179
0.0000000000
0.0037453184
0.0018726592
0.0000000000
0.0000000000
0.0
0.0000000000
0.0000000000
0.0
0.0000000000
0.0071968862
0.0070584846
0.0018726592
0.0000000000
0.0024968789
0.0000000000
0.0064740503
0.0018726592
0.0018726592
0.0000000000
0.0050977944
0.0000000000
0.0000000000
0.0000000000
0.0000000000
0.0000000000
0.0
0.0000000000
0.0018726592
0.0018726592
0.0000000000
0.0018726592
0.0050612410
0.0000000000
0.0
0.0037453184
0.0033707865
0.0
0.0000000000
0.0033707865
0.0000000000
0.0000000000
0.0000000000
0.0000000000
0.0000000000
0.0000000000
0.0000000000
0.0000000000
0.0
0.0000000000
0.0
0.0000000000
0.0000000000
0.0000000000
0.0018726592
0.0
0.0000000000
0.0018726592
0.0000000000
0.0062421973
0.0024968789
0.0033707865
0.0000000000
0.0000000000
0.0088777916
0.0057350187
0.0018726592
0.0000000000
0.0018726592
0.0039013733
0.0018726592
0.0000000000
0.0000000000
0.0000000000
0.0000000000
0.0
0.0000000000
0.0018726592
0.0000000000
0.0018726592
0.0018726592
0.0000000000
0.0000000000
0.0000000000
0.0000000000
0.0000000000
0.0000000000
0.0000000000
0.0000000000
0.0000000000
0.0018726592
0.0000000000
0.0
0.0061461634
0.0050977944
0.0000000000
0.0000000000
0.0
0.0000000000
0.0
0.0000000000
0.0000000000
0.0000000000
0.0000000000
0.0000000000
0.0000000000
0.0000000000
0.0000000000
0.0000000000
0.0
0.0018726592
0.0018726592
0.0000000000
0.0024968789
0.0018726592
0.0000000000
0.0000000000
0.0000000000
0.0000000000
0.0000000000
0.0000000000
0.0000000000
0.0000000000
0.0000000000
0.0000000000
0.0000000000
0.0000000000
0.0
0.0057350187
0.0
0.0000000000
0.0018726592
0.0058520599
0.0000000000
0.0000000000
0.0000000000
0.0000000000
0.0000000000
0.0000000000
0.0000000000
0.0000000000
0.0000000000
0.0
0.0000000000
0.0024968789
0.0000000000
0.0018726592
0.0000000000
0.0000000000
0.0064740503
0.0000000000
0.0000000000
0.0024968789
0.0000000000
0.0000000000
0.0000000000
0.0000000000
0.0000000000
0.0000000000
0.0000000000
0.0000000000
0.0000000000
0.0000000000
0.0000000000
0.0000000000
0.0000000000
0.0000000000
0.0000000000
0.0000000000
0.0000000000
0.0039013733
0.0000000000
0.0000000000
0.0000000000
0.0000000000
0.0000000000
0.0000000000
0.0000000000
0.0000000000
0.0000000000
0.0000000000
0.0000000000
0.0000000000
0.0000000000
0.0024968789
0.0051548468
0.0000000000
0.0000000000
0.0000000000
0.0000000000
0.0000000000
0.0000000000
0.0000000000
0.0000000000
0.0000000000
0.0000000000
0.0000000000
0.0000000000
0.0000000000
0.0000000000
0.0000000000
0.0000000000
0.0000000000
0.0000000000
0.0000000000
0.0000000000
0.0000000000
0.0000000000
0.0065671335
0.0000000000
0.0000000000
0.0000000000
0.0000000000
0.0000000000
0.0000000000
0.0000000000
0.0000000000
0.0000000000
0.0000000000
0.0000000000
