0.0
0.0
0.0
0.0
0.0
0.0
0.0
0.0
0.0
0.0
0.0
0.0
0.0
0.0
0.0
0.0
0.0
0.0
0.0
0.0
0.0
0.0
0.0
0.0
0.0
0.0
0.0
0.0
0.0
0.0
0.0
0.0000000000
0.0
0.0
0.0
0.0
0.0
0.0
0.0
0.0
0.0
0.0
0.0
0.0
0.0
0.0
0.0
0.0
0.0
0.0
0.0
0.0
0.0221914008
0.0
0.0
0.0
0.0
0.0
0.0
0.0
0.0
0.0863033059
0.0
0.0
0.0
0.0
0.0
0.0
0.0
0.0
0.0000000000
0.0
0.0
0.0
0.0
0.0
0.0
0.0
0.0
0.0
0.0
0.0
0.0
0.0
0.0
0.1474153765
0.0
0.0
0.0
0.0
0.0
0.0921346103
0.0
0.0
0.0
0.0
0.1356808192
0.0
0.0
0.0
0.0000000000
0.0
0.1025257318
0.0
0.0
0.0
0.0
0.0
0.0
0.0
0.0
0.0879736925
0.0
0.0
0.0
0.0
0.0
0.0
0.0
0.0
0.0909061489
0.0
0.1033024419
0.0894158841
0.1180599336
0.0
0.0097087379
0.0
0.0000000000
0.0
0.0
0.0
0.0
0.0
0.0
0.0
0.1165463447
0.0
0.0097087379
0.0
0.0
0.0000000000
0.0000000000
0.1222952675
0.0
0.0
0.0258899676
0.0
0.0
0.0
0.0753365875
0.1048917102
0.0
0.0
0.0
0.0
0.0
0.0
0.0000000000
0.1065306432
0.0
0.0906041351
0.0
0.0
0.0
0.0
0.0
0.0
0.0000000000
0.0
0.0
0.0
0.0
0.0
0.0
0.0
0.0
0.0
0.1150710745
0.0
0.0
0.1515102481
0.0
0.1095254806
0.0
0.0
0.0
0.1317480418
0.0924469311
0.0763917217
0.0
0.0
0.0000000000
0.0
0.0000000000
0.0
0.0
0.0973994452
0.1175510546
0.0
0.0000000000
0.0000000000
0.0155339806
0.0
0.0
0.0
0.0
0.0
0.0
0.0000000000
0.0
0.0221914008
0.0
0.1262585401
0.0000000000
0.0000000000
0.0783673697
0.0
0.1262585401
0.0000000000
0.0000000000
0.0774768314
0.0000000000
0.0788203603
0.0155339806
0.0000000000
0.1033024419
0.0963669423
0.0
0.0
0.0671720312
0.1040910102
0.1052966975
0.0
0.0
0.0770391092
0.0686948228
0.0790488251
0.0000000000
0.0097087379
0.0
0.0000000000
0.0
0.0000000000
0.0
0.1052966975
0.0000000000
0.0000000000
0.0879736925
0.0685222228
0.0000000000
0.0000000000
0.0
0.0000000000
0.0000000000
0.0000000000
0.0753365875
0.0753365875
0.1196133538
0.0000000000
0.0857605178
0.1090873786
0.0
0.0879736925
0.0000000000
0.0897100153
0.0
0.0000000000
0.1069484104
0.0000000000
0.1298659270
0.0000000000
0.0
0.0753365875
0.0863033059
0.0000000000
0.0000000000
0.1017606144
0.0097087379
0.0785932123
0.0000000000
0.0000000000
0.0973994452
0.0000000000
0.0000000000
0.0000000000
