0.0
0.0
0.0
0.0
0.1392122724
0.0
0.1705080545
0.0
0.0
0.1318677400
0.0
0.1235704440
0.0
0.1346116220
0.0
0.1342829001
0.1067744613
0.1169975481
0.0
0.1582412880
0.1139665235
0.0805697400
0.0
0.0
0.0
0.1259767413
0.1045415353
0.1165017957
0.1472258302
0.1357749323
0.0
0.0
0.1538149583
0.1400989747
0.1404568265
0.1468327038
0.1328233033
0.1079270806
0.0813444491
0.0
0.0
0.1641458137
0.1386856181
0.1119935796
0.0
0.1349419573
0.1187664095
0.1344470601
0.0968113514
0.1188948056
0.1137308120
0.1280299129
0.1356075156
0.1299972756
0.1415414352
0.1458590122
0.1155227890
0.1622089899
0.1041455447
0.1514844286
0.0
0.1129134447
0.0000000000
0.1472258302
0.0
0.1373004933
0.0
0.1344470601
0.1268485527
0.1079270806
0.1395656030
0.1409970451
0.1341191404
0.1392122724
0.1269950291
0.1415414352
0.1160102270
0.1174975376
0.0806879642
0.1106415444
0.1242685821
0.1603173399
0.1281791319
0.0
0.1456658214
0.1169975481
0.1386856181
0.0882646029
0.0921086224
0.0037174721
0.1589273052
0.0
0.0851879901
0.1072953124
0.1160102270
0.1144408899
0.1067744613
0.1318677400
0.0997077925
0.1295379213
0.1119935796
0.1182555862
0.1068782266
0.0919545946
0.1205895780
0.1553357276
0.0
0.1108646121
0.1408165111
0.0
0.1122221379
0.1143219284
0.0000000000
0.1046410040
0.0037174721
0.1286288832
0.1061560764
0.0
0.0722112247
0.1241283241
0.1042442608
0.0037174721
0.0037174721
0.0000000000
0.0000000000
0.1151598902
0.0830020341
0.1283286991
0.1307701488
0.0924182312
0.0
0.0
0.0037174721
0.0037174721
0.1417238340
0.0000000000
0.1212543497
0.0956327784
0.0791776063
0.1208546101
0.1093217646
0.1267024138
0.0899245259
0.0
0.1269950291
0.1484179422
0.1025911336
0.0000000000
0.1152806029
0.1110885810
0.1143219284
0.1468327038
0.1075050784
0.1180018188
0.0832533650
0.0983700315
0.0000000000
0.0000000000
0.1156442641
0.0000000000
0.1265566112
0.0000000000
0.1195409730
0.0953012956
0.1249746536
0.1092132027
0.1147992643
0.1007121751
0.0645787993
0.1369585245
0.0
0.0
0.0000000000
0.0000000000
0.0000000000
0.0000000000
0.0
0.1182555862
0.1094305425
0.0
0.1265566112
0.0000000000
0.0924182312
0.1124516311
0.0000000000
0.0921086224
0.1124516311
0.0805697400
0.0000000000
0.1048405102
0.0074349442
0.1121077423
0.1105303469
0.0000000000
0.1299972756
0.0000000000
0.0904421835
0.1171221461
0.0000000000
0.1226061262
0.0
0.0841451378
0.0049566295
0.0
0.0906658658
0.0000000000
0.0037174721
0.0000000000
0.1059515368
0.0049566295
0.0000000000
0.1010824404
0.0
0.0037174721
0.0948901598
0.0935184483
0.1116524824
0.0000000000
0.0717870073
0.0902936742
0.0000000000
0.1180018188
0.1207219486
0.0000000000
0.0
0.1055448130
0.0000000000
0.0000000000
0.0968113514
0.1100877830
0.0037174721
0.0993475114
0.0
0.1244091574
0.1046410040
0.0000000000
0.0000000000
0.0000000000
0.0791776063
0.0000000000
0.0037174721
0.0000000000
0.0000000000
0.0000000000
0.0997077925
0.0037174721
0.1072953124
0.0000000000
0.0990790047
0.0000000000
0.1239883824
0.0000000000
0.0000000000
0.0037174721
0.1057477838
0.0826899964
0.0816463958
0.0000000000
0.0000000000
0.0000000000
0.0
0.0000000000
0.0897044822
0.0000000000
0.0037174721
0.1071907360
0.0037174721
0.1081393266
0.0037174721
0.0000000000
0.0000000000
0.1334680767
0.0000000000
0.0037174721
0.0000000000
0.0953839507
0.0000000000
0.0000000000
0.0000000000
0.0037174721
0.0037174721
0.0000000000
0.0000000000
0.0000000000
0.0970676921
0.0000000000
0.0000000000
0.0037174721
0.0000000000
0.0986347042
0.0834428643
0.0000000000
0.0958829077
0.0000000000
0.0000000000
0.0000000000
0.0000000000
0.0000000000
0.0000000000
0.0000000000
0.0000000000
0.0000000000
0.0000000000
0.0000000000
0.0000000000
0.0000000000
0.0000000000
0.0000000000
0.0037174721
0.0000000000
