0.0
0.0
0.0
0.0
0.0
0.0
0.0022792023
0.0
0.0
0.0
0.0
0.0
0.0
0.0
0.0
0.0
0.0
0.0
0.0
0.0
0.0
0.0
0.0
0.0034188034
0.0
0.0
0.0
0.0
0.0
0.0
0.0
0.0
0.0
0.0
0.0
0.0
0.0
0.0
0.0
0.0
0.0
0.0
0.0000000000
0.0
0.0
0.0
0.0
0.0
0.0
0.0
0.0
0.0
0.0110769231
0.0
0.0104062952
0.0
0.0
0.0
0.0000000000
0.0
0.0
0.0000000000
0.0
0.0
0.0
0.0017094017
0.0
0.0136939983
0.0017094017
0.0
0.0038461538
0.0038461538
0.0
0.0
0.0
0.0
0.0
0.0
0.0
0.0
0.0
0.0
0.0
0.0000000000
0.0
0.0038461538
0.0
0.0
0.0
0.0
0.0
0.0
0.0076923077
0.0
0.0000000000
0.0
0.0
0.0
0.0017094017
0.0
0.0
0.0
0.0
0.0
0.0
0.0
0.0
0.0
0.0
0.0
0.0
0.0099692308
0.0
0.0
0.0
0.0
0.0
0.0030769231
0.0
0.0
0.0
0.0098705255
0.0
0.0000000000
0.0
0.0039072039
0.0
0.0
0.0089330025
0.0
0.0
0.0
0.0
0.0
0.0
0.0038461538
0.0
0.0
0.0
0.0025641026
0.0030769231
0.0
0.0
0.0
0.0
0.0
0.0017094017
0.0034188034
0.0068376068
0.0000000000
0.0045584046
0.0
0.0000000000
0.0
0.0
0.0
0.0
0.0
0.0
0.0
0.0
0.0
0.0
0.0
0.0
0.0
0.0
0.0
0.0140808344
0.0
0.0
0.0
0.0
0.0
0.0045584046
0.0
0.0
0.0081400081
0.0
0.0
0.0
0.0
0.0
0.0
0.0
0.0
0.0
0.0
0.0000000000
0.0
0.0000000000
0.0
0.0
0.0
0.0017094017
0.0
0.0
0.0
0.0065934066
0.0
0.0000000000
0.0119822485
0.0
0.0
0.0
0.0
0.0061538462
0.0038461538
0.0
0.0
0.0022792023
0.0
0.0
0.0000000000
0.0000000000
0.0
0.0
0.0
0.0022792023
0.0034188034
0.0
0.0
0.0
0.0
0.0
0.0000000000
0.0
0.0
0.0000000000
0.0
0.0
0.0
0.0109311741
0.0
0.0088536685
0.0
0.0
0.0025641026
0.0
0.0
0.0025641026
0.0
0.0
0.0
0.0
0.0000000000
0.0
0.0
0.0
0.0000000000
0.0
0.0123381569
0.0
0.0
0.0
0.0017094017
0.0000000000
0.0
0.0
0.0025641026
0.0
0.0000000000
0.0
0.0
0.0
0.0
0.0017094017
0.0
0.0000000000
0.0000000000
0.0
0.0098315885
0.0000000000
0.0132923077
0.0
0.0
0.0
0.0
0.0
0.0
0.0
0.0
0.0
0.0039072039
0.0
0.0
0.0167268973
0.0
0.0
0.0030389364
0.0
0.0
0.0025641026
0.0
0.0017094017
0.0
0.0
0.0017094017
0.0
0.0
0.0038850039
0.0
0.0
0.0
0.0
0.0000000000
0.0
0.0121873237
0.0000000000
0.0
0.0
0.0
0.0
0.0
0.0030769231
0.0
0.0000000000
0.0022792023
0.0
0.0
0.0076923077
0.0096601073
0.0
0.0000000000
0.0
0.0
0.0034188034
0.0
0.0
0.0
0.0000000000
0.0
0.0
0.0017094017
0.0
0.0000000000
0.0
0.0
0.0000000000
0.0040700041
0.0
0.0119822485
0.0
0.0
0.0
0.0
0.0
0.0
0.0055944056
0.0034188034
0.0
0.0
0.0090794451
0.0
0.0
0.0034188034
0.0
0.0
0.0
0.0
0.0034188034
0.0
0.0068376068
0.0
0.0017094017
0.0
0.0
0.0
0.0
0.0
0.0
0.0000000000
0.0047483381
0.0
0.0
0.0025641026
0.0
0.0017094017
0.0148794489
0.0
0.0
0.0
0.0153846154
0.0000000000
0.0
0.0022792023
0.0017094017
0.0
0.0121873237
0.0047483381
0.0
0.0051800052
0.0017094017
0.0
0.0
0.0
0.0
0.0110523623
0.0027350427
0.0
0.0
0.0000000000
0.0
0.0106736946
0.0
0.0
0.0
0.0
0.0
0.0000000000
0.0
0.0117009751
0.0
0.0022792023
0.0000000000
0.0034188034
0.0000000000
0.0034188034
0.0071005917
0.0
0.0089651356
0.0
0.0043956044
0.0017094017
0.0
0.0
0.0
0.0022792023
0.0
0.0038461538
0.0
0.0
0.0000000000
0.0
0.0
0.0000000000
0.0000000000
0.0
0.0025641026
0.0
0.0017094017
0.0108126147
0.0
0.0
0.0
0.0000000000
0.0
0.0050276521
0.0000000000
0.0
0.0000000000
0.0
0.0
0.0038461538
0.0022792023
0.0
0.0171292625
0.0000000000
0.0
0.0022792023
0.0089010989
0.0017094017
0.0
0.0
0.0
0.0000000000
0.0
0.0
0.0
0.0
0.0
0.0068376068
0.0038461538
0.0038461538
0.0017094017
0.0030769231
0.0034188034
0.0
0.0017094017
0.0
0.0
0.0017094017
0.0
0.0017094017
0.0000000000
0.0
0.0032388664
0.0
0.0000000000
0.0
0.0017094017
0.0
0.0
0.0
0.0000000000
0.0000000000
0.0000000000
0.0097737557
0.0056980057
0.0
0.0000000000
0.0
0.0
0.0065746220
0.0054700855
0.0051282051
0.0
0.0
0.0
0.0
0.0000000000
0.0
0.0047337278
0.0
0.0
0.0000000000
0.0
0.0
0.0000000000
0.0000000000
0.0000000000
0.0
0.0000000000
0.0
0.0
0.0000000000
0.0017094017
0.0
0.0022792023
0.0
0.0022792023
0.0000000000
0.0000000000
0.0017094017
0.0
0.0022792023
0.0045584046
0.0017094017
0.0017094017
0.0
0.0000000000
0.0
0.0076923077
0.0
0.0
0.0000000000
0.0
0.0000000000
0.0000000000
0.0155769231
0.0056514914
0.0
0.0028490028
0.0
0.0034188034
0.0
0.0000000000
0.0017094017
0.0034188034
0.0097929575
0.0
0.0
0.0017094017
0.0106281778
0.0038461538
0.0000000000
0.0000000000
0.0022792023
0.0
0.0
0.0
0.0
0.0
0.0000000000
0.0085470085
0.0000000000
0.0000000000
0.0047483381
0.0
0.0140411701
0.0022792023
0.0
0.0
0.0000000000
0.0
0.0083916084
0.0
0.0030769231
0.0034188034
0.0022792023
0.0
0.0
0.0109311741
0.0148794489
0.0017094017
0.0000000000
0.0036199095
0.0
0.0162365322
0.0
0.0000000000
0.0025641026
0.0055944056
0.0
0.0
0.0000000000
0.0
0.0055944056
0.0000000000
0.0022792023
0.0000000000
0.0
0.0000000000
0.0000000000
0.0017094017
0.0051282051
0.0
0.0000000000
0.0000000000
0.0107196030
0.0000000000
0.0161838162
0.0000000000
0.0
0.0000000000
0.0
0.0000000000
0.0000000000
0.0000000000
0.0
0.0109072547
0.0
0.0
0.0034188034
0.0000000000
0.0017094017
0.0022792023
0.0
0.0
0.0
0.0000000000
0.0034188034
0.0038461538
0.0061538462
0.0017094017
0.0017094017
0.0
0.0017094017
0.0000000000
0.0000000000
0.0
0.0
0.0017094017
0.0034188034
0.0
0.0
0.0051282051
0.0000000000
0.0000000000
0.0017094017
0.0
0.0100699301
0.0017094017
0.0000000000
0.0025641026
0.0000000000
0.0
0.0000000000
0.0017094017
0.0017094017
0.0038461538
0.0
0.0000000000
0.0022792023
0.0025641026
0.0022792023
0.0119535141
0.0000000000
0.0000000000
0.0025641026
0.0017094017
0.0
0.0
0.0123381569
0.0063311174
0.0000000000
0.0017094017
0.0
0.0000000000
0.0000000000
0.0
0.0
0.0000000000
0.0061538462
0.0000000000
0.0025641026
0.0017094017
0.0138461538
0.0000000000
0.0
0.0
0.0000000000
0.0051282051
0.0000000000
0.0022792023
0.0017094017
0.0
0.0055944056
0.0000000000
0.0000000000
0.0017094017
0.0038461538
0.0000000000
0.0
0.0078006501
0.0017094017
0.0000000000
0.0
0.0000000000
0.0000000000
0.0
0.0000000000
0.0072874494
0.0066728452
0.0017094017
0.0000000000
0.0000000000
0.0000000000
0.0025641026
0.0017094017
0.0022792023
0.0000000000
0.0000000000
0.0017094017
0.0
0.0017094017
0.0000000000
0.0000000000
0.0
0.0000000000
0.0025641026
0.0054700855
0.0000000000
0.0017094017
0.0017094017
0.0000000000
0.0
0.0038461538
0.0
0.0
0.0000000000
0.0017094017
0.0082526745
0.0000000000
0.0000000000
0.0000000000
0.0000000000
0.0000000000
0.0017094017
0.0000000000
0.0
0.0000000000
0.0
0.0000000000
0.0000000000
0.0087603082
0.0017094017
0.0
0.0000000000
0.0000000000
0.0000000000
0.0022792023
0.0041025641
0.0
0.0000000000
0.0022792023
0.0137317228
0.0059553350
0.0100699301
0.0000000000
0.0017094017
0.0050276521
0.0017094017
0.0090464889
0.0028490028
0.0000000000
0.0000000000
0.0
0.0
0.0000000000
0.0000000000
0.0081849185
0.0000000000
0.0022792023
0.0000000000
0.0000000000
0.0000000000
0.0
0.0000000000
0.0022792023
0.0000000000
0.0096976953
0.0038461538
0.0000000000
0.0
0.0109551986
0.0034188034
0.0000000000
0.0000000000
0.0
0.0000000000
0.0
0.0017094017
0.0000000000
0.0017094017
0.0022792023
0.0000000000
0.0047337278
0.0000000000
0.0000000000
0.0017094017
0.0
0.0017094017
0.0038850039
0.0000000000
0.0088536685
0.0017094017
0.0000000000
0.0038461538
0.0000000000
0.0
0.0000000000
0.0047337278
0.0000000000
0.0000000000
0.0017094017
0.0000000000
0.0000000000
0.0000000000
0.0
0.0034188034
0.0
0.0000000000
0.0017094017
0.0132923077
0.0000000000
0.0017094017
0.0000000000
0.0000000000
0.0000000000
0.0
0.0109072547
0.0000000000
0.0000000000
0.0
0.0000000000
0.0000000000
0.0000000000
0.0017094017
0.0017094017
0.0041025641
0.0000000000
0.0000000000
0.0000000000
0.0022792023
0.0030389364
0.0
0.0000000000
0.0000000000
0.0000000000
0.0017094017
0.0030769231
0.0000000000
0.0
0.0000000000
0.0017094017
0.0000000000
0.0000000000
0.0
0.0000000000
0.0034188034
0.0000000000
0.0106281778
0.0000000000
0.0000000000
0.0
0.0000000000
0.0095857988
0.0017094017
0.0000000000
0.0000000000
0.0000000000
0.0000000000
0.0017094017
0.0000000000
0.0000000000
0.0068376068
0.0098122350
0.0000000000
0.0
0.0000000000
0.0000000000
0.0000000000
0.0119535141
0.0000000000
0.0017094017
0.0000000000
0.0000000000
0.0000000000
0.0128469469
0.0047745358
0.0000000000
0.0000000000
0.0043956044
0.0000000000
0.0000000000
0.0000000000
0.0000000000
0.0036199095
0.0000000000
0.0116462976
0.0000000000
0.0000000000
0.0000000000
0.0000000000
0.0000000000
0.0000000000
0.0000000000
0.0
0.0000000000
0.0000000000
0.0000000000
0.0
0.0000000000
0.0000000000
0.0
0.0000000000
0.0041025641
0.0017094017
0.0000000000
0.0000000000
0.0
0.0000000000
0.0000000000
0.0000000000
0.0062937063
0.0000000000
0.0000000000
0.0017094017
0.0000000000
0.0017094017
0.0017094017
0.0043956044
0.0000000000
0.0000000000
0.0000000000
0.0027350427
0.0000000000
0.0000000000
0.0022792023
0.0000000000
0.0017094017
0.0000000000
0.0
0.0000000000
0.0000000000
0.0000000000
0.0000000000
0.0000000000
0.0000000000
0.0000000000
0.0000000000
0.0041025641
0.0000000000
0.0000000000
0.0000000000
0.0017094017
0.0000000000
0.0000000000
0.0017094017
0.0000000000
0.0000000000
0.0000000000
0.0000000000
0.0000000000
0.0000000000
0.0000000000
0.0000000000
0.0000000000
0.0000000000
0.0000000000
0.0041025641
0.0000000000
0.0000000000
0.0000000000
0.0000000000
0.0000000000
0.0000000000
0.0000000000
0.0000000000
0.0000000000
0.0000000000
0.0000000000
0.0000000000
0.0000000000
0.0000000000
0.0000000000
0.0000000000
0.0000000000
0.0000000000
0.0000000000
0.0000000000
0.0000000000
0.0000000000
0.0000000000
0.0000000000
0.0000000000
0.0000000000
0.0000000000
0.0000000000
0.0000000000
0.0000000000
0.0000000000
0.0000000000
0.0000000000
0.0000000000
0.0000000000
