0.0057471264
0.0
0.0
0.0
0.0
0.0
0.0000000000
0.0
0.0
0.0076628352
0.0
0.0
0.0
0.0
0.0
0.0
0.0131362890
0.0130616510
0.0
0.0
0.0
0.0
0.0
0.0000000000
0.0
0.0
0.0129310345
0.0
0.0
0.0
0.0
0.0
0.0
0.0
0.0
0.0000000000
0.0
0.0
0.0
0.0
0.0
0.0
0.0232758621
0.0091954023
0.0
0.0
0.0
0.0
0.0
0.0
0.0000000000
0.0
0.0000000000
0.0000000000
0.0129310345
0.0
0.0129310345
0.0
0.0000000000
0.0
0.0
0.0000000000
0.0
0.0
0.0234674330
0.0129310345
0.0
0.0000000000
0.0057471264
0.0
0.0129310345
0.0205254516
0.0211598746
0.0
0.0153256705
0.0274740678
0.0
0.0
0.0
0.0
0.0179045093
0.0
0.0
0.0000000000
0.0
0.0057471264
0.0178799489
0.0
0.0057471264
0.0216622458
0.0
0.0
0.0086206897
0.0076628352
0.0000000000
0.0000000000
0.0
0.0
0.0057471264
0.0
0.0114942529
0.0166256158
0.0
0.0
0.0
0.0
0.0
0.0
0.0
0.0
0.0
0.0114942529
0.0
0.0
0.0
0.0
0.0
0.0000000000
0.0000000000
0.0165652468
0.0
0.0076628352
0.0
0.0000000000
0.0
0.0312899106
0.0
0.0057471264
0.0197620488
0.0
0.0205254516
0.0076628352
0.0
0.0
0.0156449553
0.0000000000
0.0
0.0076628352
0.0000000000
0.0000000000
0.0076628352
0.0
0.0
0.0000000000
0.0086206897
0.0128004180
0.0057471264
0.0000000000
0.0232758621
0.0000000000
0.0000000000
0.0
0.0148215366
0.0057471264
0.0000000000
0.0
0.0
0.0
0.0057471264
0.0
0.0
0.0136916836
0.0
0.0
0.0
0.0
0.0261962042
0.0000000000
0.0000000000
0.0
0.0000000000
0.0
0.0000000000
0.0000000000
0.0000000000
0.0
0.0116379310
0.0000000000
0.0
0.0000000000
0.0
0.0057471264
0.0
0.0086206897
0.0057471264
0.0
0.0176005747
0.0000000000
0.0000000000
0.0086206897
0.0179045093
0.0000000000
0.0139066269
0.0114942529
0.0166256158
0.0
0.0
0.0
0.0274740678
0.0173297966
0.0057471264
0.0057471264
0.0
0.0130616510
0.0076628352
0.0000000000
0.0076628352
0.0128004180
0.0114942529
0.0114942529
0.0131362890
0.0076628352
0.0
0.0130616510
0.0076628352
0.0
0.0000000000
0.0091954023
0.0114942529
0.0000000000
0.0057471264
0.0076628352
0.0
0.0
0.0000000000
0.0130616510
0.0234674330
0.0076628352
0.0129310345
0.0216622458
0.0176005747
0.0000000000
0.0057471264
0.0000000000
0.0057471264
0.0000000000
0.0000000000
0.0000000000
0.0
0.0000000000
0.0086206897
0.0000000000
0.0057471264
0.0
0.0
0.0000000000
0.0000000000
0.0000000000
0.0216622458
0.0000000000
0.0000000000
0.0000000000
0.0156449553
0.0057471264
0.0145474138
0.0000000000
0.0000000000
0.0086206897
0.0000000000
0.0234674330
0.0000000000
0.0000000000
0.0
0.0000000000
0.0057471264
0.0
0.0000000000
0.0000000000
0.0000000000
0.0000000000
0.0000000000
0.0000000000
0.0000000000
0.0000000000
0.0000000000
0.0173297966
0.0000000000
0.0057471264
0.0000000000
0.0000000000
0.0000000000
0.0000000000
0.0000000000
0.0000000000
0.0000000000
0.0000000000
0.0000000000
0.0000000000
0.0000000000
0.0000000000
0.0000000000
0.0000000000
