0.0
0.0
0.0
0.0
0.1495487084
0.0
0.1318244170
0.0
0.0
0.1227330779
0.0
0.1406821842
0.0
0.1423703704
0.0
0.1068846624
0.0820105820
0.1423703704
0.0
0.1379557852
0.0092592593
0.0000000000
0.0
0.0
0.0
0.1452758881
0.0912630579
0.1395787945
0.1144456353
0.1198403791
0.0
0.0
0.1353330517
0.1476871062
0.1298999730
0.1489229816
0.1284931141
0.1368945869
0.0208333333
0.0
0.0
0.1527579081
0.1210632401
0.0092592593
0.0
0.0092592593
0.0000000000
0.1115755254
0.0092592593
0.1186419753
0.1133522057
0.0939118538
0.0092592593
0.0794477513
0.1257688784
0.0092592593
0.0903365294
0.1574893478
0.0000000000
0.0000000000
0.0994206497
0.1014033977
0.0000000000
0.1174673023
0.1072066042
0.1266640306
0.0
0.1266640306
0.1166970249
0.0985944393
0.1401283173
0.0951673599
0.0092592593
0.1137143533
0.1129923574
0.1240160021
0.0000000000
0.1040719082
0.0000000000
0.0000000000
0.1379557852
0.0883190883
0.0789192740
0.0138888889
0.1178562669
0.1085140018
0.1075304912
0.0208333333
0.1218924404
0.0000000000
0.1040719082
0.0
0.0138888889
0.1008288742
0.0000000000
0.1190387712
0.0644793344
0.1034668389
0.0000000000
0.0000000000
0.0000000000
0.0000000000
0.0000000000
0.1040719082
0.0919705235
0.1257688784
0.0000000000
0.0644793344
0.0818220519
0.0724900053
0.0951673599
0.0000000000
0.0000000000
0.0000000000
0.0000000000
0.0000000000
0.0000000000
0.0000000000
0.0000000000
0.0000000000
0.0000000000
0.0000000000
0.0000000000
0.0000000000
0.0000000000
0.0092592593
0.0000000000
0.0000000000
0.0000000000
0.0000000000
