0.0
0.0
0.0
0.0
0.0
0.0
0.0
0.0
0.0
0.0
0.0
0.0
0.0
0.0
0.0
0.0
0.0
0.0
0.0
0.0
0.0
0.0
0.0
0.0
0.0
0.0
0.0
0.0
0.0
0.0
0.0
0.0
0.0
0.0
0.0
0.0
0.0
0.0
0.0
0.0
0.0
0.0
0.0
0.0
0.0
0.0
0.0
0.0
0.0
0.0
0.0
0.0
0.0
0.0
0.0
0.0
0.0
0.0
0.0
0.0
0.0514144212
0.0
0.0
0.0
0.0
0.0
0.0
0.0
0.0
0.0
0.0
0.0
0.0
0.0
0.0
0.0784351389
0.0
0.0
0.0
0.0453401436
0.0
0.0
0.0
0.0
0.0
0.0
0.0087719298
0.0
0.0
0.0
0.0
0.0
0.0
0.0
0.0
0.0
0.0
0.0
0.0
0.0
0.0
0.0
0.0
0.0
0.0
0.0
0.0
0.0
0.0
0.0555234239
0.0
0.0
0.0
0.0
0.0
0.0
0.0
0.0
0.0
0.0580844002
0.0
0.0667429443
0.0
0.0
0.0
0.0
0.0
0.0
0.0
0.0
0.0
0.0
0.0
0.0459330144
0.0
0.0
0.0
0.0
0.0
0.0828300259
0.0
0.0
0.0
0.0
0.0
0.0
0.0
0.0
0.0
0.0
0.0
0.0
0.0
0.0
0.0
0.0
0.0396517123
0.0
0.0490667308
0.0
0.0
0.0000000000
0.0
0.0
0.0635835150
0.0
0.0
0.0711630069
0.0
0.0
0.0
0.0
0.0
0.0
0.0
0.0087719298
0.0
0.0
0.0
0.0315789474
0.0
0.0
0.0631578947
0.0
0.0379897111
0.0
0.0
0.0
0.0587192024
0.0
0.0
0.0000000000
0.0659240125
0.0
0.0
0.0
0.0
0.0
0.0621133759
0.0
0.0
0.0
0.0
0.0
0.0
0.0
0.0439359268
0.0
0.0
0.0000000000
0.0
0.0
0.0
0.0
0.0
0.0623781676
0.0
0.0529340593
0.0693265422
0.0
0.0635835150
0.0
0.0490667308
0.0
0.0
0.0315789474
0.0
0.0500260552
0.0
0.0
0.0371517028
0.0
0.0
0.0490546755
0.0
0.0616174583
0.0000000000
0.0
0.0
0.0
0.0
0.0743034056
0.0000000000
0.0628398482
0.0741076830
0.0
0.0
0.0
0.0846111341
0.0087719298
0.0675824782
0.0
0.0354640727
0.0
0.0242914980
0.0
0.0
0.0399465206
0.0
0.0556767567
0.0
0.0526315789
0.0317775571
0.0
0.0
0.0175438596
0.0
0.0000000000
0.0529340593
0.0000000000
0.0263157895
0.0087719298
0.0379897111
0.0529340593
0.0762100286
0.0424590889
0.0
0.0
0.0486226879
0.0481203008
0.0000000000
0.0587192024
0.0
0.0087719298
0.0
0.0490546755
0.0000000000
0.0000000000
0.0
0.0682788051
0.0000000000
0.0000000000
0.0
0.0087719298
0.0000000000
0.0
0.0000000000
0.0087719298
0.0529340593
0.0580844002
0.0
0.0000000000
0.0000000000
0.0
0.0520889853
0.0555234239
0.0000000000
0.0473375068
0.0087719298
0.0702327715
0.0000000000
0.0000000000
0.0242914980
0.0684434015
0.0647773279
0.0000000000
0.0574631767
0.0510366826
0.0000000000
0.0000000000
0.0000000000
0.0000000000
0.0000000000
0.0555234239
0.0
0.0175438596
0.0568551007
0.0000000000
0.0000000000
0.0
0.0000000000
0.0490667308
0.0000000000
0.0000000000
0.0
0.0
0.0
0.0414150129
0.0000000000
0.0000000000
0.0000000000
0.0000000000
0.0000000000
0.0000000000
0.0000000000
0.0000000000
0.0000000000
