0.0
0.0
0.0
0.0
0.0
0.0
0.0
0.0
0.0
0.0
0.0
0.0
0.0
0.0
0.0
0.0
0.0
0.0
0.0
0.0
0.0
0.0
0.0
0.0
0.0
0.0
0.0
0.0
0.0
0.0
0.0
0.0
0.0
0.0
0.0
0.0
0.0
0.0
0.0
0.0
0.0
0.0
0.0935064935
0.0227272727
0.0
0.0
0.0
0.0
0.0
0.0761099366
0.0
0.0
0.0
0.0
0.0
0.0227272727
0.0
0.0
0.0
0.0
0.0800395257
0.0
0.0000000000
0.0861244019
0.0876623377
0.0
0.0
0.0962566845
0.0000000000
0.0
0.0000000000
0.0525974026
0.0727272727
0.0617495712
0.0617495712
0.0968899522
0.0
0.0000000000
0.0
0.0779220779
0.0
0.0
0.0884520885
0.0000000000
0.0
0.0634796238
0.0654545455
0.0681818182
0.0
0.0000000000
0.0
0.0593841642
0.0593841642
0.0
0.0000000000
0.0
0.0968899522
0.0000000000
0.0
0.0467532468
0.0681818182
0.0617495712
0.0000000000
0.0000000000
0.0000000000
0.0554699538
0.0000000000
0.0000000000
0.0000000000
0.0000000000
0.0000000000
0.0000000000
0.0000000000
0.0000000000
0.0000000000
