0.0
0.0
0.0
0.0
0.0
0.0
0.0
0.0
0.0
0.0
0.0
0.0
0.0
0.0
0.0
0.0
0.0
0.0
0.0
0.0
0.0
0.0
0.0
0.0
0.0
0.0
0.0
0.0
0.0
0.0
0.0
0.0182926829
0.0
0.0
0.0
0.0
0.0
0.0
0.0
0.0
0.0
0.0
0.0
0.0121951220
0.0
0.0
0.0
0.0
0.0
0.0
0.0
0.0
0.0000000000
0.0
0.0
0.0
0.0
0.0
0.0
0.0
0.0
0.0418118467
0.0
0.0
0.0351219512
0.0
0.0
0.0
0.0
0.0
0.0435109907
0.0
0.0
0.0
0.0
0.0
0.0
0.0
0.0399113082
0.0
0.0
0.0
0.0
0.0
0.0
0.0121951220
0.0
0.0
0.0
0.0
0.0
0.0000000000
0.0
0.0
0.0
0.0
0.0000000000
0.0
0.0
0.0
0.0000000000
0.0
0.0182926829
0.0
0.0
0.0
0.0
0.0
0.0
0.0
0.0650406504
0.0548780488
0.0
0.0
0.0
0.0
0.0
0.0
0.0
0.0
0.0000000000
0.0
0.0526028395
0.0577768892
0.0559427023
0.0363339200
0.0000000000
0.0
0.0121951220
0.0
0.0
0.0
0.0
0.0532150776
0.0274390244
0.0
0.0274390244
0.0
0.0749870265
0.0
0.0
0.0731707317
0.0457713019
0.0618314078
0.0
0.0
0.0182926829
0.0162601626
0.0
0.0
0.0526028395
0.0000000000
0.0501742160
0.0
0.0
0.0
0.0
0.0
0.0274390244
0.0182926829
0.0
0.0274390244
0.0
0.0
0.0
0.0
0.0
0.0
0.0000000000
0.0
0.0
0.0
0.0182926829
0.0418118467
0.0
0.0
0.0
0.0
0.0691056911
0.0
0.0
0.0749870265
0.0
0.0000000000
0.0482793184
0.0274390244
0.0
0.0450281426
0.0182926829
0.0000000000
0.0
0.0424625331
0.0000000000
0.0
0.0000000000
0.0
0.0121951220
0.0000000000
0.0000000000
0.0
0.0243902439
0.0000000000
0.0000000000
0.0
0.0
0.0121951220
0.0000000000
0.0000000000
0.0274390244
0.0000000000
0.0000000000
0.0351219512
0.0
0.0424625331
0.0000000000
0.0000000000
0.0566483084
0.0501742160
0.0424625331
0.0121951220
0.0000000000
0.0121951220
0.0000000000
0.0496392992
0.0000000000
0.0000000000
0.0640798226
0.0559427023
0.0162601626
0.0000000000
0.0121951220
0.0000000000
0.0000000000
