0.0
0.0
0.0
0.0
0.0
0.0
0.0
0.0
0.0
0.0
0.0
0.0
0.0
0.0
0.0
0.0
0.0
0.0
0.0
0.0
0.0
0.0
0.0
0.0
0.0
0.0
0.1800480128
0.0
0.0
0.0
0.0
0.0000000000
0.0
0.0
0.0
0.0
0.0
0.0
0.0
0.0
0.0
0.0
0.0
0.1352434382
0.0
0.0
0.0
0.0
0.0
0.1358695652
0.0
0.0
0.1621426856
0.0
0.0
0.0
0.0
0.0
0.0
0.0
0.0
0.0289855072
0.0
0.0
0.0000000000
0.0
0.0
0.0
0.0
0.0
0.0000000000
0.0000000000
0.0
0.0
0.0
0.0
0.0
0.0
0.1410953177
0.0
0.0
0.0
0.0
0.0
0.0
0.1800480128
0.0
0.0
0.0
0.0
0.0
0.1173913043
0.0
0.0
0.1197870453
0.0
0.0144927536
0.0
0.0
0.0
0.0193236715
0.0
0.1767941331
0.1736557757
0.0
0.0
0.0
0.0
0.0
0.1460090850
0.0144927536
0.1536535397
0.0
0.0
0.0
0.0928728674
0.0
0.0
0.1410953177
0.1146399457
0.1417769376
0.0
0.1536535397
0.1159993126
0.1706268959
0.0144927536
0.0193236715
0.0
0.1384331419
0.0
0.0
0.0
0.0
0.1552795031
0.1377832211
0.1340083383
0.1404202205
0.0
0.1438618926
0.0
0.0
0.1639543357
0.1128762542
0.1930778032
0.0
0.1467391304
0.1512774541
0.1612517917
0.0
0.0
0.1497338066
0.1078964194
0.1410953177
0.1146399457
0.0
0.0000000000
0.0928728674
0.0
0.1316046013
0.1193001060
0.0998225377
0.1115886923
0.0
0.1164596273
0.0
0.0
0.0
0.0144927536
0.0000000000
0.1202779758
0.1011994003
0.1390892232
0.0000000000
0.0000000000
0.0
0.1150895141
0.0000000000
0.1264992504
0.0000000000
0.0
0.0
0.0000000000
0.0
0.0000000000
0.0000000000
0.0000000000
0.0000000000
0.0000000000
0.0000000000
