0.0
0.0
0.0
0.0
0.0
0.0
0.0026143791
0.0
0.0
0.0000000000
0.0
0.0
0.0
0.0
0.0
0.0
0.0
0.0
0.0
0.0
0.0
0.0
0.0
0.0093370682
0.0
0.0
0.0
0.0
0.0
0.0
0.0
0.0
0.0
0.0
0.0
0.0
0.0
0.0
0.0
0.0
0.0
0.0
0.0000000000
0.0
0.0
0.0
0.0
0.0
0.0
0.0
0.0
0.0
0.0088235294
0.0
0.0019607843
0.0
0.0
0.0
0.0000000000
0.0
0.0
0.0000000000
0.0
0.0
0.0
0.0019607843
0.0
0.0070028011
0.0019607843
0.0
0.0075630252
0.0019607843
0.0
0.0
0.0
0.0
0.0
0.0
0.0
0.0
0.0
0.0
0.0
0.0000000000
0.0
0.0105882353
0.0
0.0
0.0
0.0
0.0
0.0
0.0070588235
0.0
0.0000000000
0.0
0.0
0.0
0.0039215686
0.0
0.0
0.0
0.0
0.0
0.0
0.0
0.0
0.0
0.0
0.0
0.0
0.0000000000
0.0
0.0
0.0
0.0
0.0
0.0066176471
0.0
0.0
0.0
0.0062745098
0.0
0.0000000000
0.0
0.0026143791
0.0
0.0
0.0000000000
0.0
0.0
0.0
0.0
0.0
0.0
0.0039215686
0.0
0.0
0.0
0.0083660131
0.0000000000
0.0
0.0
0.0
0.0
0.0
0.0069053708
0.0000000000
0.0081812035
0.0000000000
0.0026143791
0.0
0.0000000000
0.0
0.0
0.0
0.0
0.0
0.0000000000
0.0
0.0
0.0
0.0
0.0
0.0
0.0
0.0
0.0087872186
0.0078431373
0.0
0.0026143791
0.0
0.0
0.0
0.0019607843
0.0
0.0
0.0055175559
0.0
0.0
0.0
0.0000000000
0.0
0.0
0.0
0.0
0.0
0.0
0.0000000000
0.0
0.0000000000
0.0
0.0
0.0
0.0000000000
0.0
0.0
0.0
0.0019607843
0.0
0.0000000000
0.0105882353
0.0
0.0
0.0
0.0
0.0029411765
0.0055175559
0.0
0.0
0.0000000000
0.0
0.0
0.0000000000
0.0026143791
0.0
0.0
0.0044117647
0.0064171123
0.0039215686
0.0
0.0
0.0
0.0
0.0
0.0000000000
0.0
0.0
0.0000000000
0.0
0.0
0.0
0.0046477850
0.0
0.0026143791
0.0
0.0
0.0000000000
0.0
0.0
0.0081812035
0.0026143791
0.0
0.0
0.0
0.0000000000
0.0
0.0
0.0
0.0026143791
0.0
0.0051233397
0.0026143791
0.0
0.0
0.0019607843
0.0000000000
0.0
0.0
0.0069053708
0.0
0.0000000000
0.0
0.0
0.0
0.0
0.0000000000
0.0
0.0000000000
0.0000000000
0.0
0.0052723312
0.0000000000
0.0051233397
0.0
0.0
0.0
0.0
0.0
0.0
0.0
0.0
0.0
0.0026143791
0.0
0.0
0.0069053708
0.0
0.0
0.0019607843
0.0
0.0
0.0000000000
0.0
0.0026143791
0.0
0.0
0.0019607843
0.0
0.0
0.0072192513
0.0
0.0
0.0
0.0
0.0000000000
0.0
0.0044563280
0.0026143791
0.0
0.0
0.0
0.0
0.0
0.0078431373
0.0
0.0000000000
0.0026143791
0.0
0.0039215686
0.0000000000
0.0054766734
0.0
0.0000000000
0.0
0.0019607843
0.0000000000
0.0
0.0
0.0
0.0019607843
0.0
0.0044817927
0.0039215686
0.0
0.0000000000
0.0
0.0
0.0000000000
0.0026143791
0.0
0.0039215686
0.0
0.0
0.0
0.0
0.0
0.0
0.0076533839
0.0039215686
0.0
0.0
0.0076311606
0.0
0.0000000000
0.0026143791
0.0
0.0
0.0
0.0
0.0053274140
0.0
0.0044117647
0.0
0.0019607843
0.0
0.0
0.0
0.0000000000
0.0
0.0
0.0000000000
0.0000000000
0.0
0.0
0.0044765076
0.0
0.0026143791
0.0066047472
0.0
0.0000000000
0.0
0.0069053708
0.0000000000
0.0
0.0000000000
0.0000000000
0.0
0.0052723312
0.0099264706
0.0054466231
0.0039215686
0.0000000000
0.0
0.0
0.0
0.0
0.0035294118
0.0000000000
0.0
0.0
0.0046477850
0.0
0.0069053708
0.0
0.0
0.0
0.0
0.0
0.0000000000
0.0
0.0019607843
0.0
0.0039215686
0.0000000000
0.0019607843
0.0064122946
0.0019607843
0.0000000000
0.0
0.0000000000
0.0
0.0060834590
0.0000000000
0.0
0.0
0.0
0.0019607843
0.0
0.0067787115
0.0
0.0
0.0000000000
0.0
0.0
0.0000000000
0.0000000000
0.0
0.0019607843
0.0
0.0019607843
0.0026143791
0.0
0.0
0.0
0.0000000000
0.0
0.0087872186
0.0000000000
0.0
0.0000000000
0.0
0.0
0.0019607843
0.0089126560
0.0
0.0093425606
0.0052941176
0.0
0.0044117647
0.0000000000
0.0000000000
0.0
0.0
0.0
0.0000000000
0.0
0.0
0.0
0.0
0.0
0.0076311606
0.0037707391
0.0062745098
0.0019607843
0.0050276521
0.0019607843
0.0
0.0019607843
0.0
0.0
0.0039215686
0.0
0.0000000000
0.0000000000
0.0
0.0048419368
0.0
0.0000000000
0.0048265460
0.0000000000
0.0
0.0
0.0
0.0000000000
0.0000000000
0.0000000000
0.0039215686
0.0044765076
0.0
0.0000000000
0.0000000000
0.0
0.0026143791
0.0039215686
0.0065359477
0.0
0.0
0.0
0.0
0.0051233397
0.0
0.0034858388
0.0
0.0026143791
0.0000000000
0.0
0.0
0.0000000000
0.0019607843
0.0000000000
0.0
0.0000000000
0.0
0.0
0.0000000000
0.0000000000
0.0
0.0068866571
0.0
0.0019607843
0.0052287582
0.0019607843
0.0000000000
0.0
0.0031372549
0.0039215686
0.0019607843
0.0019607843
0.0
0.0000000000
0.0
0.0052287582
0.0
0.0
0.0000000000
0.0066176471
0.0000000000
0.0000000000
0.0048265460
0.0058823529
0.0
0.0019607843
0.0
0.0019607843
0.0
0.0000000000
0.0000000000
0.0026143791
0.0081812035
0.0000000000
0.0
0.0000000000
0.0069053708
0.0026143791
0.0000000000
0.0000000000
0.0052994171
0.0
0.0
0.0
0.0019607843
0.0000000000
0.0000000000
0.0067787115
0.0026143791
0.0039215686
0.0066176471
0.0
0.0069053708
0.0000000000
0.0
0.0094901961
0.0000000000
0.0
0.0094117647
0.0
0.0050276521
0.0044817927
0.0019607843
0.0039215686
0.0
0.0067787115
0.0069053708
0.0000000000
0.0026143791
0.0088235294
0.0000000000
0.0051233397
0.0
0.0000000000
0.0000000000
0.0019607843
0.0
0.0
0.0000000000
0.0060834590
0.0062745098
0.0058823529
0.0026143791
0.0000000000
0.0
0.0026143791
0.0000000000
0.0026143791
0.0029411765
0.0
0.0000000000
0.0000000000
0.0075630252
0.0026143791
0.0093425606
0.0000000000
0.0
0.0000000000
0.0000000000
0.0058823529
0.0000000000
0.0000000000
0.0019607843
0.0035294118
0.0
0.0
0.0070028011
0.0019607843
0.0019607843
0.0000000000
0.0
0.0
0.0
0.0048419368
0.0039215686
0.0056722689
0.0019607843
0.0000000000
0.0000000000
0.0
0.0019607843
0.0000000000
0.0000000000
0.0
0.0
0.0000000000
0.0019607843
0.0
0.0000000000
0.0000000000
0.0000000000
0.0000000000
0.0000000000
0.0000000000
0.0097363083
0.0019607843
0.0000000000
0.0019607843
0.0000000000
0.0000000000
0.0019607843
0.0000000000
0.0000000000
0.0019607843
0.0
0.0000000000
0.0019607843
0.0019607843
0.0000000000
0.0054466231
0.0000000000
0.0000000000
0.0000000000
0.0000000000
0.0
0.0039215686
0.0058823529
0.0031372549
0.0000000000
0.0000000000
0.0
0.0000000000
0.0000000000
0.0
0.0
0.0000000000
0.0057867049
0.0000000000
0.0044117647
0.0019607843
0.0000000000
0.0000000000
0.0
0.0070028011
0.0000000000
0.0072192513
0.0000000000
0.0000000000
0.0000000000
0.0
0.0019607843
0.0000000000
0.0000000000
0.0000000000
0.0037707391
0.0000000000
0.0019607843
0.0000000000
0.0000000000
0.0000000000
0.0
0.0000000000
0.0000000000
0.0
0.0000000000
0.0019607843
0.0068866571
0.0000000000
0.0000000000
0.0076533839
0.0000000000
0.0054766734
0.0000000000
0.0019607843
0.0000000000
0.0000000000
0.0000000000
0.0000000000
0.0000000000
0.0000000000
0.0000000000
0.0
0.0000000000
0.0019607843
0.0026143791
0.0000000000
0.0000000000
0.0052994171
0.0000000000
0.0
0.0000000000
0.0035294118
0.0000000000
0.0000000000
0.0035294118
0.0000000000
0.0000000000
0.0000000000
0.0000000000
0.0000000000
0.0000000000
0.0000000000
0.0019607843
0.0
0.0000000000
0.0
0.0019607843
0.0000000000
0.0000000000
0.0000000000
0.0
0.0000000000
0.0019607843
0.0000000000
0.0065359477
0.0019607843
0.0035294118
0.0000000000
0.0000000000
0.0035294118
0.0019607843
0.0019607843
0.0000000000
0.0019607843
0.0060834590
0.0000000000
0.0000000000
0.0000000000
0.0000000000
0.0000000000
0.0
0.0000000000
0.0019607843
0.0000000000
0.0000000000
0.0000000000
0.0000000000
0.0000000000
0.0000000000
0.0000000000
0.0000000000
0.0000000000
0.0000000000
0.0000000000
0.0000000000
0.0019607843
0.0000000000
0.0
0.0000000000
0.0000000000
0.0000000000
0.0000000000
0.0000000000
0.0000000000
0.0
0.0000000000
0.0000000000
0.0000000000
0.0000000000
0.0000000000
0.0000000000
0.0000000000
0.0000000000
0.0000000000
0.0
0.0019607843
0.0019607843
0.0000000000
0.0026143791
0.0000000000
0.0026143791
0.0000000000
0.0000000000
0.0000000000
0.0000000000
0.0000000000
0.0000000000
0.0000000000
0.0000000000
0.0000000000
0.0000000000
0.0000000000
0.0019607843
0.0039215686
0.0
0.0000000000
0.0000000000
0.0000000000
0.0000000000
0.0000000000
0.0000000000
0.0000000000
0.0000000000
0.0000000000
0.0000000000
0.0000000000
0.0000000000
0.0
0.0000000000
0.0026143791
0.0000000000
0.0000000000
0.0000000000
0.0000000000
0.0000000000
0.0000000000
0.0000000000
0.0000000000
0.0000000000
0.0000000000
0.0000000000
0.0000000000
0.0000000000
0.0000000000
0.0000000000
0.0000000000
0.0000000000
0.0000000000
0.0000000000
0.0000000000
0.0000000000
0.0000000000
0.0000000000
0.0000000000
0.0000000000
0.0026143791
0.0000000000
0.0000000000
0.0000000000
0.0000000000
0.0000000000
0.0000000000
0.0000000000
0.0000000000
0.0000000000
0.0000000000
0.0000000000
0.0000000000
0.0000000000
0.0000000000
0.0000000000
