0.0
0.0
0.0
0.0
0.0
0.0
0.1380056725
0.0
0.0
0.0
0.0
0.0
0.0
0.0
0.0
0.1341507654
0.0
0.0
0.0
0.0
0.0
0.0
0.0
0.0
0.0
0.0
0.0
0.0
0.0
0.1096483425
0.0
0.1833052444
0.1622499122
0.0
0.0
0.0
0.1778739779
0.0000000000
0.0129870130
0.0
0.1740071523
0.0129870130
0.0
0.1404268246
0.1644725138
0.0
0.0
0.0
0.0
0.1380056725
0.0
0.0
0.1305053642
0.0
0.1388033931
0.0
0.1127370282
0.1446565483
0.0
0.0
0.1464206525
0.0
0.0
0.0
0.0
0.0
0.0
0.0000000000
0.0920037817
0.0
0.1420886806
0.1420886806
0.1703048724
0.0
0.1600865801
0.0
0.1437903414
0.1364374262
0.0000000000
0.1703048724
0.1334054834
0.1579801777
0.1076815561
0.1559284871
0.1237782836
0.1177107207
0.0
0.0259740260
0.0129870130
0.1194675971
0.0
0.0
0.0
0.1549224969
0.0
0.0
0.0129870130
0.1101513166
0.0129870130
0.0
0.1539294039
0.1250676407
0.1326684365
0.0000000000
0.1819165683
0.1388033931
0.0129870130
0.0
0.0173160173
0.0000000000
0.0000000000
0.1396103896
0.1644725138
0.1225152399
0.0000000000
0.0000000000
0.0173160173
0.1356665933
0.0000000000
0.0
0.0000000000
0.0000000000
0.1250676407
0.0000000000
0.0
0.0129870130
0.0000000000
0.0000000000
0.0
0.0000000000
0.0000000000
0.1388033931
0.1101513166
0.0000000000
0.0000000000
0.0000000000
0.0000000000
0.0000000000
0.0000000000
0.0000000000
0.0129870130
