0.0
0.0
0.0
0.0
0.0
0.0
0.0
0.0
0.0
0.1337209302
0.0
0.0
0.0
0.0
0.0
0.1306818182
0.0
0.0
0.0434782609
0.0
0.0
0.0
0.0
0.0
0.0434782609
0.0
0.0927419355
0.0
0.0
0.0
0.0942622951
0.0579710145
0.0
0.0
0.0
0.1513157895
0.0
0.0
0.0
0.0
0.0
0.0
0.0
0.1691176471
0.0
0.0
0.1084905660
0.0
0.0
0.0695652174
0.0
0.0
0.0000000000
0.0
0.0
0.0
0.0
0.0
0.1369047619
0.0
0.0
0.0000000000
0.0
0.0
0.0000000000
0.0
0.0
0.0
0.0
0.0798611111
0.1127450980
0.0974576271
0.0
0.0
0.0000000000
0.0
0.0
0.0000000000
0.0434782609
0.0
0.1642857143
0.0
0.0000000000
0.0
0.0
0.0833333333
0.1250000000
0.0
0.0
0.0000000000
0.1369047619
0.0000000000
0.0
0.1105769231
0.0718750000
0.0
0.0000000000
0.0
0.0
0.0000000000
0.0912698413
0.1150000000
0.1250000000
0.0289855072
0.0000000000
0.1084905660
0.0
0.0289855072
0.0000000000
0.0898437500
0.0000000000
0.1064814815
0.0386473430
0.0
0.0884615385
0.0000000000
0.0000000000
