0.0
0.0
0.0
0.0
0.0
0.0
0.0
0.0
0.0
0.0
0.0
0.0
0.0
0.0
0.0
0.0
0.0
0.0
0.0
0.0
0.0
0.0
0.0
0.0
0.0
0.0
0.0
0.0
0.0
0.0907224959
0.0
0.1134428408
0.0
0.0
0.0
0.0
0.0
0.0804169610
0.0
0.0
0.1144449860
0.0
0.0
0.0
0.0789468154
0.0
0.0
0.0
0.0
0.1114902962
0.0
0.0
0.1113944318
0.0
0.1090502728
0.0
0.0
0.0
0.0
0.0
0.0
0.0
0.0
0.0
0.0
0.0
0.0
0.0
0.0
0.0
0.1239729418
0.1024934526
0.0995020923
0.0
0.0528351240
0.0
0.1080498116
0.0
0.0843435704
0.0
0.0
0.0975540091
0.0
0.0
0.0984435594
0.1182041279
0.0
0.0961779689
0.0
0.1083208396
0.0
0.0
0.0
0.0
0.0
0.0
0.0000000000
0.0870643307
0.0
0.0
0.0
0.0949792699
0.0823073216
0.0807175851
0.0
0.0
0.0
0.0
0.0
0.1130468797
0.0931356752
0.0
0.0991214416
0.1038907170
0.1058429119
0.1103507020
0.0
0.0
0.0
0.0
0.0
0.0
0.0967525946
0.1020896171
0.0
0.0886126704
0.0
0.0
0.0
0.0
0.0
0.0
0.0
0.0
0.0
0.0936744209
0.0969698534
0.0
0.0
0.1237361262
0.0
0.0
0.0971880901
0.0
0.1025746034
0.0
0.0035366932
0.0
0.1113944318
0.0996551724
0.0079575597
0.0
0.0
0.0
0.0
0.1156711823
0.1047305773
0.0
0.0961779689
0.1231480267
0.0
0.0
0.1131456106
0.0
0.0968973255
0.0026525199
0.0000000000
0.0
0.0
0.0925369458
0.0
0.0857390630
0.0
0.0
0.0895931702
0.1005836368
0.0
0.0
0.0859096314
0.0000000000
0.0777621393
0.0
0.0883106504
0.0000000000
0.0767941459
0.0
0.0
0.1076010998
0.0974073114
0.1168185069
0.0
0.1123605587
0.1139417099
0.0
0.0
0.0928686195
0.0830459770
0.0872990055
0.0
0.0
0.1295517241
0.1197335713
0.0
0.1024934526
0.0932026792
0.0
0.0
0.0
0.0818393709
0.0
0.0830992458
0.0
0.0
0.0
0.0047745358
0.0
0.0
0.0
0.0000000000
0.0
0.0
0.0836357160
0.0026525199
0.0000000000
0.0
0.1145461752
0.0
0.0709483703
0.0
0.0956101285
0.0
0.0942880088
0.0
0.0987436922
0.0844535359
0.0948402080
0.1037243588
0.0000000000
0.0
0.1179888198
0.1101630307
0.0
0.0
0.0047745358
0.1233825944
0.0580428872
0.0
0.0836357160
0.0
0.0872402183
0.0
0.0
0.0
0.0
0.0
0.1011332741
0.0
0.1221034158
0.0914913306
0.0998856778
0.0026525199
0.0053050398
0.0
0.1084114846
0.0599776501
0.1007400654
0.0
0.0000000000
0.0
0.0
0.0084880637
0.0
0.0754084541
0.1074226568
0.1176673244
0.0934042712
0.1102567865
0.0810204654
0.0809192531
0.0696889318
0.0643255830
0.0916855797
0.1130468797
0.1118754094
0.0822550629
0.0
0.0
0.1272610257
0.0000000000
0.0
0.0
0.0
0.0883708896
0.0940143136
0.0
0.0
0.0000000000
0.0035366932
0.0841791580
0.0
0.0
0.0929352397
0.0939461379
0.0799702001
0.0
0.0
0.0
0.0
0.0
0.0
0.0753207698
0.1027372911
0.0
0.1005056045
0.1177742947
0.0897172605
0.1124580939
0.0
0.0000000000
0.0
0.1191828189
0.1054123061
0.0026525199
0.0000000000
0.1089585569
0.0909134906
0.1069791281
0.0918155380
0.1128499339
0.1112031967
0.0950489539
0.0
0.0844535359
0.1029822926
0.1028188287
0.0825696139
0.0948402080
0.0874758434
0.0976275238
0.1040576097
0.0
0.0
0.0846743295
0.0956101285
0.1023315357
0.0
0.0874758434
0.0026525199
0.0
0.0047155909
0.0981452456
0.0
0.0
0.0000000000
0.0
0.0793335727
0.0
0.0
0.0957514591
0.0000000000
0.1021701294
0.0822550629
0.0
0.0817877046
0.0
0.0000000000
0.0
0.0810711665
0.0000000000
0.0
0.0026525199
0.0000000000
0.0827806544
0.0
0.0752332893
0.0973341278
0.0720532392
0.0053050398
0.0000000000
0.0026525199
0.0769766632
0.0641980794
0.0000000000
0.0874758434
0.0915559888
0.0000000000
0.1037243588
0.0961779689
0.0053050398
0.0872990055
0.0826749994
0.0000000000
0.0933369770
0.0
0.0863678161
0.0035366932
0.0668481549
0.1019289726
0.1073336571
0.0000000000
0.0874758434
0.0070733864
0.0
0.0931356752
0.0026525199
0.0
0.0
0.0981452456
0.0665733423
0.0000000000
0.0
0.0872990055
0.0
0.0000000000
0.0000000000
0.0000000000
0.0828335832
0.0724157206
0.0696140377
0.0035366932
0.0806673251
0.0738607321
0.0000000000
0.1040576097
0.0026525199
0.1106334109
0.0000000000
0.0992733518
0.0859096314
0.0958222812
0.0709872461
0.0920111677
0.0816845676
0.0026525199
0.0000000000
0.0810204654
0.0770224281
0.0758943902
0.0806171277
0.0950489539
0.0000000000
0.0000000000
0.0026525199
0.0948402080
0.0000000000
0.0
0.1061899378
0.0740295567
0.0871228811
0.0838522486
0.0000000000
0.0
0.0026525199
0.0026525199
0.0884312110
0.0767941459
0.0990456607
0.0000000000
0.0
0.0000000000
0.0000000000
0.0000000000
0.0053050398
0.0000000000
0.0871815102
0.0000000000
0.0000000000
0.0909773344
0.0717340665
0.0000000000
0.0053050398
0.0750589363
0.0000000000
0.0907860716
0.0667792392
0.0943566818
0.0926693306
0.0947708297
0.0851193983
0.0000000000
0.0
0.0832594628
0.0844535359
0.0872990055
0.0000000000
0.0000000000
0.0000000000
0.0000000000
0.0000000000
0.0000000000
0.0889167633
0.0806171277
0.0982196544
0.0822550629
0.0871815102
0.0047745358
0.0725779967
0.0000000000
0.0026525199
0.0000000000
0.0000000000
0.0680776270
0.0000000000
0.0000000000
0.0000000000
0.0000000000
0.0853999500
0.0000000000
0.0000000000
0.0000000000
0.0000000000
0.0000000000
0.0000000000
0.0000000000
0.0000000000
0.0000000000
0.0000000000
0.0623144416
0.0000000000
0.0000000000
0.0035366932
0.0000000000
0.0738607321
0.0000000000
0.0000000000
0.0761620953
0.0870643307
0.0000000000
0.0000000000
0.0000000000
0.0000000000
0.0026525199
0.0026525199
0.0000000000
0.0915559888
0.0000000000
0.0000000000
0.0000000000
0.0000000000
0.0000000000
0.0000000000
0.0000000000
0.0000000000
0.0000000000
0.0936744209
0.0000000000
0.0667104656
0.0000000000
0.0000000000
0.0797241379
0.0000000000
0.0000000000
0.0000000000
0.0000000000
0.0000000000
0.0000000000
0.0000000000
0.0000000000
0.1046459807
0.0000000000
0.0000000000
0.0000000000
0.0000000000
0.0026525199
0.0000000000
0.0000000000
0.0000000000
0.0726186794
0.0000000000
0.0000000000
0.0035366932
0.0026525199
0.0000000000
0.0000000000
0.0000000000
0.0000000000
0.0000000000
0.0000000000
0.0000000000
0.0000000000
0.0000000000
0.0000000000
0.0000000000
0.0000000000
0.0000000000
0.0000000000
0.0000000000
