0.0
0.0
0.0
0.0
0.0
0.0
0.0688385688
0.0
0.0
0.0
0.0
0.0
0.0
0.0
0.0
0.0795748594
0.0
0.0
0.0
0.0
0.0
0.0
0.0
0.0
0.0
0.0
0.0
0.0
0.0
0.0000000000
0.0
0.0776745642
0.0
0.0
0.0
0.0
0.0662111425
0.0000000000
0.0069930070
0.0
0.0760847340
0.0
0.0
0.0714862061
0.0590044876
0.0
0.0
0.0
0.0
0.0818269781
0.0
0.0
0.0710955711
0.0
0.0720802743
0.0
0.0776745642
0.0668919769
0.0
0.0
0.0
0.0
0.0
0.0
0.0
0.0
0.0
0.0
0.0
0.0
0.0682965329
0.0681177461
0.0720802743
0.0
0.0157342657
0.0
0.0781410781
0.0
0.0000000000
0.0
0.0803116636
0.0850358792
0.0
0.0847588893
0.0939385524
0.0610821104
0.0
0.0842102881
0.0756423809
0.0603735012
0.0
0.0
0.0
0.0
0.0
0.0
0.0000000000
0.0521462505
0.0
0.0
0.0
0.0000000000
0.0093240093
0.0069930070
0.0
0.0000000000
0.0
0.0
0.0
0.0864484353
0.0000000000
0.0000000000
0.0790911216
0.0709018502
0.0139860140
0.0888088021
0.0839386420
0.0000000000
0.0104895105
0.0
0.0
0.0480979280
0.0157342657
0.0662111425
0.0
0.0607966800
0.0
0.0
0.0
0.0000000000
0.0
0.0692047314
0.0139860140
0.0
0.0093240093
0.0758629126
0.0139860140
0.0
0.0157342657
0.0093240093
0.0707091821
0.0
0.0093240093
0.0
0.0069930070
0.0
0.0513234300
0.0
0.0737138216
0.0069930070
0.0093240093
0.0000000000
0.0582124810
0.0139860140
0.0
0.0000000000
0.0662111425
0.0668919769
0.0000000000
0.0529958840
0.0069930070
0.0
0.0663800485
0.0828693599
0.0000000000
0.0000000000
0.0000000000
0.0000000000
0.0
0.0690211645
0.0
0.0186480186
0.0810622399
0.0
0.0000000000
0.0157342657
0.0
0.0
0.0668919769
0.0579531827
0.0000000000
0.0000000000
0.0000000000
0.0104895105
0.0000000000
0.0000000000
0.0596811445
0.0536515031
0.0124320124
0.0592733007
0.0
0.0932651578
0.0894191719
0.0000000000
0.0000000000
0.0223776224
0.0139860140
0.0588709933
0.0000000000
0.0000000000
0.0069930070
0.0592733007
0.0069930070
0.0093240093
0.0000000000
0.0
0.0104895105
0.0069930070
0.0000000000
0.0682965329
0.0000000000
0.0104895105
0.0000000000
0.0
0.0737138216
0.0
0.0521462505
0.0
0.0574414548
0.0434406995
0.0645681862
0.0000000000
0.0000000000
0.0000000000
0.0000000000
0.0000000000
0.0000000000
0.0000000000
0.0000000000
0.0000000000
0.0000000000
0.0000000000
0.0000000000
0.0000000000
0.0000000000
0.0394855524
0.0000000000
0.0000000000
0.0000000000
0.0000000000
0.0000000000
0.0000000000
0.0000000000
