0.0
0.0
0.0
0.0
0.0
0.0
0.0
0.0
0.0
0.0
0.0
0.0
0.0
0.0
0.0
0.0
0.0
0.0
0.0
0.0
0.0
0.0
0.0
0.0
0.0
0.0
0.0
0.0
0.0
0.0
0.0
0.0839265643
0.0
0.0
0.0
0.0
0.0
0.0
0.0
0.0
0.0
0.0
0.0
0.0
0.0
0.0
0.0
0.0
0.0
0.0
0.0
0.0
0.0890302067
0.0
0.0
0.0
0.0
0.0
0.0
0.0
0.0
0.0893320040
0.0
0.0
0.0
0.0
0.0
0.0
0.0
0.0
0.0915032680
0.0
0.0
0.0
0.0
0.0
0.0
0.0
0.0
0.0
0.0
0.0
0.0
0.0
0.0
0.0896358543
0.0
0.0
0.0
0.0
0.0
0.0789010215
0.0
0.0
0.0
0.0
0.0668856375
0.0
0.0
0.0
0.0000000000
0.0
0.0084033613
0.0
0.0
0.0
0.0
0.0
0.0
0.0
0.0
0.0000000000
0.0
0.0
0.0
0.0
0.0
0.0
0.0
0.0
0.0000000000
0.0
0.0921431510
0.0
0.1266968326
0.0
0.0084033613
0.0
0.0000000000
0.0
0.0
0.0
0.0
0.0
0.0
0.0
0.0000000000
0.0
0.0000000000
0.0
0.0
0.0112044818
0.0168067227
0.0784313725
0.0
0.0
0.0777372896
0.0
0.0
0.0
0.0855614973
0.1121401752
0.0
0.0
0.0
0.0
0.0
0.0
0.0112044818
0.0875512996
0.0
0.0000000000
0.0
0.0
0.0
0.0
0.0
0.0
0.0000000000
0.0
0.0
0.0
0.0
0.0
0.0
0.0
0.0
0.0
0.0755098601
0.0
0.0
0.1150783457
0.0
0.0
0.0
0.0
0.0
0.0645905421
0.0729998371
0.0679199515
0.0
0.0
0.0000000000
0.0
0.0
0.0
0.0
0.0000000000
0.0268907563
0.0
0.0679199515
0.0000000000
0.1017488076
0.0
0.0
0.0
0.0
0.0
0.0
0.0603042132
0.0
0.0224089636
0.0
0.1054117647
0.0861207228
0.0740251157
0.0839265643
0.0
0.1351432881
0.0000000000
0.0000000000
0.0750796045
0.0000000000
0.0677453501
0.0149393091
0.0168067227
0.1098039216
0.1002012972
0.0
0.0
0.0823529412
0.0872613946
0.0746542243
0.0
0.0
0.0755098601
0.0483540205
0.0
0.0729998371
0.0000000000
0.0
0.0740251157
0.0
0.0000000000
0.0
0.0000000000
0.0000000000
0.0000000000
0.1041618228
0.0736115675
0.0000000000
0.0000000000
0.0
0.1009691233
0.0168067227
0.0869734032
0.0168067227
0.0
0.0000000000
0.0084033613
0.0084033613
0.0911866477
0.0
0.0112044818
0.0850094877
0.0784313725
0.0
0.0
0.0000000000
0.0
0.1025406271
0.0000000000
0.0
0.0645905421
0.0723981900
0.0000000000
0.0721998388
0.1166059344
0.0
0.0000000000
0.0000000000
0.0000000000
0.1062618596
0.0000000000
0.0084033613
0.0000000000
0.0902497985
0.0537815126
0.0
0.0708412397
0.0168067227
0.0112044818
0.0084033613
0.0750796045
0.0112044818
0.0875512996
0.0729998371
0.0000000000
0.0000000000
0.0084033613
0.0000000000
0.0000000000
0.0000000000
0.0000000000
0.0000000000
0.0084033613
0.0084033613
0.0112044818
0.0000000000
0.0084033613
0.0
0.0000000000
