0.0
0.0
0.0
0.0
0.0
0.0
0.0
0.0
0.0
0.0
0.0
0.0
0.0
0.0
0.0
0.0
0.0
0.0
0.0
0.0
0.0
0.0
0.0
0.0
0.0
0.0
0.0
0.0
0.0
0.0
0.0
0.0
0.0
0.0
0.0
0.0
0.0000000000
0.0
0.0
0.0
0.0
0.0
0.0894409938
0.0217391304
0.0
0.0
0.0
0.0
0.0
0.0728008089
0.0
0.0
0.0
0.0
0.0
0.0217391304
0.0
0.0
0.0
0.0
0.0434782609
0.0
0.0000000000
0.0823798627
0.0887681159
0.0
0.0
0.0920716113
0.0000000000
0.0
0.0217391304
0.0665760870
0.0695652174
0.0590648072
0.0590648072
0.0887681159
0.0
0.0484189723
0.0
0.0745341615
0.0
0.0
0.0846063455
0.0000000000
0.0
0.0665760870
0.0626086957
0.0665760870
0.0
0.0000000000
0.0
0.0289855072
0.0289855072
0.0
0.0000000000
0.0000000000
0.0665760870
0.0000000000
0.0
0.0447204969
0.0484189723
0.0590648072
0.0000000000
0.0000000000
0.0000000000
0.0530582167
0.0000000000
0.0000000000
0.0000000000
0.0000000000
0.0000000000
0.0217391304
0.0000000000
0.0000000000
0.0000000000
