0.0
0.0
0.0
0.0
0.0
0.0
0.1746630728
0.0
0.0
0.0
0.0
0.0
0.2495186754
0.0
0.0
0.1988034975
0.0
0.0
0.0
0.0
0.0
0.0
0.0
0.0
0.0
0.0
0.0
0.1686402082
0.1811320755
0.2285311233
0.0
0.2243378916
0.1577601948
0.0
0.0
0.0
0.1577601948
0.0000000000
0.1956226415
0.0
0.1722030295
0.1880986938
0.1925419700
0.1852487136
0.2054859680
0.1722030295
0.0
0.0
0.0
0.1866628259
0.0
0.2222984563
0.1273584906
0.0
0.1698113208
0.0
0.1956226415
0.1557505108
0.2037735849
0.0000000000
0.1910377358
0.1880986938
0.0
0.1641129543
0.0000000000
0.0
0.2285311233
0.0000000000
0.1381515830
0.0
0.1587846116
0.1587846116
0.2876803552
0.1587846116
0.1784878116
0.0
0.2054859680
0.0000000000
0.0000000000
0.2469982847
0.0188679245
0.1771944217
0.0000000000
0.0000000000
0.1587846116
0.0000000000
0.0000000000
0.0000000000
0.0000000000
0.0000000000
0.0000000000
0.0000000000
0.0188679245
