0.0
0.0
0.0
0.0
0.1311700033
0.0
0.1613056200
0.0
0.0
0.0946200284
0.0
0.1321239669
0.0
0.1431885356
0.0
0.1365943267
0.1038858925
0.1386797363
0.0
0.0
0.1381524369
0.0857441673
0.0
0.0
0.0
0.1326061712
0.1082983336
0.1225433083
0.1480003703
0.1316452569
0.0
0.0
0.1509204191
0.1363380522
0.1372392480
0.1480003703
0.1409664051
0.1263794466
0.1150723386
0.0
0.0
0.1559403043
0.1531468531
0.1340741362
0.0
0.1447573343
0.1430476020
0.1308158089
0.1144380816
0.1207112655
0.1210127924
0.1228540690
0.1486056888
0.1334585525
0.1322441889
0.1433297472
0.1244318182
0.0
0.1158058674
0.1593600478
0.0
0.1033686797
0.0858454599
0.1436130075
0.0
0.1490629371
0.0
0.0901590345
0.1394782760
0.1309336609
0.1506076307
0.1450462711
0.0000000000
0.1457736847
0.1390778599
0.1293028146
0.1082983336
0.0060606061
0.1003704169
0.1280496596
0.1401507846
0.1557731657
0.1377595864
0.0
0.1523441967
0.1321239669
0.1355749661
0.0
0.0976066915
0.0984663710
0.1496769965
0.0
0.1225433083
0.1143480438
0.1103541106
0.0
0.1037375900
0.1270422759
0.1270422759
0.1449016587
0.1381524369
0.1265996199
0.1143480438
0.1061624278
0.1264894375
0.1406934788
0.0
0.1113688610
0.1510773011
0.0
0.1168298743
0.1162690909
0.0030303030
0.1244318182
0.1017761650
0.1299967474
0.1221313980
0.0
0.0982666421
0.1473999631
0.1209121162
0.1304635221
0.0882966972
0.1326061712
0.0000000000
0.1310517256
0.0940079972
0.1262696469
0.0000000000
0.1349455558
0.0
0.0
0.0762520271
0.0030303030
0.1590113388
0.0030303030
0.1338272225
0.1136328097
0.0974104314
0.1363380522
0.1219264796
0.1298805752
0.0931643357
0.0
0.1122288522
0.1492159791
0.1168298743
0.0000000000
0.1330919081
0.1252899687
0.1076565657
0.1363380522
0.1199144914
0.1322441889
0.1170180061
0.0954276846
0.0000000000
0.0000000000
0.1191281669
0.1098536384
0.1329701406
0.0000000000
0.1131903144
0.0944969855
0.1362102752
0.1185451579
0.1311700033
0.0040404040
0.0926890074
0.1466562701
0.0
0.0
0.0040404040
0.0
0.0992734724
0.0030303030
0.0
0.1349455558
0.1067080497
0.0
0.1074973104
0.0927481580
0.1094400329
0.1441829004
0.0000000000
0.0983997046
0.1192258931
0.0
0.0000000000
0.1140787784
0.1085409736
0.1279369398
0.1287301715
0.1142581475
0.1289586190
0.0000000000
0.1162690909
0.1367228256
0.1232708767
0.1241130347
0.0
0.1174909973
0.1294179552
0.0
0.1202120460
0.0068181818
0.0
0.0959315932
0.0
0.0933438431
0.0030303030
0.1374989249
0.0
0.1091113841
0.1056223573
0.1109437890
0.1042585105
0.1138107781
0.0
0.1138999715
0.0000000000
0.1295333009
0.1389448983
0.0000000000
0.0
0.1280496596
0.0000000000
0.0000000000
0.1297646104
0.1400157646
0.0987339427
0.1330919081
0.0
0.1473999631
0.1272647668
0.0760525189
0.1299967474
0.0
0.1195200359
0.0762120418
0.1299967474
0.0000000000
0.0000000000
0.0000000000
0.1173013427
0.0860997415
0.1148904060
0.0000000000
0.1136328097
0.0951154212
0.1244318182
0.0000000000
0.1091113841
0.1155297008
0.0925709323
0.0911771416
0.1212146486
0.1161761500
0.1314072004
0.1211136364
0.0
0.1006484513
0.1023495519
0.0000000000
0.0860487647
0.1181596452
0.1087847033
0.1080567759
0.0060606061
0.0000000000
0.0000000000
0.1571203931
0.0856431135
0.0000000000
0.0030303030
0.0
0.0000000000
0.0000000000
0.0000000000
0.1151635211
0.0040404040
0.1219264796
0.0000000000
0.0040404040
0.1120557931
0.0000000000
0.0970850792
0.0030303030
0.0030303030
0.1094400329
0.0
0.0030303030
0.1185451579
0.0901590345
0.0030303030
0.1104379663
0.0970850792
0.0898802496
0.0927481580
0.0000000000
0.0000000000
0.0000000000
0.0994092775
0.1122288522
0.0000000000
0.0000000000
0.0000000000
0.0030303030
0.0986669135
0.0000000000
0.0000000000
0.0030303030
0.0000000000
0.0030303030
0.0030303030
0.0995454545
0.0045454545
0.0000000000
0.1054690592
0.0940079972
0.0030303030
0.1231664099
0.0859469921
0.0030303030
0.0000000000
0.0000000000
0.0068181818
0.0045454545
0.0000000000
0.0000000000
0.0000000000
0.0000000000
0.1094400329
0.0030303030
0.0000000000
0.0000000000
0.0000000000
0.0000000000
0.0000000000
0.0000000000
0.1181596452
0.0030303030
0.0000000000
0.0000000000
0.1126638478
0.0000000000
0.0000000000
0.1077363704
0.1147996553
0.0849920255
0.0000000000
0.0000000000
0.0000000000
0.0000000000
0.1122288522
0.0030303030
0.0000000000
0.0000000000
0.0000000000
0.0000000000
0.0030303030
0.0976066915
0.0926890074
0.0030303030
0.0000000000
0.0000000000
0.0000000000
0.0000000000
0.0000000000
0.0000000000
0.0000000000
0.0000000000
0.0000000000
0.0000000000
0.0000000000
0.0030303030
0.1219264796
0.0000000000
0.0000000000
0.0000000000
0.0000000000
0.0000000000
0.0000000000
