0.0
0.0
0.0
0.0
0.0
0.0
0.0
0.2424770131
0.0
0.0
0.0
0.0
0.0
0.0
0.0
0.0
0.0
0.0
0.0
0.0
0.2157822961
0.0
0.0
0.1479262281
0.0
0.0
0.0
0.0
0.0
0.0
0.0
0.2283521385
0.2272489881
0.1537272567
0.0
0.0
0.0
0.1639043224
0.0
0.1093966059
0.0
0.0
0.0
0.2054172076
0.0
0.2375784876
0.0
0.0
0.0
0.0
0.0
0.0
0.0
0.2272489881
0.2570521341
0.0
0.0
0.1775114737
0.0
0.1968223454
0.0
0.2100024131
0.0
0.1993243243
0.2208476082
0.1935824714
0.0000000000
0.0
0.1976493300
0.0
0.1881621622
0.1674040589
0.2462855526
0.0
0.0
0.0000000000
0.2100024131
0.1594594595
0.0
0.0
0.0
0.1639043224
0.1395861737
0.0
0.1768441374
0.2250743567
0.1264530660
0.0
0.1984832934
0.1656357061
0.0
0.1984832934
0.2177802803
0.2598924892
0.0
0.1904475326
0.1904475326
0.1093966059
0.2198156100
0.1912217095
0.1729431638
0.0
0.2054172076
0.1788613709
0.0
0.0000000000
0.0
0.0000000000
0.2488917489
0.0
0.1292322542
0.1960022523
0.2018907319
0.1742242242
0.0000000000
0.0
0.1434162821
0.1434162821
0.0
0.1742242242
0.1465437400
0.0
0.0
0.2081439847
0.1395861737
0.1542312805
0.1650545282
0.0000000000
0.2128531246
0.1775114737
0.0000000000
0.1465437400
0.0000000000
0.0000000000
0.1451868535
0.1190899761
0.0000000000
0.0000000000
0.0000000000
0.0000000000
0.0000000000
0.0000000000
