0.0
0.0
0.0
0.0
0.0
0.0
0.0
0.0
0.0
0.0
0.0
0.0
0.0
0.0
0.0
0.0
0.0
0.0
0.0
0.0
0.0
0.0
0.0
0.0
0.0
0.0
0.0
0.0
0.0
0.0887703047
0.0
0.1162305275
0.0
0.0
0.0
0.0
0.0
0.0806427025
0.0
0.0
0.1139840552
0.0
0.0
0.0
0.0716161698
0.0
0.0
0.0
0.0
0.1069724177
0.0
0.0
0.1096532139
0.0
0.1043392505
0.0
0.0
0.0
0.0
0.0
0.0
0.0
0.0
0.0
0.0
0.0
0.0
0.0
0.0
0.0
0.1205698006
0.1019091102
0.0830116436
0.0
0.0531300531
0.0
0.1079085327
0.0
0.0856319606
0.0
0.0
0.0973733135
0.0
0.0
0.0993707148
0.1137928067
0.0
0.0965416553
0.0
0.1068881211
0.0
0.0
0.0
0.0
0.0
0.0
0.0000000000
0.0859575574
0.0
0.0
0.0
0.0922100786
0.0812221710
0.0776422585
0.0
0.0
0.0
0.0
0.0
0.1081666871
0.0933523920
0.0
0.0992253297
0.1045805903
0.0
0.1100089421
0.0
0.0
0.0
0.0
0.0
0.0
0.1000302549
0.1042590512
0.0
0.0841967881
0.0
0.0
0.0
0.0
0.0
0.0
0.0
0.0
0.0
0.0925245741
0.0964729912
0.0
0.0
0.1180513713
0.0
0.0
0.0954546275
0.0
0.0987198149
0.0
0.0034188034
0.0
0.1100089421
0.0993707148
0.0082051282
0.0
0.0
0.0
0.0
0.1104568613
0.1046612852
0.0
0.0955891654
0.1198242276
0.0
0.0
0.1100089421
0.0
0.0966104171
0.0751473826
0.0000000000
0.0
0.0
0.0895320301
0.0
0.0
0.0
0.0
0.0875103391
0.0995165265
0.0
0.0
0.0857402185
0.0000000000
0.0762456580
0.0
0.0950532766
0.0000000000
0.0819088319
0.0
0.0
0.1070568474
0.0947875791
0.1131284618
0.0
0.1078227549
0.0962675838
0.0
0.0
0.0890032977
0.0025641026
0.0869493754
0.0
0.0
0.1248996553
0.1166302886
0.0
0.0964044248
0.0915874582
0.0
0.0
0.0
0.0802609619
0.0
0.0638912038
0.0
0.0
0.0
0.0068376068
0.0
0.0
0.0
0.0000000000
0.0
0.0
0.0955218490
0.0646217368
0.0000000000
0.0
0.1122856173
0.0
0.0690988414
0.0
0.0829101624
0.0
0.0918977138
0.0
0.0954546275
0.0837807447
0.0939993248
0.1017562083
0.0000000000
0.0
0.1143684870
0.1059695513
0.0
0.0
0.0051282051
0.1174381174
0.0583653294
0.0
0.0867824860
0.0
0.0903671057
0.0
0.0
0.0
0.0
0.0
0.0967482351
0.0
0.1145616771
0.0905480812
0.0999565406
0.0025641026
0.0051282051
0.0
0.1028362590
0.0599916080
0.1009233822
0.0
0.0000000000
0.0
0.0
0.0082051282
0.0
0.0756081525
0.1053113553
0.1150475196
0.0893550894
0.1047421047
0.0802134983
0.0771564423
0.0639514501
0.0646833694
0.0877367566
0.1090361942
0.1078227549
0.0792295711
0.0
0.0
0.1216511441
0.0000000000
0.0
0.0
0.0
0.0848817432
0.0940645115
0.0
0.0
0.0000000000
0.0034188034
0.0833687926
0.0
0.0
0.0992979690
0.0927777193
0.0777758175
0.0
0.0
0.0
0.0
0.0
0.0
0.0755239564
0.1016037645
0.0
0.0968172917
0.1133174817
0.0025641026
0.1090361942
0.0
0.0000000000
0.0
0.1178462430
0.0995165265
0.0582650454
0.0000000000
0.0963359557
0.0025641026
0.1069724177
0.0923985188
0.1151451831
0.1082530133
0.0928412222
0.0
0.0852016493
0.1000302549
0.0989358320
0.0811250153
0.0920848782
0.0867269985
0.0955218490
0.1023705854
0.0
0.0
0.0
0.0914639418
0.0
0.0
0.0785869210
0.0546939620
0.0
0.0045584046
0.0948538641
0.0
0.0
0.0000000000
0.0
0.0764174792
0.0
0.0
0.0958593821
0.0000000000
0.1002520515
0.0727297725
0.0
0.0797888386
0.0
0.0821071584
0.0
0.0811735641
0.0000000000
0.0
0.0025641026
0.0000000000
0.0824064554
0.0
0.0751473826
0.0799298914
0.0724578128
0.0051282051
0.0000000000
0.0025641026
0.0766766680
0.0645602216
0.0000000000
0.0922100786
0.0876234016
0.0000000000
0.1029924265
0.0973733135
0.0051282051
0.0869493754
0.0836257865
0.0000000000
0.0900073163
0.0
0.0865609608
0.0034188034
0.0670494442
0.0998094376
0.1069724177
0.0000000000
0.0847226893
0.0068376068
0.0
0.0899476297
0.0025641026
0.0
0.0
0.0951199338
0.0665559498
0.0000000000
0.0
0.0829101624
0.0
0.0000000000
0.0000000000
0.0000000000
0.0796015409
0.0713524596
0.0638912038
0.0034188034
0.0782243516
0.0733988234
0.0000000000
0.1006239063
0.0751473826
0.1096532139
0.0822565347
0.0971640585
0.0045584046
0.0955891654
0.0
0.0887122470
0.0819583237
0.0602046274
0.0000000000
0.0802134983
0.0737179487
0.0772003561
0.0776422585
0.0885385285
0.0000000000
0.0000000000
0.0025641026
0.0914639418
0.0000000000
0.0
0.1031490689
0.0000000000
0.0887703047
0.0810765246
0.0000000000
0.0
0.0025641026
0.0025641026
0.0879643487
0.0819088319
0.0953204678
0.0000000000
0.0
0.0000000000
0.0
0.0000000000
0.0051282051
0.0887122470
0.0730824492
0.0000000000
0.0000000000
0.1028362590
0.0719962981
0.0000000000
0.0051282051
0.0749812193
0.0000000000
0.0906085676
0.0667524732
0.0932881882
0.1077371133
0.0956565766
0.0728078506
0.0025641026
0.0
0.0829608720
0.0843014454
0.0869493754
0.0000000000
0.0000000000
0.0000000000
0.0000000000
0.0000000000
0.0000000000
0.0889449348
0.0776422585
0.0967482351
0.0792295711
0.0
0.0051282051
0.0723418803
0.0000000000
0.0025641026
0.0000000000
0.0000000000
0.0678884012
0.0906085676
0.0000000000
0.0000000000
0.0000000000
0.0855239758
0.0000000000
0.0000000000
0.0000000000
0.0000000000
0.0000000000
0.0000000000
0.0000000000
0.0000000000
0.0000000000
0.0906085676
0.0577195854
0.0000000000
0.0000000000
0.0034188034
0.1001780101
0.0744871091
0.0000000000
0.0000000000
0.0741207790
0.0857402185
0.0000000000
0.0000000000
0.0
0.0000000000
0.0668841349
0.0666868366
0.0000000000
0.0876234016
0.0000000000
0.0000000000
0.0000000000
0.0000000000
0.0730824492
0.0000000000
0.0000000000
0.0000000000
0.0000000000
0.0927777193
0.0000000000
0.0666868366
0.0000000000
0.0000000000
0.0790448867
0.0000000000
0.0000000000
0.0000000000
0.0500705152
0.0000000000
0.0000000000
0.0000000000
0.0000000000
0.0000000000
0.0000000000
0.0000000000
0.0
0.0000000000
0.0850947463
0.0000000000
0.0000000000
0.0000000000
0.0701712497
0.0000000000
0.0000000000
0.0034188034
0.0744053898
0.0025641026
0.0000000000
0.0000000000
0.0025641026
0.0000000000
0.0000000000
0.0000000000
0.0000000000
0.0000000000
0.0000000000
0.0000000000
0.0000000000
0.0000000000
0.0000000000
0.0000000000
0.0000000000
0.0847756410
0.0000000000
0.0000000000
0.0000000000
0.0905480812
0.0000000000
0.0000000000
0.0000000000
0.0000000000
0.0000000000
0.0000000000
0.0000000000
0.0000000000
0.0795548537
0.0000000000
0.0000000000
0.0000000000
0.0000000000
0.0000000000
0.0000000000
0.0000000000
