0.0
0.0
0.0
0.0
0.0
0.0
0.0
0.0
0.0
0.0
0.0
0.0
0.0
0.0
0.0
0.0886358390
0.0
0.0
0.0
0.0
0.0
0.0
0.0
0.0
0.0
0.0
0.0
0.0
0.0
0.0000000000
0.0
0.1119424740
0.0
0.0
0.0
0.0
0.1012524720
0.0060975610
0.0830060886
0.0
0.1038726838
0.0
0.0
0.0732661303
0.0730755812
0.0
0.0
0.0
0.0
0.0894826783
0.0
0.0
0.0890572456
0.0
0.0803935936
0.0
0.0
0.1091167417
0.0
0.0
0.0
0.0
0.0
0.0
0.0
0.0
0.0
0.0
0.0
0.0
0.0833755519
0.0909306180
0.0797093928
0.0
0.0779405298
0.0
0.0967213803
0.0
0.0060975610
0.0
0.0977306469
0.0831288786
0.0
0.1097560976
0.0954076773
0.0774037492
0.0
0.1093290310
0.0924261874
0.0738437871
0.0
0.0
0.0
0.0
0.0
0.0
0.0000000000
0.0729806779
0.0
0.0
0.0
0.0968881413
0.0000000000
0.0081300813
0.0
0.0060975610
0.0
0.0
0.0
0.0918220947
0.0000000000
0.0000000000
0.1144503502
0.0941291825
0.0653431651
0.1173175824
0.1019875172
0.0000000000
0.0
0.0
0.0
0.0
0.0693766938
0.1032998565
0.0
0.0760421136
0.0
0.0
0.0
0.0
0.0
0.0977306469
0.0060975610
0.0
0.0060975610
0.0962245239
0.1126154749
0.0
0.0
0.0588430596
0.0872595061
0.0
0.0060975610
0.0
0.0654954801
0.0
0.0730755812
0.0
0.1226967728
0.0060975610
0.0000000000
0.0000000000
0.0833755519
0.0884962550
0.0
0.0751271684
0.0831288786
0.0957327461
0.0726035167
0.0656485070
0.0060975610
0.0
0.0827615934
0.0979009093
0.0821566110
0.0000000000
0.0000000000
0.0750268651
0.0
0.0887758641
0.0
0.0713136065
0.0770852153
0.0
0.0060975610
0.0654192339
0.0
0.0
0.0962245239
0.0000000000
0.0060975610
0.0
0.0623697247
0.0000000000
0.0000000000
0.0769796191
0.0838733163
0.0659567159
0.0636411347
0.0734576758
0.0
0.0856632957
0.0955699353
0.0
0.0060975610
0.0575769692
0.0637856095
0.0925784546
0.0
0.0000000000
0.0121951220
0.0734576758
0.0589665498
0.0589665498
0.0000000000
0.0
0.0
0.0860568483
0.0000000000
0.0
0.0000000000
0.0731707317
0.0827615934
0.0
0.1036810368
0.0
0.0654954801
0.0
0.0992846678
0.0
0.0998137157
0.0000000000
0.0000000000
0.0000000000
0.0000000000
0.0702439024
0.0000000000
0.0000000000
0.0838733163
0.0000000000
0.0000000000
0.0984152749
0.0564208052
0.0665818980
0.0536725138
0.0590284894
0.0728860207
0.0871242201
0.0000000000
0.0594657375
0.0734576758
0.0000000000
0.0864540338
0.0000000000
0.0653431651
0.0000000000
0.0000000000
0.0000000000
0.0
0.0564208052
0.0000000000
0.0
0.0060975610
0.0081300813
0.0000000000
0.0000000000
0.0
0.0000000000
0.0000000000
0.0000000000
0.0000000000
0.0000000000
0.0
0.0000000000
0.0788150378
0.0000000000
0.0540337711
0.0000000000
0.0831288786
0.0000000000
0.0000000000
0.0
0.0000000000
0.0000000000
0.0000000000
0.0000000000
0.0000000000
0.0000000000
0.0000000000
0.0000000000
0.0000000000
