0.0
0.0
0.0
0.0
0.0
0.0
0.2084983247
0.0
0.0
0.0
0.0
0.0
0.2586923658
0.0
0.0
0.2347796261
0.0
0.0
0.0
0.0
0.0
0.0
0.0
0.0
0.2165796551
0.0
0.0
0.2308989712
0.2235102041
0.2494533528
0.0
0.2165796551
0.1779539841
0.0
0.0
0.0
0.1735327671
0.0000000000
0.2054321729
0.0
0.1714035307
0.2024548950
0.2539888683
0.1953760525
0.2517006803
0.1802501646
0.0
0.0
0.0
0.2084983247
0.0
0.2387929531
0.1526709044
0.0
0.1693259122
0.0
0.2199903583
0.1900596973
0.2235102041
0.0000000000
0.2387929531
0.2054321729
0.0
0.2347796261
0.0000000000
0.0
0.2347796261
0.0000000000
0.1403958568
0.0
0.1900596973
0.1462763116
0.2686420722
0.1462763116
0.2069538927
0.0
0.1802501646
0.0000000000
0.0000000000
0.2054321729
0.0000000000
0.1779539841
0.0000000000
0.0000000000
0.1633846521
0.0000000000
0.0000000000
0.0000000000
