0.0
0.0
0.0
0.0
0.0
0.1864516129
0.0
0.1501298701
0.0
0.0
0.0
0.1675362319
0.1427160494
0.0
0.0
0.0
0.0
0.0
0.1594482759
0.0
0.1792248062
0.0
0.0
0.1401212121
0.0
0.0
0.0457142857
0.0
0.0
0.0
0.0
0.1712592593
0.1778461538
0.1926666667
0.0
0.0
0.0
0.1616783217
0.0
0.0457142857
0.0
0.0
0.0
0.2010434783
0.0
0.2335353535
0.0
0.2121100917
0.1454088050
0.0
0.0
0.1572789116
0.2101818182
0.1910743802
0.1751515152
0.0
0.0320000000
0.1687591241
0.0
0.1663309353
0.0
0.1583561644
0.0
0.1993103448
0.1551677852
0.0533333333
0.0320000000
0.0
0.0000000000
0.1270329670
0.1204166667
0.0200000000
0.1993103448
0.1427160494
0.0000000000
0.1204166667
0.1806250000
0.0000000000
0.0
0.0
0.0200000000
0.0000000000
0.1926666667
0.1270329670
0.1806250000
0.1454088050
0.0000000000
0.1687591241
0.0000000000
0.0000000000
0.0000000000
0.0000000000
