0.0
0.0
0.0
0.0
0.0
0.0
0.0
0.0
0.0
0.0
0.0
0.0
0.0
0.0
0.0
0.0
0.0
0.0
0.0
0.0
0.0
0.0
0.0
0.0
0.0
0.0
0.0
0.0
0.0
0.0
0.0
0.0000000000
0.0
0.0
0.0
0.0
0.0
0.0
0.0
0.0
0.0
0.0
0.0
0.0
0.0
0.0
0.0
0.0
0.0
0.0
0.0
0.0
0.0914836993
0.0
0.0
0.0
0.0
0.0
0.0
0.0
0.0
0.1064653504
0.0
0.0
0.0
0.0
0.0
0.0
0.0
0.0
0.0883108542
0.0
0.0
0.0
0.0
0.0
0.0
0.0
0.0
0.0
0.0
0.0
0.0
0.0
0.0
0.1273148148
0.0
0.0
0.0
0.0
0.0
0.0202020202
0.0
0.0
0.0
0.0
0.1193576389
0.0
0.0
0.0
0.0000000000
0.0
0.1202974628
0.0
0.0
0.0
0.0
0.0
0.0
0.0
0.0
0.1018518519
0.0
0.0
0.0
0.0
0.0
0.0
0.0
0.0
0.1001821494
0.0
0.1527777778
0.1352015733
0.1448130595
0.0
0.0883108542
0.0
0.0000000000
0.0
0.0
0.0
0.0
0.0
0.0
0.0
0.1364087302
0.0
0.0101010101
0.0
0.0
0.0998547567
0.1018518519
0.1273148148
0.0
0.0
0.0795717593
0.0
0.0
0.0
0.0000000000
0.1232078853
0.0
0.0
0.0
0.0
0.0
0.0
0.0000000000
0.1032282282
0.0
0.1032282282
0.0
0.0
0.0
0.0
0.0
0.0
0.0000000000
0.0
0.0
0.0
0.0
0.0
0.0
0.0
0.0
0.0
0.1046423135
0.0
0.0
0.1364087302
0.0
0.1262626263
0.0
0.0
0.0
0.1575028637
0.1039304611
0.1091269841
0.0
0.0
0.0000000000
0.0
0.0000000000
0.0
0.0
0.0925925926
0.1107085346
0.0
0.0000000000
0.0000000000
0.1068376068
0.0
0.0
0.0
0.0
0.0
0.0
0.0000000000
0.0
0.0700815494
0.0
0.1267865376
0.0000000000
0.0101010101
0.0134680135
0.0
0.1512651265
0.0000000000
0.0000000000
0.0851129681
0.0000000000
0.0134680135
0.1212522046
0.0000000000
0.1311397234
0.1153039832
0.0
0.0
0.0000000000
0.1212522046
0.1483279396
0.0
0.0
0.0760088447
0.0000000000
0.0878033206
0.0000000000
0.0101010101
0.0
0.0000000000
0.0
0.0623582766
0.0
0.1242095754
0.0000000000
0.0000000000
0.1005116959
0.0000000000
0.0000000000
0.0000000000
0.0925925926
0.0000000000
0.0000000000
0.0000000000
0.0863151287
0.0863151287
0.1107085346
0.0000000000
0.0992063492
0.1207729469
0.0
0.1018518519
0.0000000000
0.0878033206
0.0
0.0101010101
0.1352015733
0.0000000000
0.1242095754
0.0000000000
0.0
0.0853507138
0.1202974628
0.0000000000
0.0000000000
0.0000000000
0.1046423135
0.0000000000
0.0000000000
