0.0
0.0
0.0
0.0
0.1416305214
0.0
0.1250195343
0.0
0.0
0.1065956029
0.0
0.0850973301
0.0
0.1511430191
0.0
0.1017746963
0.1163974975
0.1387203052
0.0
0.1071596008
0.1112811239
0.0836907626
0.0
0.0
0.0
0.1377766296
0.1170703154
0.1007620127
0.0000000000
0.1125175809
0.0
0.0
0.1220070154
0.1396769969
0.1191362621
0.1478333179
0.0904159132
0.1522794328
0.0284810127
0.0
0.0284810127
0.1306655778
0.1106730304
0.0000000000
0.0
0.0126582278
0.0189873418
0.0000000000
0.0000000000
0.1112811239
0.0731161175
0.0997692835
0.0000000000
0.0000000000
0.1049386765
0.0000000000
0.0888296691
0.1281845858
0.0126582278
0.0000000000
0.0924802035
0.0884417666
0.0000000000
0.0836907626
0.0858184939
0.1112811239
0.0
0.0775983316
0.0997692835
0.0916432785
0.0000000000
0.0000000000
0.0126582278
0.0912304710
0.0126582278
0.1028079419
0.0000000000
0.0675105485
0.0000000000
0.0000000000
0.0000000000
0.0000000000
0.0000000000
0.0000000000
0.0000000000
0.0836907626
0.0000000000
0.0189873418
0.0000000000
0.0000000000
0.0000000000
0.0
0.0000000000
0.0000000000
0.0000000000
0.0000000000
0.0000000000
0.0000000000
0.0000000000
0.0000000000
