0.0
0.0
0.0
0.0
0.0
0.0
0.1343071527
0.0
0.0
0.0
0.0
0.0
0.0
0.0
0.0
0.1349121399
0.0
0.0
0.0
0.0
0.0
0.0
0.0
0.0
0.0
0.0
0.0
0.0
0.0
0.0868130291
0.0
0.1751490939
0.1673212014
0.0
0.0
0.0
0.1721292819
0.0000000000
0.0000000000
0.0
0.1645631596
0.0995033058
0.0
0.0841306041
0.1399555843
0.0
0.0
0.0
0.0
0.1130207360
0.0
0.0
0.1584682278
0.0
0.0000000000
0.0
0.0991738247
0.1285428972
0.0
0.0
0.0
0.0
0.0
0.0
0.0
0.0
0.0
0.0000000000
0.0
0.0
0.1117555785
0.1337075672
0.1285428972
0.0
0.1426214050
0.0
0.1130207360
0.1446883819
0.0000000000
0.1058321380
0.1269088773
0.1497524752
0.1307881880
0.1367602514
0.1198019802
0.1232530660
0.0
0.1081245309
0.0099009901
0.1156389770
0.0
0.0
0.0
0.1535922823
0.0
0.0
0.0099009901
0.1147528546
0.0
0.0
0.0
0.1169941213
0.1058321380
0.0000000000
0.0
0.1419454742
0.0
0.0
0.0904848793
0.0000000000
0.1247937294
0.1343071527
0.1543839951
0.1097087731
0.0000000000
0.0000000000
0.1302195437
0.1313618204
0.0966145002
0.0
0.0
0.0888738726
0.1263733968
0.1029226634
0.0
0.1361386139
0.1253158789
0.0000000000
0.0
0.0000000000
0.1584682278
0.1331133113
0.1263733968
0.0
0.1331133113
0.1232530660
0.0000000000
0.0
0.1054594896
0.1081245309
0.1636639074
0.0000000000
0.0000000000
0.0000000000
0.1212570650
0.0099009901
0.0000000000
0.0
0.0000000000
0.0099009901
0.0000000000
0.0000000000
0.0000000000
0.0099009901
0.0000000000
0.0000000000
0.0000000000
0.0000000000
0.0000000000
0.0000000000
0.0099009901
0.0000000000
0.0000000000
0.0000000000
0.0000000000
0.0000000000
0.0000000000
0.0000000000
0.0000000000
0.0000000000
0.0000000000
0.0000000000
0.0000000000
0.0000000000
0.0000000000
