0.0
0.0
0.0
0.0
0.0
0.0
0.0024067389
0.0
0.0
0.0
0.0
0.0
0.0
0.0
0.0
0.0
0.0
0.0
0.0
0.0
0.0
0.0
0.0
0.0094961544
0.0
0.0
0.0
0.0
0.0
0.0
0.0
0.0
0.0
0.0
0.0
0.0
0.0
0.0
0.0
0.0
0.0
0.0
0.0000000000
0.0
0.0
0.0
0.0
0.0
0.0
0.0
0.0
0.0
0.0101083032
0.0
0.0032233110
0.0
0.0
0.0
0.0000000000
0.0
0.0
0.0000000000
0.0
0.0
0.0
0.0018050542
0.0
0.0072202166
0.0018050542
0.0
0.0057761733
0.0018050542
0.0
0.0
0.0
0.0
0.0
0.0
0.0
0.0
0.0
0.0
0.0
0.0000000000
0.0
0.0048134777
0.0
0.0
0.0
0.0
0.0
0.0
0.0072202166
0.0
0.0000000000
0.0
0.0
0.0
0.0062243247
0.0
0.0
0.0
0.0
0.0
0.0
0.0
0.0
0.0
0.0
0.0
0.0
0.0018050542
0.0
0.0
0.0
0.0
0.0
0.0106179656
0.0
0.0
0.0
0.0053089828
0.0
0.0018050542
0.0
0.0040613718
0.0
0.0
0.0018050542
0.0
0.0
0.0
0.0
0.0
0.0
0.0018050542
0.0
0.0
0.0
0.0036101083
0.0054698611
0.0
0.0
0.0
0.0
0.0
0.0018050542
0.0000000000
0.0057761733
0.0000000000
0.0000000000
0.0
0.0000000000
0.0
0.0
0.0
0.0
0.0
0.0
0.0
0.0
0.0
0.0
0.0
0.0
0.0
0.0
0.0
0.0024067389
0.0
0.0082047916
0.0
0.0
0.0
0.0018050542
0.0
0.0
0.0072202166
0.0
0.0
0.0
0.0000000000
0.0
0.0
0.0
0.0
0.0
0.0
0.0000000000
0.0
0.0000000000
0.0
0.0
0.0
0.0000000000
0.0
0.0
0.0
0.0018050542
0.0
0.0000000000
0.0057761733
0.0
0.0
0.0
0.0
0.0028880866
0.0040613718
0.0
0.0
0.0000000000
0.0
0.0
0.0024067389
0.0000000000
0.0
0.0
0.0041258381
0.0078620136
0.0018050542
0.0
0.0
0.0
0.0
0.0
0.0000000000
0.0
0.0
0.0000000000
0.0
0.0
0.0
0.0062243247
0.0
0.0024067389
0.0
0.0
0.0018050542
0.0
0.0
0.0027075812
0.0
0.0
0.0
0.0
0.0000000000
0.0
0.0
0.0
0.0000000000
0.0
0.0071091364
0.0024067389
0.0
0.0
0.0018050542
0.0000000000
0.0
0.0
0.0032089852
0.0
0.0000000000
0.0
0.0
0.0
0.0
0.0018050542
0.0
0.0000000000
0.0018050542
0.0
0.0042977480
0.0000000000
0.0079671356
0.0
0.0
0.0
0.0
0.0
0.0
0.0
0.0
0.0
0.0027075812
0.0
0.0
0.0084017066
0.0
0.0
0.0018050542
0.0
0.0
0.0000000000
0.0
0.0024067389
0.0
0.0
0.0018050542
0.0
0.0
0.0062243247
0.0
0.0
0.0
0.0
0.0000000000
0.0
0.0069425160
0.0000000000
0.0
0.0
0.0
0.0
0.0
0.0075314328
0.0
0.0000000000
0.0024067389
0.0
0.0036101083
0.0000000000
0.0032089852
0.0
0.0000000000
0.0
0.0
0.0000000000
0.0
0.0
0.0
0.0000000000
0.0
0.0041258381
0.0036101083
0.0
0.0000000000
0.0
0.0
0.0000000000
0.0037265634
0.0
0.0056407942
0.0
0.0
0.0
0.0
0.0
0.0
0.0048134777
0.0036101083
0.0
0.0
0.0098275170
0.0
0.0
0.0024067389
0.0
0.0
0.0
0.0
0.0063176895
0.0
0.0048134777
0.0
0.0018050542
0.0
0.0
0.0
0.0000000000
0.0
0.0
0.0000000000
0.0000000000
0.0
0.0
0.0027075812
0.0
0.0047501425
0.0036101083
0.0
0.0000000000
0.0
0.0102687525
0.0000000000
0.0
0.0000000000
0.0000000000
0.0
0.0064466220
0.0090252708
0.0
0.0048134777
0.0018050542
0.0
0.0
0.0
0.0
0.0057761733
0.0027075812
0.0
0.0
0.0036101083
0.0
0.0036101083
0.0
0.0
0.0
0.0
0.0
0.0000000000
0.0
0.0045126354
0.0
0.0073706378
0.0000000000
0.0018050542
0.0000000000
0.0018050542
0.0072202166
0.0
0.0044025711
0.0
0.0041258381
0.0018050542
0.0
0.0
0.0
0.0024067389
0.0
0.0040613718
0.0
0.0
0.0000000000
0.0
0.0
0.0000000000
0.0000000000
0.0
0.0018050542
0.0
0.0018050542
0.0037605295
0.0
0.0
0.0
0.0000000000
0.0
0.0042786469
0.0000000000
0.0
0.0000000000
0.0
0.0
0.0048134777
0.0087364621
0.0
0.0110022348
0.0000000000
0.0
0.0051274002
0.0000000000
0.0018050542
0.0
0.0
0.0
0.0000000000
0.0
0.0
0.0
0.0
0.0
0.0068036656
0.0055279783
0.0057761733
0.0018050542
0.0048535901
0.0018050542
0.0
0.0018050542
0.0
0.0
0.0018050542
0.0
0.0000000000
0.0000000000
0.0
0.0028880866
0.0
0.0000000000
0.0
0.0018050542
0.0
0.0
0.0
0.0000000000
0.0000000000
0.0000000000
0.0036101083
0.0050227594
0.0
0.0000000000
0.0000000000
0.0
0.0060801824
0.0036101083
0.0062403301
0.0
0.0
0.0
0.0
0.0063300529
0.0
0.0044223827
0.0
0.0024067389
0.0000000000
0.0
0.0
0.0000000000
0.0024067389
0.0018050542
0.0
0.0000000000
0.0
0.0
0.0000000000
0.0018050542
0.0
0.0065516780
0.0
0.0018050542
0.0048134777
0.0000000000
0.0000000000
0.0
0.0028880866
0.0040613718
0.0018050542
0.0018050542
0.0
0.0000000000
0.0
0.0063176895
0.0
0.0
0.0000000000
0.0062243247
0.0000000000
0.0000000000
0.0024067389
0.0054429325
0.0
0.0018050542
0.0
0.0018050542
0.0
0.0000000000
0.0000000000
0.0024067389
0.0042977480
0.0
0.0
0.0000000000
0.0036101083
0.0018050542
0.0000000000
0.0000000000
0.0053271110
0.0
0.0
0.0
0.0018050542
0.0000000000
0.0000000000
0.0067954980
0.0024067389
0.0000000000
0.0062243247
0.0
0.0085572938
0.0000000000
0.0
0.0
0.0000000000
0.0
0.0086290394
0.0
0.0048535901
0.0041258381
0.0018050542
0.0036101083
0.0
0.0054698611
0.0079671356
0.0018050542
0.0024067389
0.0032089852
0.0
0.0066013409
0.0
0.0000000000
0.0000000000
0.0018050542
0.0
0.0
0.0000000000
0.0036101083
0.0088447653
0.0000000000
0.0024067389
0.0000000000
0.0
0.0024067389
0.0000000000
0.0018050542
0.0041258381
0.0
0.0000000000
0.0000000000
0.0048134777
0.0000000000
0.0102687525
0.0000000000
0.0
0.0000000000
0.0000000000
0.0054151625
0.0000000000
0.0000000000
0.0018050542
0.0057761733
0.0
0.0
0.0070455339
0.0000000000
0.0018050542
0.0000000000
0.0
0.0
0.0
0.0024067389
0.0036101083
0.0057761733
0.0036101083
0.0000000000
0.0018050542
0.0
0.0018050542
0.0000000000
0.0000000000
0.0
0.0
0.0018050542
0.0036101083
0.0
0.0056002962
0.0075210590
0.0000000000
0.0000000000
0.0000000000
0.0000000000
0.0098275170
0.0036101083
0.0000000000
0.0032089852
0.0000000000
0.0000000000
0.0000000000
0.0018050542
0.0000000000
0.0018050542
0.0
0.0000000000
0.0018050542
0.0018050542
0.0000000000
0.0053089828
0.0000000000
0.0000000000
0.0000000000
0.0018050542
0.0
0.0
0.0071091364
0.0028880866
0.0000000000
0.0000000000
0.0
0.0000000000
0.0000000000
0.0
0.0
0.0000000000
0.0041258381
0.0000000000
0.0036101083
0.0018050542
0.0000000000
0.0000000000
0.0
0.0075314328
0.0000000000
0.0048134777
0.0000000000
0.0024067389
0.0000000000
0.0
0.0018050542
0.0000000000
0.0000000000
0.0018050542
0.0000000000
0.0000000000
0.0036101083
0.0018050542
0.0000000000
0.0000000000
0.0
0.0000000000
0.0000000000
0.0
0.0000000000
0.0075274599
0.0065516780
0.0018050542
0.0000000000
0.0024067389
0.0000000000
0.0036101083
0.0018050542
0.0018050542
0.0000000000
0.0049137585
0.0018050542
0.0000000000
0.0018050542
0.0000000000
0.0000000000
0.0
0.0000000000
0.0018050542
0.0018050542
0.0000000000
0.0018050542
0.0056002962
0.0000000000
0.0
0.0036101083
0.0032490975
0.0
0.0000000000
0.0032490975
0.0000000000
0.0000000000
0.0000000000
0.0000000000
0.0000000000
0.0000000000
0.0018050542
0.0000000000
0.0
0.0000000000
0.0
0.0000000000
0.0000000000
0.0000000000
0.0018050542
0.0
0.0000000000
0.0018050542
0.0000000000
0.0066185319
0.0024067389
0.0032490975
0.0000000000
0.0000000000
0.0085572938
0.0058965102
0.0018050542
0.0000000000
0.0018050542
0.0042786469
0.0018050542
0.0018050542
0.0000000000
0.0000000000
0.0000000000
0.0
0.0000000000
0.0018050542
0.0000000000
0.0036101083
0.0000000000
0.0000000000
0.0000000000
0.0000000000
0.0000000000
0.0000000000
0.0000000000
0.0000000000
0.0000000000
0.0000000000
0.0018050542
0.0000000000
0.0
0.0059242803
0.0049137585
0.0000000000
0.0000000000
0.0
0.0000000000
0.0
0.0000000000
0.0000000000
0.0000000000
0.0000000000
0.0000000000
0.0000000000
0.0000000000
0.0000000000
0.0000000000
0.0
0.0024067389
0.0018050542
0.0000000000
0.0024067389
0.0018050542
0.0000000000
0.0018050542
0.0000000000
0.0000000000
0.0000000000
0.0028880866
0.0069425160
0.0000000000
0.0000000000
0.0000000000
0.0000000000
0.0000000000
0.0
0.0055279783
0.0
0.0000000000
0.0018050542
0.0056407942
0.0000000000
0.0000000000
0.0000000000
0.0000000000
0.0000000000
0.0000000000
0.0000000000
0.0000000000
0.0000000000
0.0
0.0000000000
0.0000000000
0.0000000000
0.0018050542
0.0000000000
0.0000000000
0.0036101083
0.0000000000
0.0000000000
0.0024067389
0.0000000000
0.0000000000
0.0000000000
0.0000000000
0.0000000000
0.0000000000
0.0000000000
0.0000000000
0.0000000000
0.0000000000
0.0000000000
0.0000000000
0.0000000000
0.0000000000
0.0000000000
0.0000000000
0.0000000000
0.0037605295
0.0000000000
0.0000000000
0.0000000000
0.0000000000
0.0000000000
0.0000000000
0.0000000000
0.0000000000
0.0000000000
0.0000000000
0.0000000000
0.0000000000
0.0000000000
0.0024067389
0.0049687512
0.0000000000
0.0000000000
0.0024067389
0.0000000000
0.0000000000
0.0000000000
0.0000000000
0.0018050542
0.0000000000
0.0000000000
0.0000000000
0.0000000000
0.0000000000
0.0000000000
0.0000000000
0.0000000000
0.0000000000
0.0000000000
0.0000000000
0.0000000000
0.0028880866
0.0000000000
0.0063300529
0.0000000000
0.0000000000
0.0000000000
0.0000000000
0.0000000000
0.0000000000
0.0000000000
0.0000000000
0.0000000000
0.0000000000
0.0000000000
0.0000000000
0.0000000000
0.0000000000
0.0000000000
0.0000000000
0.0000000000
0.0000000000
0.0000000000
0.0000000000
0.0000000000
0.0000000000
0.0000000000
0.0000000000
0.0000000000
0.0000000000
0.0000000000
0.0000000000
0.0000000000
0.0000000000
0.0000000000
0.0000000000
0.0000000000
0.0000000000
0.0000000000
0.0000000000
