0.0
0.0
0.0
0.0
0.0
0.0
0.0
0.0
0.0
0.0
0.0
0.0
0.0
0.0
0.0
0.0
0.0
0.0
0.0
0.0
0.0
0.0
0.0
0.0
0.0
0.0
0.0
0.0
0.0
0.0
0.0
0.0836601307
0.0
0.0
0.0
0.0
0.0
0.0
0.0
0.0
0.0
0.0
0.0
0.0
0.0
0.0
0.0
0.0
0.0
0.0
0.0
0.0
0.0887304417
0.0
0.0
0.0
0.0
0.0
0.0
0.0
0.0
0.0890302067
0.0
0.0
0.0
0.0
0.0
0.0
0.0
0.0
0.0911866477
0.0
0.0
0.0
0.0
0.0
0.0
0.0
0.0
0.0
0.0
0.0
0.0
0.0
0.0
0.0864030858
0.0
0.0
0.0
0.0
0.0
0.0789010215
0.0
0.0
0.0
0.0
0.0667163068
0.0
0.0
0.0
0.0000000000
0.0
0.0084033613
0.0
0.0
0.0
0.0
0.0
0.0
0.0
0.0
0.0000000000
0.0
0.0
0.0
0.0
0.0
0.0
0.0
0.0
0.0000000000
0.0
0.0918220947
0.0
0.1260906276
0.0
0.0084033613
0.0
0.0000000000
0.0
0.0
0.0
0.0
0.0
0.0
0.0
0.0000000000
0.0
0.0000000000
0.0
0.0
0.0112044818
0.0168067227
0.0732026144
0.0
0.0
0.0775086505
0.0
0.0
0.0
0.0852845993
0.1116650050
0.0
0.0
0.0
0.0
0.0
0.0
0.0112044818
0.0872613946
0.0
0.0000000000
0.0
0.0
0.0
0.0
0.0
0.0
0.0000000000
0.0
0.0
0.0
0.0
0.0
0.0
0.0
0.0
0.0
0.0732026144
0.0
0.0
0.1145780051
0.0
0.0
0.0
0.0
0.0
0.0644326190
0.0727981800
0.0677453501
0.0
0.0
0.0000000000
0.0
0.0
0.0
0.0
0.0000000000
0.0268907563
0.0
0.0677453501
0.0000000000
0.1013574661
0.0
0.0
0.0
0.0
0.0
0.0
0.0601665324
0.0
0.0224089636
0.0
0.1037517369
0.0858401993
0.0740251157
0.0836601307
0.0
0.1344537815
0.0000000000
0.0000000000
0.0748663102
0.0000000000
0.0677453501
0.0149393091
0.0168067227
0.1093483036
0.0998217469
0.0
0.0
0.0810859729
0.0869734032
0.0744433367
0.0
0.0
0.0744433367
0.0482654600
0.0
0.0727981800
0.0000000000
0.0
0.0738177624
0.0
0.0000000000
0.0
0.0000000000
0.0000000000
0.0000000000
0.1037517369
0.0727981800
0.0000000000
0.0000000000
0.0
0.1009691233
0.0168067227
0.0858401993
0.0168067227
0.0
0.0000000000
0.0084033613
0.0084033613
0.0911866477
0.0
0.0112044818
0.0847361453
0.0772813524
0.0
0.0
0.0000000000
0.0
0.1021431829
0.0000000000
0.0
0.0644326190
0.0697167756
0.0000000000
0.0720025715
0.1160922519
0.0
0.0000000000
0.0000000000
0.0000000000
0.1062618596
0.0000000000
0.0084033613
0.0000000000
0.0902497985
0.0536719780
0.0
0.0608612960
0.0168067227
0.0112044818
0.0084033613
0.0748663102
0.0112044818
0.0875512996
0.0727981800
0.0000000000
0.0000000000
0.0084033613
0.0000000000
0.0000000000
0.0000000000
0.0000000000
0.0000000000
0.0084033613
0.0084033613
0.0112044818
0.0000000000
0.0084033613
0.0
0.0000000000
