0.0
0.0
0.0
0.0
0.0
0.1094594595
0.0
0.0250000000
0.0
0.0
0.0
0.1421052632
0.0861702128
0.0
0.0
0.0
0.0
0.0
0.0000000000
0.0
0.0826530612
0.0
0.0843750000
0.1396551724
0.0
0.0
0.0000000000
0.0
0.0
0.0
0.0
0.1327868852
0.0000000000
0.1000000000
0.0
0.0
0.0
0.0000000000
0.0
0.0500000000
0.0
0.0
0.0
0.0250000000
0.0
0.0843750000
0.0
0.1208955224
0.0729729730
0.0
0.0
0.1025316456
0.0000000000
0.0250000000
0.1157142857
0.0
0.0333333333
0.1191176471
0.0
0.0250000000
0.0
0.0000000000
0.0
0.1327868852
0.1065789474
0.0333333333
0.0000000000
0.0
0.0952941176
0.0870967742
0.0716814159
0.0000000000
0.0000000000
0.0000000000
0.0000000000
0.0000000000
0.0000000000
0.0000000000
0.0000000000
