0.0
0.0
0.0
0.0
0.0
0.0
0.0
0.0
0.0
0.0000000000
0.0243902439
0.0
0.0
0.0
0.0
0.1580734795
0.0
0.0
0.1722455845
0.0
0.0
0.2229965157
0.0
0.0
0.2190842961
0.0
0.1966583445
0.0
0.0
0.0
0.2548531608
0.1936093780
0.0
0.0
0.0
0.1541704306
0.1541704306
0.0
0.0
0.0
0.0
0.1936093780
0.0
0.1850045167
0.0
0.0
0.2548531608
0.0
0.0
0.1823037208
0.2548531608
0.0
0.1601000625
0.1125027466
0.0
0.0
0.2522788864
0.0
0.1504554805
0.1321460834
0.0243902439
0.1307623547
0.2448589192
0.0
0.0000000000
0.0
0.1998048780
0.0
0.1135254989
0.2064099980
0.2210230952
0.0000000000
0.2134667501
0.0
0.2744572501
0.0
0.1998048780
0.2064099980
0.1135254989
0.1877865395
0.1936093780
0.0000000000
0.2047181128
0.0000000000
0.0000000000
0.0000000000
