0.0000000000
0.0
0.0000000000
0.0
0.0222222222
0.0
0.0000000000
0.0
0.0
0.0000000000
0.0
0.0854700855
0.0
0.0
0.0
0.0
0.0634920635
0.0000000000
0.0
0.0000000000
0.0
0.0
0.0
0.0222222222
0.0000000000
0.0
0.0966183575
0.0000000000
0.0
0.0
0.0823045267
0.0634920635
0.0
0.0694444444
0.0
0.0000000000
0.0
0.0
0.0222222222
0.0000000000
0.0
0.0
0.0694444444
0.0222222222
0.0222222222
0.0
0.0
0.0000000000
0.0000000000
0.0
0.0569800570
0.0000000000
0.0222222222
0.0000000000
0.0000000000
0.0925925926
0.0462962963
0.0000000000
0.0000000000
0.0000000000
0.0222222222
0.0000000000
0.0
0.0222222222
0.0634920635
0.0000000000
0.0000000000
0.0000000000
0.0000000000
0.0000000000
0.0000000000
0.0000000000
0.0000000000
