0.0
0.0
0.0
0.0
0.1441213607
0.0
0.1573533466
0.0
0.0
0.0824621569
0.0
0.1323870536
0.0
0.1401401076
0.0
0.1303461433
0.1011377970
0.1260703751
0.0
0.0
0.1295472905
0.0799664548
0.0
0.0
0.0
0.1340663820
0.1082139909
0.1282374089
0.1434692278
0.1330816342
0.0
0.0
0.1431453695
0.1380052202
0.1392171212
0.1374071478
0.1291515248
0.1159294309
0.1171069228
0.0
0.0
0.1589308238
0.1433071157
0.1189744816
0.0
0.1335018920
0.1240966706
0.1251992077
0.1079376999
0.1197609040
0.1203290298
0.1198740996
0.1343504210
0.1279786048
0.1412325138
0.1406062055
0.1237334609
0.1605402499
0.1059538825
0.1429839880
0.0
0.0945058103
0.0800674226
0.1402951299
0.0
0.1428229700
0.0
0.1377055346
0.1242182149
0.1202149738
0.1459456817
0.1396770896
0.1171069228
0.1425020195
0.1300787665
0.1428229700
0.1169988906
0.0032679739
0.0913737733
0.1120378069
0.1267000973
0.1546668261
0.1253229223
0.0
0.1395234295
0.1234924999
0.1330816342
0.0
0.0904613391
0.0794156527
0.1464512672
0.0
0.1236128629
0.1051631819
0.1159294309
0.0
0.1011377970
0.1277208433
0.1047289822
0.1304802442
0.1187516829
0.1312906805
0.1049890707
0.1058654402
0.1177593290
0.1513446270
0.0
0.1070268332
0.1499134721
0.0
0.1105726220
0.1134407848
0.0000000000
0.1093334460
0.0782881465
0.1250757371
0.1063983200
0.0
0.0993162078
0.1231328130
0.1036166645
0.1164617056
0.0698385448
0.1084917001
0.0000000000
0.1225379685
0.0889388481
0.1248295250
0.0000000000
0.1018689136
0.0
0.0
0.0049019608
0.0032679739
0.1412325138
0.0032679739
0.1251992077
0.0977093971
0.0898206780
0.1234924999
0.1104763043
0.1215980799
0.1003376562
0.0
0.0880130447
0.1459456817
0.1112515767
0.0000000000
0.1210179364
0.1113492514
0.0802701249
0.1439577723
0.1134407848
0.1249525097
0.1015426720
0.0918369279
0.0000000000
0.0000000000
0.1148793455
0.0000000000
0.1261958183
0.0000000000
0.1177593290
0.1027769833
0.1339248124
0.1131371966
0.1273361420
0.0032679739
0.0714114850
0.1398310886
0.0
0.0
0.0000000000
0.0
0.0965196327
0.0806786243
0.0
0.1286275836
0.1066667766
0.0
0.0931864786
0.0000000000
0.1013803336
0.1201011339
0.0000000000
0.0912423003
0.1077542883
0.0
0.0000000000
0.1068465016
0.0938762379
0.1086776327
0.1074803368
0.0032679739
0.1233723710
0.0000000000
0.1181983200
0.1249525097
0.1112515767
0.1224196886
0.0
0.0961537509
0.1096169381
0.0
0.1101883557
0.0065359477
0.0
0.0000000000
0.1072984749
0.0819824159
0.0000000000
0.1398310886
0.0
0.0986978968
0.0951438840
0.1087708382
0.1214816067
0.0000000000
0.0
0.1042983531
0.0000000000
0.1231328130
0.1377055346
0.0000000000
0.0
0.1198740996
0.0000000000
0.0000000000
0.1129357056
0.1269537511
0.0073529412
0.1173235869
0.0
0.1264474550
0.1218316978
0.0712510098
0.1167834230
0.0000000000
0.1119389209
0.0000000000
0.0881353700
0.0000000000
0.0000000000
0.0000000000
0.1042983531
0.0073529412
0.1056889978
0.0000000000
0.1047289822
0.0000000000
0.1211335219
0.0000000000
0.0986978968
0.0049019608
0.0814558750
0.0829475457
0.1183085797
0.1226564772
0.1263215113
0.1133394079
0.0
0.0000000000
0.0893146460
0.0000000000
0.0708133989
0.1048155350
0.0775699067
0.1036166645
0.0032679739
0.0000000000
0.0000000000
0.1349221249
0.0861010166
0.0000000000
0.0032679739
0.0
0.0000000000
0.0000000000
0.0000000000
0.0903324768
0.0032679739
0.1190861947
0.0000000000
0.0000000000
0.0714114850
0.0000000000
0.0000000000
0.0032679739
0.0000000000
0.1072077746
0.0
0.0921706376
0.1012993589
0.0000000000
0.0000000000
0.0032679739
0.0000000000
0.0000000000
0.0000000000
0.0000000000
0.0000000000
0.0000000000
0.0000000000
0.1072984749
0.0000000000
0.0000000000
0.0000000000
0.0000000000
0.0795152335
0.0000000000
0.0000000000
0.0000000000
0.0000000000
0.0000000000
0.0032679739
0.0877694100
0.0043572985
0.0000000000
0.0950013464
0.0919701214
0.0000000000
0.1217147768
0.0708133989
0.0000000000
0.0000000000
0.0000000000
0.0043572985
0.0000000000
0.0000000000
0.0000000000
0.0000000000
0.0000000000
0.1013803336
0.0000000000
0.0000000000
0.0000000000
0.0000000000
0.0000000000
0.0000000000
0.0000000000
0.0000000000
0.0032679739
0.0000000000
0.0000000000
0.0000000000
0.0000000000
0.0000000000
0.0955021065
0.0000000000
0.0000000000
0.0000000000
0.0000000000
0.0000000000
0.0000000000
0.0000000000
0.0000000000
