0.0
0.0
0.0
0.0
0.0
0.0
0.0000000000
0.0
0.0
0.0000000000
0.0
0.0
0.0
0.0
0.0
0.0
0.0
0.0
0.0
0.0
0.0
0.0
0.0
0.0000000000
0.0
0.0
0.0
0.0
0.0
0.0
0.0
0.0
0.0
0.0
0.0
0.0
0.0
0.0
0.0
0.0
0.0
0.0
0.0000000000
0.0
0.0
0.0
0.0
0.0
0.0
0.0
0.0
0.0
0.0000000000
0.0
0.0057636888
0.0
0.0
0.0
0.0038424592
0.0
0.0
0.0000000000
0.0
0.0
0.0
0.0000000000
0.0
0.0057636888
0.0000000000
0.0
0.0000000000
0.0186002913
0.0
0.0
0.0285921833
0.0
0.0
0.0
0.0
0.0
0.0
0.0
0.0
0.0000000000
0.0
0.0243637618
0.0
0.0
0.0
0.0
0.0
0.0
0.0000000000
0.0
0.0000000000
0.0
0.0
0.0
0.0107323860
0.0
0.0
0.0
0.0
0.0
0.0
0.0
0.0
0.0
0.0
0.0
0.0
0.0038424592
0.0
0.0
0.0
0.0
0.0
0.0000000000
0.0
0.0
0.0
0.0300839494
0.0
0.0000000000
0.0
0.0195460688
0.0
0.0
0.0000000000
0.0
0.0
0.0
0.0
0.0
0.0109849127
0.0057636888
0.0
0.0
0.0
0.0311680557
0.0149768579
0.0
0.0
0.0
0.0213558900
0.0
0.0276772334
0.0038424592
0.0043227666
0.0000000000
0.0000000000
0.0
0.0091540939
0.0
0.0
0.0
0.0
0.0
0.0204713265
0.0
0.0
0.0209676011
0.0
0.0
0.0
0.0
0.0000000000
0.0070605187
0.0314514016
0.0
0.0122857576
0.0
0.0
0.0
0.0028818444
0.0
0.0
0.0064841499
0.0
0.0072046110
0.0
0.0000000000
0.0
0.0
0.0
0.0
0.0
0.0
0.0000000000
0.0
0.0000000000
0.0224652869
0.0163810102
0.0
0.0000000000
0.0
0.0
0.0
0.0100864553
0.0
0.0184024158
0.0256270680
0.0
0.0
0.0
0.0
0.0000000000
0.0028818444
0.0
0.0
0.0240253762
0.0
0.0
0.0028818444
0.0000000000
0.0
0.0
0.0038424592
0.0057636888
0.0000000000
0.0
0.0
0.0
0.0
0.0
0.0000000000
0.0
0.0
0.0028818444
0.0
0.0
0.0
0.0248895984
0.0
0.0165533693
0.0
0.0028818444
0.0038424592
0.0
0.0
0.0028818444
0.0139360833
0.0
0.0
0.0
0.0285921833
0.0
0.0096259544
0.0
0.0000000000
0.0
0.0000000000
0.0209676011
0.0
0.0
0.0000000000
0.0000000000
0.0
0.0
0.0000000000
0.0
0.0000000000
0.0
0.0
0.0
0.0
0.0000000000
0.0145893372
0.0000000000
0.0028818444
0.0
0.0038424592
0.0060038425
0.0028818444
0.0
0.0
0.0
0.0
0.0000000000
0.0
0.0
0.0
0.0057636888
0.0028818444
0.0226121188
0.0
0.0038424592
0.0
0.0
0.0028818444
0.0
0.0000000000
0.0028818444
0.0229116171
0.0038424592
0.0
0.0
0.0070736180
0.0
0.0
0.0197694524
0.0
0.0
0.0
0.0
0.0000000000
0.0
0.0038424592
0.0038424592
0.0
0.0
0.0
0.0
0.0
0.0078450208
0.0
0.0126178051
0.0111156855
0.0
0.0000000000
0.0000000000
0.0000000000
0.0
0.0266127245
0.0
0.0186002913
0.0000000000
0.0
0.0166329528
0.0
0.0213558900
0.0
0.0120076849
0.0183050486
0.0
0.0038424592
0.0
0.0
0.0081905051
0.0057636888
0.0
0.0000000000
0.0241933859
0.0
0.0
0.0
0.0
0.0
0.0238596840
0.0127906518
0.0
0.0
0.0038424592
0.0
0.0090057637
0.0000000000
0.0
0.0000000000
0.0
0.0
0.0038424592
0.0
0.0057636888
0.0
0.0081905051
0.0
0.0
0.0
0.0000000000
0.0
0.0
0.0000000000
0.0000000000
0.0000000000
0.0
0.0000000000
0.0000000000
0.0093371758
0.0120076849
0.0
0.0000000000
0.0
0.0038424592
0.0028818444
0.0
0.0186002913
0.0028818444
0.0038424592
0.0038424592
0.0028818444
0.0038424592
0.0038424592
0.0000000000
0.0208412902
0.0
0.0
0.0
0.0000000000
0.0057636888
0.0
0.0
0.0218965454
0.0
0.0100864553
0.0000000000
0.0000000000
0.0
0.0000000000
0.0
0.0000000000
0.0
0.0000000000
0.0072046110
0.0000000000
0.0000000000
0.0000000000
0.0054311683
0.0028818444
0.0038424592
0.0028818444
0.0000000000
0.0135672713
0.0166329528
0.0000000000
0.0
0.0
0.0
0.0028818444
0.0
0.0028818444
0.0000000000
0.0
0.0000000000
0.0
0.0000000000
0.0000000000
0.0182087062
0.0028818444
0.0072046110
0.0
0.0000000000
0.0000000000
0.0
0.0028818444
0.0
0.0000000000
0.0133388226
0.0088256484
0.0000000000
0.0
0.0000000000
0.0081192833
0.0
0.0000000000
0.0000000000
0.0
0.0057636888
0.0072046110
0.0
0.0000000000
0.0000000000
0.0000000000
0.0000000000
0.0000000000
0.0
0.0000000000
0.0000000000
0.0000000000
0.0
0.0000000000
0.0
0.0028818444
0.0000000000
0.0258183148
0.0000000000
0.0000000000
0.0000000000
0.0
0.0000000000
0.0186002913
0.0
0.0155619597
0.0
0.0000000000
0.0258183148
0.0
0.0188024684
0.0
0.0000000000
0.0072046110
0.0028818444
0.0
0.0
0.0
0.0000000000
0.0000000000
0.0000000000
0.0187008334
0.0043227666
0.0
0.0038424592
0.0149768579
0.0000000000
0.0000000000
0.0028818444
0.0058837656
0.0238596840
0.0000000000
0.0
0.0
0.0038424592
0.0
0.0028818444
0.0000000000
0.0000000000
0.0000000000
0.0232191556
0.0000000000
0.0000000000
0.0000000000
0.0000000000
0.0000000000
0.0000000000
0.0166329528
0.0057636888
0.0000000000
0.0000000000
0.0028818444
0.0057636888
0.0000000000
0.0000000000
0.0072046110
0.0000000000
0.0000000000
0.0
0.0028818444
0.0028818444
0.0000000000
0.0028818444
0.0135672713
0.0000000000
0.0000000000
0.0028818444
0.0
0.0
0.0000000000
0.0000000000
0.0000000000
0.0000000000
0.0090057637
0.0028818444
0.0028818444
0.0000000000
0.0
0.0028818444
0.0000000000
0.0000000000
0.0000000000
0.0038424592
0.0184024158
0.0000000000
0.0000000000
0.0000000000
0.0217588313
0.0038424592
0.0000000000
0.0000000000
0.0000000000
0.0000000000
0.0000000000
0.0
0.0000000000
0.0000000000
0.0000000000
0.0064841499
0.0000000000
0.0000000000
0.0000000000
0.0
0.0000000000
0.0000000000
0.0
0.0163191235
0.0000000000
0.0000000000
0.0038424592
0.0205931796
0.0000000000
0.0028818444
0.0028818444
0.0028818444
0.0000000000
0.0057636888
0.0057636888
0.0000000000
0.0038424592
0.0028818444
0.0000000000
0.0000000000
0.0000000000
0.0000000000
0.0000000000
0.0070605187
0.0
0.0000000000
0.0000000000
0.0000000000
0.0000000000
0.0000000000
0.0000000000
0.0000000000
0.0
0.0028818444
0.0000000000
0.0121262023
0.0000000000
0.0000000000
0.0028818444
0.0000000000
0.0060038425
0.0000000000
0.0038424592
0.0000000000
0.0000000000
0.0000000000
0.0000000000
0.0000000000
0.0000000000
0.0000000000
0.0000000000
0.0000000000
0.0000000000
0.0000000000
0.0000000000
0.0000000000
0.0000000000
0.0000000000
0.0000000000
0.0000000000
0.0000000000
