0.0
0.0
0.0
0.0
0.0
0.0
0.0
0.0
0.0
0.2160493827
0.1746506986
0.0
0.0
0.0
0.0
0.1705653021
0.0
0.0
0.1893939394
0.0
0.0
0.0000000000
0.0
0.0
0.2430555556
0.0
0.2160493827
0.0
0.0
0.0
0.2604166667
0.1997716895
0.0
0.0
0.0
0.1984126984
0.2651515152
0.0
0.0
0.0
0.0
0.2226463104
0.0
0.2675840979
0.0
0.0
0.2450980392
0.0
0.0
0.2053990610
0.2113526570
0.0
0.1451077944
0.1736111111
0.0
0.0
0.2887788779
0.0
0.2260981912
0.2144607843
0.2192982456
0.2113526570
0.2492877493
0.0
0.1246438746
0.0
0.1746506986
0.0
0.2514367816
0.1422764228
0.2296587927
0.1458333333
0.0
0.0
0.2098321343
0.0
0.0
0.1705653021
0.1845991561
0.1611418048
0.1422764228
0.0
0.1685934489
0.0000000000
0.2098321343
0.0000000000
0.0000000000
0.0000000000
0.0000000000
0.0000000000
