0.0
0.0
0.0
0.0
0.1222433862
0.0
0.1470842883
0.0
0.0
0.1213955443
0.0
0.1107149703
0.0
0.1347329135
0.0
0.1266666667
0.0
0.1289573566
0.0
0.0
0.1447619048
0.0986844353
0.0
0.0
0.0
0.1240549828
0.1234979688
0.1193635049
0.1295648273
0.1277593453
0.0
0.0
0.1420910209
0.1260034904
0.1384136113
0.1324163228
0.1418816016
0.1149452736
0.1271686482
0.0
0.0
0.1481025641
0.1381157341
0.1355868545
0.0
0.1407407407
0.1470842883
0.1293906810
0.1179016126
0.1154276579
0.1125925926
0.1094561304
0.1413607440
0.0
0.1342631334
0.0
0.1286987522
0.0
0.1048085647
0.1394158822
0.0
0.0
0.1270847085
0.1307083050
0.0
0.1386129110
0.0
0.0924307889
0.1184091841
0.1325987144
0.1351111111
0.1419862340
0.1152894212
0.1379178606
0.1250216450
0.1190682334
0.0
0.0870010544
0.0926978013
0.1186280550
0.1255106475
0.1316017316
0.1369369369
0.0
0.1337966180
0.1300900901
0.1294776956
0.0
0.0965563357
0.1056714233
0.1316917465
0.0
0.1250216450
0.1137231739
0.0926978013
0.0
0.0933721306
0.1286987522
0.1231819151
0.1246977547
0.1336109183
0.1293037833
0.0917262188
0.1085306276
0.1222433862
0.1344506518
0.0
0.0966047834
0.1385131894
0.0
0.1243755383
0.1348272642
0.1164046755
0.1191419142
0.1138576779
0.1136560409
0.1363550519
0.0
0.1137231739
0.1402282107
0.1205593822
0.1260860074
0.0965563357
0.1246977547
0.0027777778
0.1410500611
0.0
0.1091458806
0.0000000000
0.1350163628
0.0
0.0
0.1160538477
0.0020833333
0.1324163228
0.1079828005
0.1122643343
0.1252656691
0.1326900988
0.1317818846
0.1243755383
0.1308860186
0.1285269248
0.0
0.1037915544
0.1426172840
0.1305310734
0.0000000000
0.1414646094
0.1120682965
0.1221658206
0.1420910209
0.1213955443
0.1198837692
0.1310642160
0.1139250493
0.0000000000
0.0000000000
0.1160538477
0.1097681490
0.1391136802
0.0000000000
0.1162640902
0.0949843776
0.1194375517
0.1043541102
0.1275055188
0.1005921282
0.1098934551
0.1332410611
0.0
0.0
0.0765235824
0.0
0.1230244941
0.1095183921
0.0
0.1311534968
0.1127244340
0.0
0.0959309085
0.1198091682
0.1098307663
0.1351111111
0.1056134577
0.1168284790
0.1315118397
0.0
0.0957400961
0.1166161922
0.1167576309
0.1353010073
0.1178294574
0.1046376812
0.1332410611
0.1069629630
0.1129890454
0.1429349171
0.1156356356
0.0
0.0
0.1134551169
0.1286127811
0.0
0.1160538477
0.0824553890
0.0
0.1243755383
0.0
0.1003300330
0.1054977169
0.1326900988
0.0
0.1052094718
0.0953607396
0.1235772358
0.1081647940
0.1136560409
0.0
0.1319625314
0.0000000000
0.1321436742
0.1310642160
0.0000000000
0.0
0.1261686326
0.0041666667
0.0000000000
0.1162640902
0.1408436967
0.1046945804
0.1290437891
0.0
0.1449799197
0.1224766751
0.1077410931
0.1346386946
0.0
0.1256744996
0.0
0.1281846427
0.0000000000
0.0955026455
0.0000000000
0.1214721346
0.0898848428
0.1251028807
0.0020833333
0.1263342082
0.1229459344
0.0941023135
0.0000000000
0.1140600316
0.1251842219
0.0833477633
0.0829170256
0.1287848384
0.1109702209
0.1379178606
0.0000000000
0.0
0.0000000000
0.1014401124
0.1051520117
0.1240549828
0.1090222726
0.1161238440
0.1134551169
0.0856465006
0.0000000000
0.0814783467
0.1419862340
0.0966532798
0.1126584747
0.0
0.0
0.1194375517
0.0000000000
0.0000000000
0.1131883206
0.0988871769
0.1164750958
0.1042411117
0.0754736705
0.1312428993
0.1121335663
0.1192156863
0.0020833333
0.0041666667
0.1287848384
0.0
0.0934174349
0.1114197531
0.1002255770
0.1152894212
0.1141276428
0.1198091682
0.0000000000
0.0976830712
0.1246977547
0.0000000000
0.1059622088
0.1082864642
0.1088373846
0.1008027923
0.1053822295
0.1251028807
0.0027777778
0.1097056030
0.0000000000
0.1075605214
0.1244559362
0.0000000000
0.0
0.0000000000
0.1284411830
0.0945645056
0.1047515415
0.1099562155
0.1192156863
0.1107786728
0.1137231739
0.0935536119
0.0
0.0000000000
0.0020833333
0.0730399595
0.0655098106
0.0000000000
0.1095807247
0.0000000000
0.1072011878
0.1263342082
0.0000000000
0.1087758945
0.1053822295
0.1223210504
0.0000000000
0.1137231739
0.1176135207
0.1162640902
0.1053245806
0.0020833333
0.0
0.1076808352
0.0973373778
0.0000000000
0.0
0.0976830712
0.1269171611
0.0973373778
0.0000000000
0.1024658506
0.0020833333
0.1217024863
0.1005395997
0.0765235824
0.0020833333
0.0830242921
0.1091458806
0.0000000000
0.0
0.0920331421
0.1190682334
0.0903912363
0.0000000000
0.1019234163
0.1142631058
0.0000000000
0.1341695703
0.0898428994
0.0000000000
0.1059622088
0.0000000000
0.0000000000
0.0904761905
0.1166161922
0.0000000000
0.1150139387
0.0833477633
0.0000000000
0.0000000000
0.0922978587
0.0000000000
0.0838194747
0.1085306276
0.1207105538
0.0000000000
0.0000000000
0.0000000000
0.0000000000
0.0000000000
0.0929214929
0.0000000000
0.0000000000
0.0000000000
0.0020833333
0.1204085887
0.0020833333
0.0027777778
0.1254288817
0.0941943901
0.0931462667
0.1160538477
0.0000000000
0.0000000000
0.0965563357
0.0000000000
0.0
0.0000000000
0.0838194747
0.1133215617
0.0000000000
0.0000000000
0.0020833333
0.0920771561
0.1063132708
0.1234979688
0.0934627832
0.0000000000
0.0000000000
0.0936446174
0.0922978587
0.0020833333
0.0020833333
0.0000000000
0.0000000000
0.0000000000
0.0000000000
0.0041666667
0.0
0.0
0.0000000000
0.0000000000
0.0000000000
0.0000000000
0.0000000000
0.0000000000
0.1085306276
0.1061959919
0.0000000000
0.0027777778
0.0027777778
0.0020833333
0.0020833333
0.0000000000
0.0000000000
0.0020833333
0.1101449275
0.0000000000
0.0000000000
0.0947973084
0.0985329239
0.0838925200
0.0000000000
0.1155662265
0.1194375517
0.1161238440
0.0838925200
0.0000000000
0.0000000000
0.0000000000
0.0874753900
0.0000000000
0.0000000000
0.0000000000
0.0000000000
0.0000000000
0.0000000000
0.0000000000
0.0910753705
0.0000000000
0.0000000000
0.0000000000
0.0000000000
0.0000000000
0.0000000000
0.0000000000
0.0000000000
0.0000000000
0.0020833333
0.0000000000
0.1040720721
0.0000000000
0.0000000000
0.0000000000
0.1025750311
0.0000000000
0.0000000000
0.0000000000
0.0000000000
0.0000000000
0.0000000000
0.0000000000
0.1003823427
0.0000000000
0.0000000000
0.0000000000
0.0000000000
0.0000000000
0.0020833333
0.0000000000
0.0000000000
0.0000000000
0.0000000000
0.0027777778
0.0000000000
0.0000000000
0.0000000000
0.0000000000
0.0000000000
0.1052669947
0.0000000000
0.0000000000
0.0000000000
0.0000000000
0.0000000000
0.0000000000
0.0020833333
0.0000000000
0.0000000000
0.0000000000
0.0830242921
0.0000000000
0.0000000000
0.0982814361
0.0000000000
0.0000000000
0.0000000000
0.0000000000
0.0000000000
0.0000000000
0.0000000000
0.0000000000
0.0000000000
0.0000000000
0.0000000000
0.0000000000
0.0000000000
0.0000000000
0.0000000000
0.0000000000
0.0000000000
0.0000000000
0.0000000000
0.0000000000
0.0000000000
0.0000000000
0.0000000000
0.0000000000
