0.0
0.0
0.0
0.0
0.1435687693
0.0
0.1701942502
0.0
0.0
0.1333430735
0.0
0.1433489090
0.0
0.1346860973
0.0
0.1429112025
0.1078419788
0.1159936030
0.0
0.1578530145
0.0982233343
0.0803492168
0.0
0.0
0.0
0.1278781935
0.1071016449
0.1395034838
0.1485822819
0.1368521018
0.0
0.0
0.1532026802
0.1392958893
0.1458050430
0.1462606838
0.1322130475
0.1044719170
0.0767269161
0.0
0.0
0.1648007704
0.1374549745
0.1071016449
0.0
0.1356620835
0.1009782498
0.1320265693
0.0850971251
0.1189413438
0.1256467619
0.1298291784
0.1331533963
0.1204721205
0.1416139752
0.1488185018
0.1248091168
0.1689654108
0.1038921616
0.1522062400
0.0
0.1134628335
0.0000000000
0.1467191812
0.0
0.1392958893
0.0
0.1442324154
0.1259849766
0.1155639970
0.1403400864
0.1372534276
0.1312858872
0.1364531160
0.1300094967
0.1418285418
0.1159936030
0.1174489807
0.1032048926
0.1084667875
0.1241469995
0.1542122531
0.1282285447
0.0
0.1433489090
0.1201628211
0.1409741530
0.0869144267
0.0943617315
0.0000000000
0.1625118708
0.0
0.0685764378
0.1105157469
0.1158500465
0.1171549907
0.0000000000
0.1294700382
0.0996877930
0.1300094967
0.1101256913
0.1178927426
0.1067352766
0.1225220388
0.1015258542
0.1570584524
0.0
0.1015258542
0.1364531160
0.0
0.1109085754
0.1161375156
0.0000000000
0.1038921616
0.0042735043
0.1241469995
0.1038921616
0.1051762220
0.0000000000
0.1234918702
0.1034329697
0.0000000000
0.0042735043
0.0000000000
0.0000000000
0.1178927426
0.0056980057
0.1241469995
0.1309186540
0.0978127875
0.0
0.0
0.0000000000
0.0000000000
0.1416139752
0.0000000000
0.1234918702
0.0962043552
0.0000000000
0.1203172720
0.1072243272
0.1284044412
0.1027517427
0.0
0.1264957265
0.1442324154
0.0948397544
0.0000000000
0.1186398449
0.1099962839
0.0000000000
0.1433489090
0.0850971251
0.1181904515
0.0835775336
0.0875648621
0.0000000000
0.0000000000
0.1129153650
0.0000000000
0.1280531294
0.0000000000
0.0000000000
0.0085470085
0.1251428310
0.1094816814
0.1114367114
0.1000073051
0.0780707570
0.1241469995
0.0
0.0
0.0000000000
0.0000000000
0.0000000000
0.0000000000
0.0
0.1189413438
0.1075940662
0.0
0.1254783346
0.0000000000
0.0000000000
0.0000000000
0.0000000000
0.0919517069
0.1062506670
0.0821833517
0.0000000000
0.0875648621
0.0085470085
0.1130517362
0.0910572350
0.0000000000
0.1271832033
0.0000000000
0.1034329697
0.1137385633
0.0000000000
0.0916815256
0.0000000000
0.0000000000
0.0056980057
0.0
0.0042735043
0.0000000000
0.0000000000
0.0000000000
0.1051762220
0.0056980057
0.0000000000
0.0893195015
0.0
0.0000000000
0.0937944265
0.0934199976
0.0056980057
0.0000000000
0.0889798837
0.0894902845
0.0000000000
0.0784634012
0.1207830163
0.0000000000
0.0000000000
0.0042735043
0.0000000000
0.0000000000
0.0619092841
0.1094816814
0.0042735043
0.0926800372
0.0
0.1118361262
0.1045886454
0.0000000000
0.0000000000
0.0000000000
0.0784634012
0.0000000000
0.0000000000
0.0000000000
0.0000000000
0.0000000000
0.0698558490
0.0000000000
0.1072243272
0.0000000000
0.0965018944
0.0000000000
0.1264957265
0.0000000000
0.0000000000
0.0042735043
0.0000000000
0.0000000000
0.0000000000
0.0000000000
0.0000000000
0.0000000000
0.0000000000
0.0000000000
0.0000000000
0.0000000000
0.0000000000
0.0000000000
0.0000000000
0.0000000000
0.0000000000
0.0000000000
0.0000000000
