0.0
0.0
0.0
0.0
0.0
0.0
0.0
0.0
0.0
0.0
0.0
0.0
0.0
0.0
0.0
0.0
0.0
0.0
0.0
0.0
0.0
0.0
0.0
0.0
0.0
0.0
0.0
0.0
0.0
0.0768540707
0.0
0.1099961101
0.0
0.0
0.0
0.0
0.0
0.0855525301
0.0
0.0
0.1098985958
0.0
0.0
0.0
0.0841585988
0.0
0.0
0.0
0.0
0.1176144365
0.0
0.0
0.1114798705
0.0
0.1205891207
0.0
0.0
0.0
0.0
0.0
0.0
0.0
0.0
0.0
0.0
0.0
0.0
0.0
0.0
0.0
0.1279314923
0.1092208071
0.1082669136
0.0
0.0946302413
0.0
0.1043481617
0.0
0.0801329128
0.0
0.0
0.1009491987
0.0
0.0
0.1098985958
0.1250914390
0.0
0.0914875395
0.0
0.1015279411
0.0
0.0
0.0
0.0
0.0
0.0
0.0000000000
0.0028653295
0.0
0.0
0.0
0.0954315751
0.0681879076
0.0782611212
0.0
0.0
0.0
0.0
0.0
0.1227382337
0.0929277482
0.0
0.0928581394
0.1017780099
0.1112797272
0.1021975400
0.0
0.0
0.0
0.0
0.0
0.0
0.1016945169
0.1125936567
0.0
0.0949200735
0.0
0.0
0.0
0.0
0.0
0.0
0.0
0.0
0.0
0.0939845459
0.1069591165
0.0
0.0
0.1306276249
0.0
0.0
0.0925116538
0.0
0.1065912434
0.0
0.0028653295
0.0
0.1095102615
0.1027907264
0.0057306590
0.0
0.0
0.0
0.0
0.1203549670
0.1027907264
0.0
0.1048778478
0.1126960146
0.0
0.0
0.1203549670
0.0
0.1026205431
0.0926499373
0.0000000000
0.0
0.0
0.1039980000
0.0
0.0944859878
0.0
0.0
0.0997309864
0.0977646814
0.0
0.0
0.0879812747
0.0839306811
0.0854935283
0.0
0.1042604004
0.0000000000
0.0976107213
0.0
0.0
0.1068669104
0.0995707759
0.1239656160
0.0
0.1195425420
0.1166186416
0.0
0.0
0.0893767960
0.0893767960
0.0923737824
0.0
0.0
0.1330103176
0.1083615525
0.0
0.1107824987
0.0879188766
0.0
0.0
0.0
0.0000000000
0.0
0.0906844302
0.0
0.0
0.0
0.0038204394
0.0
0.0
0.0
0.0000000000
0.0
0.0
0.0854346079
0.0028653295
0.0000000000
0.0
0.1092208071
0.0
0.0759593236
0.0
0.0986202196
0.0
0.0987773833
0.0
0.1038237990
0.0821508390
0.0862669562
0.1025356626
0.0000000000
0.0
0.1220134016
0.1115802125
0.0
0.0
0.0000000000
0.1258534173
0.0820421019
0.0
0.0854346079
0.0
0.1094136064
0.1098012542
0.0
0.0
0.0
0.0
0.1097040850
0.0
0.1307654178
0.0868106555
0.0980740633
0.0929277482
0.0057306590
0.0
0.1090286861
0.0038204394
0.0828647166
0.0
0.0000000000
0.0
0.0
0.0091690544
0.0
0.0651764543
0.1041727866
0.1198893772
0.0898952981
0.1050556068
0.0814491564
0.0866286625
0.0738770060
0.0723253302
0.0955050971
0.1133140914
0.1112797272
0.0874845561
0.0
0.0
0.1347452348
0.0000000000
0.0
0.0
0.0
0.0904858511
0.0876701669
0.0
0.0
0.0927886348
0.0984635552
0.1041727866
0.0
0.0
0.1005398346
0.0942704305
0.0886101616
0.0
0.0
0.0
0.0
0.0
0.0
0.0651079916
0.1057727099
0.0
0.0994908636
0.1163996395
0.0938422529
0.1096070876
0.0
0.0000000000
0.0
0.1152096803
0.1064082541
0.0028653295
0.0000000000
0.1193124312
0.0957263444
0.1051447125
0.0960229404
0.1109808559
0.1123894978
0.0946302413
0.0
0.0028653295
0.1115802125
0.1112797272
0.0871156824
0.0952848701
0.0898952981
0.1050556068
0.1003770170
0.0
0.1115802125
0.0886101616
0.1024509224
0.1041727866
0.0
0.0888642409
0.0028653295
0.0
0.0050939191
0.0983073878
0.0
0.0
0.0000000000
0.0
0.0912182605
0.0
0.0
0.1018616401
0.0000000000
0.0948474492
0.0000000000
0.0
0.0823144861
0.0
0.0000000000
0.0
0.0764747786
0.0000000000
0.0
0.0028653295
0.0000000000
0.0893767960
0.0
0.0038204394
0.0970756586
0.0645990704
0.0028653295
0.0000000000
0.0028653295
0.0028653295
0.0583093208
0.0000000000
0.0898952981
0.0000000000
0.0000000000
0.0798233201
0.0804971533
0.0000000000
0.0923737824
0.0709591391
0.0028653295
0.1016111607
0.0
0.0730498621
0.0949200735
0.0587793343
0.1108815886
0.0941272711
0.0000000000
0.0906181404
0.0076408787
0.0
0.0853170104
0.0804449163
0.0
0.0
0.0974572453
0.0680755717
0.0000000000
0.0
0.1041727866
0.0
0.0000000000
0.0000000000
0.0000000000
0.0895058600
0.0760525252
0.0000000000
0.0000000000
0.0869934148
0.0722410350
0.0000000000
0.1114798705
0.0000000000
0.0028653295
0.0000000000
0.1016111607
0.0000000000
0.0928581394
0.0692158660
0.1147829778
0.0765692502
0.0028653295
0.0000000000
0.0814491564
0.0819336524
0.0000000000
0.0781624313
0.0850827838
0.0000000000
0.0000000000
0.0028653295
0.1018616401
0.0000000000
0.0
0.1088372397
0.0771890511
0.0947749358
0.0737890572
0.0927886348
0.1166186416
0.0028653295
0.0028653295
0.0704350091
0.0888005846
0.1130042079
0.0000000000
0.0
0.0000000000
0.0000000000
0.0000000000
0.0897651094
0.0000000000
0.0887370194
0.0000000000
0.0000000000
0.0906844302
0.0678891654
0.0000000000
0.0057306590
0.0768064536
0.0000000000
0.0000000000
0.0057306590
0.0028653295
0.1024509224
0.1022818614
0.0916905444
0.0000000000
0.0000000000
0.0907508170
0.0793633906
0.0000000000
0.0000000000
0.0000000000
0.0000000000
0.0000000000
0.0000000000
0.0000000000
0.0877322123
0.0781624313
0.0887370194
0.0874845561
0.0000000000
0.0038204394
0.0777701481
0.0000000000
0.0028653295
0.0000000000
0.0000000000
0.0028653295
0.0000000000
0.0000000000
0.0000000000
0.0000000000
0.0000000000
0.0000000000
0.0000000000
0.0000000000
0.0000000000
0.0000000000
0.0000000000
0.0000000000
0.0000000000
0.0000000000
0.0000000000
0.0657642525
0.0000000000
0.0000000000
0.0000000000
0.0000000000
0.0028653295
0.0000000000
0.0000000000
0.0787083276
0.0000000000
0.0000000000
0.0000000000
0.0000000000
0.0000000000
0.0802366447
0.0000000000
0.0000000000
0.0000000000
0.0000000000
0.0000000000
0.0000000000
0.0000000000
0.0000000000
0.0000000000
0.0000000000
0.0000000000
0.0000000000
0.0000000000
0.0000000000
0.0000000000
0.0000000000
0.0000000000
0.0612175882
0.0000000000
0.0000000000
0.0000000000
0.0000000000
0.0000000000
