0.0
0.0
0.0
0.0
0.0
0.0
0.0
0.0
0.0
0.0
0.0
0.0
0.0
0.0
0.0
0.0
0.0
0.0
0.0
0.0
0.0
0.0
0.0
0.0
0.0
0.0
0.0
0.0
0.0
0.0
0.0
0.0
0.0
0.0
0.0
0.0
0.0
0.0
0.0
0.0
0.0
0.0
0.0
0.0
0.0
0.0
0.0
0.0
0.0
0.0
0.0
0.0
0.0616491400
0.0
0.0
0.0
0.0
0.0
0.0
0.0
0.0
0.0997855847
0.0
0.0
0.0
0.0
0.0
0.0
0.0
0.0
0.0
0.0
0.0
0.0
0.0
0.0
0.0
0.0
0.0
0.0
0.0
0.0
0.0
0.0
0.0
0.0000000000
0.0
0.0
0.0
0.0
0.0
0.0
0.0
0.0
0.0
0.0
0.0481029164
0.0
0.0
0.0
0.0
0.0
0.0
0.0
0.0
0.0
0.0
0.0
0.0
0.0
0.0
0.0070921986
0.0
0.0
0.0
0.0
0.0
0.0
0.0
0.0
0.0920768271
0.0
0.0094562648
0.0
0.0000000000
0.0
0.0449767310
0.0
0.0815737670
0.0
0.0
0.0
0.0
0.0
0.0
0.0
0.0656082590
0.0
0.0127659574
0.0
0.0
0.0070921986
0.0
0.0
0.0
0.0
0.0429078014
0.0
0.0
0.0
0.0070921986
0.0901424400
0.0
0.0
0.0
0.0
0.0
0.0
0.0000000000
0.0747522673
0.0
0.0000000000
0.0
0.0
0.0
0.0
0.0
0.0
0.0429078014
0.0
0.0
0.0
0.0
0.0
0.0
0.0
0.0
0.0
0.0
0.0
0.0
0.0
0.0
0.0
0.0
0.0
0.0
0.0825150027
0.0000000000
0.0
0.0
0.0
0.0000000000
0.0
0.0
0.0
0.0
0.0000000000
0.0
0.0
0.0533679122
0.0705720418
0.0
0.0
0.0
0.0
0.0
0.0
0.0
0.0000000000
0.0
0.0
0.0
0.0924737100
0.0722353559
0.0
0.0141843972
0.0
0.0920768271
0.0000000000
0.0070921986
0.0127659574
0.0595941686
0.0715130024
0.0701107866
0.0834782129
0.0747522673
0.0070921986
0.0
0.0
0.0872109785
0.0533679122
0.0668345816
0.0
0.0
0.0141843972
0.0070921986
0.0
0.0676779202
0.0070921986
0.0
0.0000000000
0.0
0.0000000000
0.0
0.0094562648
0.0698824127
0.0070921986
0.0094562648
0.0070921986
0.0000000000
0.0924737100
0.0
0.0806537621
0.0141843972
0.0838042996
0.0070921986
0.0
0.0000000000
0.0070921986
0.0886524823
0.0541765169
0.0
0.0785857169
0.0
0.0
0.0
0.0
0.0
0.0
0.0
0.0809581159
0.0
0.0
0.0724793943
0.0070921986
0.0
0.0629146648
0.0
0.0
0.0094562648
0.0611222242
0.0000000000
0.0
0.0070921986
0.0658095114
0.0507184414
0.0737247447
0.0
0.0000000000
0.0
0.0
0.0
0.0616491400
0.0070921986
0.0070921986
0.0
0.0000000000
0.0000000000
0.0070921986
0.0
0.0791656853
0.0
0.0094562648
0.0000000000
0.0000000000
0.0818851172
0.0912931945
0.0578272256
0.0
0.0
0.0
0.0000000000
0.0
0.0
0.0070921986
0.0070921986
0.0660120022
0.0094562648
0.0000000000
0.0
0.0000000000
0.0
0.0000000000
0.0000000000
0.0000000000
0.0000000000
0.0689836036
0.0094562648
0.0000000000
0.0533679122
0.0094562648
0.0841329440
0.0594290878
0.0800518683
0.0141843972
0.0000000000
0.0785857169
0.0212765957
0.0094562648
0.0000000000
0.0000000000
0.0094562648
0.0
0.0000000000
0.0
0.0000000000
0.0
0.0141843972
0.0000000000
0.0689836036
0.0
0.0000000000
0.0838042996
0.0000000000
0.0070921986
0.0000000000
0.0127659574
0.0000000000
0.0936851559
0.0000000000
0.0000000000
0.0000000000
0.0621852194
0.0070921986
0.0000000000
0.0000000000
0.0000000000
0.0000000000
0.0000000000
0.0000000000
0.0000000000
