0.0
0.0
0.0
0.0
0.0
0.0
0.0
0.0
0.0
0.0
0.0
0.0
0.0
0.0
0.0
0.0
0.0
0.0
0.0
0.0
0.0
0.0
0.0
0.0
0.0
0.0
0.0
0.0
0.0
0.0
0.0
0.0
0.0
0.0
0.0
0.0
0.0
0.0
0.0
0.0
0.0
0.0
0.0
0.0
0.0
0.0
0.0
0.0
0.0
0.0
0.0
0.0
0.0
0.0
0.0
0.0
0.0
0.0
0.0
0.0
0.0
0.0
0.0
0.0
0.0
0.0
0.0
0.0
0.0
0.0
0.0
0.0
0.0
0.0
0.0
0.0
0.0
0.0
0.0
0.0
0.0
0.0
0.0
0.0
0.0
0.0
0.0
0.0
0.0
0.0
0.0
0.0
0.0
0.0
0.0
0.0
0.0
0.0
0.0
0.0
0.0
0.0
0.0
0.0
0.0
0.0
0.0
0.0
0.0
0.0
0.0
0.0
0.0
0.0
0.0
0.0
0.0
0.0
0.0
0.0
0.0
0.0
0.0
0.0
0.0
0.0
0.0
0.0
0.0
0.0
0.0
0.0
0.0
0.0
0.0
0.0
0.0
0.0
0.0142857143
0.0
0.0
0.0
0.0
0.0000000000
0.0
0.0
0.0
0.0
0.0
0.0
0.0
0.0
0.0
0.0
0.0
0.0000000000
0.0
0.0
0.0000000000
0.0
0.0
0.0
0.0
0.0285714286
0.0000000000
0.0000000000
0.0
0.0000000000
0.0
0.0
0.0
0.0000000000
0.0
0.0
0.0
0.0
0.0
0.0
0.0
0.0
0.0
0.0
0.0000000000
0.0
0.0000000000
0.0257142857
0.0
0.0
0.0142857143
0.0
0.0
0.0
0.0
0.0
0.0
0.0
0.0
0.0
0.0
0.0
0.0
0.0
0.0
0.0
0.0
0.0
0.0
0.0
0.0
0.0142857143
0.0000000000
0.0
0.0
0.0
0.0
0.0257142857
0.0142857143
0.0
0.0
0.0000000000
0.0
0.0
0.0
0.0
0.0
0.0
0.0000000000
0.0000000000
0.0
0.0428571429
0.0
0.0
0.0
0.0
0.0
0.0
0.0000000000
0.0000000000
0.0000000000
0.0
0.0
0.0000000000
0.0000000000
0.0190476190
0.0142857143
0.0000000000
0.0000000000
0.0
0.0000000000
0.0000000000
0.0000000000
0.0000000000
0.0000000000
0.0
0.0142857143
0.0142857143
0.0142857143
0.0142857143
0.0000000000
0.0
0.0
0.0
0.0000000000
0.0257142857
0.0142857143
0.0
0.0000000000
0.0000000000
0.0000000000
0.0000000000
0.0142857143
0.0
0.0000000000
0.0000000000
0.0000000000
0.0
0.0
0.0000000000
0.0000000000
0.0142857143
0.0190476190
0.0
0.0142857143
0.0000000000
0.0142857143
0.0000000000
0.0000000000
0.0000000000
0.0142857143
0.0000000000
0.0000000000
0.0000000000
0.0000000000
0.0142857143
0.0000000000
0.0000000000
0.0000000000
0.0000000000
