0.0
0.0
0.0
0.0
0.0
0.0
0.0091224747
0.0
0.0
0.0051948052
0.0
0.0
0.0
0.0
0.0
0.0
0.0
0.0
0.0
0.0
0.0
0.0
0.0
0.0081168831
0.0
0.0
0.0
0.0
0.0
0.0
0.0
0.0
0.0
0.0
0.0
0.0
0.0
0.0
0.0
0.0
0.0
0.0
0.0000000000
0.0
0.0
0.0
0.0
0.0
0.0
0.0
0.0
0.0
0.0058441558
0.0
0.0022727273
0.0
0.0
0.0
0.0022727273
0.0
0.0
0.0000000000
0.0
0.0
0.0
0.0059384164
0.0
0.0045454545
0.0000000000
0.0
0.0063241107
0.0022727273
0.0
0.0
0.0
0.0
0.0
0.0
0.0
0.0
0.0
0.0
0.0
0.0022727273
0.0
0.0090909091
0.0
0.0
0.0
0.0
0.0
0.0
0.0022727273
0.0
0.0000000000
0.0
0.0
0.0
0.0068418561
0.0
0.0
0.0
0.0
0.0
0.0
0.0
0.0
0.0
0.0
0.0
0.0
0.0000000000
0.0
0.0
0.0
0.0
0.0
0.0051948052
0.0
0.0
0.0
0.0090909091
0.0
0.0000000000
0.0
0.0000000000
0.0
0.0
0.0000000000
0.0
0.0
0.0
0.0
0.0
0.0
0.0045454545
0.0
0.0
0.0
0.0111888112
0.0030303030
0.0
0.0
0.0
0.0111888112
0.0
0.0063241107
0.0040909091
0.0034090909
0.0000000000
0.0022727273
0.0
0.0000000000
0.0
0.0
0.0
0.0
0.0
0.0000000000
0.0
0.0
0.0
0.0
0.0
0.0
0.0
0.0000000000
0.0045454545
0.0090909091
0.0
0.0080099778
0.0
0.0
0.0
0.0080808081
0.0
0.0
0.0051136364
0.0
0.0000000000
0.0
0.0000000000
0.0
0.0
0.0
0.0
0.0
0.0
0.0000000000
0.0
0.0000000000
0.0
0.0121632997
0.0
0.0000000000
0.0
0.0
0.0
0.0090909091
0.0
0.0030303030
0.0072727273
0.0
0.0
0.0
0.0
0.0000000000
0.0087662338
0.0
0.0
0.0000000000
0.0
0.0
0.0045454545
0.0046382189
0.0
0.0
0.0022727273
0.0081818182
0.0000000000
0.0
0.0
0.0
0.0
0.0
0.0000000000
0.0
0.0
0.0030303030
0.0
0.0
0.0
0.0063241107
0.0
0.0085353535
0.0
0.0
0.0034090909
0.0
0.0
0.0052597403
0.0093831169
0.0
0.0
0.0
0.0051136364
0.0
0.0093831169
0.0
0.0040909091
0.0
0.0030303030
0.0030303030
0.0
0.0
0.0000000000
0.0000000000
0.0
0.0
0.0000000000
0.0
0.0067022263
0.0
0.0
0.0
0.0
0.0030303030
0.0121632997
0.0030303030
0.0034090909
0.0
0.0045454545
0.0068181818
0.0081168831
0.0
0.0
0.0
0.0
0.0022727273
0.0
0.0
0.0
0.0073636364
0.0022727273
0.0063241107
0.0
0.0073313783
0.0
0.0
0.0058181818
0.0
0.0000000000
0.0045454545
0.0
0.0030303030
0.0
0.0
0.0067022263
0.0
0.0
0.0051948052
0.0
0.0
0.0
0.0
0.0000000000
0.0
0.0030303030
0.0030303030
0.0
0.0
0.0
0.0
0.0
0.0076555024
0.0
0.0093831169
0.0105938416
0.0
0.0022727273
0.0000000000
0.0000000000
0.0
0.0089323467
0.0
0.0123900293
0.0000000000
0.0
0.0063241107
0.0
0.0166996047
0.0
0.0071022727
0.0045454545
0.0
0.0000000000
0.0
0.0
0.0076374207
0.0045454545
0.0
0.0000000000
0.0123900293
0.0
0.0
0.0
0.0
0.0
0.0034090909
0.0117288961
0.0
0.0
0.0074380165
0.0
0.0000000000
0.0000000000
0.0
0.0
0.0
0.0
0.0062937063
0.0
0.0022727273
0.0
0.0080099778
0.0
0.0
0.0
0.0000000000
0.0
0.0
0.0000000000
0.0000000000
0.0
0.0
0.0063479624
0.0
0.0058644481
0.0090909091
0.0
0.0000000000
0.0
0.0090909091
0.0022727273
0.0
0.0116391185
0.0030303030
0.0030303030
0.0045454545
0.0090909091
0.0030303030
0.0030303030
0.0000000000
0.0
0.0
0.0
0.0
0.0072469983
0.0022727273
0.0
0.0
0.0058181818
0.0
0.0085561497
0.0000000000
0.0
0.0
0.0
0.0
0.0000000000
0.0
0.0022727273
0.0051948052
0.0022727273
0.0000000000
0.0000000000
0.0030303030
0.0022727273
0.0000000000
0.0
0.0000000000
0.0
0.0063241107
0.0000000000
0.0
0.0
0.0
0.0045454545
0.0
0.0068181818
0.0022727273
0.0
0.0000000000
0.0
0.0000000000
0.0000000000
0.0000000000
0.0000000000
0.0022727273
0.0
0.0022727273
0.0000000000
0.0
0.0051136364
0.0
0.0000000000
0.0093831169
0.0030303030
0.0000000000
0.0
0.0000000000
0.0
0.0
0.0022727273
0.0051652893
0.0
0.0094696970
0.0047348485
0.0
0.0045454545
0.0000000000
0.0000000000
0.0000000000
0.0
0.0
0.0000000000
0.0022727273
0.0000000000
0.0
0.0
0.0
0.0051136364
0.0000000000
0.0080808081
0.0000000000
0.0046920821
0.0000000000
0.0
0.0000000000
0.0123900293
0.0
0.0109469697
0.0
0.0022727273
0.0063241107
0.0
0.0090909091
0.0
0.0022727273
0.0051948052
0.0000000000
0.0
0.0
0.0
0.0000000000
0.0000000000
0.0000000000
0.0116391185
0.0034090909
0.0
0.0000000000
0.0000000000
0.0022727273
0.0000000000
0.0096889952
0.0060606061
0.0
0.0000000000
0.0
0.0
0.0050505051
0.0
0.0022727273
0.0000000000
0.0022727273
0.0000000000
0.0
0.0
0.0030303030
0.0000000000
0.0000000000
0.0
0.0000000000
0.0045454545
0.0
0.0000000000
0.0000000000
0.0000000000
0.0051136364
0.0000000000
0.0000000000
0.0071022727
0.0000000000
0.0000000000
0.0
0.0040584416
0.0022727273
0.0022727273
0.0045454545
0.0
0.0022727273
0.0000000000
0.0022727273
0.0
0.0
0.0000000000
0.0051948052
0.0000000000
0.0000000000
0.0051948052
0.0034090909
0.0068870523
0.0022727273
0.0
0.0022727273
0.0
0.0000000000
0.0000000000
0.0087662338
0.0060606061
0.0000000000
0.0022727273
0.0000000000
0.0053872054
0.0030303030
0.0000000000
0.0000000000
0.0043706294
0.0000000000
0.0
0.0
0.0000000000
0.0000000000
0.0085353535
0.0051136364
0.0030303030
0.0068181818
0.0000000000
0.0
0.0045454545
0.0000000000
0.0
0.0040404040
0.0000000000
0.0000000000
0.0051136364
0.0
0.0000000000
0.0056818182
0.0022727273
0.0045454545
0.0000000000
0.0072727273
0.0063131313
0.0000000000
0.0000000000
0.0051948052
0.0000000000
0.0056818182
0.0
0.0000000000
0.0000000000
0.0063241107
0.0
0.0
0.0000000000
0.0089323467
0.0022727273
0.0000000000
0.0000000000
0.0000000000
0.0
0.0030303030
0.0000000000
0.0086423445
0.0000000000
0.0000000000
0.0030303030
0.0000000000
0.0053872054
0.0040909091
0.0078369906
0.0000000000
0.0
0.0000000000
0.0000000000
0.0051136364
0.0000000000
0.0000000000
0.0000000000
0.0022727273
0.0
0.0000000000
0.0063131313
0.0022727273
0.0047202797
0.0000000000
0.0000000000
0.0000000000
0.0000000000
0.0000000000
0.0056818182
0.0022727273
0.0000000000
0.0000000000
0.0000000000
0.0
0.0030303030
0.0000000000
0.0000000000
0.0
0.0
0.0000000000
0.0030303030
0.0022727273
0.0000000000
0.0000000000
0.0000000000
0.0000000000
0.0000000000
0.0000000000
0.0043062201
0.0000000000
0.0000000000
0.0022727273
0.0054545455
0.0000000000
0.0000000000
0.0000000000
0.0030303030
0.0022727273
0.0
0.0000000000
0.0000000000
0.0022727273
0.0000000000
0.0000000000
0.0000000000
0.0000000000
0.0000000000
0.0000000000
0.0000000000
0.0022727273
0.0093680710
0.0047348485
0.0000000000
0.0000000000
0.0000000000
0.0000000000
0.0000000000
0.0000000000
0.0093680710
0.0022727273
0.0000000000
0.0063241107
0.0000000000
0.0000000000
0.0000000000
0.0000000000
0.0000000000
0.0063131313
0.0000000000
0.0022727273
0.0000000000
0.0000000000
0.0000000000
0.0000000000
0.0000000000
0.0000000000
0.0000000000
0.0000000000
0.0000000000
0.0000000000
0.0000000000
0.0000000000
0.0000000000
0.0000000000
0.0
0.0000000000
0.0000000000
0.0000000000
0.0000000000
0.0000000000
0.0034090909
0.0000000000
0.0022727273
0.0000000000
0.0000000000
0.0000000000
0.0000000000
0.0000000000
0.0000000000
0.0000000000
0.0000000000
0.0000000000
0.0000000000
0.0000000000
0.0000000000
0.0000000000
0.0000000000
0.0000000000
0.0000000000
0.0000000000
0.0000000000
0.0043706294
0.0072469983
0.0000000000
0.0000000000
0.0000000000
0.0000000000
0.0000000000
0.0034090909
0.0000000000
0.0000000000
0.0000000000
0.0000000000
0.0000000000
0.0000000000
0.0000000000
0.0000000000
0.0000000000
0.0000000000
0.0000000000
0.0000000000
0.0000000000
0.0000000000
0.0000000000
0.0000000000
