0.0
0.0
0.0
0.0
0.0
0.0
0.0
0.0
0.0
0.0
0.0
0.0
0.0
0.0
0.0
0.0
0.0
0.0
0.0
0.0
0.0
0.0
0.0
0.0
0.0
0.0
0.0
0.0
0.0
0.0
0.0
0.0071428571
0.0
0.0
0.0
0.0
0.0
0.0
0.0
0.0
0.0
0.0
0.0
0.0
0.0
0.0
0.0
0.0
0.0
0.0
0.0
0.0
0.0406015038
0.0
0.0
0.0
0.0
0.0
0.0
0.0
0.0
0.0331228223
0.0
0.0
0.0
0.0
0.0
0.0
0.0
0.0
0.0296838407
0.0
0.0
0.0
0.0
0.0
0.0
0.0
0.0
0.0
0.0
0.0
0.0
0.0
0.0
0.0218750000
0.0
0.0
0.0
0.0
0.0
0.0
0.0
0.0
0.0
0.0
0.0278829604
0.0
0.0
0.0
0.0
0.0
0.0159090909
0.0
0.0
0.0
0.0
0.0
0.0
0.0
0.0
0.0160714286
0.0
0.0
0.0
0.0
0.0
0.0
0.0
0.0
0.0000000000
0.0
0.0436657682
0.0
0.0369533528
0.0
0.0000000000
0.0
0.0000000000
0.0
0.0
0.0
0.0
0.0
0.0
0.0
0.0000000000
0.0
0.0000000000
0.0
0.0
0.0532563025
0.0654475043
0.0218750000
0.0
0.0
0.0340336134
0.0
0.0
0.0
0.0000000000
0.0460351090
0.0
0.0
0.0
0.0
0.0
0.0
0.0325955734
0.0071428571
0.0
0.0345996360
0.0
0.0
0.0
0.0
0.0
0.0
0.0231428571
0.0
0.0
0.0
0.0
0.0
0.0
0.0
0.0
0.0
0.0
0.0
0.0
0.0000000000
0.0
0.0
0.0
0.0
0.0
0.0417857143
0.0071428571
0.0160714286
0.0
0.0
0.0071428571
0.0
0.0
0.0
0.0
0.0000000000
0.0543214286
0.0
0.0312741313
0.0489382239
0.0
0.0
0.0
0.0
0.0
0.0
0.0
0.0411525974
0.0
0.0480720607
0.0
0.0194444444
0.0646683673
0.0000000000
0.0428571429
0.0
0.0399422269
0.0107142857
0.0452678571
0.0071428571
0.0254317111
0.0527392510
0.0312741313
0.0071428571
0.0350460829
0.0329220779
0.0
0.0
0.0617288961
0.0000000000
0.0071428571
0.0
0.0
0.0448937426
0.0372064579
0.0
0.0560014728
0.0480720607
0.0
0.0071428571
0.0
0.0000000000
0.0
0.0107142857
0.0160714286
0.0325278015
0.0639075630
0.0125000000
0.0000000000
0.0125000000
0.0
0.0507676903
0.0456482593
0.0159090909
0.0000000000
0.0
0.0000000000
0.0000000000
0.0194444444
0.0379391101
0.0
0.0071428571
0.0
0.0
0.0
0.0
0.0000000000
0.0
0.0
0.0532563025
0.0
0.0071428571
0.0312741313
0.0000000000
0.0000000000
0.0071428571
0.0
0.0
0.0160714286
0.0000000000
0.0331228223
0.0
0.0000000000
0.0000000000
0.0304511278
0.0427727784
0.0
0.0000000000
0.0417857143
0.0
0.0
0.0428571429
0.0367036680
0.0298469388
0.0560014728
0.0000000000
0.0000000000
0.0000000000
0.0107142857
0.0000000000
0.0254317111
0.0000000000
0.0000000000
0.0000000000
0.0560014728
0.0000000000
0.0248847926
0.0000000000
0.0
0.0000000000
0.0312741313
0.0
0.0
0.0393633540
0.0532563025
0.0000000000
0.0000000000
0.0071428571
0.0
0.0272268908
0.0
0.0071428571
0.0107142857
0.0000000000
0.0000000000
0.0000000000
0.0000000000
0.0000000000
0.0000000000
0.0325955734
0.0374630542
0.0000000000
0.0000000000
0.0000000000
0.0071428571
0.0000000000
0.0411525974
0.0000000000
0.0000000000
0.0000000000
0.0445257611
0.0000000000
0.0000000000
0.0000000000
0.0000000000
0.0000000000
