0.0
0.0
0.0
0.0
0.0
0.0
0.0
0.0
0.0
0.0
0.0
0.0
0.0
0.0
0.0
0.0
0.0
0.0
0.0
0.0
0.0
0.0
0.0
0.0
0.0
0.0
0.0
0.0
0.0
0.0
0.0
0.0140350877
0.0
0.0
0.0
0.0
0.0
0.0
0.0
0.0
0.0
0.0
0.0
0.0
0.0
0.0
0.0
0.0
0.0
0.0
0.0
0.0
0.0421052632
0.0
0.0
0.0
0.0
0.0
0.0
0.0
0.0
0.0792569659
0.0
0.0
0.0
0.0
0.0
0.0
0.0
0.0
0.0573348264
0.0
0.0
0.0
0.0
0.0
0.0
0.0
0.0105263158
0.0
0.0
0.0
0.0
0.0
0.0
0.0421052632
0.0
0.0
0.0
0.0
0.0
0.0585812357
0.0
0.0
0.0
0.0
0.0000000000
0.0
0.0
0.0
0.0105263158
0.0
0.0000000000
0.0
0.0
0.0
0.0
0.0
0.0
0.0
0.0000000000
0.0000000000
0.0
0.0
0.0
0.0
0.0
0.0
0.0
0.0
0.0105263158
0.0
0.0804399057
0.0228832952
0.0612440191
0.0686557157
0.0000000000
0.0
0.0105263158
0.0
0.0
0.0
0.0
0.0
0.0515739109
0.0
0.0592249855
0.0
0.0525802311
0.0
0.0
0.0105263158
0.0400704363
0.0350877193
0.0
0.0
0.0350877193
0.0449122807
0.0
0.0
0.0105263158
0.0000000000
0.0105263158
0.0
0.0
0.0
0.0
0.0
0.0105263158
0.0000000000
0.0
0.0000000000
0.0
0.0
0.0
0.0
0.0
0.0
0.0501346389
0.0
0.0
0.0
0.0
0.0
0.0
0.0
0.0
0.0
0.0309597523
0.0
0.0
0.0883520276
0.0
0.0673684211
0.0228832952
0.0
0.0
0.0835577315
0.0105263158
0.0284495021
0.0
0.0
0.0000000000
0.0
0.0000000000
0.0
0.0
0.0140350877
0.0704506364
0.0
0.0510850586
0.0592249855
0.0438596491
0.0
0.0
0.0
0.0
0.0000000000
0.0105263158
0.0105263158
0.0210526316
0.0284495021
0.0
0.0520722095
0.0000000000
0.0000000000
0.0669499837
0.0
0.0713837574
0.0000000000
0.0397747135
0.0105263158
0.0000000000
0.0000000000
0.0000000000
0.0533611256
0.0905793897
0.0630347799
0.0
0.0
0.0000000000
0.0598830409
0.0759080801
0.0
0.0
0.0645445950
0.0000000000
0.0105263158
0.0000000000
0.0456735058
0.0
0.0000000000
0.0
0.0000000000
0.0000000000
0.0673684211
0.0000000000
0.0452896948
0.0510850586
0.0000000000
0.0561403509
0.0105263158
0.0000000000
0.0309597523
0.0000000000
0.0000000000
0.0000000000
0.0000000000
0.0000000000
0.0000000000
0.0000000000
0.0000000000
0.0000000000
