0.0
0.0
0.0
0.0
0.0
0.0
0.0
0.0736383442
0.0
0.0
0.0
0.0
0.0
0.0
0.0
0.0
0.0
0.0
0.1116493656
0.0
0.1104575163
0.0
0.0
0.0895301517
0.0
0.0
0.0392156863
0.0
0.0
0.0
0.0
0.0895601484
0.1437908497
0.1274509804
0.0
0.0
0.0
0.1482843137
0.0
0.0998968008
0.0
0.0
0.0
0.1977124183
0.0
0.1936774710
0.0
0.0
0.1068943707
0.0
0.0
0.0
0.1530676787
0.1004159239
0.1004159239
0.0
0.1282458930
0.0808225729
0.0
0.1375390736
0.0
0.1460030166
0.0
0.0808225729
0.1725490196
0.0261437908
0.0261437908
0.0
0.1103511172
0.1078431373
0.1142663962
0.1318082789
0.1437908497
0.0
0.0196078431
0.1020451191
0.1790603034
0.0000000000
0.0
0.0
0.0000000000
0.1375390736
0.1437908497
0.0
0.1004159239
0.1318082789
0.0808225729
0.1416447176
0.1581699346
0.0000000000
0.0770633835
0.0000000000
0.0000000000
0.0000000000
0.0000000000
0.0000000000
0.0196078431
0.0625231225
0.0000000000
0.0000000000
