0.0
0.0
0.0
0.0
0.1218515636
0.0
0.1539907806
0.0
0.0
0.0992698977
0.0
0.1154383234
0.0
0.1338056741
0.0
0.1328201986
0.0
0.1350301853
0.0
0.0
0.1406466921
0.0893265177
0.0
0.0
0.0
0.1239925766
0.1104124372
0.1239925766
0.1366214501
0.1224029281
0.0
0.0
0.1491785687
0.1274990438
0.1348058827
0.1323868538
0.1363918342
0.1226804858
0.1163485898
0.0
0.0
0.1486321270
0.1515464825
0.1326031722
0.0
0.1375476972
0.1422491523
0.1248509867
0.1157676767
0.1165993410
0.1275992789
0.1125563680
0.1462218763
0.1333658856
0.1281028277
0.0
0.1263083912
0.0
0.1101128105
0.1497290431
0.0
0.1060825377
0.1077015811
0.1413817794
0.0
0.1380155465
0.0
0.0942545196
0.1269009247
0.1327115967
0.1401608659
0.1315285922
0.0000000000
0.1532637231
0.1287123574
0.1227732850
0.1071328599
0.0810315940
0.1068507457
0.1232393946
0.1323868538
0.1462218763
0.1274990438
0.0
0.1456968427
0.1281028277
0.1323868538
0.0
0.0918541498
0.0986664333
0.1357075942
0.0
0.1262101732
0.1068507457
0.1072744764
0.0
0.0960392205
0.1270996732
0.1306813871
0.1412587317
0.1327115967
0.1251397708
0.1069916168
0.1101128105
0.1230525267
0.1401608659
0.0
0.1109407264
0.1376643619
0.0
0.1250433611
0.1306813871
0.1128694595
0.1271992811
0.1089303911
0.1239925766
0.1312096061
0.0
0.0989069365
0.1459588873
0.1195186176
0.1245635324
0.0933868140
0.1163485898
0.0000000000
0.1350301853
0.1138991458
0.1195186176
0.0000000000
0.1323868538
0.0
0.0
0.1213051440
0.0026178010
0.1390799338
0.0026178010
0.1122450088
0.1182128789
0.1171041001
0.1367365482
0.1262101732
0.1067102451
0.1242773987
0.0
0.1101128105
0.1366214501
0.1101128105
0.0937103249
0.1354810373
0.1168511755
0.1199602977
0.1250433611
0.1204052542
0.1278002226
0.1271992811
0.0948604808
0.0000000000
0.0000000000
0.1095184094
0.1127910234
0.1362773155
0.0000000000
0.1049846589
0.1104124372
0.1233330416
0.1089303911
0.1227732850
0.0923769395
0.1013780654
0.1433801084
0.0
0.0
0.0721040794
0.0
0.1168511755
0.0026178010
0.0
0.1424989313
0.1064303493
0.0
0.0052356021
0.0034904014
0.1103373778
0.1365065456
0.1104124372
0.1034456869
0.1148664421
0.0
0.0000000000
0.1093708105
0.1041092256
0.1269009247
0.0977160040
0.1049167956
0.1390799338
0.1039758377
0.1151925356
0.1412587317
0.1204052542
0.0944739713
0.0
0.1186449435
0.1236148383
0.0
0.1148664421
0.0857855617
0.0
0.1315285922
0.0
0.0898208537
0.0948604808
0.1320636963
0.0
0.1046462171
0.0992698977
0.1174430410
0.1101128105
0.1117811864
0.0
0.1351426168
0.0000000000
0.1278002226
0.1338056741
0.0000000000
0.0
0.1212145502
0.0000000000
0.0000000000
0.1221266236
0.1369673272
0.1101128105
0.1296376060
0.0
0.1471498483
0.1230525267
0.0924822124
0.1237090570
0.0
0.1273989660
0.0759860874
0.1238034193
0.0000000000
0.0026178010
0.0000000000
0.1298450262
0.1071328599
0.1127126963
0.0000000000
0.1245635324
0.1206738162
0.0933868140
0.0000000000
0.1046462171
0.1287123574
0.0034904014
0.0861955830
0.1226804858
0.1154383234
0.1290193026
0.0000000000
0.0
0.0000000000
0.1010624425
0.0962100075
0.0859673108
0.1148664421
0.1089303911
0.1147040867
0.0788277235
0.0000000000
0.0000000000
0.1475511661
0.0859218013
0.0000000000
0.0801908511
0.0
0.0000000000
0.0000000000
0.0000000000
0.1158503089
0.0895235978
0.1130266593
0.0000000000
0.0703538287
0.1274990438
0.0000000000
0.1001272565
0.0026178010
0.0026178010
0.1258188238
0.0
0.0026178010
0.1129480047
0.0942545196
0.0921671111
0.1115507098
0.1170196703
0.0000000000
0.0034904014
0.1102624203
0.0000000000
0.0861955830
0.0942545196
0.1171886518
0.0000000000
0.0000000000
0.0000000000
0.0026178010
0.0988467008
0.0000000000
0.1101128105
0.1149477923
0.0000000000
0.0000000000
0.0913886727
0.1153562777
0.0984868220
0.0000000000
0.0991486150
0.1090035478
0.0978928123
0.1137395114
0.0858763401
0.1280018003
0.0000000000
0.0000000000
0.0759150060
0.0680244270
0.0000000000
0.0933868140
0.0000000000
0.0919582338
0.1107892715
0.1070621918
0.0000000000
0.0947497272
0.1162652455
0.0000000000
0.0000000000
0.0000000000
0.1157676767
0.0026178010
0.0000000000
0.0000000000
0.1101128105
0.1033139928
0.0000000000
0.0052356021
0.0000000000
0.1074876045
0.0000000000
0.0000000000
0.0000000000
0.0000000000
0.1298450262
0.1068507457
0.0000000000
0.0000000000
0.0026178010
0.1131054235
0.0000000000
0.0919582338
0.1072036213
0.1072744764
0.0000000000
0.0000000000
0.0000000000
0.0985466197
0.0000000000
0.0000000000
0.0000000000
0.0000000000
0.0000000000
0.0000000000
0.0000000000
0.0828515991
0.1130266593
0.0000000000
0.0000000000
0.0034904014
0.0000000000
0.0000000000
0.0000000000
0.0000000000
0.0000000000
0.0921671111
0.1300531112
0.0000000000
0.0000000000
0.0000000000
0.0000000000
0.0000000000
0.0993914775
0.0000000000
0.0000000000
0.0000000000
0.0000000000
0.0000000000
0.0000000000
0.0000000000
0.0000000000
0.0000000000
0.0000000000
0.0000000000
0.0000000000
0.0000000000
0.0000000000
0.0000000000
0.1067804492
0.0000000000
0.0000000000
0.0000000000
0.0000000000
0.0000000000
0.0000000000
0.0000000000
0.0000000000
0.1195186176
0.0000000000
0.0000000000
0.0000000000
0.0000000000
0.0000000000
0.0000000000
0.0000000000
0.0000000000
0.0000000000
0.0000000000
0.0000000000
0.0000000000
0.0000000000
0.0000000000
0.0000000000
0.0000000000
0.0000000000
0.0000000000
0.0000000000
