0.0
0.0
0.0
0.0
0.0
0.0
0.0
0.0
0.0
0.0
0.0
0.0
0.0
0.0
0.0
0.0
0.0
0.0
0.0
0.0
0.0
0.0
0.0
0.0
0.0
0.0
0.0
0.0
0.0
0.0
0.0
0.0073529412
0.0
0.0
0.0
0.0
0.0
0.0
0.0
0.0
0.0
0.0
0.0
0.0
0.0
0.0
0.0
0.0
0.0
0.0
0.0
0.0
0.0960451977
0.0
0.0
0.0
0.0
0.0
0.0
0.0
0.0
0.0073529412
0.0
0.0
0.0
0.0
0.0
0.0
0.0
0.0
0.1021021021
0.0
0.0
0.0
0.0
0.0
0.0
0.0
0.0
0.0
0.0
0.0
0.0
0.0
0.0
0.0261437908
0.0
0.0
0.0
0.0
0.0
0.0
0.0
0.0
0.0
0.0
0.0699588477
0.0
0.0
0.0
0.0
0.0
0.0188235294
0.0
0.0
0.0
0.0
0.0
0.0
0.0
0.0
0.0612612613
0.0
0.0
0.0
0.0
0.0
0.0
0.0
0.0
0.0000000000
0.0
0.0794392523
0.0
0.0841584158
0.0
0.0000000000
0.0
0.0000000000
0.0
0.0
0.0
0.0
0.0
0.0
0.0
0.0000000000
0.0
0.0000000000
0.0
0.0
0.0894736842
0.1086261981
0.0276816609
0.0
0.0
0.0811455847
0.0
0.0
0.0
0.0957746479
0.0852130326
0.0
0.0
0.0
0.0
0.0
0.0
0.0000000000
0.0596491228
0.0
0.0618181818
0.0
0.0
0.0
0.0
0.0
0.0
0.0000000000
0.0
0.0
0.0
0.0
0.0
0.0
0.0
0.0
0.0
0.0000000000
0.0
0.0
0.0000000000
0.0
0.0
0.0
0.0
0.0
0.0637898687
0.0000000000
0.0564784053
0.0
0.0
0.0073529412
0.0
0.0
0.0
0.0
0.0073529412
0.0839506173
0.0
0.0807600950
0.0729613734
0.0823244552
0.0
0.0
0.0
0.0
0.0
0.0
0.0721868365
0.0
0.0742358079
0.0
0.0224089636
0.0982658960
0.0000000000
0.0762331839
0.0
0.0776255708
0.0000000000
0.0813397129
0.0637898687
0.0612612613
0.0957746479
0.0693877551
0.0788863109
0.0673267327
0.0724946695
0.0
0.0
0.1156462585
0.0642722117
0.0073529412
0.0
0.0
0.0000000000
0.0568561873
0.0
0.0839506173
0.0739130435
0.0
0.0073529412
0.0
0.0000000000
0.0
0.0717299578
0.0633147114
0.0519083969
0.1180555556
0.0142602496
0.0000000000
0.0147058824
0.0
0.0944444444
0.0726495726
0.0180995475
0.0000000000
0.0
0.0000000000
0.0000000000
0.0235294118
0.0792540793
0.0
0.0691056911
0.0
0.0
0.0
0.0
0.0073529412
0.0
0.0
0.0823244552
0.0
0.0073529412
0.1049382716
0.0000000000
0.0000000000
0.0675944334
0.0
0.0
0.0546623794
0.0000000000
0.0913978495
0.0
0.0546623794
0.0000000000
0.0856423174
0.0640301318
0.0
0.0196078431
0.0650095602
0.0928961749
0.0
0.0860759494
0.0578231293
0.0778032037
0.0852130326
0.0000000000
0.0000000000
0.0000000000
0.0546623794
0.0000000000
0.0610412926
0.0000000000
0.0000000000
0.0000000000
0.1030303030
0.0000000000
0.0735930736
0.0000000000
0.0
0.0073529412
0.0807600950
0.0073529412
0.0
0.0703933747
0.0894736842
0.0729613734
0.0000000000
0.0566666667
0.0
0.0000000000
0.0
0.0073529412
0.0508221226
0.0000000000
0.0000000000
0.0000000000
0.0000000000
0.0000000000
0.0000000000
0.0000000000
0.0073529412
0.0000000000
0.0000000000
0.0000000000
0.0000000000
0.0000000000
0.0000000000
0.0000000000
