0.0
0.0
0.0
0.0
0.0
0.0
0.0
0.0
0.0
0.0
0.0
0.0
0.0
0.0
0.0
0.0
0.0
0.0
0.0
0.0
0.0
0.0
0.0
0.0
0.0
0.0
0.0
0.0
0.0
0.0
0.0
0.0155038760
0.0
0.0
0.0
0.0
0.0
0.0
0.0
0.0
0.0
0.0
0.0
0.0261627907
0.0
0.0
0.0
0.0
0.0
0.0
0.0
0.0
0.0232558140
0.0
0.0
0.0
0.0
0.0
0.0
0.0
0.0
0.1177500700
0.0
0.0
0.0261627907
0.0
0.0
0.0
0.0
0.0
0.1261065266
0.0
0.0
0.0
0.0
0.0
0.0
0.0
0.1098118631
0.0
0.0
0.0
0.0
0.0
0.0
0.0695605396
0.0
0.0
0.0
0.0
0.0
0.0748908491
0.0
0.0
0.0
0.0
0.0000000000
0.0
0.0
0.0
0.0801086542
0.0
0.0814437984
0.0
0.0
0.0
0.0
0.0
0.0
0.0
0.0000000000
0.0174418605
0.0
0.0
0.0
0.0
0.0
0.0
0.0
0.0
0.0174418605
0.0
0.1303100775
0.1007552146
0.0880473497
0.1386277420
0.0000000000
0.0
0.0608925596
0.0
0.0
0.0
0.0
0.0930786268
0.0904931094
0.0
0.1110597252
0.0
0.0746050062
0.0
0.0
0.0794573643
0.0948859788
0.0935239791
0.0
0.0
0.0603287396
0.0754691569
0.0
0.0
0.1104322691
0.0000000000
0.0688257452
0.0
0.0
0.0
0.0
0.0
0.0967649090
0.0781860465
0.0
0.0155038760
0.0
0.0
0.0
0.0
0.0
0.0
0.0000000000
0.0
0.0
0.0
0.1028763770
0.0
0.0
0.0
0.0
0.0
0.0804383195
0.0
0.0
0.1269254002
0.0
0.0116279070
0.0116279070
0.0232558140
0.0
0.0261627907
0.0000000000
0.0000000000
0.0
0.0690689457
0.0116279070
0.0
0.0698089701
0.0
0.0232558140
0.0155038760
0.0116279070
0.0
0.0884457540
0.0000000000
0.0155038760
0.0
0.0
0.0155038760
0.0
0.0896628974
0.1177500700
0.0000000000
0.0000000000
0.0116279070
0.0
0.0900760905
0.0174418605
0.0116279070
0.0958162335
0.0
0.1062310415
0.0000000000
0.0653729486
0.0261627907
0.0000000000
0.1163482835
0.1163482835
0.0000000000
0.1480796335
0.0000000000
0.1045268001
0.0000000000
0.0000000000
0.0872612126
0.0174418605
0.0
0.0000000000
0.0000000000
0.0000000000
0.0000000000
0.0155038760
0.0000000000
0.0000000000
