0.0
0.0
0.0
0.0
0.0
0.0
0.0896029258
0.0
0.0
0.0
0.0
0.0
0.0
0.0
0.0
0.0949462196
0.0
0.0
0.0
0.0
0.0
0.0
0.0
0.0
0.0
0.0
0.0
0.0
0.0
0.0000000000
0.0
0.0958253512
0.0
0.0
0.0
0.0
0.0936573568
0.0000000000
0.0000000000
0.0
0.0790010529
0.0000000000
0.0
0.0603448276
0.0281609195
0.0
0.0
0.0
0.0
0.1014621366
0.0
0.0
0.0976333767
0.0
0.0000000000
0.0
0.0696911645
0.0000000000
0.0
0.0
0.0
0.0
0.0
0.0
0.0
0.0
0.0
0.0000000000
0.0
0.0
0.0384012539
0.0638835675
0.0831256059
0.0
0.0086206897
0.0
0.0899925037
0.0
0.0000000000
0.0990348127
0.0676414244
0.0824632504
0.0736593447
0.0584697058
0.0818113670
0.0796087533
0.0
0.0749937531
0.0324933687
0.0281609195
0.0
0.0
0.0
0.0
0.0
0.0
0.0222323049
0.0086206897
0.0
0.0
0.0
0.0000000000
0.0629126926
0.0000000000
0.0
0.0000000000
0.0
0.0
0.0
0.0821360153
0.0749937531
0.0201149425
0.0880777696
0.0676414244
0.0924030172
0.0646821121
0.0884541704
0.0000000000
0.0129310345
0.0
0.0
0.0805380384
0.0086206897
0.0844827586
0.0
0.0692250029
0.0862428161
0.0
0.0
0.0000000000
0.0811697093
0.0858849621
0.0193965517
0.0
0.0129310345
0.0990348127
0.0718690134
0.0
0.0193965517
0.0903854841
0.0824632504
0.0728812530
0.0222323049
0.0000000000
0.0129310345
0.0
0.0086206897
0.0
0.0562453148
0.0796087533
0.0000000000
0.0000000000
0.0000000000
0.0000000000
0.0
0.0000000000
0.0000000000
0.0796087533
0.0000000000
0.0201149425
0.0672021944
0.0
0.0000000000
0.0000000000
0.0000000000
0.0086206897
0.0000000000
0.0000000000
0.0000000000
0.0877045587
0.0529367669
0.0086206897
0.0778130672
0.0
0.0000000000
0.0000000000
0.0000000000
0.0129310345
0.0731387840
0.0672021944
0.0000000000
0.0000000000
0.0000000000
0.0000000000
0.0193965517
0.0000000000
0.0716203317
0.0193965517
0.0000000000
0.0086206897
0.0000000000
0.0562453148
0.0000000000
0.0086206897
0.0000000000
0.0000000000
0.0000000000
0.0000000000
0.0000000000
