0.0
0.0
0.0
0.0
0.0
0.0
0.0
0.0
0.0
0.0
0.0
0.0
0.0
0.0
0.0
0.1121829314
0.0
0.0
0.0
0.0
0.0
0.0
0.0
0.0
0.0
0.0
0.0
0.0
0.0
0.0839426295
0.0
0.1275573994
0.0
0.0
0.0
0.0
0.1353005003
0.1240089505
0.0
0.0
0.1266040556
0.0
0.0
0.0084905660
0.1124808940
0.0
0.0
0.0
0.0
0.1118865432
0.0
0.0
0.0883192004
0.0
0.1386221165
0.0
0.0
0.0
0.0
0.0
0.0
0.0
0.0
0.0
0.0
0.0
0.0
0.0
0.0
0.0
0.1072128015
0.1143024470
0.1187911826
0.0
0.0744926238
0.0
0.0966873438
0.0
0.0902964960
0.0
0.1287205368
0.0706995937
0.0
0.1163435621
0.1260388589
0.0863385456
0.0
0.1118865432
0.0998798505
0.0689162841
0.0
0.0
0.0
0.0
0.0
0.0
0.0000000000
0.0928707382
0.0
0.0
0.0
0.0720835006
0.0000000000
0.0964670993
0.0
0.0
0.0
0.0
0.0
0.1368305545
0.1136887426
0.0805881191
0.1123317151
0.1062711584
0.0141509434
0.1094290868
0.0904894372
0.0
0.0
0.0
0.0
0.0
0.1081712812
0.1135363448
0.0
0.0847828961
0.0
0.0
0.0
0.0
0.0
0.1062711584
0.1057404659
0.0
0.0
0.1020459195
0.1049542915
0.0
0.0
0.0084905660
0.0860753183
0.0
0.0790832056
0.0
0.0141509434
0.0
0.1118865432
0.0
0.1130815931
0.0981438160
0.0000000000
0.0839426295
0.0951664193
0.0901043758
0.0
0.0719610138
0.1133843550
0.0
0.1143024470
0.0622780244
0.1150789582
0.0
0.1087267179
0.0972423803
0.1124808940
0.1037967074
0.1046948247
0.1054771024
0.0
0.0777046910
0.0
0.1338042863
0.0
0.0
0.0838595180
0.0846981132
0.0
0.0
0.0895328892
0.0047169811
0.0742314752
0.0
0.0928707382
0.0047169811
0.0047169811
0.0
0.0
0.0623697446
0.1105719494
0.0921633441
0.0
0.1252930669
0.0995277476
0.0
0.0062893082
0.1044366377
0.1161839687
0.0982576719
0.0
0.0998798505
0.0047169811
0.0964670993
0.0
0.0836937878
0.1216926914
0.0
0.0
0.0811284609
0.0000000000
0.0
0.0062893082
0.0972423803
0.0
0.0
0.1049542915
0.0
0.0910732400
0.0
0.1160248126
0.0
0.0
0.0000000000
0.0909754170
0.0971308638
0.1061379865
0.1001159731
0.0
0.0000000000
0.0
0.0753541932
0.0922637399
0.1181284703
0.0810508260
0.0904894372
0.0670080010
0.0748878101
0.0636349461
0.0874980508
0.0047169811
0.0568825475
0.0084905660
0.0
0.0
0.0793796750
0.0805115145
0.0843606705
0.0
0.0000000000
0.0
0.0810508260
0.0692543853
0.0
0.1121829314
0.0047169811
0.0000000000
0.0084905660
0.0
0.0047169811
0.0000000000
0.0000000000
0.0047169811
0.0094339623
0.0
0.0047169811
0.0944237605
0.0805115145
0.0
0.0000000000
0.0
0.0764423404
0.0000000000
0.0
0.1115917170
0.1061379865
0.0047169811
0.0917639363
0.0961386075
0.0047169811
0.0897225776
0.0904894372
0.0970196028
0.0047169811
0.0647539092
0.0911712736
0.0000000000
0.0
0.0901043758
0.0000000000
0.0000000000
0.0
0.0094339623
0.0062893082
0.0886891238
0.0567301495
0.0
0.0
0.0000000000
0.0664820355
0.0062893082
0.0000000000
0.0000000000
0.1046948247
0.0047169811
0.0000000000
0.0047169811
0.0856401549
0.0
0.0904894372
0.0
0.0808960012
0.0047169811
0.0000000000
0.0000000000
0.0000000000
0.0000000000
0.0953807581
0.0522183189
0.0854673191
0.0000000000
0.0000000000
0.0000000000
0.0000000000
0.0000000000
0.0000000000
0.0047169811
0.0084905660
0.0621865736
0.0000000000
0.0924651891
0.0855536497
0.0986008303
0.0754212940
0.0000000000
0.0969085963
0.0084905660
0.0000000000
0.0047169811
0.0000000000
0.0000000000
0.0797534023
0.0000000000
0.0000000000
0.0000000000
0.0000000000
0.0000000000
0.0790832056
0.0000000000
0.0000000000
0.0000000000
0.0000000000
0.0000000000
0.0047169811
0.0000000000
0.0000000000
