0.0
0.0
0.0
0.0
0.0
0.0
0.0
0.2400734919
0.0
0.0
0.0
0.0
0.0
0.0
0.0
0.0
0.0
0.0
0.0
0.0
0.1838457530
0.0
0.0
0.1990352881
0.0
0.0
0.0
0.0
0.0
0.0
0.0
0.2149581112
0.2097939524
0.2253593101
0.0
0.0
0.0
0.2024967714
0.0
0.0
0.0
0.0
0.0
0.0
0.0
0.0
0.0
0.0
0.0
0.0
0.0
0.0
0.0
0.2290537250
0.0
0.0
0.0
0.2283051835
0.0
0.2196898935
0.0
0.0
0.0
0.2522071702
0.2091658268
0.2110615895
0.1683406895
0.0
0.1814581458
0.0
0.2512999501
0.2616531316
0.2451276707
0.0
0.0
0.2246346821
0.2597077552
0.2246346821
0.0
0.0
0.0
0.1935218453
0.2001758915
0.0
0.0
0.2149581112
0.1609709358
0.0
0.2666465120
0.2477354118
0.0
0.2512999501
0.2626367900
0.2305656308
0.0
0.0
0.2224884909
0.0
0.2344341817
0.2176367169
0.2246346821
0.0
0.1828832098
0.1919268850
0.0
0.0
0.0
0.1903580004
0.0
0.0
0.2231993167
0.1935218453
0.0
0.2203829216
0.2097939524
0.0
0.2231993167
0.0000000000
0.0
0.0
0.2030854248
0.0
0.0
0.2360181964
0.2024967714
0.2183168317
0.2001758915
0.1667336185
0.0
0.2142987305
0.2162891212
0.2117011701
0.1888145571
0.2739662202
0.2451276707
0.2190012105
0.1773131628
0.1809880470
0.2392513224
0.0
0.1573454643
0.2079207921
0.0
0.0000000000
0.2142987305
0.0
0.2597077552
0.1814581458
0.1996039604
0.0
0.2283051835
0.0
0.0
0.2036775106
0.0
0.1853087165
0.1764176418
0.0
0.0000000000
0.0
0.2360181964
0.1708102351
0.2313290932
0.2384347650
0.1402839079
0.2328712871
0.1446405510
0.0
0.2066904915
0.1962398487
0.0
0.1764176418
0.2313290932
0.0000000000
0.0
0.1489581794
0.0000000000
0.0000000000
0.2196898935
0.1746534653
0.0000000000
0.0000000000
0.0000000000
0.0000000000
0.1759732648
0.1742179205
0.0000000000
0.0000000000
0.0000000000
0.0000000000
0.0000000000
0.1898407232
0.0000000000
0.0000000000
