0.0
0.0
0.0
0.0
0.0
0.0
0.0
0.0
0.0
0.0
0.0
0.0
0.0
0.0
0.0
0.0
0.0
0.0
0.0
0.0
0.0
0.0
0.0
0.0
0.0
0.0
0.0
0.0
0.0
0.0
0.0
0.0
0.0
0.0
0.0
0.0
0.0
0.0
0.0
0.0
0.0
0.0
0.0
0.0
0.0
0.0
0.0
0.0
0.0
0.0
0.0
0.0
0.0
0.0
0.0
0.0
0.0
0.0
0.0
0.0
0.1713929017
0.0
0.0
0.0
0.0
0.0
0.0
0.0
0.0
0.0
0.0
0.0
0.0
0.0
0.0
0.1599667083
0.0
0.0
0.0
0.1784752530
0.0
0.0
0.0
0.0
0.0
0.0
0.0000000000
0.0
0.0
0.0
0.0
0.1469082015
0.0
0.0
0.0
0.0
0.0
0.0
0.0
0.0
0.0
0.0
0.0
0.0
0.0
0.0
0.0
0.0
0.0
0.1853691469
0.0
0.0
0.0
0.0
0.0
0.0
0.0
0.0
0.1040747259
0.1244697730
0.0
0.1266598570
0.0
0.0
0.0
0.0
0.0
0.0
0.0
0.0
0.0
0.0
0.0
0.0907374186
0.0
0.0
0.0
0.1213230653
0.1209832248
0.1777407870
0.0
0.1324877645
0.0
0.0
0.0
0.0
0.0
0.0
0.0
0.0
0.1266598570
0.0
0.1515474078
0.0
0.0
0.0
0.1667606611
0.0
0.1118938115
0.1341335753
0.0
0.0000000000
0.1213230653
0.0966241862
0.1617640870
0.0
0.0
0.1531596143
0.0
0.0
0.0
0.1777407870
0.0
0.1642243773
0.0
0.1484227190
0.1464102076
0.1576314279
0.0
0.1388778496
0.0
0.0
0.1693765147
0.1494498659
0.1366804153
0.0
0.1642243773
0.0
0.1542536116
0.1333055902
0.0112359551
0.1234028892
0.1479144220
0.0
0.0
0.0
0.0
0.1720757420
0.1063818011
0.0
0.0
0.0
0.1074403265
0.0
0.0924861054
0.1680584095
0.1623722227
0.1459155785
0.0
0.0000000000
0.1035755665
0.0
0.1792158143
0.1145650165
0.1515474078
0.1341335753
0.1320826032
0.1542536116
0.0000000000
0.0
0.0000000000
0.0
0.1058603217
0.1559242283
0.1074403265
0.1074403265
0.0
0.1248295122
0.1479144220
0.1266598570
0.1234028892
0.0
0.1430165935
0.0000000000
0.0000000000
0.0000000000
0.0112359551
0.0000000000
0.0000000000
0.0
0.0000000000
0.1127702643
0.0000000000
0.0000000000
0.0000000000
0.0000000000
0.0000000000
0.1223541395
0.1058603217
0.0000000000
0.0000000000
0.0000000000
0.1035755665
0.0000000000
0.0000000000
0.0000000000
0.0000000000
0.0000000000
0.0000000000
