0.0
0.0
0.0
0.0
0.0
0.0
0.0
0.0
0.0
0.0
0.0
0.0
0.0
0.0
0.0
0.0
0.0
0.0
0.0
0.0
0.0
0.0
0.0
0.0
0.0
0.0
0.0
0.0
0.0
0.0
0.0
0.0
0.0
0.0
0.0
0.0
0.0
0.0
0.0
0.0
0.0
0.0
0.0
0.0
0.0
0.0
0.0
0.0
0.0
0.0
0.0
0.0
0.0
0.0
0.0
0.0
0.0
0.0
0.0
0.0
0.1059322034
0.0
0.0
0.0
0.0
0.0
0.0
0.0
0.0
0.0
0.0
0.0
0.0
0.0
0.0
0.0150000000
0.0
0.0
0.0
0.1082251082
0.0
0.0
0.0
0.0
0.0
0.0
0.0844594595
0.0
0.0
0.0
0.0
0.0
0.0
0.0
0.0
0.0
0.0
0.0
0.0
0.0
0.0
0.0
0.0
0.0
0.0
0.0
0.0
0.0
0.0
0.1012145749
0.0
0.0
0.0
0.0
0.0
0.0
0.0
0.0
0.0909090909
0.0757575758
0.0
0.0755287009
0.0
0.0
0.0
0.0
0.0
0.0
0.0
0.0
0.0
0.0
0.0
0.0965250965
0.0
0.0
0.0
0.0
0.0
0.0874125874
0.0
0.0984251969
0.0
0.0
0.0
0.0
0.0
0.0
0.0
0.0
0.0618811881
0.0
0.0200000000
0.0
0.0
0.0
0.1016260163
0.0
0.0225000000
0.0
0.0
0.0000000000
0.0
0.0150000000
0.0225000000
0.0
0.0
0.0724637681
0.0
0.0
0.0
0.0753012048
0.0
0.0
0.0
0.0000000000
0.0
0.0
0.0
0.0000000000
0.0
0.0
0.0801282051
0.0670241287
0.0000000000
0.0
0.0
0.0
0.0726744186
0.0
0.0
0.0592417062
0.0954198473
0.0
0.0
0.0
0.0
0.0
0.0663129973
0.0
0.0
0.0
0.0
0.0
0.0225000000
0.0
0.0883392226
0.0
0.0
0.0000000000
0.0
0.0
0.0
0.0
0.0
0.0871080139
0.0
0.0847457627
0.0000000000
0.0
0.0200000000
0.0
0.0877192982
0.0896057348
0.0
0.0150000000
0.0
0.0133333333
0.1041666667
0.0856164384
0.0766871166
0.0
0.0000000000
0.0700280112
0.0
0.0838926174
0.0000000000
0.0
0.0
0.0
0.0847457627
0.0744047619
0.0841750842
0.0836120401
0.0712250712
0.0
0.0
0.0
0.0625000000
0.0724637681
0.0636132316
0.0
0.0811688312
0.0000000000
0.0225000000
0.0
0.0
0.0965250965
0.0000000000
0.0668449198
0.0
0.0726744186
0.0666666667
0.0
0.0
0.0150000000
0.0
0.0000000000
0.0000000000
0.0133333333
0.0000000000
0.0000000000
0.0000000000
0.0133333333
0.0728862974
0.0586854460
0.0
0.0000000000
0.0000000000
0.0000000000
0.0000000000
0.0769230769
0.0000000000
0.0000000000
0.0822368421
0.0000000000
0.0865051903
0.0722543353
0.0000000000
0.0844594595
0.0000000000
0.0000000000
0.0000000000
0.0000000000
0.0000000000
0.0000000000
0.0000000000
0.0000000000
0.0133333333
0.0000000000
0.0000000000
0.0551876380
0.0000000000
0.0000000000
0.0000000000
