0.0039682540
0.0
0.0
0.0
0.0
0.0
0.0000000000
0.0
0.0
0.0000000000
0.0
0.0
0.0
0.0
0.0
0.0
0.0
0.0
0.0
0.0
0.0
0.0
0.0
0.0000000000
0.0
0.0
0.0000000000
0.0
0.0
0.0
0.0
0.0
0.0
0.0
0.0
0.0
0.0
0.0
0.0
0.0
0.0
0.0
0.0192857143
0.0000000000
0.0
0.0
0.0
0.0
0.0
0.0
0.0
0.0
0.0000000000
0.0039682540
0.0039682540
0.0
0.0
0.0
0.0241071429
0.0
0.0
0.0000000000
0.0
0.0
0.0
0.0000000000
0.0
0.0192857143
0.0000000000
0.0
0.0000000000
0.0123117623
0.0039682540
0.0
0.0344387755
0.0
0.0
0.0
0.0
0.0
0.0
0.0
0.0
0.0039682540
0.0
0.0228647014
0.0
0.0
0.0
0.0
0.0
0.0
0.0170168067
0.0000000000
0.0000000000
0.0
0.0
0.0
0.0154889913
0.0
0.0208764665
0.0000000000
0.0
0.0
0.0
0.0
0.0
0.0
0.0
0.0
0.0
0.0119047619
0.0
0.0
0.0
0.0
0.0
0.0039682540
0.0000000000
0.0071428571
0.0
0.0222527473
0.0
0.0000000000
0.0
0.0039682540
0.0
0.0
0.0000000000
0.0
0.0
0.0000000000
0.0
0.0
0.0203722334
0.0000000000
0.0
0.0
0.0
0.0272911051
0.0071428571
0.0
0.0
0.0
0.0165571976
0.0
0.0258290816
0.0039682540
0.0233294931
0.0039682540
0.0079365079
0.0
0.0241071429
0.0
0.0039682540
0.0
0.0
0.0
0.0089285714
0.0
0.0
0.0000000000
0.0
0.0
0.0
0.0
0.0039682540
0.0039682540
0.0336378738
0.0
0.0000000000
0.0
0.0
0.0
0.0079365079
0.0
0.0000000000
0.0000000000
0.0
0.0094062316
0.0
0.0000000000
0.0
0.0071428571
0.0
0.0
0.0052910053
0.0039682540
0.0039682540
0.0000000000
0.0039682540
0.0000000000
0.0094062316
0.0
0.0289285714
0.0
0.0
0.0
0.0000000000
0.0
0.0089285714
0.0039682540
0.0
0.0
0.0
0.0283613445
0.0052910053
0.0000000000
0.0
0.0000000000
0.0307750760
0.0071428571
0.0
0.0219155844
0.0039682540
0.0
0.0000000000
0.0267857143
0.0119047619
0.0079365079
0.0
0.0
0.0
0.0
0.0
0.0000000000
0.0174268503
0.0177836567
0.0000000000
0.0
0.0
0.0039682540
0.0185439560
0.0
0.0000000000
0.0
0.0000000000
0.0000000000
0.0
0.0
0.0000000000
0.0000000000
0.0
0.0
0.0
0.0052910053
0.0
0.0039682540
0.0
0.0081925243
0.0059523810
0.0039682540
0.0154889913
0.0039682540
0.0
0.0039682540
0.0000000000
0.0
0.0106701940
0.0000000000
0.0
0.0000000000
0.0
0.0
0.0
0.0
0.0000000000
0.0000000000
0.0000000000
0.0000000000
0.0039682540
0.0000000000
0.0158730159
0.0039682540
0.0
0.0
0.0039682540
0.0
0.0000000000
0.0
0.0147594752
0.0
0.0039682540
0.0000000000
0.0000000000
0.0
0.0137188209
0.0000000000
0.0039682540
0.0052910053
0.0129772630
0.0000000000
0.0192857143
0.0039682540
0.0000000000
0.0
0.0059523810
0.0000000000
0.0000000000
0.0000000000
0.0000000000
0.0226004464
0.0000000000
0.0
0.0
0.0000000000
0.0000000000
0.0000000000
0.0000000000
0.0039682540
0.0000000000
0.0
0.0
0.0
0.0150669643
0.0000000000
0.0000000000
0.0039682540
0.0000000000
0.0039682540
0.0039682540
0.0133667502
0.0000000000
0.0000000000
0.0039682540
0.0000000000
0.0039682540
0.0000000000
0.0000000000
0.0000000000
0.0039682540
0.0
0.0126984127
0.0000000000
0.0
0.0000000000
0.0
0.0039682540
0.0039682540
0.0198140900
0.0
0.0000000000
0.0039682540
0.0000000000
0.0
0.0000000000
0.0
0.0
0.0000000000
0.0105820106
0.0000000000
0.0
0.0039682540
0.0000000000
0.0149393091
0.0039682540
0.0000000000
0.0000000000
0.0039682540
0.0000000000
0.0071428571
0.0
0.0215884861
0.0000000000
0.0039682540
0.0
0.0
0.0000000000
0.0000000000
0.0
0.0
0.0052910053
0.0000000000
0.0000000000
0.0000000000
0.0039682540
0.0000000000
0.0039682540
0.0000000000
0.0071428571
0.0000000000
0.0039682540
0.0000000000
0.0000000000
0.0
0.0000000000
0.0000000000
0.0168189369
0.0000000000
0.0000000000
0.0233294931
0.0229591837
0.0000000000
0.0000000000
0.0
0.0000000000
0.0
0.0000000000
0.0000000000
0.0
0.0000000000
0.0000000000
0.0110420980
0.0000000000
0.0039682540
0.0000000000
0.0039682540
0.0000000000
0.0
0.0000000000
0.0052910053
0.0000000000
0.0000000000
0.0123117623
0.0000000000
0.0000000000
0.0000000000
0.0000000000
0.0039682540
0.0165571976
0.0000000000
0.0000000000
0.0039682540
0.0000000000
0.0000000000
0.0000000000
0.0
0.0000000000
0.0000000000
0.0000000000
0.0000000000
0.0000000000
0.0000000000
0.0000000000
0.0000000000
0.0000000000
0.0000000000
0.0039682540
0.0000000000
0.0000000000
0.0000000000
0.0000000000
0.0000000000
0.0000000000
