0.0
0.0
0.0
0.0
0.0
0.0
0.0
0.0
0.0
0.0
0.0
0.0
0.0
0.0
0.0
0.0
0.0
0.0
0.0
0.0
0.0
0.0
0.0
0.0
0.0
0.0
0.0
0.0
0.0
0.0
0.0
0.0
0.0
0.0
0.0
0.0
0.0
0.0
0.0
0.0
0.0
0.0
0.0
0.0
0.0
0.0
0.0
0.0
0.0
0.0
0.0
0.0
0.0
0.0
0.0
0.0
0.0
0.0
0.0
0.0
0.1315846709
0.0
0.0
0.0
0.0
0.0
0.0
0.0
0.0
0.0
0.0
0.0
0.0
0.0
0.0
0.1064353823
0.0
0.0
0.0
0.1457269486
0.0
0.0
0.0
0.0
0.0
0.0
0.1015816515
0.0
0.0
0.0
0.0
0.1288659794
0.0
0.0
0.0
0.0
0.0
0.0
0.0
0.0
0.0
0.0
0.0
0.0
0.0
0.0
0.0
0.0
0.0
0.1543839951
0.0
0.0
0.0
0.0
0.0
0.0
0.0
0.0
0.1464111127
0.1185763004
0.0
0.0847433886
0.0
0.0
0.0
0.0
0.0
0.0
0.0
0.0
0.0
0.0
0.0
0.1485027000
0.0
0.0
0.0
0.1417525773
0.0
0.1443776250
0.0
0.1355894218
0.0
0.0
0.0
0.0
0.0
0.0
0.0
0.0
0.1146528199
0.0
0.0286368843
0.0
0.0
0.0
0.1321422331
0.0
0.0103092784
0.0
0.0
0.0103092784
0.0000000000
0.0103092784
0.1304835440
0.0
0.0
0.0986885032
0.0
0.0
0.0
0.1559278351
0.0
0.1417525773
0.0
0.0000000000
0.1386025200
0.1417525773
0.0
0.1204075946
0.0
0.0
0.1386025200
0.1117762258
0.0286368843
0.0
0.0
0.0
0.1350024546
0.0
0.0
0.0936503514
0.1437122904
0.0
0.0
0.0
0.0
0.0
0.0983771830
0.0
0.0
0.0
0.0
0.0
0.1146528199
0.0368188513
0.1492132393
0.0
0.0
0.0928141875
0.0
0.0
0.0
0.0000000000
0.1278097009
0.1338436352
0.0
0.1213446187
0.1163640560
0.0
0.0103092784
0.0
0.0983771830
0.1521247171
0.0
0.0956612485
0.0
0.0198255353
0.1411111629
0.0863866122
0.1373813525
0.0
0.0103092784
0.0956612485
0.0
0.1430530597
0.0103092784
0.0
0.0
0.0
0.0103092784
0.1257482541
0.1105871171
0.0000000000
0.1005986033
0.0198255353
0.0000000000
0.1134020619
0.1218186211
0.0863866122
0.0000000000
0.0
0.0103092784
0.0000000000
0.1064353823
0.0
0.0
0.0103092784
0.0000000000
0.0974548969
0.0738994479
0.0103092784
0.1109806655
0.0103092784
0.0
0.0000000000
0.0
0.0000000000
0.0956612485
0.1146528199
0.0000000000
0.0234301781
0.0000000000
0.0103092784
0.1172389737
0.0103092784
0.0103092784
0.0000000000
0.0000000000
0.0000000000
0.0000000000
0.0000000000
0.0000000000
0.0000000000
0.0000000000
0.0000000000
0.0000000000
