0.0
0.0
0.0
0.0
0.0
0.0
0.0
0.0
0.0
0.0
0.0
0.0
0.0
0.0
0.0
0.1190582751
0.0
0.0
0.0
0.0
0.0
0.0
0.0
0.0
0.0
0.0
0.0
0.0
0.0
0.0903200707
0.0
0.1309641026
0.0
0.0
0.0
0.0
0.1266577394
0.1173513464
0.0
0.0
0.1381477875
0.0
0.0
0.0970104463
0.1106115731
0.0
0.0
0.0
0.0
0.0238658777
0.0
0.0
0.0182503771
0.0
0.1188421983
0.0
0.0
0.0
0.0
0.0
0.0
0.0
0.0
0.0
0.0
0.0
0.0
0.0
0.0
0.0
0.1093189504
0.1119351304
0.1073476251
0.0
0.1001254607
0.0
0.1068222696
0.0
0.0970104463
0.0
0.1355736051
0.1154886266
0.0
0.1032839926
0.1237845960
0.0000000000
0.0
0.1121268001
0.1130950799
0.0666823333
0.0
0.0
0.0
0.0
0.0
0.0
0.0000000000
0.0917115564
0.0
0.0
0.0
0.0683528719
0.0000000000
0.0000000000
0.0
0.0
0.0
0.0
0.0
0.1309641026
0.1007416174
0.0000000000
0.1138818283
0.1069968158
0.0834166258
0.1125121156
0.1210389118
0.0
0.0
0.0
0.0
0.0
0.1111749597
0.1089551602
0.0
0.0910737848
0.0
0.0
0.0
0.0
0.0
0.1069968158
0.1016802039
0.0
0.0866164699
0.0221611722
0.1064748801
0.0
0.0
0.0730011720
0.1064748801
0.0
0.0832046395
0.0
0.0102564103
0.0
0.1044370834
0.0
0.1146795994
0.1041050100
0.0000000000
0.0000000000
0.0886090004
0.0890912262
0.0
0.0682104701
0.1156926701
0.0
0.1171414155
0.0599652484
0.1197112455
0.0
0.1087741716
0.0961557288
0.1021560862
0.0977344049
0.0172364672
0.0206837607
0.0
0.0147741148
0.0
0.1175620310
0.0
0.0
0.0797588932
0.0936796156
0.0
0.0
0.0900715974
0.0000000000
0.0703351786
0.0
0.0939484236
0.0051282051
0.0000000000
0.0773105682
0.0
0.0747512001
0.0978804952
0.0923583234
0.0
0.0238658777
0.0914553789
0.0
0.0051282051
0.0957339931
0.1029592001
0.0947641842
0.0
0.0163292848
0.0102564103
0.0964389562
0.0
0.0858218234
0.1016802039
0.0
0.0
0.0772194001
0.0773105682
0.0
0.0000000000
0.0999725974
0.0
0.0
0.1044370834
0.0
0.1005868683
0.0
0.1096851780
0.0
0.0
0.0000000000
0.0000000000
0.0051282051
0.0692199274
0.0906953619
0.0
0.0000000000
0.1217138500
0.0641352118
0.0881319667
0.0967238571
0.0809419670
0.0155128205
0.0809419670
0.0939484236
0.0964389562
0.0819550079
0.0051282051
0.0848213100
0.0068376068
0.0
0.0000000000
0.1005868683
0.0797588932
0.0863879305
0.0051282051
0.0000000000
0.0
0.0809419670
0.0119329389
0.0
0.1016802039
0.0068376068
0.0000000000
0.0068376068
0.0
0.0051282051
0.0000000000
0.0000000000
0.0051282051
0.0051282051
0.0
0.0051282051
0.0939484236
0.0000000000
0.0977344049
0.0923583234
0.0984692500
0.0598556227
0.0000000000
0.0
0.0000000000
0.1148807917
0.0068376068
0.0920985250
0.0918401841
0.0051282051
0.0795650684
0.0155128205
0.0785156490
0.0051282051
0.0611981788
0.0960147380
0.0000000000
0.0993657834
0.0886090004
0.0000000000
0.0000000000
0.0
0.0051282051
0.0000000000
0.0914553789
0.0543870858
0.0
0.0
0.0000000000
0.0627824077
0.0051282051
0.0000000000
0.0000000000
0.0000000000
0.0051282051
0.0000000000
0.0051282051
0.0000000000
0.0000000000
0.0155128205
0.0
0.0769471813
0.0051282051
0.0000000000
0.0000000000
0.0000000000
0.0000000000
0.0000000000
0.0000000000
0.0720374602
0.0000000000
0.0000000000
0.0000000000
0.0000000000
0.0000000000
0.0000000000
0.0000000000
0.0000000000
0.0000000000
0.0000000000
