0.0
0.0
0.0
0.0
0.0
0.0
0.1693841642
0.0
0.0
0.0
0.0
0.0
0.2524475524
0.0
0.0
0.2224961479
0.0
0.0
0.0
0.0
0.0
0.0
0.0
0.0
0.0
0.0
0.0
0.0
0.0
0.1944781145
0.0
0.2224961479
0.2344155844
0.0
0.0
0.0
0.2152011923
0.0000000000
0.2243978244
0.0
0.2100363636
0.1916390179
0.1944781145
0.2067287044
0.2524475524
0.1738711620
0.0
0.0
0.0
0.2243978244
0.0
0.2117302053
0.0409090909
0.0
0.2051136364
0.0
0.2263322884
0.1944781145
0.2243978244
0.0
0.2004163775
0.0
0.0
0.0
0.1620650954
0.0
0.1930481283
0.0000000000
0.1727272727
0.0
0.1862024500
0.1704840614
0.2453695837
0.0
0.1823232323
0.0
0.1930481283
0.0181818182
0.1738711620
0.2453695837
0.2152011923
0.1888816220
0.1630717109
0.1562770563
0.1693841642
0.0272727273
0.0
0.0000000000
0.0409090909
0.0000000000
0.0
0.1862024500
0.0
0.1651229274
0.0000000000
0.0
0.0272727273
0.0181818182
0.0000000000
0.1651229274
0.0000000000
0.0000000000
0.0000000000
0.0000000000
0.0000000000
