0.0000000000
0.0
0.0454545455
0.0
0.0200000000
0.0
0.0000000000
0.0
0.0
0.0000000000
0.0
0.0666666667
0.0
0.0
0.0
0.0
0.0512820513
0.0000000000
0.0
0.0000000000
0.0
0.0
0.0
0.0200000000
0.0000000000
0.0
0.0740740741
0.0000000000
0.0
0.0
0.0740740741
0.0512820513
0.0
0.0000000000
0.0
0.0000000000
0.0
0.0
0.0200000000
0.0000000000
0.0
0.0
0.0666666667
0.0200000000
0.0200000000
0.0
0.0
0.0
0.0000000000
0.0
0.0571428571
0.0000000000
0.0200000000
0.0000000000
0.0000000000
0.0769230769
0.0454545455
0.0000000000
0.0000000000
0.0000000000
0.0000000000
0.0000000000
0.0
0.0000000000
0.0512820513
0.0200000000
0.0000000000
0.0200000000
0.0000000000
0.0000000000
0.0000000000
0.0000000000
0.0000000000
0.0000000000
0.0000000000
0.0000000000
0.0000000000
0.0000000000
0.0000000000
