0.0
0.0
0.0
0.0
0.0
0.0
0.0
0.1862822747
0.0
0.0
0.0
0.0
0.0
0.0
0.0
0.0
0.0
0.0
0.0
0.0
0.1237221862
0.0
0.0
0.2016633799
0.0
0.0
0.0
0.0
0.0
0.0
0.0
0.1767933652
0.1862822747
0.1894940380
0.0
0.0
0.0
0.1744548287
0.0
0.0
0.0
0.0
0.0
0.0
0.0
0.0
0.0
0.0
0.0
0.0
0.0
0.0
0.0
0.1884112150
0.0
0.0
0.0
0.1889510752
0.0
0.1070518267
0.0
0.0
0.0
0.2250645912
0.1717289720
0.1446138711
0.0
0.0
0.1739945257
0.0
0.2127223395
0.2198130841
0.2060747664
0.0
0.0
0.2227835312
0.2162095909
0.2016633799
0.0
0.0
0.0
0.0
0.2047947989
0.0
0.0
0.1749175736
0.1376699900
0.0
0.2190828081
0.1962616822
0.0
0.0
0.2183573683
0.1665250637
0.0
0.0
0.1551621770
0.0
0.1956793034
0.1772686162
0.1939527213
0.0
0.1388293163
0.1581389094
0.0
0.0
0.0
0.1502139527
0.0
0.0
0.1758504673
0.0000000000
0.0
0.1562652257
0.2113587347
0.0
0.1821655393
0.1397117060
0.0
0.0
0.1831775701
0.0
0.0
0.0
0.1636325688
0.1616272677
0.1905893793
0.1686545402
0.0
0.2134107613
0.1894940380
0.0
0.1847168774
0.2141036534
0.0
0.1767933652
0.1540745917
0.1566364020
0.1916974571
0.0
0.1491944010
0.1690869878
0.0
0.0000000000
0.1884112150
0.0
0.2258353604
0.1604475067
0.1873406967
0.0
0.1573840698
0.0
0.0
0.1708391845
0.0
0.1624234612
0.1458936399
0.0
0.0000000000
0.0
0.2004374627
0.0000000000
0.2010485525
0.1945248532
0.0000000000
0.1519445282
0.1287967290
0.0
0.1695216587
0.0000000000
0.0
0.0
0.2035306334
0.1446138711
0.0
0.1652729956
0.1263293587
0.0000000000
0.1852357450
0.1446138711
0.0
0.0000000000
0.1509014307
0.0000000000
0.1298108764
0.1596705211
0.0000000000
0.0000000000
0.0000000000
0.0000000000
0.1488576190
0.0000000000
0.0000000000
0.1537154434
0.1223449448
0.1311012430
0.1682242991
0.1391222051
0.1604475067
0.0000000000
0.0000000000
0.1186041821
0.0000000000
0.0
0.0000000000
0.0000000000
0.0000000000
0.0000000000
0.0000000000
