0.0
0.0
0.0
0.0
0.0
0.0
0.0
0.0
0.0
0.0
0.0
0.0
0.0
0.0
0.0
0.0
0.0
0.0
0.0
0.0
0.0
0.0
0.0
0.0
0.0
0.0
0.0
0.0
0.0
0.0
0.0
0.0
0.0
0.0
0.0
0.0
0.0
0.0
0.0
0.0
0.0
0.0
0.0000000000
0.0177777778
0.0
0.0
0.0
0.0
0.0
0.0
0.0
0.0
0.0
0.0
0.0
0.0
0.0
0.0
0.0
0.0
0.0656410256
0.0
0.0
0.0
0.0
0.0
0.0
0.0
0.0
0.0
0.0
0.0
0.0
0.0
0.0
0.0177777778
0.0
0.0
0.0
0.0875213675
0.0
0.0
0.0
0.0
0.0
0.0
0.0133333333
0.0
0.0
0.0
0.0
0.0758518519
0.0
0.0
0.0
0.0
0.0
0.0
0.0
0.0
0.0
0.0133333333
0.0
0.0
0.0
0.0
0.0
0.0000000000
0.0
0.0370370370
0.0
0.0
0.0
0.0
0.0
0.0
0.0000000000
0.0
0.0500000000
0.0598830409
0.0
0.0566037736
0.0
0.0
0.0
0.0
0.0
0.0
0.0000000000
0.0
0.0
0.0
0.0
0.0882352941
0.0
0.0
0.0
0.0652173913
0.0133333333
0.1034343434
0.0
0.0789473684
0.0
0.0
0.0
0.0
0.0
0.0
0.0
0.0
0.0000000000
0.0
0.0525128205
0.0
0.0
0.0731707317
0.0566037736
0.0559562842
0.0625000000
0.0711111111
0.0
0.0742028986
0.0638297872
0.0000000000
0.0266666667
0.0
0.0
0.0000000000
0.0555555556
0.0
0.0
0.0476190476
0.0370370370
0.0133333333
0.0133333333
0.0758518519
0.0769230769
0.0948148148
0.0
0.0000000000
0.0
0.0
0.0948148148
0.0256410256
0.0517241379
0.0509452736
0.0256410256
0.0000000000
0.0711111111
0.0000000000
0.0598830409
0.0000000000
0.0483870968
0.0
0.0576923077
0.0
0.0000000000
0.0000000000
0.0000000000
0.0000000000
0.0
0.0
0.0000000000
0.0000000000
0.0133333333
0.0682666667
0.0303030303
0.0133333333
0.0000000000
0.0000000000
0.0545454545
0.0525128205
0.0000000000
0.0416666667
0.0133333333
0.0000000000
0.0000000000
0.0000000000
0.0000000000
0.0000000000
0.0000000000
