0.0
0.0
0.0
0.0
0.0
0.0
0.0026350461
0.0
0.0
0.0000000000
0.0
0.0
0.0
0.0
0.0
0.0
0.0
0.0
0.0
0.0
0.0
0.0
0.0
0.0094108790
0.0
0.0
0.0
0.0
0.0
0.0
0.0
0.0
0.0
0.0
0.0
0.0
0.0
0.0
0.0
0.0
0.0
0.0
0.0000000000
0.0
0.0
0.0
0.0
0.0
0.0
0.0
0.0
0.0
0.0085403727
0.0
0.0019762846
0.0
0.0
0.0
0.0000000000
0.0
0.0
0.0000000000
0.0
0.0
0.0
0.0019762846
0.0
0.0070581592
0.0019762846
0.0
0.0079710145
0.0019762846
0.0
0.0
0.0
0.0
0.0
0.0
0.0
0.0
0.0
0.0
0.0
0.0000000000
0.0
0.0108695652
0.0
0.0
0.0
0.0
0.0
0.0
0.0066425121
0.0
0.0000000000
0.0
0.0
0.0
0.0044915559
0.0
0.0
0.0
0.0
0.0
0.0
0.0
0.0
0.0
0.0
0.0
0.0
0.0000000000
0.0
0.0
0.0
0.0
0.0
0.0054896794
0.0
0.0
0.0
0.0063241107
0.0
0.0000000000
0.0
0.0044466403
0.0
0.0
0.0000000000
0.0
0.0
0.0
0.0
0.0
0.0
0.0039525692
0.0
0.0
0.0
0.0084321476
0.0000000000
0.0
0.0
0.0
0.0
0.0
0.0074728261
0.0000000000
0.0070581592
0.0000000000
0.0026350461
0.0
0.0000000000
0.0
0.0
0.0
0.0
0.0
0.0000000000
0.0
0.0
0.0
0.0
0.0
0.0
0.0
0.0
0.0082345191
0.0079051383
0.0
0.0054896794
0.0
0.0
0.0
0.0019762846
0.0
0.0
0.0049407115
0.0
0.0
0.0
0.0000000000
0.0
0.0
0.0
0.0
0.0
0.0
0.0000000000
0.0
0.0000000000
0.0
0.0
0.0
0.0000000000
0.0
0.0
0.0
0.0019762846
0.0
0.0000000000
0.0119565217
0.0
0.0
0.0
0.0
0.0029644269
0.0055611729
0.0
0.0
0.0000000000
0.0
0.0
0.0000000000
0.0026350461
0.0
0.0
0.0044466403
0.0062929062
0.0039525692
0.0
0.0
0.0
0.0
0.0
0.0000000000
0.0
0.0
0.0000000000
0.0
0.0
0.0
0.0046845264
0.0
0.0026350461
0.0
0.0
0.0000000000
0.0
0.0
0.0082458771
0.0054896794
0.0
0.0
0.0
0.0000000000
0.0
0.0
0.0
0.0026350461
0.0
0.0059887412
0.0026350461
0.0
0.0
0.0019762846
0.0000000000
0.0
0.0
0.0074728261
0.0
0.0000000000
0.0
0.0
0.0
0.0
0.0000000000
0.0
0.0000000000
0.0000000000
0.0
0.0053140097
0.0000000000
0.0054896794
0.0
0.0
0.0
0.0
0.0
0.0
0.0
0.0
0.0
0.0029644269
0.0
0.0
0.0073195725
0.0
0.0
0.0019762846
0.0
0.0
0.0000000000
0.0
0.0026350461
0.0
0.0
0.0019762846
0.0
0.0
0.0054896794
0.0
0.0
0.0
0.0
0.0000000000
0.0
0.0044915559
0.0026350461
0.0
0.0
0.0
0.0
0.0
0.0079051383
0.0
0.0000000000
0.0026350461
0.0
0.0039525692
0.0000000000
0.0070332481
0.0
0.0000000000
0.0
0.0019762846
0.0000000000
0.0
0.0
0.0
0.0019762846
0.0
0.0045172219
0.0039525692
0.0
0.0000000000
0.0
0.0
0.0000000000
0.0026350461
0.0
0.0000000000
0.0
0.0
0.0
0.0
0.0
0.0
0.0073195725
0.0039525692
0.0
0.0
0.0074728261
0.0
0.0000000000
0.0026350461
0.0
0.0
0.0
0.0
0.0051984877
0.0
0.0044466403
0.0
0.0019762846
0.0
0.0
0.0
0.0000000000
0.0
0.0
0.0000000000
0.0000000000
0.0
0.0
0.0045118950
0.0
0.0032938076
0.0066569586
0.0
0.0000000000
0.0
0.0073195725
0.0000000000
0.0
0.0000000000
0.0000000000
0.0
0.0053140097
0.0098814229
0.0054896794
0.0039525692
0.0000000000
0.0
0.0
0.0
0.0
0.0035573123
0.0000000000
0.0
0.0
0.0046845264
0.0
0.0079710145
0.0
0.0
0.0
0.0
0.0
0.0000000000
0.0
0.0019762846
0.0
0.0039525692
0.0000000000
0.0019762846
0.0059887412
0.0019762846
0.0000000000
0.0
0.0000000000
0.0
0.0058126017
0.0000000000
0.0
0.0
0.0
0.0019762846
0.0
0.0068322981
0.0
0.0
0.0000000000
0.0
0.0
0.0000000000
0.0000000000
0.0
0.0019762846
0.0
0.0019762846
0.0000000000
0.0
0.0
0.0
0.0000000000
0.0
0.0079051383
0.0000000000
0.0
0.0000000000
0.0
0.0
0.0056935818
0.0089831117
0.0
0.0098814229
0.0000000000
0.0
0.0042701863
0.0000000000
0.0000000000
0.0
0.0
0.0
0.0000000000
0.0
0.0
0.0
0.0
0.0
0.0066425121
0.0038005473
0.0063241107
0.0019762846
0.0050673964
0.0019762846
0.0
0.0019762846
0.0
0.0
0.0044915559
0.0
0.0000000000
0.0000000000
0.0
0.0045960107
0.0
0.0000000000
0.0048647005
0.0000000000
0.0
0.0
0.0
0.0000000000
0.0000000000
0.0000000000
0.0039525692
0.0040332338
0.0
0.0000000000
0.0000000000
0.0
0.0026350461
0.0039525692
0.0065876153
0.0
0.0
0.0
0.0
0.0056465274
0.0
0.0035133948
0.0
0.0026350461
0.0000000000
0.0
0.0
0.0059887412
0.0019762846
0.0000000000
0.0
0.0000000000
0.0
0.0
0.0000000000
0.0000000000
0.0
0.0062929062
0.0
0.0019762846
0.0052700922
0.0019762846
0.0000000000
0.0
0.0031620553
0.0044466403
0.0019762846
0.0019762846
0.0
0.0000000000
0.0
0.0052700922
0.0
0.0
0.0019762846
0.0054896794
0.0000000000
0.0000000000
0.0048647005
0.0051984877
0.0
0.0019762846
0.0
0.0019762846
0.0
0.0000000000
0.0000000000
0.0026350461
0.0082458771
0.0000000000
0.0
0.0000000000
0.0079710145
0.0026350461
0.0000000000
0.0000000000
0.0053413097
0.0
0.0
0.0
0.0019762846
0.0000000000
0.0000000000
0.0059887412
0.0026350461
0.0039525692
0.0054896794
0.0
0.0082345191
0.0000000000
0.0
0.0095652174
0.0000000000
0.0
0.0085403727
0.0
0.0050673964
0.0045172219
0.0019762846
0.0039525692
0.0000000000
0.0068322981
0.0076010946
0.0000000000
0.0026350461
0.0054896794
0.0000000000
0.0054896794
0.0
0.0000000000
0.0000000000
0.0019762846
0.0
0.0
0.0000000000
0.0061315496
0.0063241107
0.0000000000
0.0026350461
0.0000000000
0.0
0.0026350461
0.0000000000
0.0032938076
0.0029644269
0.0
0.0000000000
0.0000000000
0.0099637681
0.0026350461
0.0104014978
0.0000000000
0.0
0.0000000000
0.0000000000
0.0039525692
0.0000000000
0.0000000000
0.0019762846
0.0035573123
0.0
0.0
0.0070581592
0.0019762846
0.0019762846
0.0000000000
0.0
0.0
0.0
0.0048802130
0.0039525692
0.0039525692
0.0019762846
0.0000000000
0.0000000000
0.0
0.0019762846
0.0000000000
0.0000000000
0.0
0.0
0.0000000000
0.0019762846
0.0
0.0000000000
0.0000000000
0.0000000000
0.0000000000
0.0000000000
0.0000000000
0.0091973244
0.0019762846
0.0000000000
0.0074728261
0.0000000000
0.0000000000
0.0019762846
0.0000000000
0.0019762846
0.0019762846
0.0
0.0000000000
0.0019762846
0.0019762846
0.0000000000
0.0054896794
0.0000000000
0.0000000000
0.0000000000
0.0000000000
0.0
0.0039525692
0.0059288538
0.0031620553
0.0000000000
0.0000000000
0.0
0.0000000000
0.0000000000
0.0
0.0
0.0000000000
0.0054896794
0.0000000000
0.0026350461
0.0019762846
0.0000000000
0.0000000000
0.0
0.0070581592
0.0000000000
0.0026350461
0.0000000000
0.0000000000
0.0000000000
0.0
0.0019762846
0.0000000000
0.0000000000
0.0000000000
0.0038005473
0.0000000000
0.0019762846
0.0000000000
0.0000000000
0.0000000000
0.0
0.0000000000
0.0000000000
0.0
0.0029644269
0.0019762846
0.0062929062
0.0000000000
0.0000000000
0.0077138850
0.0000000000
0.0059782609
0.0000000000
0.0019762846
0.0000000000
0.0000000000
0.0000000000
0.0000000000
0.0000000000
0.0000000000
0.0000000000
0.0
0.0000000000
0.0019762846
0.0026350461
0.0000000000
0.0000000000
0.0053413097
0.0000000000
0.0
0.0000000000
0.0026350461
0.0000000000
0.0000000000
0.0026350461
0.0000000000
0.0000000000
0.0000000000
0.0000000000
0.0000000000
0.0000000000
0.0000000000
0.0019762846
0.0
0.0000000000
0.0
0.0019762846
0.0000000000
0.0000000000
0.0000000000
0.0
0.0000000000
0.0019762846
0.0000000000
0.0065876153
0.0019762846
0.0000000000
0.0000000000
0.0000000000
0.0035573123
0.0019762846
0.0019762846
0.0000000000
0.0019762846
0.0000000000
0.0000000000
0.0000000000
0.0000000000
0.0000000000
0.0000000000
0.0
0.0000000000
0.0019762846
0.0000000000
0.0000000000
0.0000000000
0.0000000000
0.0000000000
0.0000000000
0.0000000000
0.0000000000
0.0000000000
0.0000000000
0.0000000000
0.0000000000
0.0019762846
0.0000000000
0.0
0.0000000000
0.0000000000
0.0000000000
0.0000000000
0.0000000000
0.0000000000
0.0
0.0000000000
0.0000000000
0.0000000000
0.0000000000
0.0000000000
0.0000000000
0.0000000000
0.0000000000
0.0000000000
0.0
0.0019762846
0.0019762846
0.0000000000
0.0026350461
0.0000000000
0.0026350461
0.0000000000
0.0000000000
0.0000000000
0.0000000000
0.0000000000
0.0000000000
0.0000000000
0.0000000000
0.0000000000
0.0000000000
0.0000000000
0.0019762846
0.0039525692
0.0
0.0000000000
0.0000000000
0.0000000000
0.0000000000
0.0000000000
0.0000000000
0.0000000000
0.0000000000
0.0000000000
0.0000000000
0.0000000000
0.0000000000
0.0
0.0000000000
0.0026350461
0.0000000000
0.0000000000
0.0000000000
0.0000000000
0.0000000000
0.0000000000
0.0000000000
0.0000000000
0.0000000000
0.0000000000
0.0000000000
0.0000000000
0.0000000000
0.0000000000
0.0000000000
0.0000000000
0.0000000000
0.0000000000
0.0000000000
0.0000000000
0.0000000000
0.0000000000
0.0000000000
0.0000000000
0.0000000000
0.0000000000
0.0000000000
0.0000000000
0.0000000000
0.0000000000
0.0000000000
0.0000000000
0.0000000000
0.0000000000
0.0000000000
0.0000000000
