0.0
0.0
0.0
0.0
0.0
0.0
0.0
0.2298718515
0.0
0.0
0.0
0.0
0.0
0.0
0.0
0.0
0.0
0.0
0.0
0.0
0.1729618300
0.0
0.0
0.1466260781
0.0
0.0
0.0
0.0
0.0
0.0
0.0
0.1649543379
0.1729618300
0.1370389884
0.0
0.0
0.0
0.1484589041
0.0
0.0000000000
0.0
0.0
0.0
0.1875270368
0.0
0.2047709022
0.0
0.0
0.0
0.0
0.0
0.0
0.0
0.2226883562
0.2146393794
0.0
0.2120841487
0.1672776384
0.0
0.1657215674
0.0
0.1781506849
0.0
0.1968515856
0.2133541137
0.1836604999
0.0000000000
0.0
0.1885192433
0.0136986301
0.1680666839
0.0273972603
0.2120841487
0.0
0.0
0.0000000000
0.1649543379
0.0000000000
0.0
0.0
0.0
0.1484589041
0.0182648402
0.0
0.1478428921
0.1419527370
0.1712987355
0.0
0.1529190429
0.0000000000
0.0
0.1680666839
0.2185897975
0.2199391172
0.0
0.1634409954
0.1672776384
0.1381013061
0.1905354919
0.1688632085
0.1516176042
0.1250180245
0.1865452198
0.1191643377
0.0
0.0000000000
0.1381013061
0.0000000000
0.2071519592
0.1365139348
0.1149359258
0.1641941797
0.1746575342
0.1503381307
0.0000000000
0.0
0.0000000000
0.1324540408
0.0
0.1555901178
0.0000000000
0.0
0.1604961126
0.1263480035
0.0182648402
0.0000000000
0.0000000000
0.0136986301
0.1634409954
0.0000000000
0.0000000000
0.1020920831
0.0000000000
0.0000000000
0.0000000000
