0.0
0.0
0.0
0.0
0.0
0.0
0.0
0.0
0.0
0.0
0.0
0.0
0.0
0.0
0.0
0.0
0.0
0.0
0.0
0.0
0.0
0.0
0.0
0.0
0.0
0.0
0.0
0.0
0.0
0.0
0.0
0.0072992701
0.0
0.0
0.0
0.0
0.0
0.0
0.0
0.0
0.0
0.0
0.0
0.0
0.0
0.0
0.0
0.0
0.0
0.0
0.0
0.0
0.0944277330
0.0
0.0
0.0
0.0
0.0
0.0
0.0
0.0
0.0072992701
0.0
0.0
0.0
0.0
0.0
0.0
0.0
0.0
0.1008197642
0.0
0.0
0.0
0.0
0.0
0.0
0.0
0.0
0.0
0.0
0.0
0.0
0.0
0.0
0.0259529603
0.0
0.0
0.0
0.0
0.0
0.0
0.0
0.0
0.0
0.0
0.0686927114
0.0
0.0
0.0
0.0
0.0
0.0186861314
0.0
0.0
0.0
0.0
0.0
0.0
0.0
0.0
0.0603433211
0.0
0.0
0.0
0.0
0.0
0.0
0.0
0.0
0.0000000000
0.0
0.0774619938
0.0
0.0827434933
0.0
0.0000000000
0.0
0.0000000000
0.0
0.0
0.0
0.0
0.0
0.0
0.0
0.0000000000
0.0
0.0072992701
0.0
0.0
0.0885579010
0.1077842874
0.0274796050
0.0
0.0
0.0797236578
0.0
0.0
0.0
0.0947006455
0.0833751230
0.0
0.0
0.0
0.0
0.0
0.0
0.0000000000
0.0584071718
0.0
0.0607911380
0.0
0.0
0.0
0.0
0.0
0.0
0.0000000000
0.0
0.0
0.0
0.0
0.0
0.0
0.0
0.0
0.0
0.0000000000
0.0
0.0
0.0000000000
0.0
0.0
0.0
0.0
0.0
0.0630123526
0.0000000000
0.0554423407
0.0
0.0
0.0072992701
0.0
0.0
0.0
0.0
0.0072992701
0.0831635111
0.0
0.0793375868
0.0721727387
0.0809047490
0.0
0.0
0.0
0.0
0.0
0.0
0.0709229943
0.0
0.0734673169
0.0
0.0222453945
0.0975191171
0.0000000000
0.0741321795
0.0
0.0760241841
0.0000000000
0.0801135045
0.0630123526
0.0591451685
0.0944277330
0.0671443102
0.0778299842
0.0659284172
0.0712313551
0.0
0.0
0.1141687225
0.0626509051
0.0072992701
0.0
0.0
0.0000000000
0.0561068893
0.0
0.0831635111
0.0731393379
0.0
0.0072992701
0.0
0.0000000000
0.0
0.0704654266
0.0621753764
0.0511975365
0.1170229406
0.0141561601
0.0000000000
0.0145985401
0.0
0.0922997841
0.0718561916
0.0179674340
0.0000000000
0.0
0.0000000000
0.0000000000
0.0233576642
0.0769164868
0.0
0.0681214623
0.0
0.0
0.0
0.0
0.0072992701
0.0
0.0
0.0815085158
0.0
0.0072992701
0.1036912132
0.0000000000
0.0000000000
0.0661947947
0.0
0.0
0.0538036508
0.0000000000
0.0902656291
0.0
0.0000000000
0.0000000000
0.0833751230
0.0632556435
0.0
0.0194647202
0.0642478889
0.0920405150
0.0
0.0842324508
0.0570843613
0.0767363545
0.0844495447
0.0000000000
0.0000000000
0.0000000000
0.0538036508
0.0000000000
0.0591451685
0.0000000000
0.0000000000
0.0000000000
0.1011309363
0.0000000000
0.0716989570
0.0000000000
0.0
0.0072992701
0.0793375868
0.0072992701
0.0
0.0692736223
0.0885579010
0.0721727387
0.0000000000
0.0559153982
0.0
0.0000000000
0.0
0.0072992701
0.0498727905
0.0000000000
0.0000000000
0.0000000000
0.0000000000
0.0000000000
0.0000000000
0.0000000000
0.0072992701
0.0000000000
0.0000000000
0.0072992701
0.0000000000
0.0000000000
0.0000000000
0.0000000000
0.0000000000
