0.0
0.0
0.0
0.0
0.0
0.0
0.0
0.0
0.0
0.0
0.0
0.0
0.0
0.0
0.0
0.0
0.0
0.0
0.0
0.0
0.0
0.0
0.0
0.0
0.0
0.0
0.0
0.0
0.0
0.0891662541
0.0
0.1191925566
0.0
0.0
0.0
0.0
0.0
0.1011738730
0.0
0.0
0.1317320450
0.0
0.0
0.0
0.1010860485
0.0
0.0
0.0
0.0
0.1156416364
0.0
0.0
0.0982709939
0.0
0.1265773128
0.0
0.0
0.0
0.0
0.0
0.0
0.0
0.0
0.0
0.0
0.0
0.0
0.0
0.0
0.0
0.1115432259
0.1263027417
0.1062510290
0.0
0.1020605853
0.0
0.1139443521
0.0
0.0970426065
0.0
0.1340059008
0.1183446421
0.0
0.1188276814
0.1046281472
0.0919109138
0.0
0.1025097956
0.0
0.1253510526
0.0
0.0
0.0
0.0
0.0
0.0
0.0876891023
0.1058646617
0.0
0.0
0.0
0.1216835191
0.0000000000
0.0000000000
0.0
0.0
0.0
0.0
0.0
0.1311386575
0.1068358971
0.0
0.1084274933
0.1010860485
0.0917660582
0.1118646761
0.0000000000
0.0
0.0
0.0
0.0
0.0
0.1214297475
0.1204251580
0.0
0.0933101986
0.0
0.0
0.0
0.0
0.0
0.0
0.0690694708
0.0
0.0
0.0862600947
0.1129496875
0.0
0.0
0.1062510290
0.0
0.0
0.0846917293
0.0
0.1051952374
0.0
0.0909064230
0.0
0.1130593474
0.1029629777
0.0000000000
0.0
0.0799801702
0.0153508772
0.0
0.1045342260
0.1205498218
0.0
0.1050055255
0.1296783161
0.0
0.0
0.1170363094
0.1097560111
0.1002161169
0.0940639158
0.0782076077
0.0
0.0
0.1026001126
0.0
0.1112236178
0.0
0.0
0.0830607188
0.0102339181
0.0
0.0
0.0945220193
0.0827067669
0.0740312319
0.0
0.1090366365
0.0000000000
0.0944453591
0.0
0.0
0.1131692204
0.1010860485
0.1183446421
0.0
0.1276876402
0.1182244952
0.0
0.0763113551
0.1082259552
0.1055767251
0.1061541730
0.0
0.0767640922
0.1254861291
0.0956870401
0.0
0.0993610306
0.1075264338
0.0
0.0
0.1185856699
0.0000000000
0.0
0.0573086259
0.0
0.0
0.0
0.0102339181
0.0
0.1053856360
0.0
0.0000000000
0.0
0.0
0.0952176025
0.0960025786
0.0766125841
0.1119722383
0.1055767251
0.0
0.0000000000
0.0
0.0965598075
0.1012618503
0.1190706828
0.0000000000
0.0808688388
0.0115131579
0.0153508772
0.1008234873
0.0000000000
0.0
0.1021501121
0.0997867419
0.0
0.0
0.0000000000
0.1175087062
0.1200527091
0.0
0.0880870861
0.0
0.0973671637
0.0952955219
0.0
0.0
0.0868390215
0.0
0.0920562275
0.0
0.1172720320
0.0666196383
0.1116501705
0.0000000000
0.0861962456
0.0
0.0981881348
0.0957657301
0.1006492030
0.0
0.0000000000
0.0
0.0
0.0988549472
0.0
0.0115131579
0.1221942579
0.1055767251
0.0850629129
0.0975302578
0.0774276116
0.0942924112
0.0000000000
0.1046281472
0.0855629154
0.1326322640
0.1156416364
0.0573086259
0.0
0.0
0.1250817699
0.0000000000
0.0
0.0
0.0
0.0969618050
0.0959234990
0.0
0.0
0.0833580013
0.0666196383
0.0000000000
0.0000000000
0.0787363947
0.1188276814
0.0827067669
0.0850629129
0.0
0.0865807642
0.0
0.0784711104
0.0
0.0
0.1025097956
0.0955300474
0.0000000000
0.1031453745
0.1013499807
0.0000000000
0.0965598075
0.0
0.0000000000
0.0
0.1248136418
0.0972858211
0.0838985071
0.0966399401
0.0998723223
0.0806448254
0.1229684560
0.0893030121
0.1182244952
0.0981054152
0.1150702844
0.0000000000
0.0000000000
0.1003889033
0.1182244952
0.0083732057
0.1108003119
0.0000000000
0.0000000000
0.0870988241
0.0
0.0886233849
0.0721059615
0.0627092772
0.0000000000
0.0980228349
0.0847533681
0.0000000000
0.0
0.0037593985
0.0985204127
0.0000000000
0.1129496875
0.0000000000
0.0
0.0000000000
0.0
0.0
0.0966399401
0.0000000000
0.0000000000
0.0000000000
0.0774791270
0.1061541730
0.0
0.0000000000
0.0
0.0838381050
0.0000000000
0.0864522107
0.0000000000
0.0853747271
0.0908355131
0.0000000000
0.0000000000
0.0751782620
0.0905529765
0.0799801702
0.0000000000
0.0000000000
0.0000000000
0.0797064530
0.0000000000
0.0000000000
0.0000000000
0.0000000000
0.0874257716
0.0972858211
0.0000000000
0.0000000000
0.0891662541
0.0799801702
0.1063480619
0.0
0.0000000000
0.0833580013
0.0083732057
0.0906940248
0.0000000000
0.0000000000
0.0000000000
0.0037593985
0.0799801702
0.0000000000
0.0000000000
0.0
0.0
0.0000000000
0.0000000000
0.0000000000
0.0949846067
0.0000000000
0.0
0.0000000000
0.0965598075
0.0000000000
0.0825894524
0.0000000000
0.0000000000
0.0000000000
0.0000000000
0.0000000000
0.0000000000
0.0836574194
0.0000000000
0.0000000000
0.0799252765
0.0000000000
0.0000000000
0.0000000000
0.0000000000
0.0000000000
0.0000000000
0.0000000000
0.0000000000
0.0000000000
0.0000000000
0.0000000000
0.0000000000
0.0000000000
0.0000000000
