0.0
0.0
0.0
0.0
0.0
0.0
0.0
0.2384960718
0.0
0.0
0.0
0.0
0.0
0.0
0.0
0.0
0.0
0.0
0.0
0.0
0.1788720539
0.0
0.0
0.1989700375
0.0
0.0
0.0
0.0
0.0
0.0
0.0
0.2127127127
0.2095660750
0.2248677249
0.0
0.0
0.0
0.2047206166
0.0
0.0
0.0
0.0
0.0
0.0
0.0
0.0
0.0
0.0
0.0
0.0
0.0
0.0
0.0
0.2263045793
0.0
0.0
0.0
0.2220480669
0.0
0.2139979859
0.0
0.0
0.0
0.2425799087
0.2146464646
0.2089478859
0.1727642276
0.0
0.1849434291
0.0
0.2476689977
0.2604166667
0.2442528736
0.0
0.0
0.2159552846
0.2529761905
0.2227463312
0.0
0.0
0.0
0.0
0.1995305164
0.0
0.0
0.2120758483
0.1940639269
0.0
0.2557160048
0.2417519909
0.0
0.2476689977
0.2643034826
0.2322404372
0.0
0.0
0.2108134921
0.0
0.2307274701
0.2172801636
0.2206645898
0.0
0.1651126651
0.1888888889
0.0
0.0
0.0
0.1873897707
0.0
0.0
0.2241561181
0.1914414414
0.0
0.1820908312
0.1967592593
0.0
0.2220480669
0.0000000000
0.0
0.0
0.2012310606
0.0
0.0
0.2299783550
0.1956721915
0.2152988855
0.1995305164
0.1662754304
0.0
0.2047206166
0.2139979859
0.2089478859
0.1919602529
0.2724358974
0.2434135166
0.2159552846
0.1802374894
0.1770833333
0.2292340885
0.0
0.1539855072
0.2089478859
0.0
0.0000000000
0.2248677249
0.0
0.2575757576
0.1864035088
0.2000941620
0.0
0.2234490011
0.0
0.0
0.2047206166
0.0
0.1893939394
0.1706827309
0.0
0.0000000000
0.0
0.2314814815
0.1775271512
0.2393018018
0.2401129944
0.1433873144
0.2307274701
0.1433873144
0.0
0.2059108527
0.1924818841
0.0
0.1757650951
0.2361111111
0.0000000000
0.0
0.1463498623
0.0000000000
0.0000000000
0.2192982456
0.1727642276
0.0000000000
0.0000000000
0.1546579330
0.1433873144
0.1686507937
0.1740376740
0.0000000000
0.0000000000
0.0000000000
0.0000000000
0.0000000000
0.1893939394
0.0000000000
0.0000000000
0.0000000000
0.0000000000
