0.0
0.0
0.0
0.0
0.0
0.0
0.1049107143
0.0
0.0
0.0
0.0
0.0
0.0
0.0
0.0
0.0588752665
0.0
0.0
0.0
0.0
0.0
0.0
0.0
0.0
0.0
0.0
0.0
0.0
0.0
0.0000000000
0.0
0.1240453729
0.0
0.0
0.0
0.0
0.0991116296
0.0000000000
0.0000000000
0.0
0.1146698505
0.0000000000
0.0
0.0618282579
0.0291666667
0.0
0.0
0.0
0.0
0.0677773687
0.0
0.0
0.0818390634
0.0
0.0000000000
0.0
0.0717207792
0.0000000000
0.0
0.0
0.0
0.0
0.0
0.0
0.0
0.0
0.0
0.0000000000
0.0
0.0
0.0397727273
0.0595867501
0.0839285714
0.0
0.0818390634
0.0
0.0782667234
0.0
0.0000000000
0.0792096959
0.0913111772
0.0930340296
0.0861275733
0.0133928571
0.0846489884
0.0687220010
0.0
0.0749932102
0.0336538462
0.0291666667
0.0
0.0
0.0
0.0
0.0
0.0
0.0230263158
0.0089285714
0.0
0.0
0.0
0.0000000000
0.0717207792
0.0000000000
0.0
0.0000000000
0.0
0.0
0.0
0.0835729419
0.0692042607
0.0208333333
0.1066119691
0.0200892857
0.0825239091
0.0642449977
0.0892453135
0.0000000000
0.0558731283
0.0
0.0
0.0668583535
0.0991116296
0.0828706483
0.0
0.0868864065
0.0943694463
0.0
0.0
0.0000000000
0.1006286443
0.0971586911
0.0749932102
0.0
0.0892453135
0.0687220010
0.0773459384
0.0
0.0642449977
0.0917358804
0.1089680347
0.0089285714
0.0230263158
0.0000000000
0.0204081633
0.0
0.0089285714
0.0
0.0558731283
0.0200892857
0.0000000000
0.0000000000
0.0000000000
0.0000000000
0.0
0.0000000000
0.0000000000
0.0971586911
0.0000000000
0.0208333333
0.0133928571
0.0
0.0000000000
0.0000000000
0.0142857143
0.0000000000
0.0000000000
0.0000000000
0.0000000000
0.0089285714
0.0540362035
0.0089285714
0.0517669666
0.0
0.0000000000
0.0000000000
0.0000000000
0.0142857143
0.0853818800
0.0000000000
0.0000000000
0.0000000000
0.0000000000
0.0000000000
0.0204081633
0.0000000000
0.0792096959
0.0238095238
0.0000000000
0.0089285714
0.0000000000
0.0000000000
0.0000000000
0.0000000000
0.0000000000
