0.0
0.0
0.0
0.0
0.1371882086
0.0
0.1595211728
0.0
0.0
0.1267652852
0.0
0.1353831006
0.0
0.1153919512
0.0
0.1147485016
0.1041057232
0.1057100923
0.0
0.1324778839
0.0902554004
0.0051020408
0.0
0.0
0.0
0.1205755740
0.0978362819
0.1302419702
0.1173663382
0.1104377350
0.0
0.0
0.1445777374
0.1339147373
0.1342058563
0.1353831006
0.1073646850
0.1149621860
0.0114795918
0.0
0.0
0.1547235436
0.1116359745
0.0068027211
0.0
0.1283465569
0.0000000000
0.1134828932
0.0778495509
0.1083064805
0.1092649449
0.1169217687
0.1035817011
0.1122448980
0.1302419702
0.1180395676
0.0954168375
0.1637525037
0.0925557629
0.1244651086
0.0
0.1130672049
0.0000000000
0.1330489092
0.0
0.1324778839
0.0
0.1384185961
0.1201064083
0.1069925370
0.1257325741
0.1208115340
0.1171436316
0.1288824507
0.1062559275
0.1362796774
0.1098482097
0.1112336827
0.0952695893
0.0051020408
0.1106356521
0.1466382277
0.1102405248
0.0
0.1153919512
0.1164805545
0.1333362719
0.0114795918
0.0815517753
0.0000000000
0.1412693224
0.0
0.0076530612
0.0952695893
0.0000000000
0.1108342799
0.0855051162
0.1210484194
0.0068027211
0.1028911565
0.0926947356
0.1073646850
0.0922790641
0.1145356102
0.0936793534
0.1494786777
0.0851513019
0.1068074289
0.1275510204
0.1007091254
0.1010387789
0.0992519194
0.0000000000
0.0771683673
0.0000000000
0.1164805545
0.0051020408
0.0000000000
0.0000000000
0.0890832523
0.0771683673
0.0679149548
0.0000000000
0.0000000000
0.0740224147
0.0102040816
0.0000000000
0.1164805545
0.1215249879
0.0899922651
0.0
0.0
0.0000000000
0.0000000000
0.1368840219
0.0000000000
0.0068027211
0.0786429221
0.0000000000
0.0949764521
0.0998943267
0.0976814777
0.0897306597
0.0
0.1073646850
0.1259891712
0.0000000000
0.0000000000
0.1084968258
0.0994117454
0.0000000000
0.1164805545
0.0000000000
0.0102040816
0.0690544674
0.0000000000
0.0000000000
0.0000000000
0.0995720869
0.0000000000
0.0068027211
0.0000000000
0.0000000000
0.0000000000
0.0976814777
0.0845680738
0.0000000000
0.0076530612
0.0000000000
0.1164805545
0.0
0.0
0.0000000000
0.0000000000
0.0000000000
0.0000000000
0.0
0.1071782880
0.0000000000
0.0
0.0784430672
0.0000000000
0.0000000000
0.0000000000
0.0000000000
0.0051020408
0.0051020408
0.0000000000
0.1073646850
0.0000000000
0.0102040816
0.0910541208
0.0051020408
0.0000000000
0.1178143013
0.0000000000
0.0952695893
0.0000000000
0.0000000000
0.0834252620
0.0679149548
0.0000000000
0.0068027211
0.0
0.0000000000
0.0000000000
0.0000000000
0.0000000000
0.0990926065
0.0068027211
0.0000000000
0.0000000000
0.0000000000
0.0000000000
0.0000000000
0.0000000000
0.0000000000
0.0000000000
0.0000000000
0.0000000000
0.0000000000
0.0000000000
0.0000000000
0.0000000000
0.0000000000
0.0000000000
0.0000000000
0.0000000000
0.0000000000
