0.0
0.0
0.0
0.0
0.0
0.0
0.0
0.0
0.0
0.0
0.0
0.0
0.0
0.0
0.0
0.0
0.0
0.0
0.0
0.0
0.0
0.0
0.0
0.0
0.0
0.0
0.0
0.0
0.0
0.0
0.0
0.0
0.0
0.0
0.0
0.0
0.0
0.0
0.0
0.0
0.0
0.0
0.0000000000
0.0000000000
0.0
0.0
0.0
0.0
0.0
0.1096014493
0.0
0.0
0.0
0.0
0.0
0.0
0.0
0.0
0.0
0.0
0.0277777778
0.0
0.0
0.0
0.0
0.0
0.0
0.0
0.0
0.0
0.0
0.0000000000
0.0
0.0
0.0
0.0000000000
0.0
0.0000000000
0.0
0.0416666667
0.0
0.0
0.0
0.0
0.0
0.0
0.0277777778
0.0
0.0
0.0
0.0
0.1260416667
0.0
0.0
0.1260416667
0.0
0.0
0.0
0.0
0.0
0.0
0.0000000000
0.0
0.0840277778
0.0
0.0
0.0
0.0000000000
0.0
0.0663377193
0.0
0.0000000000
0.0
0.0
0.0
0.0
0.0900297619
0.0
0.0208333333
0.0416666667
0.0277777778
0.0208333333
0.0000000000
0.0
0.0
0.0
0.0
0.0
0.0840277778
0.0
0.0277777778
0.1008333333
0.0
0.0277777778
0.0763888889
0.0
0.0
0.0277777778
0.0000000000
0.0720238095
0.0
0.0416666667
0.0
0.0
0.0
0.0
0.0
0.0000000000
0.1050347222
0.0
0.0000000000
0.0
0.0000000000
0.0416666667
0.0
0.0000000000
0.0000000000
0.0840277778
0.0208333333
0.0000000000
0.0
0.0277777778
0.0000000000
0.0208333333
0.0000000000
0.0
0.0000000000
0.0000000000
0.0277777778
0.0
0.0000000000
