0.0
0.0
0.0
0.0
0.0
0.0
0.0
0.0
0.0
0.0
0.0
0.0
0.0
0.0
0.0
0.0
0.0
0.0
0.0
0.0
0.0
0.0
0.0
0.0
0.0
0.0
0.0
0.0
0.0
0.0
0.0
0.2577440094
0.0
0.0
0.0
0.0
0.1768243785
0.0
0.2236308316
0.2236308316
0.0
0.0
0.1974921630
0.2376077586
0.0
0.0
0.0
0.0
0.3041379310
0.2083136514
0.0
0.0
0.2413793103
0.2715517241
0.0
0.2492933861
0.0
0.1924923614
0.0
0.0
0.0000000000
0.1708640062
0.0344827586
0.2083136514
0.2083136514
0.2869225764
0.0
0.2413793103
0.0000000000
0.0344827586
0.2000907441
0.1567721294
0.2203898051
0.1299734748
0.0000000000
0.1728056426
0.0000000000
0.0000000000
0.0000000000
