0.0
0.0
0.0
0.0
0.0
0.0
0.0
0.0
0.0
0.0
0.0
0.0
0.0
0.0
0.0
0.0
0.0
0.0
0.0
0.0
0.0
0.0
0.0
0.0
0.0
0.0
0.0
0.0
0.0
0.0
0.0
0.0
0.0
0.0
0.0
0.0
0.0
0.0
0.0
0.0
0.0
0.0
0.0000000000
0.0180180180
0.0
0.0
0.0
0.0
0.0
0.0
0.0
0.0
0.0
0.0
0.0
0.0
0.0
0.0
0.0
0.0
0.0629904098
0.0
0.0
0.0
0.0
0.0
0.0
0.0
0.0
0.0
0.0
0.0
0.0
0.0
0.0
0.0180180180
0.0
0.0
0.0
0.0849001175
0.0
0.0
0.0
0.0
0.0
0.0
0.0202702703
0.0
0.0
0.0
0.0
0.0830937320
0.0
0.0
0.0
0.0
0.0
0.0
0.0
0.0
0.0
0.0135135135
0.0
0.0
0.0
0.0
0.0
0.0000000000
0.0
0.0375375375
0.0
0.0
0.0
0.0
0.0
0.0
0.0000000000
0.0
0.0506756757
0.0650900901
0.0
0.0573686894
0.0
0.0
0.0
0.0
0.0
0.0
0.0000000000
0.0
0.0
0.0
0.0
0.0894276630
0.0
0.0
0.0
0.0660987074
0.0513869132
0.1148648649
0.0
0.0800142248
0.0
0.0
0.0
0.0
0.0
0.0
0.0
0.0
0.0000000000
0.0
0.0527757487
0.0
0.0
0.0741595254
0.0573686894
0.0610219595
0.0633445946
0.0849001175
0.0
0.0813626126
0.0646923519
0.0000000000
0.0270270270
0.0
0.0
0.0000000000
0.0563063063
0.0
0.0
0.0482625483
0.0375375375
0.0304054054
0.0304054054
0.0830937320
0.0779625780
0.0976351351
0.0
0.0000000000
0.0
0.0
0.0976351351
0.0259875260
0.0524231128
0.0
0.0259875260
0.0000000000
0.0781081081
0.0000000000
0.0650900901
0.0000000000
0.0490409765
0.0
0.0584719335
0.0
0.0000000000
0.0000000000
0.0000000000
0.0000000000
0.0
0.0
0.0000000000
0.0000000000
0.0135135135
0.0673345760
0.0307125307
0.0650900901
0.0000000000
0.0000000000
0.0552825553
0.0527757487
0.0000000000
0.0422297297
0.0202702703
0.0000000000
0.0000000000
0.0000000000
0.0000000000
0.0000000000
0.0000000000
