0.0
0.0
0.0
0.0
0.0
0.0
0.0
0.0
0.0
0.0
0.0
0.0
0.0
0.0
0.0
0.0
0.0
0.0
0.0
0.0
0.0
0.0
0.0
0.0
0.0
0.0
0.0
0.0
0.0
0.0
0.0
0.0158730159
0.0
0.0
0.0
0.0
0.0
0.0
0.0
0.0
0.0
0.0
0.0
0.0119047619
0.0
0.0
0.0
0.0
0.0
0.0
0.0
0.0
0.0000000000
0.0
0.0
0.0
0.0
0.0
0.0
0.0
0.0
0.0214285714
0.0
0.0
0.0448296473
0.0
0.0
0.0
0.0
0.0
0.0885478158
0.0
0.0
0.0
0.0
0.0
0.0
0.0
0.0555144338
0.0
0.0
0.0
0.0
0.0
0.0
0.0119047619
0.0
0.0
0.0
0.0
0.0
0.0000000000
0.0
0.0
0.0
0.0
0.0000000000
0.0
0.0
0.0
0.0214285714
0.0
0.0615763547
0.0
0.0
0.0
0.0
0.0
0.0
0.0
0.0402792696
0.0452079566
0.0
0.0
0.0
0.0
0.0
0.0
0.0
0.0
0.0000000000
0.0
0.0824175824
0.0709555345
0.0595238095
0.0956632653
0.0000000000
0.0
0.0119047619
0.0
0.0
0.0
0.0
0.0653310105
0.0267857143
0.0
0.0267857143
0.0
0.0709555345
0.0
0.0
0.0560957367
0.0595238095
0.0728862974
0.0
0.0
0.0000000000
0.0158730159
0.0
0.0
0.0811688312
0.0000000000
0.0487012987
0.0
0.0
0.0
0.0
0.0
0.0738916256
0.0759878419
0.0
0.0158730159
0.0
0.0
0.0
0.0
0.0
0.0
0.0000000000
0.0
0.0
0.0
0.0178571429
0.0214285714
0.0
0.0
0.0
0.0
0.0608766234
0.0
0.0
0.0864055300
0.0
0.0000000000
0.0645438898
0.0238095238
0.0
0.0510204082
0.0178571429
0.0000000000
0.0
0.0673854447
0.0000000000
0.0
0.0000000000
0.0
0.0119047619
0.0000000000
0.0000000000
0.0
0.0238095238
0.0000000000
0.0000000000
0.0
0.0
0.0119047619
0.0
0.0000000000
0.0892857143
0.0000000000
0.0000000000
0.0572956455
0.0
0.0665483585
0.0000000000
0.0000000000
0.0357142857
0.0
0.0673854447
0.0119047619
0.0000000000
0.0119047619
0.0119047619
0.0824175824
0.0000000000
0.0000000000
0.1020408163
0.0700280112
0.0158730159
0.0000000000
0.0119047619
0.0000000000
0.0000000000
0.0000000000
0.0119047619
0.0000000000
0.0000000000
