0.0
0.0
0.0
0.0
0.0
0.0
0.0026827632
0.0
0.0
0.0064905562
0.0
0.0
0.0
0.0
0.0
0.0
0.0
0.0
0.0
0.0
0.0
0.0
0.0
0.0090543260
0.0
0.0
0.0
0.0
0.0
0.0
0.0
0.0
0.0
0.0
0.0
0.0
0.0
0.0
0.0
0.0
0.0
0.0
0.0000000000
0.0
0.0
0.0
0.0
0.0
0.0
0.0
0.0
0.0
0.0077387401
0.0
0.0020120724
0.0
0.0
0.0
0.0000000000
0.0
0.0
0.0000000000
0.0
0.0
0.0
0.0020120724
0.0
0.0045271630
0.0020120724
0.0
0.0053655265
0.0020120724
0.0
0.0
0.0
0.0
0.0
0.0
0.0
0.0
0.0
0.0
0.0
0.0000000000
0.0
0.0064386318
0.0
0.0
0.0
0.0
0.0
0.0
0.0000000000
0.0
0.0000000000
0.0
0.0
0.0
0.0045728919
0.0
0.0
0.0
0.0
0.0
0.0
0.0
0.0
0.0
0.0
0.0
0.0
0.0000000000
0.0
0.0
0.0
0.0
0.0
0.0055890901
0.0
0.0
0.0
0.0074521201
0.0
0.0000000000
0.0
0.0045271630
0.0
0.0
0.0000000000
0.0
0.0
0.0
0.0
0.0
0.0
0.0040241449
0.0
0.0
0.0
0.0100603622
0.0000000000
0.0
0.0
0.0
0.0
0.0
0.0040241449
0.0000000000
0.0071859730
0.0000000000
0.0026827632
0.0
0.0000000000
0.0
0.0
0.0
0.0
0.0
0.0000000000
0.0
0.0
0.0
0.0
0.0
0.0
0.0
0.0
0.0083836351
0.0105898549
0.0
0.0055890901
0.0
0.0
0.0
0.0026827632
0.0
0.0
0.0050301811
0.0
0.0
0.0
0.0000000000
0.0
0.0
0.0
0.0
0.0
0.0
0.0000000000
0.0
0.0000000000
0.0
0.0
0.0
0.0000000000
0.0
0.0
0.0
0.0020120724
0.0
0.0000000000
0.0064386318
0.0
0.0
0.0
0.0
0.0000000000
0.0045271630
0.0
0.0
0.0000000000
0.0
0.0
0.0000000000
0.0053292729
0.0
0.0
0.0026827632
0.0059178601
0.0040241449
0.0
0.0
0.0
0.0
0.0
0.0000000000
0.0
0.0
0.0000000000
0.0
0.0
0.0
0.0055890901
0.0
0.0020120724
0.0
0.0
0.0000000000
0.0
0.0
0.0030181087
0.0055890901
0.0
0.0
0.0
0.0000000000
0.0
0.0
0.0
0.0026827632
0.0
0.0063607451
0.0026827632
0.0
0.0
0.0020120724
0.0000000000
0.0
0.0
0.0040241449
0.0
0.0000000000
0.0
0.0
0.0
0.0
0.0000000000
0.0
0.0000000000
0.0000000000
0.0
0.0042924212
0.0000000000
0.0087636933
0.0
0.0
0.0
0.0
0.0
0.0
0.0
0.0
0.0
0.0030181087
0.0
0.0
0.0082159624
0.0
0.0
0.0040241449
0.0
0.0
0.0000000000
0.0
0.0026827632
0.0
0.0
0.0020120724
0.0
0.0
0.0055890901
0.0
0.0
0.0
0.0
0.0000000000
0.0
0.0030181087
0.0026827632
0.0
0.0
0.0
0.0
0.0
0.0036217304
0.0
0.0000000000
0.0026827632
0.0
0.0040241449
0.0000000000
0.0035770177
0.0
0.0000000000
0.0
0.0020120724
0.0000000000
0.0
0.0
0.0
0.0020120724
0.0
0.0045990227
0.0040241449
0.0
0.0000000000
0.0
0.0
0.0000000000
0.0020120724
0.0
0.0000000000
0.0
0.0
0.0
0.0
0.0
0.0
0.0074521201
0.0040241449
0.0
0.0
0.0069381808
0.0
0.0000000000
0.0026827632
0.0
0.0
0.0
0.0
0.0049074937
0.0
0.0040241449
0.0
0.0020120724
0.0
0.0
0.0
0.0000000000
0.0
0.0
0.0000000000
0.0000000000
0.0
0.0
0.0030181087
0.0
0.0033534541
0.0091457838
0.0
0.0000000000
0.0
0.0098591549
0.0000000000
0.0
0.0000000000
0.0000000000
0.0
0.0042924212
0.0100603622
0.0045271630
0.0020120724
0.0000000000
0.0
0.0
0.0
0.0
0.0026827632
0.0000000000
0.0
0.0
0.0055890901
0.0
0.0040241449
0.0
0.0
0.0
0.0
0.0
0.0000000000
0.0
0.0020120724
0.0
0.0030181087
0.0000000000
0.0020120724
0.0060971892
0.0020120724
0.0000000000
0.0
0.0000000000
0.0
0.0059178601
0.0000000000
0.0
0.0
0.0
0.0020120724
0.0
0.0045271630
0.0
0.0
0.0000000000
0.0
0.0
0.0000000000
0.0000000000
0.0
0.0020120724
0.0
0.0020120724
0.0000000000
0.0
0.0
0.0
0.0000000000
0.0
0.0080482897
0.0000000000
0.0
0.0000000000
0.0
0.0
0.0020120724
0.0055718929
0.0
0.0106585459
0.0000000000
0.0
0.0040241449
0.0000000000
0.0000000000
0.0
0.0
0.0
0.0000000000
0.0
0.0036792182
0.0
0.0
0.0
0.0060971892
0.0030181087
0.0074521201
0.0020120724
0.0036217304
0.0020120724
0.0
0.0020120724
0.0
0.0
0.0045728919
0.0
0.0000000000
0.0071859730
0.0
0.0046792382
0.0
0.0000000000
0.0064905562
0.0000000000
0.0
0.0
0.0
0.0000000000
0.0000000000
0.0000000000
0.0020120724
0.0041062703
0.0
0.0000000000
0.0000000000
0.0
0.0000000000
0.0040241449
0.0060362173
0.0
0.0
0.0
0.0
0.0061619718
0.0
0.0030181087
0.0
0.0026827632
0.0000000000
0.0
0.0
0.0063607451
0.0020120724
0.0000000000
0.0
0.0000000000
0.0
0.0
0.0000000000
0.0000000000
0.0000000000
0.0057487784
0.0
0.0020120724
0.0053655265
0.0000000000
0.0000000000
0.0
0.0032193159
0.0045271630
0.0020120724
0.0020120724
0.0
0.0000000000
0.0
0.0045271630
0.0
0.0
0.0020120724
0.0055890901
0.0000000000
0.0000000000
0.0064905562
0.0047906487
0.0075839653
0.0020120724
0.0
0.0020120724
0.0
0.0000000000
0.0000000000
0.0026827632
0.0064386318
0.0000000000
0.0
0.0000000000
0.0040241449
0.0026827632
0.0000000000
0.0000000000
0.0045271630
0.0
0.0
0.0
0.0000000000
0.0000000000
0.0000000000
0.0060971892
0.0026827632
0.0040241449
0.0055890901
0.0
0.0080482897
0.0000000000
0.0
0.0067775071
0.0000000000
0.0
0.0077387401
0.0
0.0036217304
0.0045990227
0.0020120724
0.0040241449
0.0020120724
0.0055988103
0.0077326705
0.0000000000
0.0026827632
0.0055890901
0.0000000000
0.0064650196
0.0
0.0000000000
0.0000000000
0.0020120724
0.0
0.0
0.0000000000
0.0055988103
0.0045271630
0.0000000000
0.0053292729
0.0000000000
0.0
0.0026827632
0.0000000000
0.0033534541
0.0026827632
0.0
0.0026827632
0.0000000000
0.0053655265
0.0026827632
0.0098591549
0.0000000000
0.0
0.0000000000
0.0000000000
0.0045271630
0.0000000000
0.0000000000
0.0020120724
0.0026827632
0.0
0.0
0.0065849643
0.0020120724
0.0020120724
0.0000000000
0.0
0.0000000000
0.0
0.0045990227
0.0064650196
0.0040241449
0.0000000000
0.0000000000
0.0000000000
0.0
0.0020120724
0.0000000000
0.0000000000
0.0
0.0
0.0000000000
0.0020120724
0.0
0.0000000000
0.0000000000
0.0000000000
0.0000000000
0.0000000000
0.0000000000
0.0080482897
0.0000000000
0.0000000000
0.0020120724
0.0000000000
0.0000000000
0.0020120724
0.0000000000
0.0020120724
0.0020120724
0.0
0.0000000000
0.0020120724
0.0020120724
0.0000000000
0.0000000000
0.0000000000
0.0000000000
0.0000000000
0.0000000000
0.0
0.0040241449
0.0040241449
0.0032193159
0.0000000000
0.0000000000
0.0
0.0000000000
0.0000000000
0.0020120724
0.0
0.0000000000
0.0055890901
0.0000000000
0.0026827632
0.0020120724
0.0000000000
0.0000000000
0.0
0.0065849643
0.0000000000
0.0026827632
0.0000000000
0.0000000000
0.0000000000
0.0
0.0000000000
0.0000000000
0.0000000000
0.0000000000
0.0000000000
0.0000000000
0.0020120724
0.0000000000
0.0000000000
0.0000000000
0.0
0.0000000000
0.0000000000
0.0
0.0030181087
0.0020120724
0.0057487784
0.0000000000
0.0000000000
0.0064386318
0.0000000000
0.0035770177
0.0000000000
0.0020120724
0.0000000000
0.0000000000
0.0000000000
0.0000000000
0.0000000000
0.0000000000
0.0000000000
0.0
0.0000000000
0.0020120724
0.0026827632
0.0000000000
0.0000000000
0.0045271630
0.0000000000
0.0
0.0000000000
0.0030181087
0.0000000000
0.0000000000
0.0045271630
0.0000000000
0.0000000000
0.0000000000
0.0000000000
0.0000000000
0.0000000000
0.0000000000
0.0000000000
0.0
0.0000000000
0.0
0.0000000000
0.0000000000
0.0000000000
0.0000000000
0.0
0.0000000000
0.0020120724
0.0000000000
0.0055718929
0.0000000000
0.0000000000
0.0000000000
0.0000000000
0.0000000000
0.0020120724
0.0000000000
0.0000000000
0.0020120724
0.0000000000
0.0000000000
0.0000000000
0.0000000000
0.0000000000
0.0000000000
0.0
0.0020120724
0.0000000000
0.0000000000
0.0000000000
0.0000000000
0.0000000000
0.0000000000
0.0000000000
0.0000000000
0.0000000000
0.0000000000
0.0000000000
0.0000000000
0.0000000000
0.0020120724
0.0000000000
0.0
0.0000000000
0.0000000000
0.0020120724
0.0000000000
0.0000000000
0.0000000000
0.0
0.0000000000
0.0000000000
0.0000000000
0.0000000000
0.0000000000
0.0000000000
0.0000000000
0.0000000000
0.0000000000
0.0
0.0000000000
0.0020120724
0.0000000000
0.0000000000
0.0000000000
0.0026827632
0.0000000000
0.0000000000
0.0030181087
0.0000000000
0.0000000000
0.0000000000
0.0000000000
0.0000000000
0.0000000000
0.0000000000
0.0000000000
0.0000000000
0.0000000000
0.0
0.0000000000
0.0000000000
0.0000000000
0.0000000000
0.0000000000
0.0000000000
0.0000000000
0.0000000000
0.0000000000
0.0000000000
0.0000000000
0.0000000000
0.0000000000
0.0000000000
0.0026827632
0.0000000000
0.0000000000
0.0000000000
0.0000000000
0.0000000000
0.0000000000
0.0000000000
0.0000000000
0.0000000000
0.0000000000
0.0000000000
0.0000000000
0.0000000000
0.0000000000
0.0000000000
0.0000000000
0.0000000000
0.0000000000
0.0000000000
0.0000000000
0.0000000000
