0.0
0.0
0.0
0.0
0.0
0.0
0.0
0.0
0.0
0.0
0.0
0.0
0.0
0.0
0.0
0.0
0.0
0.0
0.0
0.0
0.0
0.0
0.0
0.0
0.0
0.0
0.0
0.0
0.0
0.0972783616
0.0
0.1198539177
0.0
0.0
0.0
0.0
0.0
0.0978319783
0.0
0.0
0.1292517007
0.0
0.0
0.0
0.0983115468
0.0
0.0
0.0
0.0
0.1063955202
0.0
0.0
0.1067731440
0.0
0.1341508733
0.0
0.0
0.0
0.0
0.0
0.0
0.0
0.0
0.0
0.0
0.0
0.0
0.0
0.0
0.0
0.1129890454
0.1216717223
0.0888724766
0.0
0.0952004219
0.0
0.1102963642
0.0
0.0953512942
0.0
0.1347517730
0.0865707434
0.0
0.0
0.1216717223
0.1098934551
0.0
0.1089975845
0.0
0.1121466294
0.0
0.0
0.0
0.0
0.0
0.0
0.0000000000
0.0922801636
0.0
0.0
0.0
0.1087021981
0.0000000000
0.0000000000
0.0
0.0
0.0
0.0
0.0
0.1331120944
0.1061140506
0.0
0.0816926907
0.1116264688
0.0992030778
0.1040945790
0.0000000000
0.0
0.0
0.0
0.0
0.0
0.1254779284
0.1000277085
0.0
0.0729735193
0.0
0.0
0.0
0.0
0.0
0.0
0.1152618135
0.0
0.0
0.1013760180
0.0864463602
0.0
0.0
0.1172839506
0.0
0.0
0.0829313117
0.0
0.1001109262
0.0
0.0955785015
0.0
0.0937175493
0.1148218830
0.0623165890
0.0
0.1118339529
0.0773847803
0.0
0.1044560185
0.1169420149
0.0
0.1119379845
0.1210596915
0.0
0.0
0.1079222720
0.1093939394
0.1206954196
0.0843852267
0.0894671623
0.0
0.0
0.0983115468
0.0
0.1298094211
0.0
0.0
0.0912999494
0.0769886970
0.0
0.0
0.0972783616
0.0849211950
0.0799557032
0.0
0.1103975535
0.0000000000
0.0979913138
0.0
0.0
0.0976731602
0.1096931024
0.1085061617
0.0
0.1274717514
0.1080191502
0.0
0.0743257155
0.1075364909
0.1132016306
0.1026734926
0.0
0.1044560185
0.1179738562
0.1064896755
0.0
0.0821948998
0.0000000000
0.0
0.0
0.0
0.0000000000
0.0
0.0980711763
0.0
0.0
0.0
0.0690776885
0.0
0.0
0.0
0.0000000000
0.0
0.0
0.0936446174
0.0951251647
0.0000000000
0.1116264688
0.0995312931
0.0
0.0033333333
0.0
0.0961128860
0.0
0.1081162025
0.0
0.0938637546
0.1005291005
0.0875788452
0.0762085708
0.0000000000
0.0
0.0875151515
0.1072489602
0.0
0.0
0.0000000000
0.1172839506
0.1117301145
0.0
0.0936446174
0.0
0.0972783616
0.0996962165
0.0
0.0
0.0816372682
0.0
0.0865085071
0.0
0.1093939394
0.0710350256
0.1066784870
0.0033333333
0.0841491841
0.0
0.0818594104
0.0894671623
0.0931372549
0.0
0.0000000000
0.0
0.0
0.0968087959
0.0
0.0690776885
0.1164891901
0.0998616874
0.1008661637
0.1119379845
0.0133333333
0.0655410312
0.0000000000
0.0953512942
0.0725336548
0.1239272228
0.1137366100
0.0980711763
0.0
0.0
0.1243112948
0.0000000000
0.0
0.0
0.0
0.0820268121
0.0897340293
0.0
0.0
0.0861986628
0.0680618401
0.0000000000
0.0000000000
0.1208165997
0.1150414277
0.0100000000
0.0952004219
0.0
0.0000000000
0.0
0.0120000000
0.0
0.0
0.0000000000
0.0959595960
0.0
0.1011204482
0.0971997846
0.0000000000
0.0810871518
0.0
0.0000000000
0.0
0.1183218617
0.0843260920
0.0827602017
0.0000000000
0.0936446174
0.0858297670
0.1074404762
0.1214261689
0.1224143778
0.1077290361
0.1137366100
0.0000000000
0.0000000000
0.0814163284
0.1175130208
0.0924929541
0.1040945790
0.0972783616
0.1108041743
0.1093939394
0.0
0.0828171599
0.0818037616
0.1159280668
0.0000000000
0.1133082235
0.0727529222
0.0000000000
0.0
0.0033333333
0.0911616162
0.0000000000
0.1063955202
0.0000000000
0.0
0.1078255675
0.0
0.0
0.0912999494
0.0000000000
0.0000000000
0.0000000000
0.0
0.1068679692
0.0
0.0000000000
0.0
0.0786492375
0.0000000000
0.0727969349
0.0033333333
0.0080000000
0.0953512942
0.0
0.0000000000
0.0652920962
0.0830457787
0.0831031308
0.0000000000
0.0033333333
0.0000000000
0.0734635735
0.0085714286
0.0000000000
0.0000000000
0.0000000000
0.0813612801
0.0000000000
0.0000000000
0.1021505376
0.0972783616
0.0000000000
0.1108041743
0.0
0.0812514067
0.0864463602
0.0623165890
0.1043654235
0.0000000000
0.0000000000
0.0865085071
0.0033333333
0.0888068881
0.0872613005
0.0033333333
0.0
0.0
0.0000000000
0.0000000000
0.0000000000
0.0894671623
0.0000000000
0.0
0.0000000000
0.0911616162
0.0000000000
0.0594238683
0.0807606264
0.0000000000
0.0000000000
0.0033333333
0.0868205868
0.0000000000
0.0977525047
0.0000000000
0.0000000000
0.0829313117
0.0726650564
0.0000000000
0.1074404762
0.0080000000
0.0000000000
0.0786492375
0.0000000000
0.0000000000
0.0070588235
0.0000000000
0.0000000000
0.1026734926
0.1015471167
0.0000000000
0.0000000000
0.0000000000
0.0000000000
0.0000000000
0.0
0.0000000000
0.0000000000
0.0864463602
0.0000000000
0.0000000000
0.0000000000
0.0000000000
0.0000000000
0.0721422862
0.0940839197
0.0992030778
0.0000000000
0.0
0.0000000000
0.0000000000
0.0000000000
0.0762085708
0.0000000000
0.0000000000
0.0000000000
0.0000000000
0.0846821487
0.0000000000
0.0000000000
0.0000000000
0.0000000000
0.0000000000
0.0000000000
0.0000000000
0.0000000000
0.0974358974
0.0864463602
0.0000000000
0.0000000000
0.0000000000
0.0000000000
0.0000000000
0.0000000000
0.0000000000
