0.0
0.0
0.0
0.0
0.0
0.0
0.2052545156
0.0
0.0
0.0
0.0
0.0
0.2413127413
0.0
0.0
0.1995211492
0.0
0.0
0.0
0.0
0.0
0.0
0.0
0.0
0.0
0.0
0.0
0.0
0.0
0.1850481125
0.0
0.2349624060
0.2088554720
0.0
0.0
0.0
0.2100840336
0.0000000000
0.1869857891
0.0
0.2125850340
0.1500600240
0.1725327812
0.1995211492
0.2260397830
0.0
0.0
0.0
0.0
0.2191060473
0.0
0.0
0.1794687724
0.0
0.2088554720
0.0
0.1973164957
0.1951600312
0.0
0.0
0.2113271344
0.0
0.0
0.0
0.1879699248
0.0
0.0
0.0000000000
0.1475796930
0.0
0.1742160279
0.1692620176
0.2446183953
0.0
0.1831501832
0.0
0.1889644747
0.1661129568
0.1776830135
0.2429543246
0.2100840336
0.2052545156
0.1469723692
0.2040816327
0.1601537476
0.1831501832
0.0
0.0285714286
0.1210653753
0.1940993789
0.0
0.1725327812
0.0
0.1750700280
0.0
0.0
0.1451800232
0.1352813853
0.1488095238
0.0
0.1406074241
0.1759324419
0.1840942563
0.0000000000
0.2052545156
0.1785714286
0.1244400199
0.0
0.0190476190
0.0000000000
0.0000000000
0.1623376623
0.2006420546
0.0000000000
0.0000000000
0.0000000000
0.0190476190
0.1630789302
0.0000000000
0.0
0.0000000000
0.0000000000
0.0000000000
0.0000000000
0.0000000000
0.0000000000
0.0000000000
0.0000000000
