0.0
0.0
0.0
0.0
0.0
0.0
0.0088693430
0.0
0.0
0.0000000000
0.0
0.0
0.0
0.0
0.0
0.0
0.0
0.0
0.0
0.0
0.0
0.0
0.0
0.0073903002
0.0
0.0
0.0
0.0
0.0
0.0
0.0
0.0
0.0
0.0
0.0
0.0
0.0
0.0
0.0
0.0
0.0
0.0
0.0000000000
0.0
0.0
0.0
0.0
0.0
0.0
0.0
0.0
0.0
0.0057736721
0.0
0.0023094688
0.0
0.0
0.0
0.0023094688
0.0
0.0
0.0000000000
0.0
0.0
0.0
0.0068157495
0.0
0.0046189376
0.0000000000
0.0
0.0000000000
0.0023094688
0.0
0.0
0.0
0.0
0.0
0.0
0.0
0.0
0.0
0.0
0.0
0.0023094688
0.0
0.0075442648
0.0
0.0
0.0
0.0
0.0
0.0
0.0023094688
0.0
0.0000000000
0.0
0.0
0.0
0.0090621548
0.0
0.0
0.0
0.0
0.0
0.0
0.0
0.0
0.0
0.0
0.0
0.0
0.0000000000
0.0
0.0
0.0
0.0
0.0
0.0052787859
0.0
0.0
0.0
0.0092378753
0.0
0.0000000000
0.0
0.0000000000
0.0
0.0
0.0000000000
0.0
0.0
0.0
0.0
0.0
0.0
0.0046189376
0.0
0.0
0.0
0.0113696927
0.0030792918
0.0
0.0
0.0
0.0102876338
0.0
0.0053887606
0.0041570439
0.0034642032
0.0000000000
0.0023094688
0.0
0.0000000000
0.0
0.0
0.0
0.0
0.0
0.0000000000
0.0
0.0
0.0
0.0
0.0
0.0
0.0
0.0000000000
0.0046189376
0.0092378753
0.0
0.0101672957
0.0
0.0
0.0
0.0075442648
0.0
0.0
0.0051963048
0.0
0.0000000000
0.0
0.0000000000
0.0
0.0
0.0
0.0
0.0
0.0
0.0000000000
0.0
0.0000000000
0.0
0.0126320946
0.0
0.0000000000
0.0
0.0
0.0
0.0092378753
0.0
0.0030792918
0.0073903002
0.0
0.0
0.0
0.0
0.0000000000
0.0103498418
0.0
0.0
0.0000000000
0.0
0.0
0.0023094688
0.0046189376
0.0
0.0
0.0023094688
0.0072170901
0.0000000000
0.0
0.0
0.0
0.0
0.0
0.0000000000
0.0
0.0
0.0030792918
0.0
0.0
0.0
0.0064263480
0.0
0.0088704598
0.0
0.0023094688
0.0034642032
0.0
0.0
0.0062099051
0.0112664628
0.0
0.0
0.0
0.0046189376
0.0
0.0085073290
0.0
0.0041570439
0.0
0.0030792918
0.0030792918
0.0
0.0
0.0000000000
0.0000000000
0.0
0.0
0.0000000000
0.0
0.0000000000
0.0
0.0
0.0
0.0
0.0030792918
0.0119102606
0.0000000000
0.0034642032
0.0
0.0046189376
0.0096360596
0.0041057224
0.0
0.0
0.0
0.0
0.0023094688
0.0
0.0
0.0
0.0084680523
0.0023094688
0.0064263480
0.0
0.0063954521
0.0
0.0
0.0053887606
0.0
0.0000000000
0.0046189376
0.0
0.0030792918
0.0
0.0
0.0063160473
0.0
0.0
0.0052787859
0.0
0.0
0.0
0.0
0.0000000000
0.0
0.0030792918
0.0030792918
0.0
0.0
0.0
0.0
0.0
0.0077792634
0.0
0.0099252172
0.0096943982
0.0
0.0023094688
0.0000000000
0.0000000000
0.0
0.0102710587
0.0
0.0121968822
0.0000000000
0.0
0.0059559985
0.0
0.0177409196
0.0
0.0052787859
0.0046189376
0.0
0.0000000000
0.0
0.0
0.0071872262
0.0046189376
0.0
0.0000000000
0.0150115473
0.0
0.0
0.0
0.0
0.0
0.0030792918
0.0109699769
0.0
0.0
0.0072170901
0.0
0.0071652751
0.0000000000
0.0
0.0
0.0
0.0
0.0048113934
0.0
0.0023094688
0.0
0.0073133179
0.0
0.0
0.0
0.0000000000
0.0
0.0
0.0000000000
0.0000000000
0.0
0.0
0.0075525872
0.0
0.0075792568
0.0069284065
0.0
0.0000000000
0.0
0.0055427252
0.0023094688
0.0
0.0121968822
0.0023094688
0.0030792918
0.0046189376
0.0092378753
0.0030792918
0.0030792918
0.0000000000
0.0108416731
0.0
0.0
0.0
0.0000000000
0.0023094688
0.0
0.0
0.0059122402
0.0
0.0086944709
0.0000000000
0.0
0.0
0.0
0.0
0.0000000000
0.0
0.0023094688
0.0041570439
0.0023094688
0.0000000000
0.0000000000
0.0030792918
0.0023094688
0.0000000000
0.0
0.0000000000
0.0
0.0059559985
0.0000000000
0.0
0.0
0.0
0.0046189376
0.0
0.0079841636
0.0000000000
0.0
0.0000000000
0.0
0.0000000000
0.0000000000
0.0081312548
0.0000000000
0.0023094688
0.0
0.0023094688
0.0000000000
0.0
0.0051963048
0.0
0.0000000000
0.0099252172
0.0030792918
0.0000000000
0.0
0.0000000000
0.0
0.0
0.0000000000
0.0046189376
0.0
0.0083140878
0.0036951501
0.0
0.0000000000
0.0023094688
0.0000000000
0.0000000000
0.0
0.0
0.0000000000
0.0023094688
0.0000000000
0.0
0.0
0.0
0.0051963048
0.0000000000
0.0082114447
0.0000000000
0.0047679356
0.0000000000
0.0
0.0000000000
0.0121968822
0.0
0.0122605624
0.0
0.0023094688
0.0064263480
0.0
0.0087049209
0.0
0.0023094688
0.0041570439
0.0000000000
0.0
0.0
0.0
0.0000000000
0.0000000000
0.0000000000
0.0121968822
0.0034642032
0.0
0.0000000000
0.0000000000
0.0023094688
0.0000000000
0.0121498142
0.0061585835
0.0
0.0000000000
0.0
0.0
0.0043758357
0.0
0.0023094688
0.0000000000
0.0023094688
0.0000000000
0.0
0.0
0.0030792918
0.0000000000
0.0000000000
0.0
0.0000000000
0.0046189376
0.0
0.0000000000
0.0000000000
0.0023094688
0.0051963048
0.0000000000
0.0000000000
0.0061585835
0.0000000000
0.0000000000
0.0
0.0036951501
0.0023094688
0.0023094688
0.0068337561
0.0
0.0023094688
0.0000000000
0.0023094688
0.0
0.0
0.0000000000
0.0052787859
0.0000000000
0.0000000000
0.0041570439
0.0034642032
0.0061585835
0.0000000000
0.0
0.0023094688
0.0
0.0000000000
0.0000000000
0.0103498418
0.0061585835
0.0000000000
0.0023094688
0.0000000000
0.0054742965
0.0030792918
0.0000000000
0.0000000000
0.0041057224
0.0000000000
0.0
0.0
0.0000000000
0.0000000000
0.0088704598
0.0051963048
0.0030792918
0.0069284065
0.0000000000
0.0
0.0046189376
0.0000000000
0.0
0.0041057224
0.0000000000
0.0000000000
0.0051963048
0.0
0.0000000000
0.0052787859
0.0023094688
0.0046189376
0.0000000000
0.0073903002
0.0059386341
0.0000000000
0.0000000000
0.0052787859
0.0000000000
0.0046189376
0.0
0.0000000000
0.0000000000
0.0064263480
0.0
0.0
0.0000000000
0.0102710587
0.0023094688
0.0000000000
0.0000000000
0.0000000000
0.0
0.0030792918
0.0000000000
0.0096943982
0.0000000000
0.0000000000
0.0078652665
0.0000000000
0.0054742965
0.0041570439
0.0075582616
0.0000000000
0.0
0.0000000000
0.0000000000
0.0030792918
0.0000000000
0.0000000000
0.0000000000
0.0023094688
0.0
0.0000000000
0.0061585835
0.0023094688
0.0054793280
0.0000000000
0.0000000000
0.0000000000
0.0000000000
0.0000000000
0.0073903002
0.0000000000
0.0023094688
0.0000000000
0.0000000000
0.0000000000
0.0059551303
0.0000000000
0.0000000000
0.0000000000
0.0
0.0000000000
0.0030792918
0.0000000000
0.0000000000
0.0000000000
0.0000000000
0.0000000000
0.0000000000
0.0000000000
0.0041240515
0.0000000000
0.0000000000
0.0000000000
0.0048113934
0.0000000000
0.0000000000
0.0000000000
0.0030792918
0.0023094688
0.0
0.0000000000
0.0000000000
0.0023094688
0.0046189376
0.0000000000
0.0000000000
0.0000000000
0.0000000000
0.0071652751
0.0000000000
0.0023094688
0.0088704598
0.0000000000
0.0000000000
0.0000000000
0.0000000000
0.0000000000
0.0000000000
0.0000000000
0.0088704598
0.0000000000
0.0000000000
0.0064263480
0.0000000000
0.0000000000
0.0000000000
0.0000000000
0.0000000000
0.0046189376
0.0000000000
0.0000000000
0.0000000000
0.0000000000
0.0000000000
0.0000000000
0.0000000000
0.0000000000
0.0000000000
0.0000000000
0.0000000000
0.0000000000
0.0000000000
0.0000000000
0.0000000000
0.0000000000
0.0
0.0000000000
0.0000000000
0.0000000000
0.0000000000
0.0000000000
0.0034642032
0.0000000000
0.0023094688
0.0000000000
0.0000000000
0.0000000000
0.0000000000
0.0000000000
0.0000000000
0.0000000000
0.0000000000
0.0000000000
0.0000000000
0.0000000000
0.0000000000
0.0000000000
0.0000000000
0.0000000000
0.0000000000
0.0000000000
0.0000000000
0.0000000000
0.0000000000
0.0000000000
0.0000000000
0.0000000000
0.0000000000
0.0000000000
0.0000000000
0.0000000000
0.0000000000
0.0000000000
0.0000000000
0.0000000000
