0.0
0.0
0.0
0.0
0.0
0.0
0.1580408163
0.0
0.0
0.0
0.0
0.0
0.1947686117
0.0
0.0
0.1717834960
0.0
0.0
0.0
0.0
0.0
0.0
0.0
0.0
0.0
0.0
0.0
0.0
0.0
0.0142857143
0.0
0.2033613445
0.1819548872
0.0
0.0
0.0
0.1856184084
0.1494980695
0.1511319282
0.0
0.1707231041
0.0142857143
0.1433012583
0.1562550444
0.1843809524
0.0
0.0
0.0
0.0
0.1934065934
0.0
0.0
0.1166968053
0.0
0.1881438290
0.0
0.1257142857
0.1728571429
0.0
0.0
0.1856184084
0.0
0.0
0.0
0.0
0.0
0.0
0.0000000000
0.0142857143
0.0
0.1528018942
0.1503105590
0.1907389163
0.0
0.1676190476
0.0
0.1617376775
0.1362420830
0.0000000000
0.2004140787
0.1656116339
0.1676190476
0.1245817246
0.1807656396
0.1329670330
0.1396825397
0.0
0.0285714286
0.0861593235
0.1274522712
0.0
0.0
0.0
0.1562550444
0.0
0.0
0.0994861254
0.1124274100
0.1223767383
0.0
0.1646258503
0.1440476190
0.1545091780
0.0000000000
0.1772893773
0.1471124620
0.0142857143
0.0
0.0190476190
0.0000000000
0.0000000000
0.1580408163
0.1686411150
0.1411078717
0.0000000000
0.0000000000
0.0190476190
0.0000000000
0.0000000000
0.0
0.0000000000
0.0000000000
0.0000000000
0.0000000000
0.0
0.0000000000
0.0000000000
0.0000000000
0.0000000000
0.0000000000
0.0000000000
