0.0053475936
0.0
0.0
0.0
0.0
0.0
0.0000000000
0.0
0.0
0.0000000000
0.0
0.0
0.0
0.0
0.0
0.0
0.0
0.0160427807
0.0
0.0
0.0
0.0
0.0
0.0000000000
0.0
0.0
0.0053475936
0.0
0.0
0.0
0.0
0.0
0.0
0.0
0.0
0.0000000000
0.0
0.0
0.0
0.0
0.0
0.0
0.0145573381
0.0000000000
0.0
0.0
0.0
0.0
0.0
0.0
0.0
0.0
0.0000000000
0.0000000000
0.0000000000
0.0
0.0080213904
0.0
0.0000000000
0.0
0.0
0.0000000000
0.0
0.0
0.0053475936
0.0106951872
0.0
0.0000000000
0.0071301248
0.0
0.0120320856
0.0213903743
0.0187165775
0.0
0.0080213904
0.0187165775
0.0
0.0
0.0
0.0
0.0109180036
0.0
0.0
0.0080213904
0.0
0.0205676676
0.0
0.0
0.0000000000
0.0163770053
0.0
0.0
0.0120320856
0.0071301248
0.0000000000
0.0000000000
0.0
0.0
0.0152788388
0.0
0.0106951872
0.0000000000
0.0
0.0
0.0
0.0
0.0
0.0
0.0
0.0
0.0
0.0106951872
0.0
0.0
0.0
0.0
0.0
0.0106951872
0.0113243158
0.0053475936
0.0
0.0071301248
0.0
0.0071301248
0.0
0.0187165775
0.0
0.0053475936
0.0053475936
0.0
0.0192513369
0.0071301248
0.0
0.0
0.0198059022
0.0000000000
0.0
0.0071301248
0.0000000000
0.0000000000
0.0071301248
0.0
0.0
0.0053475936
0.0000000000
0.0157282164
0.0106951872
0.0000000000
0.0187165775
0.0053475936
0.0000000000
0.0
0.0000000000
0.0053475936
0.0000000000
0.0
0.0
0.0
0.0106951872
0.0
0.0
0.0000000000
0.0
0.0
0.0
0.0
0.0145573381
0.0000000000
0.0071301248
0.0
0.0000000000
0.0
0.0100781571
0.0000000000
0.0000000000
0.0
0.0100781571
0.0000000000
0.0
0.0000000000
0.0
0.0053475936
0.0
0.0071301248
0.0053475936
0.0
0.0213903743
0.0000000000
0.0000000000
0.0000000000
0.0163770053
0.0000000000
0.0053475936
0.0106951872
0.0198059022
0.0
0.0
0.0
0.0131016043
0.0131016043
0.0071301248
0.0053475936
0.0
0.0128342246
0.0071301248
0.0131016043
0.0071301248
0.0157282164
0.0106951872
0.0106951872
0.0120320856
0.0053475936
0.0
0.0128342246
0.0071301248
0.0
0.0000000000
0.0120320856
0.0053475936
0.0000000000
0.0
0.0
0.0
0.0
0.0000000000
0.0137509549
0.0297088532
0.0071301248
0.0071301248
0.0
0.0213903743
0.0053475936
0.0053475936
0.0000000000
0.0000000000
0.0000000000
0.0000000000
0.0000000000
0.0
0.0000000000
0.0053475936
0.0000000000
0.0053475936
0.0
0.0
0.0071301248
0.0000000000
0.0000000000
0.0109180036
0.0000000000
0.0000000000
0.0000000000
0.0281452294
0.0053475936
0.0131016043
0.0053475936
0.0000000000
0.0
0.0000000000
0.0297088532
0.0000000000
0.0000000000
0.0
0.0000000000
0.0
0.0
0.0000000000
0.0000000000
0.0000000000
0.0000000000
0.0000000000
0.0000000000
0.0000000000
0.0000000000
0.0000000000
0.0053475936
0.0000000000
0.0053475936
0.0000000000
0.0000000000
0.0080213904
0.0000000000
0.0053475936
0.0000000000
0.0000000000
0.0
0.0000000000
0.0000000000
0.0000000000
0.0000000000
0.0000000000
0.0000000000
0.0000000000
0.0000000000
0.0000000000
0.0000000000
0.0071301248
0.0000000000
0.0071301248
0.0000000000
0.0000000000
0.0000000000
0.0000000000
0.0000000000
0.0000000000
0.0000000000
0.0000000000
0.0000000000
0.0000000000
0.0000000000
0.0000000000
0.0000000000
0.0000000000
0.0000000000
