0.0
0.0
0.0
0.0
0.0
0.0
0.0
0.0
0.0
0.0
0.0
0.0
0.0
0.0
0.0
0.0
0.0
0.0
0.0
0.0
0.0
0.0
0.0
0.0
0.0
0.0
0.0
0.0
0.0
0.0774375504
0.0
0.1073302487
0.0
0.0
0.0
0.0
0.0
0.0862949558
0.0
0.0
0.1097031963
0.0
0.0
0.0
0.0858356347
0.0
0.0
0.0
0.0
0.1176034265
0.0
0.0
0.1097965608
0.0
0.1117945918
0.0
0.0
0.0
0.0
0.0
0.0
0.0
0.0
0.0
0.0
0.0
0.0
0.0
0.0
0.0
0.1232196360
0.1041250677
0.1122810782
0.0
0.0957054591
0.0
0.1035400954
0.0
0.0825934436
0.0
0.0
0.1021464441
0.0
0.0
0.0958476663
0.1212509012
0.0
0.0914971340
0.0
0.1019043909
0.0
0.0
0.0
0.0
0.0
0.0
0.0000000000
0.0819117199
0.0
0.0
0.0
0.0952813581
0.0686228505
0.0856078029
0.0
0.0
0.0
0.0
0.0
0.1157048959
0.0933509109
0.0
0.0917574388
0.1015035082
0.1104545881
0.1016634822
0.0
0.0
0.0
0.0
0.0
0.0
0.0927469151
0.1137662777
0.0
0.0950007061
0.0
0.0
0.0
0.0
0.0
0.0
0.0
0.0
0.0
0.0927469151
0.1060945386
0.0
0.0
0.1288820768
0.0
0.0
0.0936898757
0.0
0.1067971514
0.0
0.0027397260
0.0
0.1080493793
0.1041250677
0.0082191781
0.0
0.0
0.0
0.0
0.1197873342
0.1026340166
0.0
0.0983315236
0.1126733266
0.0
0.0
0.1181419038
0.0
0.0951408252
0.0762927019
0.0000000000
0.0
0.0
0.1012644889
0.0
0.0937579643
0.0
0.0
0.0928804600
0.0972200142
0.0
0.0
0.0889117567
0.0664320077
0.0803806598
0.0
0.0853247083
0.0000000000
0.0747456309
0.0
0.0
0.1065325837
0.1036232602
0.1179259222
0.0
0.1167519990
0.1164358835
0.0
0.0
0.0991629200
0.0881824736
0.0886673257
0.0
0.0
0.1338287955
0.1048869585
0.0
0.1113123028
0.0887283074
0.0
0.0
0.0
0.0000000000
0.0
0.0900914517
0.0
0.0
0.0
0.0049315068
0.0
0.0
0.0
0.0000000000
0.0
0.0
0.0883636705
0.0027397260
0.0000000000
0.0
0.1111205503
0.0
0.0722750470
0.0
0.0980326435
0.0
0.0972200142
0.0
0.1011057672
0.0802306958
0.0856646473
0.1037065586
0.0000000000
0.0
0.1197873342
0.1116011755
0.0
0.0
0.0049315068
0.1290109589
0.0837733499
0.0
0.0883636705
0.0
0.0873466208
0.1061818592
0.0
0.0
0.0
0.0
0.1133663962
0.0
0.1300513699
0.0870519291
0.0967098642
0.0902805871
0.0054794521
0.0
0.1183586779
0.0036529680
0.0836646945
0.0
0.0000000000
0.0
0.0
0.0087671233
0.0
0.0656210371
0.1060073615
0.1190137997
0.0997764570
0.1189041096
0.0804809475
0.0850995771
0.0751374251
0.0763830426
0.1004758247
0.1131675078
0.1141689902
0.0861221355
0.0
0.0
0.1316438356
0.0000000000
0.0
0.0
0.0
0.0899658012
0.0877625571
0.0
0.0
0.0901544087
0.0694727835
0.1090540650
0.0
0.0
0.0978096732
0.0930143900
0.0865845362
0.0
0.0
0.0
0.0
0.0
0.0
0.0655543490
0.1024709761
0.0
0.1043777985
0.1171761661
0.0932160108
0.1108341571
0.0
0.0000000000
0.0
0.1143714175
0.1082306702
0.0027397260
0.0000000000
0.1190137997
0.0996993500
0.1048869585
0.0932834121
0.1065325837
0.1115047182
0.0939628251
0.0
0.0027397260
0.1075987981
0.1060945386
0.0836104724
0.0951408252
0.0874650569
0.1006325732
0.0954223069
0.0
0.1125750078
0.0865845362
0.1006325732
0.1064446856
0.0
0.0889730751
0.0027397260
0.0
0.0048706240
0.1026340166
0.0
0.0
0.0000000000
0.0
0.0910451368
0.0
0.0
0.0943062565
0.0000000000
0.0949308013
0.0000000000
0.0
0.0821725853
0.0
0.0000000000
0.0
0.0765189555
0.0000000000
0.0
0.0027397260
0.0000000000
0.0845419128
0.0
0.0036529680
0.0970007210
0.0747889617
0.0027397260
0.0000000000
0.0027397260
0.0027397260
0.0664662333
0.0000000000
0.0874650569
0.0987832763
0.0000000000
0.0807833180
0.0796363944
0.0000000000
0.0886673257
0.0702674068
0.0000000000
0.0952110398
0.0
0.0736363921
0.0904071191
0.0591250957
0.1075091324
0.0950707140
0.0000000000
0.0907250063
0.0073059361
0.0
0.0978096732
0.0784261148
0.0
0.0
0.0979582072
0.0685863684
0.0000000000
0.0
0.1041250677
0.0
0.0000000000
0.0000000000
0.0000000000
0.0847640991
0.0733433536
0.0750500052
0.0000000000
0.0822249579
0.0707296924
0.0000000000
0.1088700075
0.0000000000
0.0952813581
0.0000000000
0.1008686152
0.0836104724
0.0926802866
0.0748757742
0.0941685831
0.0779993706
0.0027397260
0.0000000000
0.0804809475
0.0819637604
0.0000000000
0.0854943399
0.0856646473
0.0000000000
0.0000000000
0.0027397260
0.0969278429
0.0000000000
0.0
0.1093313211
0.0756218985
0.0955636733
0.0812411580
0.0901544087
0.0
0.0027397260
0.0027397260
0.0711588301
0.0746591197
0.1021464441
0.0000000000
0.0
0.0000000000
0.0000000000
0.0000000000
0.0786172815
0.0000000000
0.0903438088
0.0000000000
0.0000000000
0.0904071191
0.0689898176
0.0000000000
0.0054794521
0.0774840594
0.0000000000
0.0820158671
0.0054794521
0.0845973501
0.1004758247
0.1019849478
0.0945135230
0.0000000000
0.0000000000
0.0900914517
0.0793425332
0.0886673257
0.0000000000
0.0000000000
0.0000000000
0.0000000000
0.0000000000
0.0000000000
0.0875838146
0.0854943399
0.1046317590
0.0861221355
0.0903438088
0.0049315068
0.0740591038
0.0000000000
0.0027397260
0.0000000000
0.0000000000
0.0027397260
0.0000000000
0.0000000000
0.0000000000
0.0000000000
0.0000000000
0.0000000000
0.0000000000
0.0000000000
0.0000000000
0.0000000000
0.0000000000
0.0000000000
0.0000000000
0.0000000000
0.0000000000
0.0667413135
0.0000000000
0.0000000000
0.0000000000
0.0000000000
0.0027397260
0.0000000000
0.0000000000
0.0787612692
0.0000000000
0.0000000000
0.0000000000
0.0000000000
0.0000000000
0.0676512632
0.0000000000
0.0000000000
0.0987832763
0.0000000000
0.0000000000
0.0000000000
0.0000000000
0.0000000000
0.0000000000
0.0000000000
0.0000000000
0.0000000000
0.0000000000
0.0000000000
0.0000000000
0.0000000000
0.0000000000
0.0615510300
0.0000000000
0.0000000000
0.0000000000
0.0000000000
0.0000000000
0.0000000000
0.0000000000
0.0000000000
0.0000000000
0.0000000000
0.0000000000
0.0000000000
0.0000000000
0.0000000000
0.0000000000
0.0000000000
0.0000000000
0.0000000000
0.0000000000
0.0000000000
0.0000000000
0.0000000000
