0.0
0.0
0.0
0.0
0.0
0.0
0.0
0.0
0.0
0.0
0.0
0.0
0.0
0.0
0.0
0.0
0.0
0.0
0.0
0.0
0.0
0.0
0.0
0.0
0.0
0.0
0.0554298643
0.0
0.0
0.0
0.1150895141
0.0264705882
0.0
0.0
0.0
0.0
0.0
0.0
0.0
0.0
0.0
0.0
0.0
0.0853889943
0.0
0.0
0.0
0.0
0.0
0.0756302521
0.0
0.0
0.1260504202
0.0
0.0
0.0
0.0
0.0
0.0
0.0
0.0
0.0423875433
0.0
0.0
0.0379256966
0.0
0.0
0.0
0.0
0.0778546713
0.0000000000
0.0685766535
0.0
0.0
0.0
0.0
0.0
0.0
0.0952179433
0.0
0.0
0.0
0.0
0.0
0.0
0.0837676843
0.0
0.0
0.0
0.0
0.0
0.0000000000
0.0
0.0
0.0264705882
0.0
0.0196078431
0.0
0.0
0.0
0.0655080214
0.0
0.1272624434
0.1002673797
0.0
0.0
0.0
0.0
0.0
0.0648788927
0.0000000000
0.0752005348
0.0
0.0
0.0
0.0554298643
0.0147058824
0.0
0.1058823529
0.0000000000
0.0000000000
0.0441176471
0.0707769739
0.1034007353
0.0379256966
0.0000000000
0.0678733032
0.0
0.0408496732
0.0966079863
0.0147058824
0.0
0.0
0.1010327795
0.0822067958
0.0719309463
0.0900360144
0.0334224599
0.0379256966
0.0807030129
0.0
0.0894276630
0.0379256966
0.0596184420
0.0
0.0787815126
0.0000000000
0.1181722689
0.0
0.0245098039
0.0527302554
0.0196078431
0.0408496732
0.0827205882
0.0
0.0245098039
0.0334224599
0.0
0.0747756730
0.0000000000
0.0000000000
0.0837676843
0.0264705882
0.0000000000
0.0
0.0000000000
0.0294117647
0.0000000000
0.0000000000
0.0707769739
0.0000000000
0.0000000000
