0.0
0.0
0.0
0.0
0.0
0.0
0.0
0.2390548443
0.0
0.0
0.0
0.0
0.0
0.0
0.0
0.0
0.0
0.0
0.0
0.0
0.1785082025
0.0
0.0
0.1682237793
0.0
0.0
0.0
0.0
0.0
0.0
0.0
0.1910204597
0.2013713221
0.1465174852
0.0
0.0
0.0
0.1572245322
0.0
0.0000000000
0.0
0.0
0.0
0.1984387300
0.0
0.2335907336
0.0
0.0
0.0
0.0
0.0
0.0
0.0
0.2140229234
0.2186009539
0.0
0.2296538111
0.1560243450
0.0
0.1293619569
0.0
0.1841368395
0.0
0.1946589447
0.2404610493
0.1946589447
0.0000000000
0.0
0.2023682098
0.0
0.1800809620
0.1746939247
0.2433236808
0.0
0.0
0.0000000000
0.2096327096
0.0000000000
0.0
0.0
0.0
0.1808777804
0.1419388138
0.0
0.1635135135
0.2271021021
0.2003842077
0.0
0.1974800888
0.0000000000
0.0
0.1928225395
0.2390548443
0.2587239138
0.0
0.1841368395
0.1777320799
0.1584433270
0.2054189868
0.1465174852
0.1628620653
0.1340274701
0.2197762278
0.1761999068
0.0
0.0000000000
0.1919172694
0.0000000000
0.2322635135
0.1227578930
0.1227578930
0.1800809620
0.1955903272
0.1615746181
0.0000000000
0.0
0.0000000000
0.1808777804
0.0
0.1746939247
0.0000000000
0.0
0.2054189868
0.2118050693
0.1429313929
0.0000000000
0.0000000000
0.0000000000
0.2085631550
0.0000000000
0.0000000000
0.1429313929
0.0000000000
0.0000000000
0.0000000000
0.1202305246
0.0000000000
