0.0
0.0
0.0
0.0
0.0
0.0
0.0
0.1928184948
0.0
0.0
0.0
0.0
0.0
0.0
0.0
0.0
0.0
0.0
0.0
0.0
0.1596705211
0.0
0.0
0.2080250007
0.0
0.0
0.0
0.0
0.0
0.0
0.0
0.2148010594
0.1933839450
0.1826701530
0.0
0.0
0.0
0.2106834672
0.0
0.0
0.0
0.0
0.0
0.0
0.0
0.0
0.0
0.0
0.0
0.0
0.0
0.0
0.0
0.2010485525
0.0
0.0
0.0
0.2054327889
0.0
0.1708391845
0.0
0.0
0.0
0.2338437065
0.1916974571
0.2016633799
0.0
0.0
0.1831775701
0.0
0.2183573683
0.2297697743
0.2297697743
0.0
0.0
0.2113587347
0.2372083641
0.2073708341
0.0
0.0
0.0
0.0
0.2258353604
0.0
0.0
0.2100125007
0.0000000000
0.0
0.2266114269
0.2106834672
0.0
0.0
0.2212883397
0.0
0.0
0.0
0.1686545402
0.0
0.2273928456
0.1933839450
0.1787098245
0.0
0.0
0.1836878140
0.0
0.0
0.0
0.1836878140
0.0
0.0
0.1735366454
0.1782268250
0.0
0.1986262808
0.1962616822
0.0
0.1951003705
0.1427357689
0.0
0.0
0.1787098245
0.0
0.0
0.0
0.2100125007
0.1730811686
0.2073708341
0.1753827799
0.0
0.2250645912
0.2346758905
0.0
0.2389272653
0.2212883397
0.0
0.1857575359
0.1640396150
0.1787098245
0.2113587347
0.0
0.1695216587
0.2010485525
0.0
0.0000000000
0.2022819792
0.0
0.2406712600
0.1928184948
0.2176367169
0.0
0.1665250637
0.0
0.0
0.1873406967
0.0
0.1796837200
0.1801746591
0.0
0.0000000000
0.0
0.1951003705
0.2305731652
0.2250645912
0.1986262808
0.0000000000
0.1592848436
0.0000000000
0.0
0.1739945257
0.0
0.0
0.0
0.2227835312
0.1465420561
0.0
0.1744548287
0.1661056051
0.1884112150
0.2067207688
0.1505569069
0.0
0.0000000000
0.1682242991
0.0000000000
0.1391222051
0.1916974571
0.0093457944
0.0000000000
0.0000000000
0.0000000000
0.0
0.0000000000
0.0000000000
0.1951003705
0.1424274843
0.1632275377
0.1753827799
0.1436686824
0.1753827799
0.1391222051
0.0000000000
0.1354084707
0.0093457944
0.0
0.0000000000
0.0
0.0000000000
0.0000000000
0.0000000000
0.0000000000
0.0000000000
0.1787098245
0.0000000000
0.0000000000
