0.0
0.0
0.0
0.0
0.1224981787
0.0
0.1477788431
0.0
0.0
0.1172005196
0.0
0.1234424534
0.0
0.1351898549
0.0
0.1310657596
0.0
0.1306768405
0.0
0.0
0.1495351281
0.0998030487
0.0
0.0
0.0
0.1260933292
0.1249307666
0.1276466529
0.1345701917
0.1230114392
0.0
0.0
0.1484013319
0.1314570007
0.1422878683
0.1331461685
0.1321473225
0.1209837781
0.1272777319
0.0
0.0
0.1486517983
0.1425181076
0.1335499477
0.0
0.1388119629
0.1422878683
0.1256436383
0.1215682408
0.1216521968
0.1350861817
0.1121275499
0.1426335068
0.1376190476
0.1358152513
0.0
0.1342624855
0.0
0.1083347976
0.1457008941
0.0
0.1051656006
0.1297145662
0.1380504553
0.0
0.1425181076
0.0
0.0936980750
0.1258231293
0.1388119629
0.1402487109
0.1410347325
0.1148320606
0.1526450442
0.1270024376
0.1270024376
0.1183024721
0.0881643548
0.0946038566
0.1250194329
0.1300017572
0.1362354068
0.1364464608
0.0
0.1360250046
0.1319493490
0.1316534985
0.0
0.0963107605
0.1000297450
0.1352936874
0.0
0.1315551762
0.1130631457
0.0023809524
0.0
0.0956310429
0.1318505845
0.1266372257
0.1321473225
0.1359200470
0.1316534985
0.1165028975
0.1107180270
0.1288605567
0.1439153439
0.0
0.1148320606
0.1419439008
0.0
0.1286723016
0.1357106171
0.1183024721
0.1174349206
0.1167345136
0.1172005196
0.1392508940
0.0
0.1251971435
0.1433298462
0.1177489177
0.1208178196
0.0989620118
0.1210669285
0.0000000000
0.1392508940
0.0
0.1127736114
0.0000000000
0.1325450572
0.0
0.0
0.1174349206
0.0023809524
0.1360250046
0.0923714635
0.1128458558
0.1234424534
0.1302902226
0.1401371368
0.1252861884
0.1127736114
0.1265462507
0.0
0.0000000000
0.1391409012
0.1198315517
0.0000000000
0.1454602650
0.1187811065
0.1202405331
0.1335499477
0.1270024376
0.1232696858
0.1284845959
0.1173566828
0.0000000000
0.0000000000
0.1158897243
0.1218204571
0.1396926098
0.0000000000
0.1107876610
0.1004289515
0.1244893152
0.1155855518
0.1236157059
0.1018810763
0.1082682120
0.1409219048
0.0
0.0
0.0776343680
0.0
0.1117009391
0.1116301527
0.0
0.1495351281
0.1100264716
0.0
0.0942999898
0.1060520054
0.1143846630
0.1349826674
0.1090726817
0.1179065468
0.1151322751
0.0
0.0000000000
0.1165800006
0.1046657047
0.1347761140
0.0978080960
0.1109271920
0.1396926098
0.1045414724
0.1151322751
0.1454602650
0.1222431513
0.0
0.0
0.1199131252
0.1245773557
0.0
0.1150570744
0.0899195411
0.0
0.1325450572
0.0
0.0901496320
0.1093435015
0.1337527570
0.0
0.1018810763
0.1005435964
0.1287663603
0.1094794164
0.1167345136
0.0
0.1345701917
0.0000000000
0.1345701917
0.1358152513
0.0000000000
0.0
0.1261836540
0.0000000000
0.0000000000
0.1225834245
0.1394714022
0.1093435015
0.1277392175
0.0
0.1463059642
0.1279247501
0.1081352860
0.1388119629
0.0
0.1295238095
0.0
0.1284845959
0.0000000000
0.1096156695
0.0000000000
0.1283909482
0.0935985021
0.1247538109
0.0000000000
0.1293336130
0.1277392175
0.0981350312
0.0000000000
0.1018810763
0.1312610886
0.0823526793
0.0870748299
0.1284845959
0.1178276796
0.1425181076
0.0000000000
0.0
0.0000000000
0.0998030487
0.1027127586
0.1063722107
0.1144589870
0.1168119237
0.1149819719
0.0867745719
0.0000000000
0.0023809524
0.1433298462
0.1049775810
0.1127736114
0.0
0.0
0.0000000000
0.0000000000
0.0000000000
0.1155097580
0.1000297450
0.1146079251
0.1062438968
0.0765547071
0.1284845959
0.0937978599
0.1037410960
0.0023809524
0.0047619048
0.1389214361
0.0
0.0952690000
0.1117718153
0.0936980750
0.1214006761
0.1158897243
0.1208178196
0.0000000000
0.1049775810
0.1270024376
0.0000000000
0.0992967198
0.1011788518
0.1217362688
0.0000000000
0.1078704109
0.0000000000
0.0031746032
0.1036190476
0.0000000000
0.1094794164
0.1217362688
0.0000000000
0.1168894366
0.0905202369
0.1160424117
0.1041089722
0.1061158921
0.1150570744
0.1281108225
0.1115594560
0.1165028975
0.0893720857
0.0
0.0000000000
0.0000000000
0.0790630076
0.0704891480
0.0000000000
0.0990176397
0.0000000000
0.1149819719
0.1312610886
0.0000000000
0.0000000000
0.1092079237
0.1174349206
0.0000000000
0.0000000000
0.1025333999
0.1154340635
0.1074099884
0.0023809524
0.0000000000
0.1094794164
0.1019990625
0.0000000000
0.0999162683
0.0963107605
0.1260031337
0.0000000000
0.0000000000
0.1014702655
0.0000000000
0.1321473225
0.1044794668
0.0000000000
0.0000000000
0.0937978599
0.1152829718
0.0000000000
0.0
0.1046657047
0.1204872647
0.0000000000
0.0000000000
0.0992967198
0.1093435015
0.0000000000
0.1233560091
0.0000000000
0.0000000000
0.0000000000
0.0000000000
0.0000000000
0.0935985021
0.1146079251
0.0000000000
0.0000000000
0.0823526793
0.0000000000
0.0000000000
0.0808780445
0.0000000000
0.0000000000
0.0023809524
0.1240509725
0.0000000000
0.0000000000
0.0000000000
0.0000000000
0.0000000000
0.1025333999
0.0000000000
0.0000000000
0.0000000000
0.0000000000
0.1234424534
0.0000000000
0.0031746032
0.1268195687
0.0886970700
0.0961005897
0.0000000000
0.0000000000
0.0000000000
0.0023809524
0.0000000000
0.1118427816
0.0000000000
0.0023809524
0.0000000000
0.0000000000
0.0000000000
0.0023809524
0.0000000000
0.0000000000
0.1169670524
0.0023809524
0.0000000000
0.0000000000
0.0000000000
0.0808780445
0.0000000000
0.1070184574
0.0000000000
0.0000000000
0.0000000000
0.0000000000
0.0023809524
0.0000000000
0.0000000000
0.0000000000
0.0000000000
0.0000000000
0.0000000000
0.0000000000
0.0000000000
0.0000000000
0.0000000000
0.0000000000
0.0023809524
0.0000000000
0.0000000000
0.0000000000
0.0000000000
0.0000000000
0.0000000000
0.0000000000
0.0000000000
0.0000000000
0.0000000000
0.0000000000
0.0000000000
0.0000000000
0.1236157059
0.0000000000
0.1107876610
0.0000000000
0.0000000000
0.0000000000
0.0000000000
0.0865188512
0.0000000000
0.0000000000
0.0000000000
0.0000000000
0.0000000000
0.0000000000
0.0000000000
0.0000000000
0.0000000000
0.0000000000
0.0000000000
0.0000000000
0.0000000000
0.0000000000
0.0000000000
0.0000000000
0.0000000000
0.0000000000
