0.0
0.0
0.0
0.0
0.0
0.0
0.0
0.0
0.0
0.0
0.0
0.0
0.0
0.0
0.0
0.0
0.0
0.0
0.0
0.0
0.0
0.0
0.0
0.0
0.0
0.0
0.0
0.0
0.0
0.0959415266
0.0
0.1218483294
0.0
0.0
0.0
0.0
0.0
0.0925947291
0.0
0.0
0.1190620000
0.0
0.0
0.0
0.0869450828
0.0
0.0
0.0
0.0
0.0978839436
0.0
0.0
0.1156050333
0.0
0.1243099118
0.0
0.0
0.0
0.0
0.0
0.0
0.0
0.0
0.0
0.0
0.0
0.0
0.0
0.0
0.0
0.1336362231
0.1127173139
0.1091721726
0.0
0.0977425949
0.0
0.1119714590
0.0
0.0979547713
0.0
0.0
0.1049406930
0.0
0.0
0.1213024140
0.1325891224
0.0
0.1124364568
0.0
0.1123431485
0.0
0.0
0.0
0.0
0.0
0.0
0.0000000000
0.1019378720
0.0
0.0
0.0
0.0969030021
0.0000000000
0.0854091445
0.0
0.0
0.0
0.0
0.0
0.1296680977
0.1049406930
0.0
0.0984534502
0.1108710024
0.1180239703
0.1134731718
0.0
0.0
0.0
0.0
0.0
0.0
0.1105089747
0.1183334738
0.0
0.0962827126
0.0
0.0
0.0
0.0
0.0
0.0
0.0
0.0
0.0
0.0979547713
0.1160012802
0.0
0.0
0.1372956328
0.0
0.0
0.0849802222
0.0
0.1102390016
0.0
0.0030120482
0.0
0.1163002526
0.1126235391
0.0713618840
0.0
0.0
0.0762238142
0.0
0.1222886124
0.1116022209
0.0
0.1134731718
0.1140467515
0.0
0.0
0.1211938173
0.1208691910
0.1136637229
0.0988849481
0.0841874963
0.0
0.0
0.1172064883
0.0
0.0958057282
0.0
0.0
0.1070146197
0.0689274409
0.0
0.0
0.0983104531
0.0902489960
0.0917164593
0.0
0.1122499950
0.0000000000
0.1050221055
0.0
0.0
0.1132832586
0.1065094366
0.1306693957
0.0
0.1153096201
0.1227320888
0.0
0.0
0.0978132182
0.0940093708
0.0958735793
0.0
0.0
0.1388446092
0.1152114842
0.0
0.1127173139
0.0834608471
0.0
0.0
0.0
0.0000000000
0.0
0.0893554416
0.0
0.0
0.0
0.0801975675
0.0
0.0
0.0
0.0000000000
0.0
0.0
0.0915304219
0.0960095702
0.0000000000
0.0
0.1141429123
0.0
0.0030120482
0.0
0.1050221055
0.0
0.1089963720
0.0
0.1102390016
0.0840829155
0.0772238984
0.1038937022
0.0000000000
0.0
0.1280733150
0.1100597512
0.0
0.0
0.0000000000
0.1336362231
0.0851405622
0.0
0.0916543629
0.0
0.1169028445
0.1170038842
0.0
0.0
0.1021686747
0.0
0.1091721726
0.0
0.1305433886
0.0000000000
0.1029456228
0.0991021186
0.0881337851
0.0
0.1087337301
0.0030120482
0.0752493018
0.0
0.0000000000
0.0
0.0
0.1021686747
0.0
0.0704703248
0.1131885401
0.1258117974
0.0983818997
0.1154079233
0.0040160643
0.0838225969
0.0765687183
0.0753330517
0.0929763008
0.1139507525
0.1204390516
0.0860060318
0.0
0.0
0.1423485741
0.0000000000
0.0
0.0
0.0
0.0964198675
0.0968336867
0.0
0.0
0.0989572324
0.1040534158
0.1107802733
0.0
0.0
0.0960095702
0.0060240964
0.1073540793
0.0
0.0
0.0
0.0
0.0
0.0
0.0639761314
0.1107802733
0.0
0.1075246179
0.1163002526
0.0996859308
0.1123431485
0.0
0.0000000000
0.0
0.1190620000
0.0984534502
0.0835123343
0.0000000000
0.1213024140
0.1024005249
0.1126235391
0.1063421005
0.1207613684
0.1220680739
0.1165004251
0.0
0.0000000000
0.1178185326
0.1165004251
0.0940747005
0.0969030021
0.0958057282
0.1094369393
0.1097029935
0.0
0.1145291827
0.0942056326
0.0993202450
0.1107802733
0.0
0.0947993655
0.0000000000
0.0
0.0777561712
0.0849269096
0.0
0.0
0.0000000000
0.0
0.0833580628
0.0
0.0
0.1080395004
0.0000000000
0.0968336867
0.0000000000
0.0
0.0841874963
0.0
0.0000000000
0.0
0.0841351734
0.0000000000
0.1037344781
0.0030120482
0.0000000000
0.0965574137
0.0
0.0000000000
0.1037344781
0.0674842941
0.0030120482
0.0000000000
0.0030120482
0.0713618840
0.0610615670
0.0000000000
0.0944685931
0.0000000000
0.0000000000
0.0819948480
0.0000000000
0.0000000000
0.0958735793
0.0000000000
0.0000000000
0.1041334569
0.0
0.0710622016
0.1016317522
0.0000000000
0.1157038410
0.0673499970
0.0000000000
0.0940747005
0.0883638995
0.0
0.0920908122
0.0858424185
0.0
0.0
0.0000000000
0.0000000000
0.0000000000
0.0
0.1060920799
0.0
0.0000000000
0.0000000000
0.0000000000
0.0741366342
0.0821441104
0.0000000000
0.0000000000
0.0030120482
0.0743401944
0.0000000000
0.1226209185
0.0000000000
0.0030120482
0.0000000000
0.1076956993
0.0000000000
0.1004254406
0.0753749966
0.1191668081
0.0842398842
0.0000000000
0.0000000000
0.0040160643
0.0837189202
0.0000000000
0.0853015085
0.0912835428
0.0728205992
0.0000000000
0.0000000000
0.1078673259
0.0000000000
0.0
0.1141429123
0.0821441104
0.0999066376
0.0000000000
0.0989572324
0.1230668127
0.0000000000
0.0000000000
0.0727032728
0.0955352816
0.1218483294
0.0000000000
0.0
0.0000000000
0.0000000000
0.0000000000
0.0954006300
0.0000000000
0.0944685931
0.0000000000
0.0000000000
0.0962827126
0.0744628680
0.0000000000
0.0881337851
0.0877339559
0.0000000000
0.0000000000
0.0030120482
0.0030120482
0.0835123343
0.1065933023
0.0932966878
0.0000000000
0.0000000000
0.0982391103
0.0956703138
0.0000000000
0.0000000000
0.0000000000
0.0000000000
0.0000000000
0.0000000000
0.0000000000
0.0950656559
0.0853015085
0.0944685931
0.0860060318
0.0000000000
0.0642189250
0.0839265307
0.0000000000
0.0000000000
0.0000000000
0.0000000000
0.0802927011
0.0000000000
0.0000000000
0.0000000000
0.0000000000
0.0000000000
0.0000000000
0.0000000000
0.0000000000
0.0000000000
0.0000000000
0.0000000000
0.0000000000
0.0000000000
0.0000000000
0.0000000000
0.0000000000
0.0000000000
0.0693511752
0.0000000000
0.0000000000
0.0000000000
0.0000000000
0.0000000000
0.0000000000
0.0881337851
0.0000000000
0.0000000000
0.0000000000
0.0000000000
0.0000000000
0.0000000000
0.0000000000
