0.0
0.0
0.0
0.0
0.0
0.0
0.0
0.2222315742
0.0
0.0
0.0
0.0
0.0
0.0
0.0
0.0
0.0
0.0
0.0
0.0
0.1569540492
0.0
0.0
0.2169245516
0.0
0.0
0.0
0.0
0.0
0.0
0.0
0.1863326276
0.1974720782
0.1969369235
0.0
0.0
0.0
0.1902348816
0.0
0.0
0.0
0.0
0.0
0.0
0.0
0.0
0.0
0.0
0.0
0.0
0.0
0.0
0.0
0.2070362529
0.0
0.0
0.0
0.2070362529
0.0
0.1803218977
0.0
0.0
0.0
0.2471759346
0.1953487225
0.1520287129
0.1670568386
0.0
0.1868116318
0.0
0.2215540389
0.2406282277
0.2156371655
0.0
0.0
0.2398340752
0.2321716446
0.2235991531
0.0
0.0
0.0
0.0
0.2162789428
0.0
0.0
0.1974720782
0.1958752689
0.0
0.2292420340
0.2285211471
0.0
0.2344184670
0.2374827607
0.2235991531
0.0
0.0
0.1713908603
0.0
0.2088210482
0.1907341857
0.2156371655
0.0
0.1513952599
0.1768119824
0.0
0.0
0.0
0.1662922764
0.0
0.0
0.1990951364
0.1825872482
0.0
0.1666736807
0.2118650868
0.0
0.1943040769
0.1552771897
0.0
0.0
0.2076277851
0.0
0.0
0.2175740263
0.1807704596
0.1794314192
0.2041284404
0.1798755564
0.0
0.2175740263
0.2035566520
0.1533116556
0.1844409258
0.2471759346
0.0
0.1932705446
0.1693932978
0.1763828271
0.2082227071
0.0
0.1583218405
0.2047034501
0.0
0.0000000000
0.2112491999
0.0
0.2390451473
0.1726121729
0.1722031393
0.0
0.1789894699
0.0
0.0
0.1953487225
0.0
0.1785496923
0.1583218405
0.0
0.0000000000
0.0
0.2094228380
0.0000000000
0.2182274017
0.2195459963
0.1389478485
0.1759557500
0.1368544723
0.0
0.1912361178
0.1293055601
0.0
0.0
0.2215540389
0.0091743119
0.0
0.1759557500
0.1384185234
0.0000000000
0.1990951364
0.1566157861
0.0000000000
0.0000000000
0.1468075248
0.1389478485
0.1794314192
0.1604188185
0.1655346806
0.0000000000
0.0000000000
0.0000000000
0.0000000000
0.0000000000
0.0000000000
0.1640400108
0.0091743119
0.1392140321
0.1722031393
0.1477026926
0.0000000000
0.0000000000
0.0000000000
0.1191306963
0.0000000000
0.0000000000
0.0000000000
