0.0
0.0
0.0
0.0
0.0
0.0
0.0
0.0
0.0
0.0
0.0
0.0
0.0
0.0
0.0
0.0
0.0
0.0
0.0
0.0
0.0
0.0
0.0
0.0
0.0
0.0
0.0
0.0
0.0
0.0
0.0
0.0720467178
0.0
0.0
0.0
0.0
0.0
0.0
0.0
0.0
0.0
0.0
0.0
0.0
0.0
0.0
0.0
0.0
0.0
0.0
0.0
0.0
0.0981689196
0.0
0.0
0.0
0.0
0.0
0.0
0.0
0.0
0.0000000000
0.0
0.0
0.0
0.0
0.0
0.0
0.0
0.0
0.1029870260
0.0
0.0
0.0
0.0
0.0
0.0
0.0
0.0
0.0
0.0
0.0
0.0
0.0
0.0
0.0626376315
0.0
0.0
0.0
0.0
0.0
0.0731454695
0.0
0.0
0.0
0.0
0.0803200251
0.0
0.0
0.0
0.0000000000
0.0
0.0485170094
0.0
0.0
0.0
0.0
0.0
0.0
0.0
0.0
0.0000000000
0.0
0.0
0.0
0.0
0.0
0.0
0.0
0.0
0.0000000000
0.0
0.0081967213
0.0
0.1291298865
0.0
0.0633467368
0.0
0.0000000000
0.0
0.0
0.0
0.0
0.0
0.0
0.0
0.0000000000
0.0
0.0000000000
0.0
0.0
0.0109289617
0.0163934426
0.0697999387
0.0
0.0
0.0945740014
0.0
0.0
0.0
0.0964763520
0.1039435619
0.0
0.0
0.0
0.0
0.0
0.0
0.0109289617
0.0826940160
0.0
0.0000000000
0.0
0.0
0.0
0.0
0.0
0.0
0.0000000000
0.0
0.0
0.0
0.0
0.0
0.0
0.0
0.0
0.0
0.0560497003
0.0
0.0
0.1036227484
0.0
0.0
0.0
0.0
0.0
0.0702380136
0.0000000000
0.1026720810
0.0
0.0
0.0000000000
0.0
0.0
0.0
0.0
0.0000000000
0.0742782533
0.0
0.1076082388
0.0000000000
0.0833096042
0.0
0.0
0.0
0.0
0.0
0.0
0.1186352314
0.0
0.0659602564
0.0
0.0564265050
0.0805126391
0.0816880061
0.0081967213
0.0
0.1194796103
0.0000000000
0.0000000000
0.0828981987
0.0000000000
0.0643175680
0.0591087509
0.0163934426
0.0975981700
0.1039435619
0.0
0.0
0.0948411596
0.0943083441
0.0809006518
0.0
0.0
0.0655737705
0.0824908366
0.0
0.0699453552
0.0000000000
0.0
0.0715858646
0.0
0.0000000000
0.0
0.0000000000
0.0000000000
0.0000000000
0.1122868578
0.0466950911
0.0000000000
0.0000000000
0.0
0.0932604736
0.0651917874
0.0511795282
0.0841447882
0.0
0.0000000000
0.0718924422
0.0533764237
0.0843562073
0.0
0.0109289617
0.0
0.0747745445
0.0
0.0
0.0000000000
0.0
0.0937814818
0.0000000000
0.0
0.0702380136
0.0890550941
0.0000000000
0.0000000000
0.0981689196
0.0
0.0
0.0000000000
0.0000000000
0.1138093915
0.0000000000
0.0000000000
0.0000000000
0.0831033923
0.0975981700
0.0
0.0784433890
0.0163934426
0.0109289617
0.0081967213
0.0828981987
0.0109289617
0.0953800298
0.0699453552
0.0000000000
0.0000000000
0.0627547112
0.0000000000
0.0000000000
0.0828981987
0.0000000000
0.0000000000
0.0000000000
0.0081967213
0.0109289617
0.0718924422
0.0711308697
0.0
0.0000000000
0.0828981987
0.0000000000
0.0000000000
0.0000000000
0.0000000000
