0.0066666667
0.0
0.0
0.0
0.0
0.0
0.0000000000
0.0
0.0
0.0066666667
0.0
0.0
0.0
0.0
0.0
0.0
0.0133333333
0.0152380952
0.0
0.0
0.0
0.0
0.0
0.0066666667
0.0
0.0
0.0120000000
0.0
0.0
0.0
0.0088888889
0.0
0.0
0.0
0.0
0.0000000000
0.0
0.0
0.0
0.0
0.0
0.0
0.0272222222
0.0088888889
0.0
0.0
0.0
0.0
0.0
0.0
0.0000000000
0.0
0.0171929825
0.0171929825
0.0200000000
0.0
0.0133333333
0.0
0.0000000000
0.0
0.0
0.0000000000
0.0
0.0
0.0150000000
0.0251282051
0.0
0.0171929825
0.0133333333
0.0
0.0088888889
0.0203174603
0.0204166667
0.0
0.0088888889
0.0133333333
0.0
0.0
0.0
0.0
0.0204166667
0.0
0.0
0.0000000000
0.0000000000
0.0133333333
0.0066666667
0.0
0.0000000000
0.0066666667
0.0
0.0
0.0000000000
0.0217777778
0.0000000000
0.0000000000
0.0
0.0
0.0000000000
0.0
0.0251282051
0.0204166667
0.0
0.0
0.0
0.0
0.0
0.0088888889
0.0
0.0
0.0
0.0133333333
0.0000000000
0.0
0.0
0.0
0.0
0.0088888889
0.0000000000
0.0000000000
0.0
0.0088888889
0.0
0.0066666667
0.0
0.0100000000
0.0000000000
0.0170666667
0.0100000000
0.0
0.0266666667
0.0088888889
0.0
0.0
0.0000000000
0.0000000000
0.0
0.0088888889
0.0000000000
0.0000000000
0.0088888889
0.0
0.0
0.0000000000
0.0120000000
0.0066666667
0.0088888889
0.0000000000
0.0272222222
0.0000000000
0.0000000000
0.0
0.0000000000
0.0213333333
0.0066666667
0.0
0.0
0.0
0.0000000000
0.0
0.0
0.0204166667
0.0000000000
0.0
0.0
0.0
0.0000000000
0.0148484848
0.0152380952
0.0
0.0000000000
0.0
0.0066666667
0.0120000000
0.0000000000
0.0
0.0000000000
0.0000000000
0.0
0.0130666667
0.0
0.0066666667
0.0000000000
0.0171929825
0.0000000000
0.0
0.0066666667
0.0000000000
0.0000000000
0.0000000000
0.0148484848
0.0000000000
0.0000000000
0.0133333333
0.0066666667
0.0
0.0
0.0
0.0150000000
0.0066666667
0.0000000000
0.0066666667
0.0
0.0203174603
0.0088888889
0.0000000000
0.0000000000
0.0066666667
0.0133333333
0.0000000000
0.0000000000
0.0000000000
0.0000000000
0.0250980392
0.0000000000
0.0
0.0000000000
0.0000000000
0.0000000000
0.0000000000
0.0066666667
0.0088888889
0.0
0.0
0.0000000000
0.0000000000
0.0000000000
0.0000000000
0.0000000000
0.0088888889
0.0066666667
0.0000000000
0.0000000000
0.0000000000
0.0066666667
0.0000000000
0.0000000000
0.0000000000
0.0000000000
0.0000000000
0.0000000000
0.0000000000
0.0000000000
0.0000000000
0.0000000000
0.0000000000
0.0000000000
0.0000000000
0.0000000000
0.0000000000
0.0000000000
0.0000000000
0.0000000000
0.0000000000
0.0000000000
