0.0033112583
0.0
0.0
0.0
0.0
0.0
0.0000000000
0.0
0.0
0.0000000000
0.0
0.0
0.0
0.0
0.0
0.0
0.0
0.0
0.0
0.0
0.0
0.0
0.0
0.0252859723
0.0
0.0
0.0000000000
0.0
0.0
0.0
0.0
0.0
0.0
0.0
0.0
0.0
0.0
0.0
0.0
0.0
0.0
0.0
0.0000000000
0.0
0.0
0.0
0.0
0.0
0.0
0.0
0.0
0.0
0.0000000000
0.0
0.0033112583
0.0
0.0
0.0
0.0033112583
0.0
0.0
0.0000000000
0.0
0.0
0.0
0.0033112583
0.0
0.0044150110
0.0000000000
0.0
0.0000000000
0.0206397866
0.0
0.0
0.0295003010
0.0
0.0
0.0
0.0
0.0
0.0
0.0
0.0
0.0000000000
0.0
0.0282176792
0.0
0.0
0.0
0.0
0.0
0.0
0.0000000000
0.0
0.0000000000
0.0
0.0
0.0
0.0000000000
0.0
0.0307424190
0.0000000000
0.0
0.0
0.0
0.0
0.0
0.0
0.0
0.0
0.0
0.0066225166
0.0
0.0
0.0
0.0
0.0
0.0000000000
0.0
0.0044150110
0.0
0.0354003612
0.0
0.0000000000
0.0
0.0044150110
0.0
0.0
0.0066225166
0.0
0.0
0.0
0.0
0.0
0.0085146641
0.0066225166
0.0
0.0
0.0
0.0365066225
0.0000000000
0.0
0.0
0.0
0.0241366099
0.0
0.0267938514
0.0200036288
0.0033112583
0.0052980132
0.0000000000
0.0
0.0108368453
0.0
0.0058866814
0.0
0.0
0.0
0.0088300221
0.0
0.0
0.0214744838
0.0
0.0
0.0
0.0
0.0066225166
0.0033112583
0.0330003367
0.0
0.0000000000
0.0
0.0
0.0
0.0033112583
0.0
0.0
0.0033112583
0.0
0.0207866890
0.0
0.0000000000
0.0
0.0044150110
0.0
0.0
0.0066225166
0.0000000000
0.0000000000
0.0000000000
0.0000000000
0.0033112583
0.0279476536
0.0
0.0044150110
0.0
0.0
0.0
0.0124808966
0.0
0.0058866814
0.0066225166
0.0
0.0
0.0
0.0250689253
0.0000000000
0.0000000000
0.0
0.0000000000
0.0252859723
0.0
0.0
0.0333774834
0.0033112583
0.0
0.0
0.0217949985
0.0066225166
0.0044150110
0.0
0.0
0.0
0.0
0.0
0.0000000000
0.0108167770
0.0058866814
0.0044150110
0.0
0.0
0.0
0.0320937341
0.0
0.0000000000
0.0
0.0052980132
0.0000000000
0.0
0.0
0.0000000000
0.0000000000
0.0
0.0
0.0
0.0283546583
0.0
0.0119205298
0.0
0.0000000000
0.0
0.0233642384
0.0237441447
0.0033112583
0.0
0.0000000000
0.0066225166
0.0
0.0
0.0000000000
0.0
0.0033112583
0.0
0.0
0.0
0.0
0.0000000000
0.0233642384
0.0000000000
0.0000000000
0.0
0.0000000000
0.0184843658
0.0033112583
0.0
0.0
0.0
0.0
0.0000000000
0.0
0.0066225166
0.0
0.0075685904
0.0000000000
0.0000000000
0.0
0.0088300221
0.0000000000
0.0088300221
0.0033112583
0.0044150110
0.0000000000
0.0033112583
0.0105960265
0.0167846540
0.0
0.0
0.0000000000
0.0044150110
0.0
0.0066225166
0.0213177358
0.0296500487
0.0
0.0
0.0000000000
0.0
0.0033112583
0.0044150110
0.0
0.0
0.0
0.0
0.0
0.0147501505
0.0
0.0233642384
0.0091696383
0.0000000000
0.0044150110
0.0000000000
0.0163615115
0.0000000000
0.0033112583
0.0000000000
0.0049668874
0.0000000000
0.0
0.0000000000
0.0000000000
0.0074503311
0.0
0.0243377483
0.0203521241
0.0
0.0000000000
0.0
0.0
0.0079470199
0.0105960265
0.0
0.0000000000
0.0074503311
0.0033112583
0.0
0.0
0.0
0.0
0.0044150110
0.0066225166
0.0000000000
0.0
0.0000000000
0.0000000000
0.0210868578
0.0033112583
0.0000000000
0.0044150110
0.0
0.0
0.0044150110
0.0
0.0190262528
0.0
0.0000000000
0.0
0.0
0.0214744838
0.0066225166
0.0
0.0
0.0000000000
0.0000000000
0.0000000000
0.0000000000
0.0000000000
0.0000000000
0.0033112583
0.0033112583
0.0044150110
0.0000000000
0.0033112583
0.0066225166
0.0000000000
0.0
0.0244395799
0.0000000000
0.0066225166
0.0000000000
0.0077262693
0.0066225166
0.0066225166
0.0000000000
0.0049668874
0.0
0.0
0.0
0.0000000000
0.0033112583
0.0
0.0206397866
0.0000000000
0.0
0.0095442150
0.0033112583
0.0000000000
0.0
0.0000000000
0.0
0.0000000000
0.0
0.0000000000
0.0000000000
0.0230871921
0.0000000000
0.0000000000
0.0033112583
0.0033112583
0.0033112583
0.0275521679
0.0000000000
0.0000000000
0.0044150110
0.0000000000
0.0000000000
0.0
0.0
0.0066225166
0.0186615323
0.0000000000
0.0000000000
0.0
0.0000000000
0.0000000000
0.0000000000
0.0000000000
0.0000000000
0.0232711538
0.0033112583
0.0
0.0000000000
0.0044150110
0.0000000000
0.0000000000
0.0000000000
0.0000000000
0.0062739631
0.0070544198
0.0000000000
0.0095442150
0.0044150110
0.0033112583
0.0
0.0000000000
0.0000000000
0.0000000000
0.0105960265
0.0207866890
0.0000000000
0.0000000000
0.0000000000
0.0033112583
0.0000000000
0.0000000000
0.0075685904
0.0000000000
0.0000000000
0.0088300221
0.0000000000
0.0000000000
0.0033112583
0.0000000000
0.0000000000
0.0000000000
0.0000000000
0.0000000000
0.0000000000
0.0000000000
0.0044150110
0.0000000000
0.0
0.0314035463
0.0000000000
0.0000000000
0.0044150110
0.0
0.0206397866
0.0000000000
0.0000000000
0.0000000000
0.0000000000
0.0000000000
0.0000000000
0.0
0.0000000000
0.0000000000
0.0000000000
0.0000000000
0.0000000000
0.0000000000
0.0000000000
0.0000000000
0.0000000000
0.0000000000
0.0000000000
0.0095442150
0.0000000000
0.0000000000
0.0000000000
0.0000000000
0.0000000000
0.0000000000
0.0000000000
0.0000000000
0.0000000000
0.0000000000
0.0000000000
0.0000000000
0.0000000000
0.0033112583
0.0000000000
0.0000000000
0.0000000000
0.0000000000
0.0000000000
0.0000000000
0.0000000000
0.0000000000
0.0000000000
0.0000000000
0.0000000000
