0.0
0.0
0.0
0.0
0.0
0.1882352941
0.0
0.1181942544
0.0
0.0
0.0
0.0
0.0
0.0
0.0
0.0
0.0
0.0
0.1559003970
0.0
0.1486068111
0.0
0.0
0.1283422460
0.0
0.0
0.0392156863
0.0
0.0
0.0
0.0
0.1854873336
0.1639468691
0.1694117647
0.0
0.0
0.0
0.1650114591
0.0
0.1650114591
0.0
0.0
0.0
0.2049335863
0.0
0.2049335863
0.0
0.0
0.1671826625
0.0
0.0
0.0
0.1764705882
0.1411764706
0.1752535497
0.0
0.1682898325
0.1443850267
0.0
0.1598224195
0.0
0.1639468691
0.0
0.1309884779
0.1854873336
0.0261437908
0.0261437908
0.0
0.1337461300
0.1559003970
0.1608339538
0.1764705882
0.1954751131
0.0
0.0196078431
0.1323529412
0.2049335863
0.0000000000
0.0
0.0
0.0000000000
0.0000000000
0.1752535497
0.0
0.1477428181
0.1618583739
0.1764705882
0.1985294118
0.1815126050
0.0000000000
0.1358917899
0.0000000000
0.0000000000
0.0000000000
0.0000000000
0.0000000000
0.0196078431
0.1419651660
0.0000000000
