0.0
0.0
0.0
0.0
0.0
0.0
0.0
0.2401484866
0.0
0.0
0.0
0.0
0.0
0.0
0.0
0.0
0.0
0.0
0.0
0.0
0.1841337031
0.0
0.0
0.1963118581
0.0
0.0
0.0
0.0
0.0
0.0
0.0
0.2163436803
0.2120168067
0.2283257919
0.0
0.0
0.0
0.2067016222
0.0
0.0
0.0
0.0
0.0
0.0
0.0
0.0
0.0
0.0
0.0
0.0
0.0
0.0
0.0
0.2283257919
0.0
0.0
0.0
0.2248663102
0.0
0.2182525952
0.0
0.0
0.0
0.2465311706
0.2163436803
0.2114127702
0.1746020761
0.0
0.1873885918
0.0
0.2524009604
0.2631414268
0.2465311706
0.0
0.0
0.2188964081
0.2585570814
0.2255497944
0.0
0.0
0.0
0.1937490401
0.2021958647
0.0
0.0
0.2150895141
0.1599264706
0.0
0.2631414268
0.2440982972
0.0
0.2498514557
0.2659709045
0.2311709731
0.0
0.0
0.2163436803
0.0
0.2355742297
0.2208508403
0.2248663102
0.0
0.1671303657
0.1942562365
0.0
0.0
0.0
0.1932444853
0.0
0.0
0.2269293038
0.1937490401
0.0
0.1836779266
0.2000158554
0.0
0.2235116938
0.0000000000
0.0
0.0
0.2055564608
0.0
0.0
0.2340879569
0.2027483124
0.2182525952
0.2021958647
0.1667547918
0.0
0.2067016222
0.2163436803
0.2138498051
0.1922432185
0.2758582987
0.2481802085
0.2188964081
0.1823240353
0.1779517562
0.2363244661
0.0
0.1572158524
0.2096211366
0.0
0.0000000000
0.2276254060
0.0
0.2594611271
0.1878629933
0.2016464194
0.0
0.2276254060
0.0
0.0
0.2078596144
0.0
0.1917464660
0.1766806723
0.0
0.0000000000
0.0
0.2370794963
0.1801113649
0.2401484866
0.2417129718
0.1452169909
0.2333518313
0.1457875881
0.0
0.2090306545
0.1968325792
0.0
0.1775260343
0.2393738140
0.0000000000
0.0
0.1475266051
0.0000000000
0.0000000000
0.2228404875
0.1754276179
0.0000000000
0.0000000000
0.1568834722
0.1452169909
0.1729740847
0.1771023445
0.0000000000
0.0000000000
0.0000000000
0.0000000000
0.0000000000
0.1917464660
0.0000000000
0.0000000000
0.1582214976
