0.0
0.0
0.0
0.0
0.0
0.0
0.0
0.0
0.0
0.0
0.0
0.0
0.0
0.0
0.0
0.1220266826
0.0
0.0
0.0
0.0
0.0
0.0
0.0
0.0
0.0
0.0
0.0
0.0
0.0
0.1145844664
0.0
0.1131566226
0.0
0.0
0.0
0.0
0.0
0.1088609666
0.0
0.0
0.1338695671
0.0
0.0
0.0
0.1130392402
0.0
0.0
0.0
0.0
0.1174243832
0.0
0.0
0.1035834863
0.0
0.1418877963
0.0
0.0
0.0
0.0
0.0
0.0
0.0
0.0
0.0
0.0
0.0
0.0
0.0
0.0
0.0
0.1286538696
0.1225757341
0.1494785015
0.0
0.0928192739
0.0
0.1165452701
0.0
0.1016509586
0.0
0.1389921270
0.1274500907
0.0
0.1151900926
0.1135102371
0.1027048328
0.0
0.1183168595
0.1165452701
0.1066240974
0.0
0.0
0.0
0.0
0.0
0.0
0.0955037928
0.1045775697
0.0
0.0
0.0
0.1164207560
0.0000000000
0.0000000000
0.0
0.0
0.0
0.0
0.0
0.1490695316
0.1107416947
0.1214825280
0.1023190869
0.0972076963
0.0921910555
0.1131566226
0.1075713994
0.0
0.0
0.0
0.0
0.0
0.1174243832
0.1430050231
0.0
0.0905817353
0.0
0.0
0.0
0.0
0.0
0.1126885497
0.1089698276
0.0
0.0
0.1028987985
0.1225757341
0.0
0.0
0.1062084090
0.1035834863
0.0
0.0885933558
0.0
0.1086438959
0.0
0.1049805661
0.0
0.1149470755
0.1235485574
0.0000000000
0.0000000000
0.0911118960
0.0857355056
0.0
0.1235485574
0.1212122665
0.0
0.1018409604
0.1028017241
0.1228521168
0.0
0.1232690357
0.0968620690
0.1137472104
0.0981710158
0.0000000000
0.0
0.0
0.1137472104
0.0
0.1292643269
0.0
0.0
0.0134698276
0.0064655172
0.0
0.0
0.1145844664
0.0076970443
0.0134698276
0.0
0.1023190869
0.0000000000
0.0107758621
0.0
0.0
0.0982595379
0.1129221011
0.1305027875
0.0
0.1358726030
0.1021272986
0.0
0.0795400201
0.1053866805
0.1139851753
0.1040781543
0.0
0.1056933342
0.1398842459
0.1161725241
0.0
0.0966901753
0.1232690357
0.0
0.0
0.1337053099
0.0000000000
0.0
0.0830562710
0.0
0.0
0.0
0.0977307871
0.0
0.1090789065
0.0
0.0856008072
0.0
0.0
0.1070430526
0.0912645122
0.1081049877
0.1049805661
0.1384622968
0.0
0.0000000000
0.0
0.0000000000
0.1224380085
0.1227137698
0.0000000000
0.0895397104
0.0096982759
0.0096982759
0.1090789065
0.0000000000
0.0043103448
0.0987045540
0.0938585940
0.0
0.0
0.0885933558
0.1303466837
0.1070430526
0.0
0.0970345749
0.0
0.0959241440
0.1031911246
0.0
0.1259766793
0.0043103448
0.0000000000
0.0950042089
0.0
0.1292643269
0.0089798851
0.0000000000
0.0043103448
0.0899090987
0.0
0.1249653986
0.0972076963
0.1097379935
0.0
0.0000000000
0.0
0.1160488047
0.1031911246
0.0
0.0762560025
0.1289583758
0.1162965076
0.1084276891
0.0966044571
0.0870366035
0.0905065013
0.0000000000
0.0967760458
0.1057959491
0.1076776952
0.1208091215
0.0830562710
0.0
0.0
0.1202757479
0.0000000000
0.0
0.0
0.0
0.0987045540
0.0896133451
0.0
0.0
0.0000000000
0.0089798851
0.1097379935
0.0000000000
0.0043103448
0.1249653986
0.0889549613
0.0000000000
0.0
0.1074653132
0.0
0.0773933435
0.0
0.1161725241
0.1110803543
0.1216181111
0.0000000000
0.0000000000
0.1095174147
0.1036820434
0.1081049877
0.0
0.0000000000
0.0
0.0877373813
0.1034851164
0.0805989849
0.0985260647
0.0043103448
0.0813207669
0.0923473115
0.0043103448
0.1005256712
0.0856008072
0.0975557991
0.0761494253
0.0000000000
0.0848014222
0.1265619368
0.0000000000
0.1001560915
0.0000000000
0.0000000000
0.1028017241
0.0
0.0818091799
0.0792507837
0.0944279269
0.0000000000
0.0982595379
0.0863469315
0.0000000000
0.0
0.0000000000
0.0000000000
0.0874557204
0.0926614180
0.0000000000
0.0
0.0000000000
0.1003405411
0.0
0.0000000000
0.0000000000
0.0000000000
0.0000000000
0.0838874731
0.0064655172
0.0000000000
0.0000000000
0.0000000000
0.0793084626
0.0000000000
0.0000000000
0.0000000000
0.0695848197
0.1243947803
0.0000000000
0.0000000000
0.0000000000
0.0000000000
0.0000000000
0.0000000000
0.0000000000
0.0000000000
0.0000000000
0.0000000000
0.0000000000
0.0000000000
0.0000000000
0.0000000000
0.0000000000
