0.0
0.0
0.0
0.0
0.0
0.0
0.0098075814
0.0
0.0
0.0000000000
0.0
0.0
0.0
0.0
0.0
0.0
0.0
0.0
0.0
0.0
0.0
0.0
0.0
0.0000000000
0.0
0.0
0.0
0.0
0.0
0.0
0.0
0.0
0.0
0.0
0.0
0.0
0.0
0.0
0.0
0.0
0.0
0.0
0.0000000000
0.0
0.0
0.0
0.0
0.0
0.0
0.0
0.0
0.0
0.0000000000
0.0
0.0053619303
0.0
0.0
0.0
0.0061279203
0.0
0.0
0.0000000000
0.0
0.0
0.0
0.0071492404
0.0
0.0053619303
0.0048257373
0.0
0.0000000000
0.0000000000
0.0
0.0
0.0340155627
0.0
0.0
0.0
0.0
0.0
0.0
0.0
0.0
0.0026809651
0.0
0.0251739724
0.0
0.0
0.0
0.0
0.0
0.0
0.0026809651
0.0
0.0000000000
0.0
0.0
0.0
0.0098075814
0.0
0.0
0.0
0.0
0.0
0.0
0.0
0.0
0.0
0.0
0.0
0.0
0.0035746202
0.0
0.0
0.0
0.0
0.0
0.0000000000
0.0
0.0
0.0
0.0257313297
0.0
0.0000000000
0.0
0.0253570558
0.0
0.0
0.0000000000
0.0
0.0
0.0
0.0
0.0
0.0026809651
0.0080428954
0.0
0.0
0.0
0.0301869712
0.0156700907
0.0
0.0
0.0
0.0217233344
0.0
0.0296731504
0.0000000000
0.0040214477
0.0000000000
0.0168842381
0.0
0.0026809651
0.0
0.0
0.0
0.0
0.0
0.0228629192
0.0
0.0
0.0
0.0
0.0
0.0
0.0
0.0000000000
0.0053619303
0.0353969053
0.0
0.0112289700
0.0
0.0
0.0
0.0026809651
0.0
0.0
0.0060321716
0.0
0.0055853441
0.0
0.0000000000
0.0
0.0
0.0
0.0
0.0
0.0
0.0000000000
0.0
0.0000000000
0.0
0.0146188477
0.0
0.0000000000
0.0
0.0
0.0
0.0230138295
0.0
0.0199804881
0.0309919571
0.0
0.0
0.0
0.0
0.0000000000
0.0085790885
0.0
0.0
0.0282315399
0.0
0.0
0.0026809651
0.0000000000
0.0
0.0
0.0026809651
0.0053619303
0.0000000000
0.0
0.0
0.0
0.0
0.0
0.0000000000
0.0
0.0
0.0035746202
0.0
0.0
0.0
0.0217233344
0.0
0.0162545230
0.0
0.0026809651
0.0035746202
0.0
0.0
0.0047661603
0.0127016218
0.0
0.0
0.0
0.0221371122
0.0
0.0091152815
0.0
0.0000000000
0.0
0.0000000000
0.0048257373
0.0
0.0
0.0000000000
0.0000000000
0.0
0.0
0.0000000000
0.0
0.0000000000
0.0
0.0
0.0
0.0
0.0000000000
0.0135929636
0.0000000000
0.0040214477
0.0
0.0035746202
0.0026809651
0.0035746202
0.0
0.0
0.0
0.0
0.0000000000
0.0
0.0
0.0
0.0085790885
0.0026809651
0.0309919571
0.0
0.0206919595
0.0
0.0
0.0026809651
0.0
0.0000000000
0.0026809651
0.0265140317
0.0048257373
0.0
0.0
0.0000000000
0.0
0.0
0.0222785634
0.0
0.0
0.0
0.0
0.0000000000
0.0
0.0035746202
0.0048257373
0.0
0.0
0.0
0.0
0.0
0.0200956494
0.0
0.0112289700
0.0106136839
0.0
0.0000000000
0.0000000000
0.0000000000
0.0
0.0271330364
0.0
0.0183023369
0.0000000000
0.0
0.0167222790
0.0
0.0210670403
0.0
0.0083780161
0.0080428954
0.0
0.0053619303
0.0
0.0
0.0076712765
0.0053619303
0.0
0.0000000000
0.0239628534
0.0
0.0
0.0
0.0
0.0
0.0191046311
0.0122983957
0.0
0.0
0.0035746202
0.0
0.0026809651
0.0000000000
0.0
0.0000000000
0.0
0.0
0.0035746202
0.0
0.0026809651
0.0
0.0076712765
0.0
0.0
0.0
0.0000000000
0.0
0.0
0.0000000000
0.0000000000
0.0000000000
0.0
0.0053619303
0.0000000000
0.0081557782
0.0111706881
0.0
0.0000000000
0.0
0.0160303226
0.0026809651
0.0
0.0183023369
0.0026809651
0.0035746202
0.0035746202
0.0061279203
0.0035746202
0.0035746202
0.0000000000
0.0205698830
0.0
0.0
0.0
0.0000000000
0.0042895442
0.0
0.0
0.0211951074
0.0
0.0265140317
0.0000000000
0.0
0.0
0.0000000000
0.0
0.0000000000
0.0
0.0000000000
0.0067024129
0.0000000000
0.0000000000
0.0000000000
0.0035746202
0.0026809651
0.0035746202
0.0026809651
0.0000000000
0.0
0.0167222790
0.0000000000
0.0
0.0
0.0
0.0053619303
0.0
0.0071492404
0.0000000000
0.0
0.0000000000
0.0
0.0000000000
0.0000000000
0.0179259392
0.0026809651
0.0067024129
0.0
0.0000000000
0.0000000000
0.0
0.0060321716
0.0
0.0000000000
0.0112289700
0.0035746202
0.0000000000
0.0
0.0000000000
0.0
0.0
0.0000000000
0.0000000000
0.0
0.0181121827
0.0055853441
0.0
0.0000000000
0.0026809651
0.0000000000
0.0000000000
0.0000000000
0.0
0.0000000000
0.0026809651
0.0000000000
0.0
0.0
0.0
0.0060321716
0.0000000000
0.0249935138
0.0000000000
0.0158122230
0.0000000000
0.0
0.0000000000
0.0183023369
0.0
0.0140872532
0.0
0.0026809651
0.0282315399
0.0
0.0190005187
0.0
0.0026809651
0.0067024129
0.0026809651
0.0
0.0
0.0
0.0000000000
0.0000000000
0.0000000000
0.0183989191
0.0040214477
0.0
0.0000000000
0.0156700907
0.0026809651
0.0000000000
0.0053619303
0.0177434869
0.0192098908
0.0000000000
0.0
0.0
0.0035746202
0.0
0.0026809651
0.0000000000
0.0000000000
0.0000000000
0.0244673346
0.0142020170
0.0000000000
0.0000000000
0.0000000000
0.0000000000
0.0048257373
0.0176536465
0.0
0.0000000000
0.0000000000
0.0026809651
0.0053619303
0.0000000000
0.0000000000
0.0083780161
0.0000000000
0.0000000000
0.0
0.0047874378
0.0026809651
0.0000000000
0.0071082470
0.0
0.0000000000
0.0000000000
0.0026809651
0.0
0.0
0.0000000000
0.0042895442
0.0000000000
0.0000000000
0.0083780161
0.0040214477
0.0053619303
0.0000000000
0.0
0.0026809651
0.0000000000
0.0000000000
0.0000000000
0.0053619303
0.0026809651
0.0000000000
0.0000000000
0.0000000000
0.0253570558
0.0048257373
0.0000000000
0.0000000000
0.0026809651
0.0000000000
0.0
0.0
0.0000000000
0.0000000000
0.0000000000
0.0060321716
0.0035746202
0.0000000000
0.0000000000
0.0
0.0000000000
0.0000000000
0.0
0.0026809651
0.0000000000
0.0000000000
0.0035746202
0.0239628534
0.0000000000
0.0067024129
0.0026809651
0.0053619303
0.0000000000
0.0053619303
0.0053619303
0.0000000000
0.0000000000
0.0071492404
0.0000000000
0.0000000000
0.0
0.0000000000
0.0000000000
0.0197540803
0.0
0.0000000000
0.0000000000
0.0000000000
0.0000000000
0.0000000000
0.0000000000
0.0000000000
0.0
0.0035746202
0.0000000000
0.0109126610
0.0000000000
0.0000000000
0.0083311713
0.0000000000
0.0055853441
0.0000000000
0.0035746202
0.0000000000
0.0000000000
0.0000000000
0.0000000000
0.0000000000
0.0000000000
0.0000000000
0.0000000000
0.0026809651
0.0000000000
0.0000000000
0.0026809651
0.0026809651
0.0047661603
0.0000000000
0.0000000000
0.0000000000
0.0000000000
0.0000000000
0.0035746202
0.0000000000
0.0026809651
0.0000000000
0.0000000000
0.0000000000
0.0000000000
0.0000000000
0.0000000000
0.0000000000
0.0000000000
0.0000000000
0.0035746202
0.0000000000
0.0000000000
0.0000000000
0.0000000000
0.0000000000
0.0000000000
0.0000000000
0.0000000000
0.0000000000
0.0000000000
0.0000000000
0.0000000000
0.0000000000
0.0000000000
0.0000000000
0.0000000000
0.0000000000
0.0
0.0000000000
0.0000000000
0.0000000000
0.0000000000
0.0000000000
