0.0
0.0
0.0
0.0
0.0
0.0
0.0
0.0
0.0
0.0
0.0
0.0
0.0
0.0
0.0
0.0
0.0
0.0
0.0
0.0
0.0
0.0
0.0
0.0
0.0
0.0
0.0
0.0
0.0
0.0
0.0
0.0158730159
0.0
0.0
0.0
0.0
0.0
0.0
0.0
0.0
0.0
0.0
0.0
0.0119047619
0.0
0.0
0.0
0.0
0.0
0.0
0.0
0.0
0.0000000000
0.0
0.0
0.0
0.0
0.0
0.0
0.0
0.0
0.0214285714
0.0
0.0
0.0178571429
0.0
0.0
0.0
0.0
0.0
0.0760869565
0.0
0.0
0.0
0.0
0.0
0.0
0.0
0.0238095238
0.0
0.0
0.0
0.0
0.0
0.0
0.0119047619
0.0
0.0
0.0
0.0
0.0
0.0000000000
0.0
0.0
0.0
0.0
0.0000000000
0.0
0.0
0.0
0.0214285714
0.0
0.0481651376
0.0
0.0
0.0
0.0
0.0
0.0
0.0
0.0178571429
0.0267857143
0.0
0.0
0.0
0.0
0.0
0.0
0.0
0.0
0.0000000000
0.0
0.0739436620
0.0632530120
0.0509708738
0.0860655738
0.0000000000
0.0
0.0119047619
0.0
0.0
0.0
0.0
0.0380952381
0.0267857143
0.0
0.0267857143
0.0
0.0632530120
0.0
0.0
0.0317460317
0.0509708738
0.0564516129
0.0
0.0
0.0000000000
0.0158730159
0.0
0.0
0.0664556962
0.0000000000
0.0211640212
0.0
0.0
0.0
0.0
0.0
0.0589887640
0.0238095238
0.0
0.0158730159
0.0
0.0
0.0
0.0
0.0
0.0
0.0000000000
0.0
0.0
0.0
0.0178571429
0.0214285714
0.0
0.0
0.0
0.0
0.0464601770
0.0
0.0
0.0807692308
0.0
0.0000000000
0.0472972973
0.0238095238
0.0
0.0267857143
0.0178571429
0.0000000000
0.0
0.0576923077
0.0000000000
0.0
0.0000000000
0.0
0.0119047619
0.0000000000
0.0000000000
0.0
0.0238095238
0.0000000000
0.0000000000
0.0
0.0
0.0119047619
0.0
0.0000000000
0.0739436620
0.0000000000
0.0000000000
0.0400763359
0.0
0.0530303030
0.0000000000
0.0000000000
0.0357142857
0.0
0.0576923077
0.0000000000
0.0000000000
0.0119047619
0.0119047619
0.0700000000
0.0617647059
0.0000000000
0.0954545455
0.0000000000
0.0158730159
0.0000000000
0.0000000000
0.0000000000
0.0000000000
0.0000000000
0.0119047619
0.0000000000
0.0000000000
