0.0
0.0
0.0
0.0
0.0
0.0
0.0
0.0
0.0
0.0
0.0
0.0
0.0
0.0
0.0
0.0
0.0
0.0
0.0
0.0
0.0
0.0
0.0
0.0
0.0
0.0
0.0
0.0
0.0
0.0
0.0
0.0
0.0
0.0
0.0
0.0
0.0
0.0
0.0
0.0
0.0
0.0
0.0000000000
0.0234375000
0.0
0.0
0.0
0.0
0.0
0.0
0.0
0.0
0.0
0.0
0.0
0.0
0.0
0.0
0.0
0.0
0.0831043956
0.0
0.0
0.0
0.0
0.0
0.0
0.0
0.0
0.0
0.0
0.0646367521
0.0
0.0
0.0
0.0351562500
0.0
0.0
0.0
0.1050347222
0.0
0.0
0.0
0.0
0.0
0.0
0.0156250000
0.0
0.0
0.0
0.0
0.0468750000
0.0
0.0
0.0
0.0
0.0
0.0
0.0
0.0
0.0
0.0000000000
0.0
0.0000000000
0.0
0.0
0.0
0.0687500000
0.0
0.0156250000
0.0
0.0000000000
0.0
0.0
0.0
0.0
0.0000000000
0.0
0.0000000000
0.0281250000
0.0879360465
0.0000000000
0.0
0.0
0.0
0.0
0.0
0.0
0.0281250000
0.0
0.0
0.0
0.0
0.0995065789
0.0
0.0
0.0
0.0879360465
0.0000000000
0.1260416667
0.0
0.1163461538
0.0
0.0
0.0
0.0
0.0
0.0
0.0
0.0
0.0156250000
0.0
0.0000000000
0.0849719101
0.0
0.0813172043
0.0651939655
0.0000000000
0.0663377193
0.0933641975
0.0
0.0982142857
0.0000000000
0.0156250000
0.0351562500
0.0
0.0000000000
0.0234375000
0.0000000000
0.0
0.0000000000
0.0687500000
0.0281250000
0.0663377193
0.0156250000
0.0831043956
0.0796052632
0.0675223214
0.0000000000
0.0000000000
0.0
0.0787760417
0.1163461538
0.0156250000
0.0000000000
0.0000000000
0.0000000000
0.0000000000
0.0000000000
0.0000000000
0.0675223214
0.0000000000
0.0000000000
0.0000000000
0.0000000000
0.0000000000
0.0000000000
