0.0
0.0
0.0
0.0
0.0
0.0
0.0
0.2313264221
0.0
0.0
0.0
0.0
0.0
0.0
0.0
0.0
0.0
0.0
0.0
0.0
0.2053929667
0.0
0.0
0.1418038129
0.0
0.0
0.0
0.0
0.0
0.0
0.0
0.2181077694
0.2234274711
0.1435819172
0.0
0.0
0.0
0.1590369152
0.0
0.1052934059
0.0
0.0
0.0
0.1991418764
0.0
0.2313264221
0.0
0.0
0.0
0.0
0.0
0.0
0.0
0.2160501490
0.2410664820
0.0
0.0
0.1728401192
0.0
0.1932600489
0.0
0.2044760338
0.0
0.1924480318
0.2130354957
0.1426873258
0.0000000000
0.0
0.1892670726
0.0
0.1741544927
0.1629986889
0.2410664820
0.0
0.0
0.0000000000
0.2063181603
0.1542176147
0.0
0.0
0.0
0.1590369152
0.1359128533
0.0
0.1690134007
0.2181077694
0.1214923915
0.0
0.1940789474
0.1709053417
0.0
0.1916428100
0.2091444364
0.2502876043
0.0
0.1861895593
0.1824806039
0.1052934059
0.2140309887
0.1892670726
0.1696393762
0.1396421694
0.2000114916
0.1721903443
0.0
0.0000000000
0.0
0.0000000000
0.2373193346
0.1526754386
0.1214923915
0.1877157032
0.1965778179
0.1696393762
0.0000000000
0.0
0.1396421694
0.1846880306
0.0
0.1775295798
0.0000000000
0.0
0.0
0.2181077694
0.1359128533
0.1506665512
0.1607109880
0.0000000000
0.2120492203
0.0000000000
0.0000000000
0.1413661468
0.0000000000
0.0000000000
0.1392177252
0.1159560293
0.0000000000
0.0000000000
0.0000000000
0.0000000000
0.0000000000
0.0000000000
