0.0
0.0
0.0
0.0
0.0
0.0
0.0
0.2029826015
0.0
0.0
0.0
0.0
0.0
0.0
0.0
0.0
0.0
0.0
0.0
0.0
0.1359600444
0.0
0.0
0.2029826015
0.0
0.0
0.0
0.0
0.0
0.0
0.0
0.1807117831
0.1359600444
0.1596871436
0.0
0.0
0.0
0.1642366348
0.0
0.1656524679
0.0
0.0
0.0
0.0
0.0
0.1994707918
0.0
0.0
0.0
0.0
0.0
0.0
0.0
0.2036998545
0.0
0.0
0.0
0.1807117831
0.0
0.1623860812
0.0
0.1169311538
0.0
0.2305882353
0.1610253040
0.1710595217
0.0000000000
0.0
0.1921568627
0.0
0.1974214343
0.1666099966
0.1773755656
0.0
0.0
0.1877754359
0.2453066333
0.1537254902
0.0
0.0
0.0
0.0000000000
0.1463123320
0.0
0.1372549020
0.2453066333
0.1705534285
0.0
0.2412010829
0.1812800592
0.0
0.1883890811
0.1675786594
0.2278539874
0.0
0.1633061156
0.1208533728
0.1416389652
0.2191903377
0.1614763552
0.2143013339
0.0
0.1746880570
0.2044221944
0.0
0.0
0.0
0.1509085310
0.0
0.0
0.1399200457
0.1736357193
0.0
0.2036998545
0.1533166458
0.0
0.1637700535
0.1505145139
0.0
0.1835893593
0.1642366348
0.0
0.0
0.2001633987
0.0940408790
0.1680672269
0.1481929533
0.1859582543
0.1633061156
0.1666099966
0.1485748939
0.1841759068
0.1481929533
0.2088661552
0.1178876459
0.1218753886
0.1198483551
0.0000000000
0.1059688581
0.0000000000
0.1610253040
0.1801470588
0.1768314688
0.0000000000
0.1994707918
0.0
0.1426907397
0.1198483551
0.0000000000
0.0
0.0000000000
0.0000000000
0.0
0.0000000000
0.0000000000
0.0000000000
0.0000000000
0.0000000000
0.0000000000
0.0000000000
0.1871657754
