0.0
0.0
0.0
0.0
0.0
0.0
0.2161016949
0.0
0.0
0.0
0.0
0.0
0.2567114094
0.0
0.0
0.2125000000
0.0
0.0
0.0
0.0
0.0
0.0
0.0
0.0
0.0
0.0
0.0
0.0
0.0
0.2067567568
0.0
0.2516447368
0.2198275862
0.0
0.0
0.0
0.2236842105
0.0000000000
0.1981865285
0.0
0.2290419162
0.1587136929
0.1981865285
0.2148876404
0.2375776398
0.0
0.0
0.0
0.0
0.2346625767
0.0
0.0
0.1922110553
0.0
0.2236842105
0.0
0.2161016949
0.2034574468
0.0
0.0
0.2210982659
0.0
0.0
0.0
0.2002617801
0.0
0.1912500000
0.0000000000
0.1627659574
0.0
0.1812796209
0.1779069767
0.2584459459
0.0
0.1931818182
0.0
0.1971649485
0.1779069767
0.1893564356
0.2533112583
0.2250000000
0.2148876404
0.1536144578
0.2173295455
0.1677631579
0.1961538462
0.0
0.0294117647
0.1287878788
0.2056451613
0.0
0.1812796209
0.0
0.1847826087
0.0
0.0
0.1548582996
0.1443396226
0.1574074074
0.0
0.0000000000
0.1875000000
0.1922110553
0.0000000000
0.2173295455
0.1902985075
0.1314432990
0.0
0.0196078431
0.0000000000
0.0000000000
0.1707589286
0.2125000000
0.0000000000
0.0000000000
0.0000000000
0.0196078431
0.1738636364
0.0000000000
0.1762672811
0.0000000000
0.0000000000
0.0000000000
0.0000000000
