0.0
0.0
0.0
0.0
0.0
0.0
0.0
0.0
0.0
0.0
0.0
0.0
0.0
0.0
0.0
0.0
0.0
0.0
0.0
0.0
0.0
0.0
0.0
0.0
0.0
0.0
0.0
0.0
0.0
0.0
0.0
0.0000000000
0.0
0.0
0.0
0.0
0.0
0.0
0.0
0.0
0.0
0.0
0.0
0.0869341564
0.0
0.0
0.0
0.0
0.0
0.0
0.0
0.0
0.0713305898
0.0
0.0
0.0
0.0
0.0
0.0
0.0
0.0
0.0123456790
0.0
0.0
0.0751862974
0.0
0.0
0.0
0.0
0.0
0.0000000000
0.0
0.0
0.0
0.0
0.0
0.0
0.0
0.0927297668
0.0
0.0
0.0
0.0
0.0
0.0
0.0000000000
0.0
0.0
0.0
0.0
0.0
0.0000000000
0.0
0.0
0.0000000000
0.0
0.0851599899
0.0
0.0
0.0
0.0000000000
0.0
0.0719455087
0.0
0.0
0.0
0.0
0.0
0.0
0.0
0.0490922295
0.0567733266
0.0
0.0
0.0
0.0
0.0
0.0
0.0
0.0
0.0197530864
0.0
0.0000000000
0.0719455087
0.0164609053
0.0000000000
0.0000000000
0.0
0.0842997880
0.0
0.0
0.0
0.0
0.1017765733
0.0479636725
0.0
0.0591892129
0.0
0.0246913580
0.0
0.0
0.0959273450
0.0591892129
0.0701317564
0.0
0.1017765733
0.0123456790
0.0826304853
0.0
0.0
0.0765658625
0.0246913580
0.0745149912
0.0000000000
0.0
0.0
0.0
0.0
0.0000000000
0.0000000000
0.0
0.0123456790
0.0
0.0
0.0
0.0
0.0
0.0560112685
0.0197530864
0.0329218107
0.0
0.0000000000
0.0427983539
0.0000000000
0.0
0.0
0.0
0.0
0.0164609053
0.0
0.0
0.0591892129
0.0
0.0591892129
0.0000000000
0.0622811867
0.0282186949
0.0662355477
0.0123456790
0.0000000000
0.0123456790
0.0000000000
0.0000000000
0.0123456790
0.0000000000
0.0164609053
0.0000000000
0.0000000000
0.0000000000
0.0164609053
0.0000000000
0.0000000000
0.0000000000
0.0000000000
0.0282186949
0.0000000000
0.0000000000
0.0000000000
0.0000000000
0.0000000000
0.0000000000
0.0662355477
0.0
0.0000000000
0.0000000000
0.0000000000
0.0000000000
0.0000000000
0.0000000000
