0.0
0.0
0.0
0.0
0.0
0.0
0.0
0.0
0.0
0.0
0.0
0.0
0.0
0.0
0.0
0.0
0.0
0.0
0.0
0.0
0.0
0.0
0.0
0.0
0.0
0.0
0.0
0.0
0.0
0.0965261121
0.0
0.1182017767
0.0
0.0
0.0
0.0
0.0
0.0943943517
0.0
0.0
0.1306288583
0.0
0.0
0.0
0.0905545815
0.0
0.0
0.0
0.0
0.1107299545
0.0
0.0
0.0970521400
0.0
0.1307887468
0.0
0.0
0.0
0.0
0.0
0.0
0.0
0.0
0.0
0.0
0.0
0.0
0.0
0.0
0.0
0.0998639310
0.1218408280
0.1290512151
0.0
0.0959195746
0.0
0.1128346422
0.0
0.1102728649
0.0
0.1317563577
0.1223990906
0.0
0.1128346422
0.1003327757
0.0758909134
0.0
0.1047592217
0.0
0.1257110660
0.0
0.0
0.0
0.0
0.0
0.0
0.0934042012
0.0922749621
0.0
0.0
0.0
0.1221193213
0.0000000000
0.0000000000
0.0
0.0
0.0
0.0
0.0
0.1368174214
0.1012837973
0.1082618097
0.1071759339
0.0998639310
0.0757832668
0.1193903979
0.0000000000
0.0
0.0
0.0
0.0
0.0
0.1188591837
0.1340707731
0.0
0.0888971765
0.0
0.0
0.0
0.0
0.0
0.0
0.0678440674
0.0
0.0
0.0850074830
0.1200611305
0.0
0.0
0.0857579503
0.0
0.0
0.0941448512
0.0
0.1004270734
0.0
0.0929168749
0.0
0.1167807717
0.1135540979
0.0000000000
0.0
0.0811963572
0.0153256705
0.0
0.1079337436
0.1160199849
0.0
0.1018631136
0.1307887468
0.0
0.0
0.0983021216
0.1069613675
0.0930787510
0.0891939951
0.0739988962
0.0
0.0
0.1012837973
0.0
0.1165260699
0.0
0.0
0.0119731801
0.0091954023
0.0
0.0
0.1045542134
0.0068418172
0.0119731801
0.0
0.1068544061
0.0000000000
0.0095785441
0.0
0.0
0.1175516019
0.1017661011
0.1115390461
0.0
0.1254159696
0.1135540979
0.0
0.0732381125
0.1135540979
0.1072835403
0.1024490950
0.0
0.0755154814
0.1141606903
0.0865919012
0.0
0.0988477393
0.1179408456
0.0
0.0
0.1255633445
0.0000000000
0.0
0.0561505024
0.0
0.0
0.0
0.0098522167
0.0
0.1067476585
0.0
0.0000000000
0.0
0.0
0.0945614214
0.0867324725
0.0757295579
0.1000509421
0.0969640709
0.0
0.0000000000
0.0
0.0948973411
0.1127156183
0.1161460936
0.0000000000
0.0679735408
0.0091954023
0.0137931034
0.1052752770
0.0000000000
0.0
0.1060063553
0.0868735009
0.0
0.0
0.0000000000
0.1084816306
0.1122420232
0.0
0.0878736893
0.0
0.0948973411
0.0960920918
0.0
0.0960057557
0.0773746605
0.0
0.0911727015
0.0
0.1016692732
0.0079821201
0.1079337436
0.0000000000
0.0826406853
0.0
0.1099325166
0.1007110331
0.0952356561
0.0
0.0000000000
0.0
0.0
0.0946451781
0.0
0.0114942529
0.1182017767
0.0969640709
0.1009966031
0.1197919351
0.0897936186
0.0890453384
0.0000000000
0.0976731317
0.0938966662
0.1315940962
0.1105009371
0.0561505024
0.0
0.0
0.0980315653
0.0000000000
0.0
0.0
0.0
0.0992148618
0.1187271179
0.0
0.0
0.0836106464
0.0079821201
0.0000000000
0.0000000000
0.0840711299
0.1139172773
0.0880910191
0.1009966031
0.0
0.0858268322
0.0
0.0854835249
0.0
0.0
0.0914849368
0.0864517849
0.0000000000
0.1021552640
0.0969640709
0.0000000000
0.1012837973
0.0
0.0000000000
0.0
0.1208760250
0.0910949754
0.0764337669
0.0988477393
0.0879460133
0.0678010191
0.1200611305
0.0967008200
0.1133132621
0.0971403692
0.1141606903
0.0844031644
0.0000000000
0.1027446213
0.1165260699
0.0000000000
0.1094819735
0.0000000000
0.0000000000
0.0813199438
0.0
0.0836106464
0.0614812463
0.0615166414
0.0000000000
0.1039439748
0.0861034699
0.0000000000
0.0
0.0000000000
0.0944778127
0.0000000000
0.0955763919
0.0000000000
0.0
0.0000000000
0.0
0.0
0.0000000000
0.0000000000
0.0000000000
0.0000000000
0.0815682490
0.1022530202
0.0
0.0000000000
0.0
0.1002386549
0.0000000000
0.0000000000
0.0000000000
0.0872993514
0.0038314176
0.0000000000
0.0000000000
0.0759448515
0.0849399095
0.0811963572
0.0000000000
0.0000000000
0.0000000000
0.0750382066
0.0000000000
0.0000000000
0.0000000000
0.0000000000
0.0829614954
0.0960057557
0.0000000000
0.0000000000
0.0965261121
0.0811963572
0.1087023460
0.0
0.0000000000
0.0836106464
0.0081135903
0.0879460133
0.0000000000
0.0000000000
0.0000000000
0.0000000000
0.0000000000
0.0000000000
0.0000000000
0.0
0.0
0.0000000000
0.0000000000
0.0000000000
0.0935677812
0.0000000000
0.0
0.0000000000
0.0000000000
0.0000000000
0.0782243090
0.0000000000
0.0000000000
0.0000000000
0.0000000000
0.0000000000
0.0000000000
0.0763245758
0.0000000000
0.0000000000
0.0038314176
0.0000000000
0.0000000000
0.0000000000
0.0000000000
0.0000000000
0.0000000000
0.0000000000
