0.0766283525
0.0
0.0
0.0
0.0000000000
0.0
0.0280583614
0.0
0.0
0.0721500722
0.0
0.0740740741
0.0
0.0
0.0
0.0
0.0123456790
0.0829187396
0.0
0.0
0.0
0.0
0.0
0.0841750842
0.0
0.0
0.0544662309
0.0766283525
0.0
0.0
0.0246913580
0.0
0.0
0.0
0.0
0.0740740741
0.0
0.0
0.0690131125
0.0000000000
0.0
0.0
0.0603864734
0.0123456790
0.0
0.0
0.0
0.0
0.0
0.0
0.0721500722
0.0607164542
0.0280583614
0.0000000000
0.0000000000
0.0
0.0874890639
0.0
0.0000000000
0.0
0.0805152979
0.0000000000
0.0
0.0918273646
0.0634920635
0.0440917108
0.0
0.0280583614
0.0123456790
0.0
0.0788022065
0.0716845878
0.0536768653
0.0992063492
0.0848176421
0.0000000000
0.0
0.0
0.0
0.0
0.0280583614
0.0
0.0
0.0823045267
0.0123456790
0.0123456790
0.0868055556
0.0
0.0673400673
0.0572737686
0.0000000000
0.0000000000
0.0000000000
0.0000000000
0.0000000000
0.0000000000
0.0
0.0000000000
0.0000000000
0.0164609053
0.0617283951
0.0000000000
0.0440917108
0.0
0.0000000000
0.0
0.0470809793
0.0000000000
0.0
0.0
0.0
0.0000000000
0.0164609053
0.0000000000
0.0
0.0
0.0
0.0712250712
0.0000000000
0.0000000000
0.0918273646
0.0000000000
0.0000000000
0.0000000000
0.0000000000
0.0000000000
0.0000000000
0.0123456790
0.0000000000
0.0000000000
0.0000000000
0.0000000000
0.0638569604
0.0000000000
0.0000000000
0.0544662309
0.0000000000
0.0000000000
