0.0
0.0
0.0
0.0
0.0
0.0
0.0
0.0
0.0
0.0
0.0
0.0
0.0
0.0
0.0
0.0
0.0
0.0
0.0
0.0
0.0
0.0
0.0
0.0
0.0
0.0
0.0
0.0
0.0
0.0
0.0
0.0
0.0
0.0
0.0
0.0
0.0000000000
0.0
0.0976491863
0.0
0.0
0.0
0.1264637002
0.0857142857
0.0
0.0
0.0
0.0
0.0
0.1353383459
0.0
0.0
0.0
0.0
0.0
0.1028571429
0.0
0.0
0.0
0.0
0.0820668693
0.0
0.0720961282
0.1330049261
0.0761904762
0.1244239631
0.0
0.1168831169
0.0000000000
0.0
0.0000000000
0.0544217687
0.0929432014
0.0748959778
0.0748959778
0.0634920635
0.0
0.0000000000
0.0
0.0897009967
0.0
0.0
0.1028571429
0.0000000000
0.0
0.0476190476
0.1071428571
0.0634920635
0.0
0.0000000000
0.0
0.1001855288
0.0000000000
0.0
0.0000000000
0.0000000000
0.0238095238
0.0000000000
0.0
0.0000000000
0.0238095238
0.0748959778
0.0000000000
0.0000000000
0.0000000000
0.0866773676
0.0000000000
0.0000000000
0.0000000000
