0.0
0.0
0.0
0.0
0.0
0.0
0.0
0.2350311286
0.0
0.0
0.0
0.0
0.0
0.0
0.0
0.0
0.0
0.0
0.0
0.0
0.2040039169
0.0
0.0
0.2102489347
0.0
0.0
0.0
0.0
0.0
0.0
0.0
0.2026661863
0.1427556277
0.2088283338
0.0
0.0
0.0
0.1661644807
0.0
0.0
0.0
0.0
0.0
0.0
0.0
0.0
0.0
0.0
0.0
0.0
0.0
0.0
0.0
0.2239608218
0.0
0.0
0.0
0.2377430262
0.0
0.2297887986
0.0
0.0
0.0
0.2522987217
0.1901944210
0.1987562277
0.0109890110
0.0
0.1661644807
0.0
0.2153769575
0.2554263918
0.2306462195
0.0
0.0
0.2095362265
0.2619202831
0.1968572828
0.0
0.0
0.0
0.0000000000
0.1962323391
0.0
0.0
0.2359281939
0.1756056444
0.0
0.2522987217
0.2472527473
0.0
0.2199757538
0.2502558171
0.2280929403
0.0
0.0
0.1884548378
0.1726625330
0.2359281939
0.1721815789
0.2168883748
0.0
0.1925644449
0.1845169756
0.0
0.0
0.0
0.1751081779
0.0
0.0
0.2053594246
0.1741216530
0.0
0.2377430262
0.2223495929
0.0
0.2255955723
0.0000000000
0.0
0.2000426758
0.1962323391
0.0
0.0
0.2502558171
0.1761059453
0.2315100630
0.1962323391
0.2026661863
0.0
0.1981191885
0.2040039169
0.2124164495
0.2074268014
0.2452904239
0.2414577610
0.2067330663
0.1613921327
0.1726625330
0.1981191885
0.0
0.1751081779
0.2053594246
0.0
0.0109890110
0.1943810906
0.0
0.2350311286
0.1861842976
0.1839678179
0.0
0.2350311286
0.0
0.0
0.1861842976
0.0
0.1679706163
0.1812703426
0.0
0.0000000000
0.0
0.2116889959
0.0000000000
0.2053594246
0.2359281939
0.0109890110
0.2323804016
0.0000000000
0.0
0.1896110025
0.2046794265
0.0
0.0000000000
0.2215526409
0.0000000000
0.0109890110
0.1430860806
0.0000000000
0.0000000000
0.0000000000
0.0000000000
0.0000000000
