0.0
0.0
0.0
0.0
0.0
0.0
0.0
0.0
0.0
0.0
0.0
0.0
0.0
0.0
0.0
0.0
0.0
0.0
0.0
0.0
0.0
0.0
0.0
0.0
0.0
0.0
0.1615236700
0.0
0.0
0.0
0.0
0.0268656716
0.0
0.0
0.0
0.0
0.0
0.0
0.0
0.0
0.0
0.0
0.0
0.0747964722
0.0
0.0
0.0
0.0
0.0
0.0993522951
0.0
0.0
0.1487477865
0.0
0.0
0.0
0.0
0.0
0.0
0.0
0.0
0.1191328426
0.0
0.0
0.1290605795
0.0
0.0
0.0
0.0
0.0
0.0000000000
0.0830547578
0.0
0.0
0.0
0.0
0.0
0.0
0.1101604946
0.0
0.0
0.0
0.0
0.0
0.0
0.0960888986
0.0
0.0
0.0
0.0
0.0
0.0843857635
0.0
0.0
0.0268656716
0.0
0.0341151386
0.0
0.0
0.0
0.1446613088
0.0
0.1265786452
0.1567164179
0.0
0.0
0.0
0.0
0.0
0.0860403863
0.0149253731
0.1092462996
0.0
0.0
0.0
0.1284310157
0.1004899168
0.0
0.0000000000
0.0802693848
0.0000000000
0.0447761194
0.0835820896
0.0841161604
0.1400444586
0.0149253731
0.1028451493
0.0
0.0917364398
0.1110901190
0.0
0.0
0.0
0.1120355668
0.1259730058
0.0669932779
0.0953926022
0.0
0.1415503130
0.0953926022
0.0
0.0871799941
0.1134843026
0.1224574800
0.0
0.0940298507
0.0000000000
0.1316417910
0.0
0.0802693848
0.1028451493
0.0341151386
0.1061627347
0.0767590618
0.0
0.0000000000
0.0917364398
0.0
0.0767590618
0.0000000000
0.0971526133
0.0953926022
0.0268656716
0.0000000000
0.0
0.0000000000
0.0597014925
0.0341151386
0.0341151386
0.0000000000
0.0000000000
0.0000000000
0.0000000000
0.0000000000
0.0000000000
