0.0202702703
0.0
0.0
0.0
0.0180180180
0.0
0.0439493548
0.0
0.0
0.0135135135
0.0
0.0728116176
0.0
0.0
0.0
0.0
0.0180180180
0.0304054054
0.0
0.0
0.0
0.0
0.0
0.0650450450
0.0000000000
0.0
0.0000000000
0.0409947763
0.0
0.0
0.0000000000
0.0
0.0
0.0384124282
0.0
0.0135135135
0.0
0.0
0.0750519751
0.0000000000
0.0
0.0
0.0513513514
0.0270270270
0.0
0.0
0.0
0.0
0.0
0.0
0.0617516250
0.0524556815
0.0000000000
0.0447557649
0.0000000000
0.0
0.0687095546
0.0
0.0000000000
0.0
0.0483007760
0.0000000000
0.0
0.0135135135
0.0750519751
0.0633555634
0.0
0.0513513514
0.0135135135
0.0000000000
0.0000000000
0.0431714901
0.0135135135
0.0548132402
0.0304054054
0.0000000000
0.0000000000
0.0000000000
0.0
0.0000000000
0.0000000000
0.0
0.0
0.0560733147
0.0135135135
0.0000000000
0.0202702703
0.0
0.0409947763
0.0000000000
0.0000000000
0.0000000000
0.0000000000
0.0000000000
0.0000000000
0.0135135135
0.0
0.0000000000
0.0000000000
0.0000000000
0.0135135135
0.0000000000
0.0524556815
0.0000000000
0.0000000000
0.0
0.0000000000
0.0000000000
0.0000000000
0.0000000000
0.0000000000
0.0000000000
0.0000000000
0.0000000000
0.0000000000
0.0000000000
0.0000000000
0.0000000000
