0.0
0.0
0.0
0.0
0.0
0.0
0.0
0.0
0.0
0.0
0.0
0.0
0.0
0.0
0.0
0.1129095316
0.0
0.0
0.0
0.0
0.0
0.0
0.0
0.0
0.0
0.0
0.0
0.0
0.0
0.0000000000
0.0
0.1157607824
0.0
0.0
0.0
0.0
0.1109062980
0.0971213344
0.1185550082
0.0
0.1175417175
0.0
0.0
0.0995107160
0.0867111031
0.0
0.0
0.0
0.0
0.0813750352
0.0
0.0
0.1069391987
0.0
0.1155662265
0.0
0.0
0.0
0.0
0.0
0.0
0.0
0.0
0.0
0.0
0.0
0.0
0.0
0.0
0.0
0.1011204482
0.1057875458
0.1076086147
0.0
0.0963051887
0.0
0.0804232804
0.0
0.0940655332
0.0
0.1247947455
0.1181476027
0.0
0.0996549344
0.1208469328
0.0000000000
0.0
0.1088004822
0.1151790700
0.0620594808
0.0
0.0
0.0
0.0
0.0
0.0
0.0000000000
0.0860599559
0.0
0.0
0.0
0.0896504625
0.0000000000
0.0000000000
0.0
0.0
0.0
0.0
0.0
0.1302308802
0.0638457797
0.0000000000
0.1109062980
0.0972587055
0.0857380359
0.1110854681
0.1149864628
0.0
0.0
0.0
0.0
0.0
0.0095238095
0.0919276802
0.0
0.0851013673
0.0
0.0
0.0
0.0
0.0
0.1034013605
0.0879308245
0.0
0.0768289439
0.0926710307
0.1006762881
0.0
0.0
0.0751496227
0.0978120978
0.0
0.0814714511
0.0
0.0120937264
0.0
0.0084656085
0.0
0.1136560409
0.0798628394
0.0000000000
0.0000000000
0.0120937264
0.0890698248
0.0
0.0894173014
0.0711820960
0.0
0.0860599559
0.0563160563
0.0866018952
0.0
0.1002360128
0.0948440066
0.1008239073
0.0000000000
0.0646866461
0.0649309771
0.0
0.1014187386
0.0
0.1114455507
0.0
0.0
0.0777849601
0.0783165202
0.0
0.0
0.0843704353
0.0000000000
0.0689688112
0.0
0.0158730159
0.0000000000
0.0000000000
0.0776970675
0.0886107020
0.0688307355
0.0941943901
0.0869303474
0.0
0.0723809524
0.0895337302
0.0
0.0052910053
0.0929214929
0.0992235278
0.0945830877
0.0
0.0804232804
0.0105820106
0.0895337302
0.0
0.0766576419
0.0776093733
0.0
0.0
0.1048199768
0.0776970675
0.0
0.0000000000
0.0891853499
0.0
0.0
0.1037132802
0.0
0.0877065112
0.0
0.1034013605
0.0
0.0
0.0773474744
0.0000000000
0.0052910053
0.0663084906
0.0914387031
0.0
0.0000000000
0.1138442132
0.0000000000
0.0947133674
0.0889545987
0.0095238095
0.0586705672
0.0625108225
0.0696675833
0.0989379925
0.0873721789
0.0052910053
0.0770873372
0.0141093474
0.0
0.0000000000
0.1020206302
0.0760640539
0.0839583697
0.0052910053
0.0000000000
0.0
0.0095238095
0.0000000000
0.0
0.0940655332
0.0070546737
0.0000000000
0.0084656085
0.0
0.0000000000
0.0000000000
0.0000000000
0.0052910053
0.0052910053
0.0
0.0000000000
0.0901204519
0.0000000000
0.0873721789
0.0883829110
0.0711820960
0.0563160563
0.0000000000
0.0
0.0000000000
0.1005291005
0.0070546737
0.0867111031
0.0889545987
0.0000000000
0.0753142440
0.0586705672
0.0744176458
0.0000000000
0.0781385281
0.0862759156
0.0000000000
0.0758124639
0.0000000000
0.0000000000
0.0000000000
0.0000000000
0.0052910053
0.0000000000
0.0809916428
0.0000000000
0.0625108225
0.0
0.0000000000
0.0000000000
0.0052910053
0.0000000000
0.0000000000
0.0000000000
0.0000000000
0.0000000000
0.0000000000
0.0000000000
0.0000000000
0.0000000000
0.0000000000
0.0914387031
0.0000000000
0.0000000000
0.0000000000
0.0000000000
0.0000000000
0.0000000000
0.0000000000
