0.0054945055
0.0
0.0
0.0
0.0
0.0
0.0000000000
0.0
0.0
0.0073260073
0.0
0.0
0.0
0.0
0.0
0.0
0.0124875125
0.0164835165
0.0
0.0
0.0
0.0
0.0
0.0000000000
0.0
0.0
0.0073260073
0.0
0.0
0.0
0.0
0.0
0.0
0.0
0.0
0.0000000000
0.0
0.0
0.0
0.0
0.0
0.0
0.0158371041
0.0091575092
0.0
0.0
0.0
0.0
0.0
0.0
0.0
0.0
0.0000000000
0.0000000000
0.0054945055
0.0
0.0123626374
0.0
0.0000000000
0.0
0.0
0.0000000000
0.0
0.0
0.0161603103
0.0125588697
0.0
0.0000000000
0.0054945055
0.0
0.0123626374
0.0219780220
0.0179487179
0.0
0.0152625153
0.0203500204
0.0
0.0
0.0
0.0
0.0117056856
0.0
0.0
0.0091575092
0.0
0.0193502150
0.0148500149
0.0
0.0000000000
0.0161603103
0.0
0.0
0.0082417582
0.0073260073
0.0000000000
0.0000000000
0.0
0.0
0.0143566111
0.0
0.0109890110
0.0000000000
0.0
0.0
0.0
0.0
0.0
0.0
0.0
0.0
0.0
0.0109890110
0.0
0.0
0.0
0.0
0.0
0.0109890110
0.0116354234
0.0054945055
0.0
0.0073260073
0.0
0.0073260073
0.0
0.0249750250
0.0
0.0054945055
0.0127779198
0.0
0.0197802198
0.0073260073
0.0
0.0
0.0185439560
0.0000000000
0.0
0.0073260073
0.0000000000
0.0000000000
0.0073260073
0.0
0.0
0.0000000000
0.0054945055
0.0148351648
0.0054945055
0.0000000000
0.0179487179
0.0054945055
0.0000000000
0.0
0.0119445772
0.0054945055
0.0000000000
0.0
0.0
0.0
0.0109890110
0.0
0.0
0.0000000000
0.0
0.0
0.0
0.0
0.0219780220
0.0000000000
0.0000000000
0.0
0.0000000000
0.0
0.0000000000
0.0000000000
0.0000000000
0.0
0.0099715100
0.0000000000
0.0
0.0000000000
0.0
0.0054945055
0.0
0.0087912088
0.0054945055
0.0
0.0202297702
0.0087912088
0.0000000000
0.0082417582
0.0158371041
0.0000000000
0.0054945055
0.0054945055
0.0117056856
0.0
0.0
0.0
0.0203500204
0.0127779198
0.0073260073
0.0054945055
0.0
0.0131868132
0.0054945055
0.0000000000
0.0073260073
0.0143566111
0.0109890110
0.0109890110
0.0152625153
0.0073260073
0.0
0.0131868132
0.0073260073
0.0
0.0000000000
0.0124875125
0.0109890110
0.0000000000
0.0
0.0
0.0
0.0
0.0000000000
0.0141287284
0.0278159341
0.0073260073
0.0146520147
0.0
0.0193502150
0.0054945055
0.0054945055
0.0000000000
0.0000000000
0.0000000000
0.0000000000
0.0000000000
0.0
0.0000000000
0.0109890110
0.0000000000
0.0054945055
0.0
0.0
0.0073260073
0.0000000000
0.0000000000
0.0183150183
0.0000000000
0.0000000000
0.0000000000
0.0261797027
0.0054945055
0.0128205128
0.0054945055
0.0000000000
0.0125588697
0.0000000000
0.0261797027
0.0000000000
0.0000000000
0.0
0.0000000000
0.0
0.0
0.0000000000
0.0000000000
0.0000000000
0.0000000000
0.0000000000
0.0000000000
0.0000000000
0.0000000000
0.0000000000
0.0000000000
0.0000000000
0.0054945055
0.0000000000
0.0000000000
0.0000000000
0.0000000000
0.0054945055
0.0000000000
0.0000000000
0.0000000000
0.0000000000
0.0000000000
0.0000000000
0.0000000000
0.0073260073
0.0000000000
0.0000000000
0.0000000000
0.0000000000
0.0000000000
0.0073260073
0.0000000000
0.0000000000
0.0000000000
0.0000000000
0.0000000000
0.0000000000
0.0000000000
0.0000000000
