0.0
0.0
0.0
0.0
0.0
0.0
0.0
0.2087912088
0.0
0.0
0.0
0.0
0.0
0.0
0.0
0.0
0.0
0.0
0.0
0.0
0.1472680452
0.0
0.0
0.1911823117
0.0
0.0
0.0
0.0
0.0
0.0
0.0
0.2054127103
0.1529458493
0.1559521560
0.0
0.0
0.0
0.0000000000
0.0
0.0
0.0
0.0
0.0
0.0
0.0
0.2450676736
0.0
0.0
0.0
0.0
0.0
0.0
0.0
0.1872345943
0.0
0.0
0.0
0.2034375881
0.0
0.1724796942
0.0
0.1793009251
0.0
0.2258808807
0.1777941946
0.1929256154
0.0000000000
0.0
0.2115750916
0.0
0.1911823117
0.2021418072
0.1959028626
0.0
0.0
0.2151611101
0.2508795552
0.1504088329
0.0
0.0
0.0
0.0000000000
0.1829179466
0.0
0.1555699203
0.2350834351
0.1777941946
0.0
0.2395189716
0.1504088329
0.0
0.1829179466
0.1640116989
0.2299729256
0.0
0.0
0.1507660985
0.1941055886
0.2377248220
0.1602841603
0.2460175483
0.0
0.2450676736
0.1493471235
0.0
0.0
0.0
0.1271994539
0.0
0.0
0.2115750916
0.1855921856
0.0
0.2308091908
0.1777941946
0.0
0.1850511005
0.0000000000
0.0
0.1855921856
0.1793009251
0.0
0.0
0.2087912088
0.1239697802
0.1894702313
0.1995991430
0.1692600733
0.1839783405
0.1533152838
0.1652930403
0.1271994539
0.2034375881
0.2266875981
0.1500532564
0.1768036977
0.1866839043
0.1900375074
0.1308711907
0.0000000000
0.1135465608
0.1941055886
0.2002287933
0.0000000000
0.2291426985
0.0
0.2060796347
0.1738973355
0.0000000000
0.0
0.1469271469
0.0
0.0
0.1602841603
0.0000000000
0.1610977855
0.1311415857
0.1462500633
0.0000000000
0.1935138033
0.1866839043
0.0000000000
0.1483002978
0.1373864231
0.0000000000
0.2002287933
0.0000000000
0.0
0.0000000000
0.0000000000
0.0000000000
