0.0
0.0
0.0
0.0
0.0
0.0
0.0
0.0
0.0
0.0
0.0
0.0
0.0
0.0
0.0
0.0991406014
0.0
0.0
0.0
0.0
0.0
0.0
0.0
0.0
0.0
0.0
0.0
0.0
0.0
0.0000000000
0.0
0.1082792602
0.0
0.0
0.0
0.0
0.0893179151
0.0873062503
0.0082815735
0.0
0.1001653105
0.0
0.0
0.0857610070
0.0682464351
0.0
0.0
0.0
0.0
0.0988876917
0.0
0.0
0.0848227027
0.0
0.0901487794
0.0
0.0
0.1098129608
0.0
0.0
0.0
0.0
0.0
0.0
0.0
0.0
0.0
0.0
0.0
0.0
0.0791101534
0.0850087174
0.0879001704
0.0
0.0844531049
0.0
0.0929591730
0.0
0.0062111801
0.0
0.1004248061
0.1025501988
0.0
0.1164083338
0.1123593483
0.0724560283
0.0
0.1104386757
0.0895241920
0.0687304524
0.0
0.0
0.0
0.0
0.0
0.0
0.0000000000
0.0603800236
0.0
0.0
0.0
0.0082815735
0.0000000000
0.0062111801
0.0
0.0062111801
0.0
0.0
0.0
0.1062026717
0.0000000000
0.0000000000
0.1076777088
0.1076777088
0.0734166196
0.1226708075
0.1022796178
0.0000000000
0.0
0.0
0.0
0.0
0.0799257220
0.0786287529
0.0
0.0727279084
0.0
0.0
0.0
0.0000000000
0.0
0.0927367827
0.0062111801
0.0
0.0062111801
0.0922951789
0.0678878724
0.0
0.0141163185
0.0639669557
0.0851955498
0.0
0.0062111801
0.0
0.0062111801
0.0
0.0663766698
0.0
0.1085825635
0.0062111801
0.0000000000
0.0000000000
0.0766086466
0.0887047486
0.0
0.0000000000
0.0783110609
0.0901487794
0.0062111801
0.0603800236
0.0062111801
0.0
0.0775279503
0.0986360691
0.0916406032
0.0000000000
0.0873062503
0.0938595040
0.0
0.0814369226
0.0
0.0817805383
0.1059125004
0.0
0.0000000000
0.0221827862
0.0
0.0
0.0889081999
0.0763070377
0.0000000000
0.0
0.0062111801
0.0000000000
0.0000000000
0.0752698547
0.0850087174
0.0603800236
0.0702245927
0.0687304524
0.0
0.1157133587
0.1076777088
0.0
0.0062111801
0.0816083687
0.0749786753
0.0731395758
0.0
0.0000000000
0.0062111801
0.0687304524
0.0062111801
0.0539888233
0.0000000000
0.0
0.0794343753
0.0124223602
0.0000000000
0.0
0.0000000000
0.0141163185
0.0754162941
0.0
0.1017427169
0.0
0.0605687112
0.0
0.0757108890
0.0141163185
0.0971528199
0.0000000000
0.0000000000
0.0000000000
0.0000000000
0.0746897402
0.0000000000
0.0000000000
0.0835430499
0.0000000000
0.0000000000
0.0637565381
0.0062111801
0.0000000000
0.0141163185
0.0221827862
0.0000000000
0.0637565381
0.0000000000
0.0000000000
0.0000000000
0.0000000000
0.0000000000
0.0000000000
0.0603800236
0.0000000000
0.0000000000
0.0000000000
0.0
0.0000000000
0.0000000000
0.0062111801
0.0000000000
0.0000000000
0.0000000000
0.0000000000
0.0
0.0000000000
0.0000000000
0.0000000000
0.0000000000
0.0000000000
0.0
0.0000000000
0.0725917138
0.0000000000
0.0000000000
0.0000000000
0.0000000000
0.0000000000
0.0000000000
0.0000000000
