0.0
0.0
0.0
0.0
0.1426146268
0.0
0.1485240726
0.0
0.0
0.1283191272
0.0
0.1411173603
0.0
0.1124805738
0.0
0.1088374783
0.0864400551
0.1048064606
0.0
0.1527435065
0.0057142857
0.0057142857
0.0
0.0
0.0
0.1227527723
0.1020222282
0.1308168231
0.1186881110
0.1136695862
0.0
0.0
0.1304993065
0.1392894152
0.1344142857
0.1308168231
0.1286261107
0.1099503360
0.0128571429
0.0
0.0
0.1553922378
0.1153770693
0.0076190476
0.0
0.1308168231
0.0000000000
0.1200127551
0.0057142857
0.1161246529
0.1127163822
0.0748826104
0.0938319621
0.1247464369
0.1357720058
0.1095024731
0.0911283293
0.1734377880
0.0941606205
0.1259150217
0.0
0.1197454661
0.0000000000
0.1368084333
0.0
0.1289345666
0.0
0.1449210628
0.1317787115
0.1064667610
0.1271057075
0.1324278677
0.1194793651
0.1334136831
0.1139104116
0.1385714286
0.0000000000
0.1151300092
0.0979339058
0.0057142857
0.1131909774
0.1327548501
0.1171366324
0.0
0.1134297770
0.1233158585
0.1298688751
0.0128571429
0.0850723327
0.0000000000
0.1321024921
0.0
0.0085714286
0.1003091684
0.0000000000
0.1141522596
0.0861630037
0.1238841343
0.0076190476
0.1035948252
0.0948248929
0.1106290417
0.0968751609
0.1186881110
0.1176492654
0.1544991790
0.0849379373
0.1181664050
0.1265075630
0.1018290043
0.0846704162
0.0000000000
0.0000000000
0.0755136437
0.0000000000
0.1073167950
0.0057142857
0.0000000000
0.0800085034
0.0872820037
0.0755136437
0.0000000000
0.0000000000
0.0000000000
0.0737526945
0.0114285714
0.0700074405
0.1073167950
0.1216418875
0.0894604231
0.0
0.0
0.0000000000
0.0000000000
0.1200127551
0.0000000000
0.0076190476
0.0114285714
0.0000000000
0.0977558442
0.0997508614
0.0000000000
0.0933432540
0.0930202669
0.1200127551
0.1141522596
0.0000000000
0.0000000000
0.1088374783
0.1071030165
0.0000000000
0.1073167950
0.0000000000
0.0114285714
0.0076190476
0.0911283293
0.0000000000
0.0000000000
0.1071030165
0.0000000000
0.0076190476
0.0000000000
0.0000000000
0.0000000000
0.0915940618
0.0899092212
0.0000000000
0.0085714286
0.0000000000
0.0000000000
0.0000000000
0.0000000000
0.0000000000
0.0000000000
0.0000000000
0.0000000000
0.0000000000
0.0000000000
0.0000000000
0.0000000000
0.0000000000
0.0000000000
0.0000000000
0.0000000000
0.0000000000
0.0057142857
0.0057142857
0.0000000000
0.1048064606
0.0000000000
0.0000000000
0.0076190476
0.0057142857
0.0000000000
0.0000000000
0.0000000000
0.0000000000
0.0000000000
0.0000000000
0.0000000000
0.0000000000
0.0000000000
