0.0
0.0
0.0
0.0
0.0
0.0
0.0
0.0
0.0
0.0
0.0
0.0
0.0
0.0
0.0
0.1112657741
0.0
0.0
0.0
0.0
0.0
0.0
0.0
0.0
0.0
0.0
0.0
0.0
0.0
0.0846324236
0.0
0.1286667373
0.0
0.0
0.0
0.0
0.1358148893
0.1243653783
0.0
0.0
0.1280888926
0.0
0.0
0.0084507042
0.1127317263
0.0
0.0
0.0
0.0
0.1118475559
0.0
0.0
0.0886667153
0.0
0.1382284011
0.0
0.0
0.0
0.0
0.0
0.0
0.0
0.0
0.0
0.0
0.0
0.0
0.0
0.0
0.0
0.1070880855
0.1150045434
0.1196690633
0.0
0.0744029394
0.0
0.0975637175
0.0
0.0901616231
0.0
0.1296414853
0.0706551447
0.0
0.1167303960
0.1258285004
0.0869546548
0.0
0.1117015408
0.0996081261
0.0689471235
0.0
0.0
0.0
0.0
0.0
0.0
0.0000000000
0.0927013871
0.0
0.0
0.0
0.0726961600
0.0000000000
0.0971207495
0.0
0.0
0.0
0.0
0.0
0.1371208017
0.1145426778
0.0813340117
0.1131790744
0.1070880855
0.0140845070
0.1096966414
0.0902567303
0.0
0.0
0.0
0.0
0.0
0.1088592624
0.1148501749
0.0
0.0845487947
0.0
0.0
0.0
0.0
0.0
0.1070880855
0.1069542254
0.0
0.0
0.1024711141
0.1060264935
0.0
0.0
0.0084507042
0.0858208428
0.0
0.0790058913
0.0
0.0140845070
0.0
0.1122879006
0.0
0.1137810908
0.0991464430
0.0000000000
0.0846324236
0.0954948441
0.0902567303
0.0
0.0725728416
0.1145426778
0.0
0.1140845070
0.0623185581
0.1168898638
0.0
0.1084453489
0.0978986044
0.1119939532
0.1040917035
0.1042184900
0.1049857427
0.0
0.0779976119
0.0
0.1336927817
0.0
0.0
0.0838035066
0.0845487947
0.0
0.0
0.0903520383
0.0046948357
0.0742093498
0.0
0.0934098038
0.0046948357
0.0046948357
0.0
0.0
0.0624094677
0.1105470029
0.0921026698
0.0
0.1245464051
0.0998405838
0.0
0.0062597809
0.1043455857
0.1160968525
0.0988029795
0.0
0.1006628003
0.0046948357
0.0963551580
0.0
0.0835579886
0.1213664969
0.0
0.0
0.0818788328
0.0857348500
0.0
0.0062597809
0.0970106352
0.0
0.0
0.1051147178
0.0
0.0909281406
0.0
0.1164127623
0.0
0.0
0.0000000000
0.0908316139
0.0971207495
0.1058952726
0.1007813666
0.0
0.0000000000
0.0
0.0755193118
0.0932062966
0.1183449243
0.0814889336
0.0901616231
0.0669510018
0.0747931646
0.0636158961
0.0879376981
0.0046948357
0.0569283967
0.0084507042
0.0
0.0
0.0792987769
0.0804923615
0.0842159255
0.0
0.0000000000
0.0
0.0814889336
0.0695072139
0.0
0.1124354537
0.0046948357
0.0000000000
0.0084507042
0.0
0.0046948357
0.0000000000
0.0000000000
0.0046948357
0.0093896714
0.0
0.0046948357
0.0946497569
0.0804923615
0.0
0.0000000000
0.0
0.0764641468
0.0000000000
0.0
0.1119939532
0.1072222811
0.0046948357
0.0917078031
0.0960307298
0.0046948357
0.0895014438
0.0901616231
0.0967911542
0.0046948357
0.0652657363
0.0920036347
0.0000000000
0.0990316901
0.0902567303
0.0000000000
0.0000000000
0.0
0.0093896714
0.0062597809
0.0884833302
0.0567772928
0.0
0.0
0.0000000000
0.0664828130
0.0062597809
0.0000000000
0.0000000000
0.1042184900
0.0046948357
0.0000000000
0.0046948357
0.0856490293
0.0
0.0901616231
0.0
0.0816444468
0.0046948357
0.0000000000
0.0000000000
0.0000000000
0.0000000000
0.0000000000
0.0522684058
0.0856490293
0.0000000000
0.0000000000
0.0000000000
0.0000000000
0.0000000000
0.0000000000
0.0046948357
0.0084507042
0.0622279129
0.0000000000
0.0930036742
0.0858208428
0.0989172026
0.0756528561
0.0000000000
0.0974525971
0.0084507042
0.0000000000
0.0046948357
0.0000000000
0.0000000000
0.0804167108
0.0000000000
0.0000000000
0.0000000000
0.0000000000
0.0000000000
0.0790058913
0.0000000000
0.0000000000
0.0000000000
0.0000000000
0.0000000000
0.0046948357
0.0000000000
0.0000000000
