0.0
0.0
0.0
0.0
0.0
0.0
0.0
0.0850458206
0.0
0.0
0.0
0.0
0.0
0.0
0.0
0.0
0.0
0.0
0.1613540569
0.0
0.1080628088
0.0
0.0
0.1549848178
0.0
0.0
0.0384615385
0.0
0.0
0.0
0.0
0.0953752725
0.1369633274
0.1100826743
0.0
0.0
0.0
0.1287305591
0.0
0.1047008547
0.0
0.0
0.0
0.1529720280
0.0
0.1682692308
0.0
0.0
0.1369633274
0.0
0.0
0.0
0.1419138091
0.0969452358
0.0969452358
0.0
0.1233387032
0.1080628088
0.0
0.1253068740
0.0
0.1266542597
0.0
0.0957629769
0.1481615868
0.0256410256
0.0256410256
0.0
0.0000000000
0.1011059756
0.1226963141
0.1160477454
0.1658992416
0.0
0.0192307692
0.0989819005
0.1369633274
0.0000000000
0.0
0.0
0.0000000000
0.1253068740
0.1287305591
0.0
0.1189782440
0.1154788839
0.1472355769
0.1183803634
0.1323465860
0.0000000000
0.1143577296
0.0000000000
0.0000000000
0.0000000000
0.0000000000
0.0000000000
0.0192307692
0.1214314036
0.0000000000
0.0000000000
0.0000000000
