0.0
0.0
0.0
0.0
0.0
0.0
0.0
0.0
0.0
0.0
0.0
0.0
0.0
0.0
0.0
0.0
0.0
0.0
0.0
0.0
0.0
0.0
0.0
0.0
0.0
0.0
0.0
0.0
0.0
0.0
0.0
0.0
0.0
0.0
0.0
0.0
0.0
0.0
0.0
0.0
0.0
0.0
0.0000000000
0.0622837370
0.0
0.0
0.0
0.0
0.0
0.0196078431
0.0
0.0
0.0
0.0
0.0
0.0261437908
0.0
0.0
0.0
0.0
0.1628959276
0.0
0.0747404844
0.0
0.0
0.0
0.0
0.0
0.0
0.0
0.0
0.1134453782
0.0
0.0
0.0
0.0000000000
0.0
0.0000000000
0.0
0.1270588235
0.0
0.0
0.0196078431
0.0
0.0
0.0196078431
0.0948200176
0.0
0.0
0.0
0.0
0.1381074169
0.0
0.0
0.0196078431
0.0
0.0
0.0
0.0
0.0
0.0
0.0948200176
0.0
0.0000000000
0.0000000000
0.0
0.0
0.0814479638
0.0
0.0261437908
0.0
0.0668730650
0.0196078431
0.1270588235
0.0
0.0000000000
0.1008403361
0.0
0.1176470588
0.0000000000
0.0196078431
0.0948200176
0.1134453782
0.0894780447
0.0
0.0196078431
0.0
0.0
0.1114551084
0.0196078431
0.0000000000
0.0000000000
0.0
0.0000000000
0.0000000000
0.0
0.0
0.0000000000
0.0392156863
0.0000000000
0.0
0.0907563025
0.0
0.1008403361
0.0
0.0
0.0000000000
0.0000000000
0.0000000000
0.0000000000
0.0000000000
0.0000000000
0.0000000000
0.0000000000
0.0000000000
