0.0
0.0
0.0
0.0
0.0
0.0
0.0
0.0
0.0
0.0
0.0
0.0
0.0
0.0
0.0
0.0
0.0
0.0
0.0
0.0
0.0
0.0
0.0
0.0
0.0
0.0
0.0
0.0
0.0
0.0
0.0
0.0000000000
0.0
0.0
0.0
0.0
0.0
0.0
0.0
0.0
0.0
0.0
0.0
0.0
0.0
0.0
0.0
0.0
0.0
0.0
0.0
0.0
0.0959595960
0.0
0.0
0.0
0.0
0.0
0.0
0.0
0.0
0.0882352941
0.0
0.0
0.0
0.0
0.0
0.0
0.0
0.0
0.0000000000
0.0
0.0
0.0
0.0
0.0
0.0
0.0
0.0
0.0
0.0
0.0
0.0
0.0
0.0
0.1403940887
0.0
0.0
0.0
0.0
0.0
0.1051660517
0.0
0.0
0.0
0.0
0.1390243902
0.0
0.0
0.0
0.0740259740
0.0
0.0087719298
0.0
0.0
0.0
0.0
0.0
0.0
0.0
0.0
0.0000000000
0.0
0.0
0.0
0.0
0.0
0.0
0.0
0.0
0.0515370705
0.0
0.1130952381
0.0811965812
0.1163265306
0.0
0.0087719298
0.0
0.0000000000
0.0
0.0
0.0
0.0
0.0
0.0
0.0
0.1000000000
0.0
0.0087719298
0.0
0.0
0.0000000000
0.0000000000
0.1244541485
0.0
0.0
0.1163265306
0.0
0.0
0.0
0.0746073298
0.1063432836
0.0
0.0
0.0
0.0
0.0
0.0
0.0000000000
0.1021505376
0.0
0.0816618911
0.0
0.0
0.0
0.0
0.0
0.0
0.0000000000
0.0
0.0
0.0
0.0
0.0
0.0
0.0
0.0
0.0
0.1100386100
0.0
0.0
0.1350710900
0.0
0.0972696246
0.0
0.0
0.0
0.1144578313
0.0835777126
0.0959595960
0.0
0.0
0.0000000000
0.0
0.0000000000
0.0
0.0
0.0175438596
0.0000000000
0.0
0.0087719298
0.0000000000
0.0807365439
0.0
0.0
0.0
0.0
0.0
0.0
0.0087719298
0.0
0.0953177258
0.0
0.1202531646
0.0993031359
0.0000000000
0.0871559633
0.0
0.1295454545
0.0000000000
0.0000000000
0.0000000000
0.0000000000
0.1067415730
0.0802816901
0.0757978723
0.1067415730
0.0946843854
0.0
0.0
0.0649202733
0.1047794118
0.0934426230
0.0
0.0
0.0744125326
0.0643340858
0.0728900256
0.0830903790
0.0087719298
0.0
0.0573440644
0.0
0.0000000000
0.0
0.0934426230
0.0000000000
0.0000000000
0.0874233129
0.0882352941
0.0000000000
0.0175438596
0.0
0.0879629630
0.0000000000
0.0972696246
0.0757978723
0.0
0.0280701754
0.0000000000
0.0087719298
0.1083650190
0.0
0.0890625000
0.0986159170
0.0866261398
0.0
0.0000000000
0.0700245700
0.0087719298
0.1223175966
0.0000000000
0.0
0.0000000000
0.0925324675
0.0000000000
0.0000000000
0.1032608696
0.0087719298
0.0000000000
0.0000000000
0.0087719298
0.0233918129
0.0000000000
0.0000000000
0.0000000000
0.0000000000
0.0000000000
0.0000000000
0.0000000000
0.0850746269
0.0000000000
0.0000000000
0.0807365439
0.0000000000
0.0155945419
0.0000000000
0.0000000000
