0.0
0.0
0.0
0.0
0.0
0.0
0.0
0.0
0.0
0.0
0.0
0.0
0.0
0.0
0.0
0.0
0.0
0.0
0.0
0.0
0.0
0.0
0.0
0.0
0.0
0.0
0.0
0.0
0.0
0.0
0.0
0.0000000000
0.0
0.0
0.0
0.0
0.0
0.0
0.0
0.0
0.0
0.0
0.0
0.0822387207
0.0
0.0
0.0
0.0
0.0
0.0330882353
0.0
0.0
0.1193040597
0.0
0.0
0.0
0.0
0.0
0.0
0.0
0.0
0.0294117647
0.0
0.0
0.0000000000
0.0
0.0
0.0
0.0
0.0
0.0000000000
0.0
0.0
0.0
0.0
0.0
0.0
0.0
0.1245674740
0.0
0.0
0.0
0.0
0.0
0.0
0.1144674086
0.0
0.0
0.0
0.0
0.0
0.0941176471
0.0
0.0
0.0220588235
0.0
0.0147058824
0.0
0.0
0.0
0.0196078431
0.0
0.1210084034
0.0
0.0
0.0
0.0
0.0
0.0
0.0330882353
0.0147058824
0.0984952120
0.0
0.0
0.0
0.0264705882
0.0
0.0
0.1072226359
0.0962566845
0.0000000000
0.0
0.1210084034
0.0220588235
0.0220588235
0.0147058824
0.0196078431
0.0
0.1303167421
0.0
0.0
0.0
0.0
0.1114551084
0.0838672103
0.0330882353
0.0330882353
0.0
0.0330882353
0.0
0.0
0.1193040597
0.0220588235
0.1072226359
0.0
0.1058823529
0.0996539792
0.1303167421
0.0
0.0
0.0830449827
0.0441176471
0.1085972851
0.0000000000
0.0
0.0000000000
0.0264705882
0.0
0.0901126408
0.0330882353
0.0749609578
0.0220588235
0.0
0.0930833872
0.0
0.0
0.0
0.0147058824
0.0000000000
0.0822387207
0.0220588235
0.0147058824
0.0000000000
0.0000000000
0.0
0.0147058824
0.0683111954
0.0264705882
0.0000000000
0.0
0.0
0.0000000000
0.0
0.0000000000
0.0000000000
0.0000000000
0.0000000000
0.0000000000
0.0000000000
0.0000000000
0.0000000000
