0.0
0.0
0.0
0.0
0.0
0.0
0.0
0.0
0.0
0.0
0.0
0.0
0.0
0.0
0.0
0.0
0.0
0.0
0.0
0.0
0.0
0.0
0.0
0.0
0.0
0.0
0.0
0.0
0.0
0.0
0.0
0.0
0.0
0.0
0.0
0.0
0.0
0.0
0.0
0.0
0.0
0.0
0.0
0.0
0.0
0.0
0.0
0.0
0.0
0.0
0.0
0.0
0.0809859155
0.0
0.0
0.0
0.0
0.0
0.0
0.0
0.0
0.1085054013
0.0
0.0
0.0
0.0
0.0
0.0
0.0
0.0
0.0
0.0
0.0
0.0
0.0
0.0
0.0
0.0
0.0
0.0
0.0
0.0
0.0
0.0
0.0
0.0000000000
0.0
0.0
0.0
0.0
0.0
0.0
0.0
0.0
0.0
0.0
0.0884648259
0.0
0.0
0.0
0.0
0.0
0.0
0.0
0.0
0.0
0.0
0.0
0.0
0.0
0.0
0.0070422535
0.0
0.0
0.0
0.0
0.0
0.0
0.0
0.0
0.1106540231
0.0
0.0093896714
0.0
0.0831964492
0.0
0.0000000000
0.0
0.1081553839
0.0
0.0
0.0
0.0
0.0
0.0
0.0
0.0792628109
0.0
0.0140845070
0.0
0.0
0.1000840866
0.0
0.0
0.0
0.0
0.0750070895
0.0
0.0
0.0
0.0070422535
0.1025326270
0.0
0.0
0.0
0.0
0.0
0.0
0.0000000000
0.0763739613
0.0
0.0000000000
0.0
0.0
0.0
0.0
0.0
0.0
0.0753442000
0.0
0.0
0.0
0.0
0.0
0.0
0.0
0.0
0.0
0.0
0.0
0.0
0.0
0.0
0.0
0.0
0.0
0.0
0.1064386318
0.0000000000
0.0
0.0
0.0
0.0093896714
0.0
0.0
0.0
0.0
0.0000000000
0.0
0.0
0.0695605166
0.0875409113
0.0
0.0
0.0
0.0
0.0
0.0
0.0
0.0000000000
0.0
0.0
0.0
0.0989031534
0.0889341353
0.0
0.0140845070
0.0
0.1019093283
0.0000000000
0.0070422535
0.0187793427
0.0758555860
0.0952504802
0.0681466850
0.1148224966
0.0844538262
0.0070422535
0.0
0.0
0.1180569331
0.0000000000
0.0792628109
0.0
0.0
0.0751752668
0.0000000000
0.0
0.0949806488
0.0787046221
0.0
0.0000000000
0.0
0.0000000000
0.0
0.0751752668
0.0653570546
0.0140845070
0.0809859155
0.0000000000
0.0000000000
0.0
0.0
0.1019093283
0.0000000000
0.0994901158
0.0070422535
0.0
0.0000000000
0.0000000000
0.1054344938
0.0772538457
0.0
0.1144306110
0.0
0.0
0.0
0.0
0.0
0.0
0.0
0.0980355819
0.0
0.0
0.0963453133
0.0070422535
0.0
0.0661305109
0.0
0.0
0.0526344882
0.0763739613
0.0000000000
0.0
0.0000000000
0.0750070895
0.0000000000
0.0891706623
0.0
0.0000000000
0.0
0.0
0.0
0.0685647628
0.0000000000
0.0070422535
0.0
0.0
0.0070422535
0.0936541034
0.0
0.0908622467
0.0
0.0666563996
0.0000000000
0.0000000000
0.1201726488
0.0898878526
0.0000000000
0.0
0.0
0.0
0.0000000000
0.0
0.0
0.0070422535
0.0000000000
0.0767234989
0.0000000000
0.0657415079
0.0
0.0070422535
0.0
0.0093896714
0.0000000000
0.0653570546
0.0000000000
0.0614069030
0.0884648259
0.0000000000
0.0601941993
0.0093896714
0.0955218490
0.0577076919
0.0598717304
0.0701426130
0.0000000000
0.0944455465
0.0225352113
0.0614069030
0.0000000000
0.0000000000
0.0844538262
0.0
0.0000000000
0.0
0.0000000000
0.0
0.0589247259
0.0
0.0952504802
0.0
0.0889341353
0.1000840866
0.0000000000
0.0844538262
0.0000000000
0.0140845070
0.0000000000
0.1152170756
0.0000000000
0.0070422535
0.0070422535
0.0755138942
0.0859696641
0.0000000000
0.0000000000
0.0000000000
0.0000000000
0.0000000000
0.0000000000
0.0125195618
0.0000000000
0.0000000000
0.0000000000
0.0000000000
