0.0
0.0
0.0
0.0
0.1207593896
0.0
0.1446784274
0.0
0.0
0.1097593655
0.0
0.1142408897
0.0
0.1278683855
0.0
0.1185054455
0.0
0.1338832811
0.0
0.0
0.1444252718
0.0882298694
0.0
0.0
0.0
0.1212027061
0.1067775457
0.1175769841
0.1153585504
0.1231007350
0.0
0.0
0.1364281700
0.1278683855
0.1315363232
0.1309104565
0.1353099063
0.1214702617
0.1253440286
0.0
0.0
0.1449324720
0.1491220286
0.1315363232
0.0
0.1353099063
0.1396599709
0.1217390012
0.1180816063
0.1174932994
0.1231007350
0.1118415214
0.1463458206
0.1343190282
0.1274734252
0.0
0.1203193044
0.0
0.1088905578
0.1437962418
0.0
0.1031738035
0.1076128329
0.1356434557
0.0
0.1382563531
0.0
0.0936879033
0.1235614413
0.1319569030
0.1403725218
0.1430486011
0.1126812871
0.1524266719
0.1253440286
0.1263030495
0.1138469556
0.0805258954
0.0894247485
0.1212917602
0.1309104565
0.1420637570
0.1270808973
0.0
0.1372220163
0.1317462774
0.1261100731
0.0
0.0914560031
0.0966499330
0.1349779932
0.0
0.1285654873
0.1065019907
0.1066395902
0.0
0.0953657341
0.1253440286
0.1278683855
0.1395419152
0.1325928399
0.1283655409
0.1099787379
0.1037574391
0.1226434514
0.1390716812
0.0
0.1113887218
0.1414550862
0.0
0.1184204345
0.1199695390
0.1113136114
0.1172429586
0.1076830304
0.1205829698
0.1264966174
0.0
0.1208477933
0.1431726675
0.1174097337
0.1214702617
0.0923255513
0.1140829894
0.0000000000
0.1379098460
0.1133778061
0.1164982961
0.0000000000
0.1274734252
0.0
0.0
0.1185054455
0.0025188917
0.1360907549
0.0075566751
0.1107163552
0.1175769841
0.1125276657
0.1372220163
0.1223707084
0.1062278543
0.1222800634
0.0
0.1065019907
0.1322741071
0.1074027883
0.0928448176
0.1337747858
0.1146375595
0.1160070876
0.1218288455
0.1224614879
0.1256302022
0.1264966174
0.0950363187
0.0000000000
0.0000000000
0.1171597485
0.1151975476
0.1362030410
0.0000000000
0.1025329724
0.1096136027
0.1246813336
0.1079647388
0.1185905788
0.0918631528
0.0983778818
0.1448053383
0.0
0.0
0.0716173907
0.0
0.1018371904
0.0025188917
0.0
0.1476548172
0.1050115049
0.0
0.0050377834
0.0033585223
0.1096136027
0.1344284085
0.1001687413
0.1021522807
0.1098323923
0.0
0.0000000000
0.1083900759
0.1031093602
0.1257258840
0.0939010726
0.1036271724
0.1320624685
0.1029807147
0.1124510120
0.1416979276
0.1210249895
0.0916591258
0.0
0.1172429586
0.1224614879
0.0
0.1127582552
0.0848730517
0.0
0.1238395241
0.0
0.0889429341
0.0941689022
0.1298804765
0.0
0.1022788635
0.0975062526
0.1163340984
0.1095408664
0.1093232355
0.0
0.1295746355
0.0000000000
0.1263030495
0.1317462774
0.0000000000
0.0
0.1199695390
0.0000000000
0.0000000000
0.1221895527
0.1364281700
0.1088187776
0.1272768586
0.0
0.1466057599
0.1263997593
0.0922739439
0.1382563531
0.0
0.1251539694
0.0
0.1206711152
0.0000000000
0.0050377834
0.0000000000
0.1243057874
0.1046122216
0.1111636940
0.0000000000
0.1242122541
0.1192760734
0.0925325592
0.0000000000
0.1022788635
0.1273750661
0.0033585223
0.0847423438
0.1225524021
0.1144785615
0.1341008007
0.0000000000
0.0
0.0000000000
0.0993847596
0.0979110828
0.0843095432
0.1132999901
0.1129125073
0.1096864356
0.0778670215
0.0000000000
0.0000000000
0.1432969493
0.1018371904
0.0000000000
0.0783102873
0.0
0.0000000000
0.0000000000
0.0000000000
0.1132999901
0.0884188996
0.1098323923
0.0000000000
0.0695065624
0.1240256090
0.0033585223
0.0995045724
0.0025188917
0.0050377834
0.1290680889
0.0
0.0025188917
0.1113136114
0.0936879033
0.0916591258
0.1081061465
0.1155200039
0.0000000000
0.0033585223
0.1253440286
0.0000000000
0.0938476894
0.0921194674
0.1204070647
0.0000000000
0.1042159632
0.0000000000
0.0033585223
0.0968199916
0.0000000000
0.1055486481
0.1121454386
0.0000000000
0.1110888867
0.0890869323
0.1164161394
0.0974486928
0.0876210646
0.0973912010
0.1228259566
0.1027883472
0.1160886678
0.0842235131
0.0
0.0000000000
0.0000000000
0.0751037696
0.0672964067
0.0000000000
0.0961433230
0.0000000000
0.1106421486
0.1100520571
0.0000000000
0.0000000000
0.0940615873
0.1142408897
0.0000000000
0.0000000000
0.0955866159
0.1143992277
0.0045340050
0.0000000000
0.0000000000
0.1055486481
0.1022788635
0.0000000000
0.0050377834
0.0914560031
0.1042817976
0.0000000000
0.0000000000
0.0983778818
0.0000000000
0.1308067240
0.1089624328
0.0000000000
0.0000000000
0.0033585223
0.1132222810
0.0000000000
0.0
0.1049447461
0.1067775457
0.0000000000
0.0000000000
0.0938476894
0.0987899974
0.0000000000
0.0745947066
0.0000000000
0.0000000000
0.0000000000
0.0000000000
0.0000000000
0.0822102020
0.1098323923
0.0000000000
0.0000000000
0.0033585223
0.0000000000
0.0000000000
0.0045340050
0.0000000000
0.0000000000
0.0915574518
0.1280667848
0.0000000000
0.0000000000
0.0000000000
0.0000000000
0.0000000000
0.1015240379
0.0000000000
0.0000000000
0.0000000000
0.0000000000
0.0000000000
0.0000000000
0.0033585223
0.1013370691
0.0850479576
0.0000000000
0.0000000000
0.0000000000
0.0000000000
0.0000000000
0.0000000000
0.1034323845
0.0000000000
0.0000000000
0.0000000000
0.0000000000
0.0000000000
0.0000000000
0.0000000000
0.0000000000
0.1193623179
0.0000000000
0.0000000000
0.0000000000
0.0000000000
0.0045340050
0.0000000000
0.0000000000
0.0000000000
0.0000000000
0.0000000000
0.0000000000
0.0000000000
0.0000000000
0.0000000000
0.0000000000
0.0000000000
0.0000000000
0.0000000000
0.0000000000
0.0000000000
0.0000000000
0.0000000000
0.0000000000
0.0000000000
0.0000000000
0.0000000000
0.0000000000
0.0000000000
0.0000000000
0.0000000000
0.0000000000
0.0000000000
0.0000000000
0.0000000000
0.0000000000
0.0000000000
0.0000000000
