0.0
0.0
0.0
0.0
0.0
0.0
0.0
0.0
0.0
0.0
0.0
0.0
0.0
0.0
0.0
0.0
0.0
0.0
0.0
0.0
0.0
0.0
0.0
0.0
0.0
0.0
0.0
0.0
0.0
0.0
0.0
0.0000000000
0.0
0.0
0.0
0.0
0.0
0.0
0.0
0.0
0.0
0.0
0.0
0.0
0.0
0.0
0.0
0.0
0.0
0.0
0.0
0.0
0.0221914008
0.0
0.0
0.0
0.0
0.0
0.0
0.0
0.0
0.0844129491
0.0
0.0
0.0
0.0
0.0
0.0
0.0
0.0
0.0000000000
0.0
0.0
0.0
0.0
0.0
0.0
0.0
0.0
0.0
0.0
0.0
0.0
0.0
0.0
0.1458468177
0.0
0.0
0.0
0.0
0.0
0.0914718717
0.0
0.0
0.0
0.0
0.1332610517
0.0
0.0
0.0
0.0000000000
0.0
0.1002001038
0.0
0.0
0.0
0.0
0.0
0.0
0.0
0.0
0.0860735318
0.0
0.0
0.0
0.0
0.0
0.0
0.0
0.0
0.0902145264
0.0
0.1009708738
0.0886906324
0.1156494590
0.0
0.0097087379
0.0
0.0000000000
0.0
0.0
0.0
0.0
0.0
0.0
0.0
0.1156494590
0.0
0.0097087379
0.0
0.0
0.0000000000
0.0000000000
0.1209789271
0.0
0.0
0.0258899676
0.0
0.0
0.0
0.0000000000
0.1025485437
0.0
0.0
0.0
0.0
0.0
0.0
0.0000000000
0.1058565612
0.0
0.0899055725
0.0
0.0
0.0
0.0
0.0
0.0
0.0000000000
0.0
0.0
0.0
0.0
0.0
0.0
0.0
0.0
0.0
0.1136468709
0.0
0.0
0.1508760183
0.0
0.1089312331
0.0
0.0
0.0
0.1312621359
0.0917917034
0.0756554098
0.0
0.0
0.0000000000
0.0
0.0000000000
0.0
0.0
0.0965162764
0.1166774542
0.0
0.0000000000
0.0000000000
0.0155339806
0.0
0.0
0.0
0.0
0.0
0.0
0.0000000000
0.0
0.0221914008
0.0
0.1244190862
0.0000000000
0.0000000000
0.0776699029
0.0
0.1232508319
0.0000000000
0.0000000000
0.0767614830
0.0000000000
0.0781322238
0.0155339806
0.0000000000
0.1009708738
0.0944331913
0.0
0.0
0.0664618410
0.1009708738
0.1045913434
0.0
0.0
0.0763151953
0.0680114694
0.0783654543
0.0000000000
0.0097087379
0.0
0.0000000000
0.0
0.0000000000
0.0
0.1045913434
0.0000000000
0.0000000000
0.0849593113
0.0678357292
0.0000000000
0.0000000000
0.0
0.0000000000
0.0000000000
0.0000000000
0.0737427730
0.0737427730
0.1187892633
0.0000000000
0.0838735693
0.1084811041
0.0
0.0860735318
0.0000000000
0.0889912786
0.0
0.0000000000
0.1062851303
0.0000000000
0.1293223014
0.0000000000
0.0
0.0729234088
0.0844129491
0.0000000000
0.0000000000
0.0994410121
0.0097087379
0.0779003774
0.0000000000
0.0000000000
0.0965162764
0.0000000000
0.0000000000
0.0000000000
