0.0
0.0
0.0
0.0
0.0
0.0
0.0
0.0
0.0
0.0
0.0
0.0
0.0
0.0
0.0
0.0
0.0
0.0
0.0
0.0
0.0
0.0
0.0
0.0
0.0
0.0
0.0
0.0
0.0
0.0
0.0
0.0000000000
0.0
0.0
0.0
0.0
0.0
0.0
0.0
0.0
0.0
0.0
0.0
0.0
0.0
0.0
0.0
0.0
0.0
0.0
0.0
0.0
0.0905177053
0.0
0.0
0.0
0.0
0.0
0.0
0.0
0.0
0.0880858864
0.0
0.0
0.0
0.0
0.0
0.0
0.0
0.0
0.0000000000
0.0
0.0
0.0
0.0
0.0
0.0
0.0
0.0
0.0
0.0
0.0
0.0
0.0
0.0
0.1185091242
0.0
0.0
0.0
0.0
0.0
0.0942772266
0.0
0.0
0.0
0.0
0.1271929825
0.0
0.0
0.0
0.0647122191
0.0
0.0087719298
0.0
0.0
0.0
0.0
0.0
0.0
0.0
0.0
0.0000000000
0.0
0.0
0.0
0.0
0.0
0.0
0.0
0.0
0.0476716832
0.0
0.1117756512
0.0774508450
0.1122006537
0.0
0.0478262106
0.0
0.0000000000
0.0
0.0
0.0
0.0
0.0
0.0
0.0
0.0888818432
0.0
0.0000000000
0.0
0.0
0.0000000000
0.0000000000
0.1073046252
0.0
0.0
0.1080907397
0.0
0.0
0.0
0.0799695716
0.1065298626
0.0
0.0
0.0
0.0
0.0
0.0
0.0000000000
0.0847953216
0.0
0.0691071942
0.0
0.0
0.0
0.0
0.0
0.0
0.0000000000
0.0
0.0
0.0
0.0
0.0
0.0
0.0
0.0
0.0
0.0964338952
0.0
0.0
0.1065298626
0.0
0.0797534376
0.0
0.0
0.0
0.0896923159
0.0711054745
0.0905177053
0.0
0.0
0.0000000000
0.0
0.0000000000
0.0
0.0
0.0175438596
0.0000000000
0.0
0.0087719298
0.0000000000
0.0770464019
0.0
0.0
0.0
0.0
0.0
0.0
0.0087719298
0.0
0.0899657681
0.0
0.1076962479
0.0828898088
0.0000000000
0.0797534376
0.0
0.1294244383
0.0000000000
0.0000000000
0.0000000000
0.0000000000
0.1017543860
0.0766461609
0.0762500567
0.1061466616
0.0922149123
0.0
0.0
0.0577471075
0.1148201242
0.1010574381
0.0
0.0
0.0649972950
0.0577471075
0.0638718007
0.0714498110
0.0000000000
0.0
0.0525067116
0.0
0.0000000000
0.0
0.0764475957
0.0000000000
0.0000000000
0.0945793972
0.0000000000
0.0000000000
0.0175438596
0.0
0.0883496166
0.0000000000
0.0891503684
0.0762500567
0.0
0.0280701754
0.0000000000
0.0087719298
0.0910764566
0.0
0.0894205210
0.0828898088
0.0739568219
0.0
0.0000000000
0.0673716254
0.0087719298
0.0980357871
0.0000000000
0.0
0.0000000000
0.0000000000
0.0000000000
0.0714498110
0.1035395506
0.0437815607
0.0000000000
0.0000000000
0.0087719298
0.0233918129
0.0000000000
0.0000000000
0.0000000000
0.0000000000
0.0000000000
0.0000000000
0.0000000000
0.0728611653
0.0000000000
0.0000000000
0.0770464019
0.0000000000
0.0155945419
0.0000000000
0.0000000000
