0.0
0.0
0.0
0.0
0.0
0.0
0.0
0.0
0.0
0.0
0.0
0.0
0.0
0.0
0.0
0.0
0.0
0.0
0.0
0.0
0.0
0.0
0.0
0.0
0.0
0.0
0.0
0.0
0.0
0.0
0.0
0.0000000000
0.0
0.0
0.0
0.0
0.0
0.0
0.0
0.0
0.0
0.0
0.0
0.0
0.0
0.0
0.0
0.0
0.0
0.0
0.0
0.0
0.0340909091
0.0
0.0
0.0
0.0
0.0
0.0
0.0
0.0
0.0461538462
0.0
0.0
0.0
0.0
0.0
0.0
0.0
0.0
0.0158730159
0.0
0.0
0.0
0.0
0.0
0.0
0.0
0.0
0.0
0.0
0.0
0.0
0.0
0.0
0.0125000000
0.0
0.0
0.0
0.0
0.0
0.0
0.0
0.0
0.0
0.0
0.0138888889
0.0
0.0
0.0
0.0
0.0
0.0
0.0
0.0
0.0
0.0
0.0
0.0
0.0
0.0
0.0138888889
0.0
0.0
0.0
0.0
0.0
0.0
0.0
0.0
0.0376569038
0.0
0.0301003344
0.0
0.0158730159
0.0
0.0000000000
0.0
0.0394736842
0.0
0.0
0.0
0.0
0.0
0.0
0.0
0.0000000000
0.0
0.0000000000
0.0
0.0
0.0000000000
0.0
0.0000000000
0.0
0.0
0.0092592593
0.0
0.0
0.0
0.0069444444
0.0497237569
0.0
0.0
0.0
0.0
0.0
0.0
0.0386266094
0.0138888889
0.0
0.0247933884
0.0
0.0
0.0
0.0
0.0
0.0
0.0092592593
0.0
0.0
0.0
0.0
0.0
0.0
0.0
0.0
0.0
0.0
0.0
0.0
0.0000000000
0.0
0.0
0.0
0.0
0.0
0.0000000000
0.0069444444
0.0428571429
0.0
0.0
0.0000000000
0.0
0.0
0.0
0.0
0.0000000000
0.0295081967
0.0
0.0301003344
0.0375000000
0.0
0.0
0.0
0.0
0.0
0.0
0.0
0.0111111111
0.0
0.0
0.0
0.0208333333
0.0321428571
0.0000000000
0.0340909091
0.0
0.0483870968
0.0000000000
0.0208816705
0.0185185185
0.0138888889
0.0382978723
0.0192307692
0.0277777778
0.0407239819
0.0069444444
0.0
0.0
0.0441176471
0.0166666667
0.0000000000
0.0
0.0
0.0291262136
0.0000000000
0.0
0.0347490347
0.0138888889
0.0
0.0069444444
0.0
0.0000000000
0.0
0.0328467153
0.0373443983
0.0092592593
0.0000000000
0.0000000000
0.0000000000
0.0092592593
0.0
0.0483870968
0.0271084337
0.0125000000
0.0069444444
0.0
0.0000000000
0.0000000000
0.0125000000
0.0227272727
0.0
0.0158730159
0.0
0.0
0.0
0.0
0.0000000000
0.0
0.0
0.0285714286
0.0
0.0
0.0386266094
0.0111111111
0.0000000000
0.0222222222
0.0
0.0
0.0092592593
0.0000000000
0.0185185185
0.0
0.0092592593
0.0000000000
0.0178571429
0.0403587444
0.0
0.0000000000
0.0
0.0
0.0
0.0250000000
0.0138888889
0.0069444444
0.0
0.0000000000
0.0000000000
0.0000000000
0.0000000000
0.0000000000
0.0000000000
0.0069444444
0.0000000000
0.0000000000
0.0466321244
0.0391304348
0.0131578947
0.0000000000
0.0
0.0
0.0301003344
0.0
0.0
0.0227272727
0.0069444444
0.0000000000
0.0245231608
0.0000000000
0.0
0.0000000000
0.0
0.0069444444
0.0000000000
0.0000000000
0.0000000000
0.0158730159
0.0000000000
0.0092592593
0.0000000000
0.0301003344
0.0432692308
0.0000000000
0.0000000000
0.0138888889
0.0069444444
0.0000000000
0.0123456790
0.0092592593
0.0000000000
0.0000000000
0.0335820896
0.0
0.0000000000
0.0297029703
0.0000000000
0.0000000000
0.0069444444
0.0000000000
0.0158730159
0.0
0.0000000000
0.0000000000
0.0000000000
0.0069444444
0.0000000000
0.0000000000
0.0000000000
0.0158730159
0.0000000000
