0.0
0.0
0.0
0.0
0.0
0.0
0.0
0.0
0.0
0.0
0.0
0.0
0.0
0.0
0.0
0.0
0.0
0.0
0.0
0.0
0.0
0.0
0.0
0.0
0.0
0.0
0.0
0.0
0.0
0.0
0.0
0.0000000000
0.0
0.0
0.0
0.0
0.0
0.0
0.0
0.0
0.0
0.0
0.0
0.1048462255
0.0
0.0
0.0
0.0
0.0
0.0
0.0
0.0
0.0741595254
0.0
0.0
0.0
0.0
0.0
0.0
0.0
0.0
0.0270270270
0.0
0.0
0.0135135135
0.0
0.0
0.0
0.0
0.0
0.0741595254
0.0
0.0
0.0
0.0
0.0
0.0
0.0
0.1293847039
0.0
0.0
0.0
0.0
0.0
0.0
0.1126126126
0.0
0.0
0.0
0.0
0.0
0.0432432432
0.0
0.0
0.0000000000
0.0
0.0135135135
0.0
0.0
0.0
0.0000000000
0.0
0.1447876448
0.0
0.0
0.0
0.0
0.0
0.0
0.0000000000
0.1126126126
0.1204174472
0.0
0.0
0.0
0.0180180180
0.0
0.0
0.0360360360
0.0
0.0779625780
0.0
0.0900900901
0.1126126126
0.0180180180
0.0887749063
0.0180180180
0.0
0.1430842607
0.0
0.0
0.0
0.0
0.1115794694
0.0000000000
0.0
0.0900900901
0.0
0.0270270270
0.0
0.0
0.1022030434
0.0988793672
0.1253831151
0.0
0.1136650669
0.0240240240
0.1169438669
0.0
0.0
0.1095690285
0.0270270270
0.1115794694
0.0996898538
0.0
0.0
0.0180180180
0.0
0.0821767714
0.0988793672
0.0000000000
0.0000000000
0.0
0.0
0.0
0.0
0.0
0.0135135135
0.0000000000
0.1013513514
0.0
0.0000000000
0.1307759372
0.0000000000
0.0
0.0
0.0
0.0000000000
0.0180180180
0.0
0.0
0.0887749063
0.0
0.0270270270
0.0980819529
0.0868725869
0.0957650564
0.0135135135
0.0000000000
0.0000000000
0.0180180180
0.0000000000
0.0000000000
0.0000000000
0.0270270270
0.0000000000
0.0000000000
0.0000000000
0.0000000000
0.0000000000
0.0000000000
0.0000000000
0.0000000000
0.0000000000
0.0000000000
