0.0
0.0
0.0
0.0
0.0
0.0
0.0
0.0
0.0
0.0
0.0
0.0
0.0
0.0
0.0
0.1188064676
0.0
0.0
0.0
0.0
0.0
0.0
0.0
0.0
0.0
0.0
0.0
0.0
0.0
0.0806435460
0.0
0.1248438198
0.0
0.0
0.0
0.0
0.1297904617
0.1224002575
0.0
0.0
0.1252986243
0.0
0.0
0.0090452261
0.1138889813
0.0
0.0
0.0
0.0
0.1031318512
0.0
0.0
0.0775523616
0.0
0.1312766121
0.0
0.0
0.0
0.0
0.0
0.0
0.0
0.0
0.0
0.0
0.0
0.0
0.0
0.0
0.0
0.1161975418
0.1152243630
0.1105931587
0.0
0.0593008144
0.0
0.0933364243
0.0
0.1007158781
0.0
0.1310265614
0.1173872777
0.0
0.1100623116
0.1273869347
0.0000000000
0.0
0.1224002575
0.1213208902
0.0201005025
0.0
0.0
0.0
0.0
0.0
0.0
0.0000000000
0.0950123546
0.0
0.0
0.0
0.0645905584
0.0000000000
0.0944903087
0.0
0.0
0.0
0.0
0.0
0.1354113085
0.1124002365
0.0000000000
0.1122168756
0.1031318512
0.0150753769
0.1237211236
0.1278604921
0.0
0.0
0.0
0.0
0.0
0.1086713187
0.0989768989
0.0
0.0960739451
0.0
0.0
0.0
0.0
0.0
0.1031318512
0.0930838224
0.0
0.0
0.0887599287
0.1023645011
0.0
0.0
0.0090452261
0.1124002365
0.0
0.0860937982
0.0
0.0100502513
0.0
0.1068151316
0.0
0.1156116718
0.0955402010
0.0000000000
0.0000000000
0.0905117694
0.0933364243
0.0
0.0644694890
0.1104156416
0.0
0.1232776787
0.0150753769
0.1081587181
0.0
0.1131397117
0.0951437686
0.1129539322
0.1014586205
0.1016084856
0.1025170562
0.0
0.0687202245
0.0
0.1262182472
0.0
0.0
0.0829782204
0.0858788324
0.0
0.0
0.0835831649
0.0000000000
0.0729469191
0.0
0.0923341540
0.0050251256
0.0000000000
0.0
0.0
0.0150753769
0.1040679950
0.0977115692
0.0
0.1226184398
0.0947506126
0.0
0.0067001675
0.1010116663
0.1098864932
0.0970224890
0.0
0.0772042028
0.0050251256
0.1026700668
0.0
0.0894524639
0.1105931587
0.0
0.0
0.0723332752
0.0806435460
0.0
0.0000000000
0.0998388167
0.0
0.0
0.1104156416
0.0
0.1053429475
0.0
0.1146482412
0.0
0.0
0.0000000000
0.0593008144
0.0000000000
0.0658897938
0.0932099522
0.0
0.0000000000
0.0
0.0816001717
0.0816970840
0.1039107926
0.0798942447
0.0874065371
0.0667206059
0.0751791746
0.0979899497
0.0877410009
0.0050251256
0.0106414425
0.0067001675
0.0
0.0000000000
0.1025170562
0.0838889570
0.0658897938
0.0
0.0000000000
0.0
0.0798942447
0.0615836569
0.0
0.1068151316
0.0050251256
0.0000000000
0.0067001675
0.0
0.0050251256
0.0000000000
0.0000000000
0.0050251256
0.0100502513
0.0
0.0050251256
0.1116703648
0.0838889570
0.0
0.0960739451
0.0
0.0150753769
0.0000000000
0.0
0.0000000000
0.1037540644
0.0050251256
0.0971595264
0.0959399508
0.0050251256
0.0836848476
0.0874065371
0.0739666072
0.0050251256
0.0582463546
0.0883041652
0.0000000000
0.0914746605
0.0930838224
0.0000000000
0.0000000000
0.0
0.0050251256
0.0067001675
0.0938457636
0.0106414425
0.0
0.0
0.0000000000
0.0649565106
0.0050251256
0.0000000000
0.0000000000
0.1016084856
0.0050251256
0.0000000000
0.0050251256
0.0106414425
0.0000000000
0.0874065371
0.0
0.0721058121
0.0050251256
0.0000000000
0.0000000000
0.0000000000
0.0000000000
0.0000000000
0.0000000000
0.0946202816
0.0000000000
0.0000000000
0.0000000000
0.0000000000
0.0000000000
0.0000000000
0.0050251256
0.0090452261
0.0000000000
0.0050251256
0.0918410477
0.0050251256
0.0000000000
0.0050251256
0.0050251256
0.0964781833
0.0000000000
0.0000000000
0.0000000000
0.0000000000
