0.0
0.0
0.0
0.0
0.0
0.0
0.1324370969
0.0
0.0
0.0
0.0
0.0
0.0
0.0
0.0
0.1318323613
0.0
0.0
0.0
0.0
0.0
0.0
0.0
0.0
0.0
0.0
0.0
0.0
0.0
0.0849155504
0.0
0.1728819589
0.1621982423
0.0
0.0
0.0
0.1688379364
0.0000000000
0.0000000000
0.0
0.1621982423
0.0978687699
0.0
0.0822543793
0.1361853166
0.0
0.0
0.0
0.0
0.1106179583
0.0
0.0
0.1543919098
0.0
0.0000000000
0.0
0.0968835139
0.1249839270
0.0
0.0
0.0
0.0
0.0
0.0
0.0
0.0
0.0
0.0000000000
0.0
0.0
0.1089482533
0.1318323613
0.0000000000
0.0
0.1408355470
0.0
0.1114721511
0.1429271640
0.0000000000
0.1038535508
0.1249839270
0.1458145815
0.1283168317
0.1349125567
0.1168878021
0.1202970297
0.0
0.1061444380
0.0099009901
0.1136664848
0.0
0.0
0.0
0.1511585714
0.0
0.0
0.0099009901
0.1132207338
0.0
0.0
0.0
0.1154851485
0.1038535508
0.0000000000
0.0
0.1394748170
0.0
0.0
0.0888347296
0.0000000000
0.1228565410
0.1306393083
0.1511585714
0.1081321615
0.0000000000
0.0000000000
0.1277490581
0.1288896747
0.0949713392
0.0
0.0
0.0872244324
0.1244452031
0.1005968193
0.0
0.1336633663
0.1223359624
0.0000000000
0.0
0.0000000000
0.1543919098
0.1312331233
0.1244452031
0.0
0.1306393083
0.1202970297
0.0000000000
0.0
0.1038535508
0.1065361149
0.1603960396
0.0000000000
0.0000000000
0.0000000000
0.1193028394
0.0099009901
0.0000000000
0.0
0.0000000000
0.0099009901
0.0000000000
0.0000000000
0.0000000000
0.0099009901
0.0000000000
0.0000000000
0.0000000000
0.0000000000
0.0000000000
0.0000000000
0.0099009901
0.0000000000
0.0000000000
0.0000000000
0.0000000000
0.0000000000
0.0000000000
0.0000000000
0.0000000000
0.0000000000
0.0000000000
0.0000000000
0.0000000000
0.0000000000
0.0000000000
