0.0
0.0
0.0
0.0
0.0
0.0
0.0
0.0
0.0
0.0
0.0
0.0
0.0
0.0
0.0
0.0
0.0
0.0
0.0
0.0
0.0
0.0
0.0
0.0
0.0
0.0
0.0
0.0
0.0
0.0
0.0
0.1030206677
0.0
0.0
0.0
0.0
0.0
0.0
0.0
0.0
0.0
0.0
0.0
0.0943506115
0.0
0.0
0.0
0.0
0.0
0.1030206677
0.0
0.0
0.0929698709
0.0
0.0
0.0
0.0
0.0
0.0
0.0
0.0
0.0294117647
0.0
0.0
0.0882352941
0.0
0.0
0.0
0.0
0.0
0.0000000000
0.0
0.0
0.0
0.0
0.0
0.0
0.0
0.1575109383
0.0
0.0
0.0
0.0
0.0
0.0
0.1391155002
0.0
0.0
0.0
0.0
0.0
0.1082887701
0.0
0.0
0.0000000000
0.0
0.0147058824
0.0
0.0
0.0
0.0196078431
0.0
0.1537001898
0.0
0.0
0.0
0.0
0.0
0.0
0.0866310160
0.1058823529
0.1296518607
0.0
0.0
0.0
0.0264705882
0.0
0.0
0.0911905432
0.0
0.0000000000
0.0
0.1121107266
0.0147058824
0.0196078431
0.0886456908
0.0196078431
0.0
0.1657289003
0.0
0.0
0.0
0.0
0.1466063348
0.0147058824
0.0
0.0147058824
0.0
0.0294117647
0.0
0.0
0.1488970588
0.1253869969
0.1323529412
0.0
0.1141246918
0.0781099325
0.1361344538
0.0
0.0
0.1076769691
0.0441176471
0.1500694766
0.0000000000
0.0
0.0000000000
0.0264705882
0.0
0.1169252977
0.0196078431
0.0903261779
0.0000000000
0.0
0.1237585943
0.0
0.0
0.0
0.0147058824
0.0000000000
0.0962566845
0.0
0.1041465767
0.0866310160
0.0000000000
0.0
0.1253869969
0.0147058824
0.0264705882
0.1008403361
0.0
0.0
0.0000000000
0.0
0.0000000000
0.0000000000
0.0899001110
0.0825057296
0.0759315678
0.0716497125
0.0000000000
0.0000000000
0.0000000000
0.0000000000
0.0000000000
