0.0
0.0
0.0
0.0
0.0
0.0
0.0
0.0
0.0
0.0
0.0
0.0
0.0
0.0
0.0
0.0
0.0
0.0
0.0
0.0
0.0
0.0
0.0
0.0
0.0
0.0
0.0
0.0
0.0
0.0
0.0
0.0
0.0
0.0
0.0
0.0
0.0
0.0
0.0
0.0
0.0
0.0
0.0936807095
0.0227272727
0.0
0.0
0.0
0.0
0.0
0.0817214700
0.0
0.0
0.0
0.0
0.0
0.0227272727
0.0
0.0
0.0
0.0
0.0692640693
0.0
0.0000000000
0.0893234672
0.0808080808
0.0
0.0
0.0936807095
0.0000000000
0.0
0.0000000000
0.0484848485
0.0724699828
0.0609668110
0.0609668110
0.0855614973
0.0
0.0000000000
0.0
0.0753119430
0.0
0.0
0.0853535354
0.0462760131
0.0
0.0581818182
0.0724699828
0.0632411067
0.0
0.0000000000
0.0
0.0519480519
0.0519480519
0.0
0.0000000000
0.0
0.0808080808
0.0000000000
0.0
0.0540973111
0.0
0.0609668110
0.0000000000
0.0000000000
0.0000000000
0.0629657228
0.0000000000
0.0000000000
0.0000000000
0.0000000000
0.0000000000
0.0000000000
0.0000000000
0.0000000000
0.0000000000
0.0000000000
