0.0
0.0
0.0
0.0
0.0
0.0
0.0
0.2087912088
0.0
0.0
0.0
0.0
0.0
0.0
0.0
0.0
0.0
0.0
0.0
0.0
0.1476105290
0.0
0.0
0.1917599017
0.0
0.0
0.0
0.0
0.0
0.0
0.0
0.2067509038
0.1548110426
0.1590790162
0.0
0.0
0.0
0.0000000000
0.0
0.0
0.0
0.0
0.0
0.0
0.0
0.2450676736
0.0
0.0
0.0
0.0
0.0
0.0
0.0
0.1872345943
0.0
0.0
0.0
0.2040917282
0.0
0.1729496661
0.0
0.1798088597
0.0
0.2266875981
0.1777941946
0.1941055886
0.0000000000
0.0
0.2115750916
0.0
0.1959028626
0.2021418072
0.1959028626
0.0
0.0
0.2158929506
0.2518751090
0.1782936165
0.0
0.0
0.0
0.0000000000
0.1829179466
0.0
0.1563362746
0.2350834351
0.1777941946
0.0
0.2413404086
0.1529458493
0.0
0.1866839043
0.1640116989
0.2299729256
0.0
0.0
0.1511250654
0.1941055886
0.2395189716
0.1635889883
0.2469748151
0.0
0.2450676736
0.1496993572
0.0
0.0
0.0
0.1274548744
0.0
0.0
0.2115750916
0.1866839043
0.0
0.2316515601
0.1782936165
0.0
0.1855921856
0.0000000000
0.0
0.1866839043
0.1798088597
0.0
0.0
0.2094802887
0.1242123825
0.1894702313
0.1995991430
0.1697126403
0.1850511005
0.1533152838
0.1661584489
0.1274548744
0.2034375881
0.2283184441
0.1500532564
0.1772975628
0.1866839043
0.1900375074
0.1311415857
0.0000000000
0.1137500492
0.1941055886
0.2002287933
0.0000000000
0.2291426985
0.0
0.2074265604
0.1738973355
0.0000000000
0.0
0.1472680452
0.0
0.0
0.1602841603
0.0000000000
0.1610977855
0.1314131004
0.1465878233
0.0000000000
0.1941055886
0.1877885428
0.0000000000
0.1483002978
0.1373864231
0.0000000000
0.2002287933
0.0000000000
0.0
0.0000000000
0.0000000000
0.0000000000
