0.0
0.0
0.0
0.0
0.0
0.0
0.0
0.0
0.0
0.0
0.0
0.0
0.0
0.0
0.0
0.0
0.0
0.0
0.0
0.0
0.0
0.0
0.0
0.0
0.0
0.0
0.0
0.0
0.0
0.0860447186
0.0
0.1185972370
0.0
0.0
0.0
0.0
0.0
0.0930775646
0.0
0.0
0.1142272262
0.0
0.0
0.0
0.0967909801
0.0
0.0
0.0
0.0
0.0975524476
0.0
0.0
0.1006311993
0.0
0.1156476684
0.0
0.0
0.0
0.0
0.0
0.0
0.0
0.0
0.0
0.0
0.0
0.0
0.0
0.0
0.0
0.1117117117
0.1134146341
0.0798283262
0.0
0.0846095527
0.0
0.1007220217
0.0
0.0940185341
0.0
0.0
0.0772853186
0.0
0.0
0.1151702786
0.1022914757
0.0
0.1044943820
0.0
0.1067942584
0.0
0.0
0.0
0.0
0.0
0.0
0.0000000000
0.0856485035
0.0
0.0
0.0
0.1056818182
0.0000000000
0.0071847507
0.0
0.0
0.0
0.0
0.0
0.1103857567
0.0978947368
0.0
0.0857142857
0.1048872180
0.0927680798
0.1013623978
0.0043010753
0.0
0.0
0.0
0.0
0.0
0.1108242304
0.0885011895
0.0
0.0669466107
0.0
0.0
0.0
0.0
0.0
0.0
0.1046904315
0.0
0.0
0.0862442040
0.0772853186
0.0
0.0
0.1094117647
0.0
0.0
0.0813411079
0.0
0.0903643725
0.0
0.0064516129
0.0
0.0999104745
0.1003597122
0.0680902990
0.0
0.0043010753
0.0875294118
0.0
0.0977232925
0.1035250464
0.0
0.1071017274
0.1151702786
0.0
0.0
0.0998211091
0.1056818182
0.1073076923
0.0814598540
0.0863777090
0.0
0.0
0.0922314050
0.0
0.1126135217
0.0
0.0
0.0887122417
0.1078260870
0.0
0.0
0.0860447186
0.0830357143
0.0774462179
0.0
0.1010869565
0.0000000000
0.0962899051
0.0
0.0
0.0930775646
0.1108242304
0.1166144201
0.0
0.1161290323
0.1060836502
0.0
0.0754054054
0.1041044776
0.1036211699
0.0954662104
0.0
0.0
0.1160083160
0.1033333333
0.0
0.0751009421
0.0000000000
0.0
0.0
0.0
0.0000000000
0.0
0.0908794788
0.0
0.0
0.0
0.0766483516
0.0
0.0
0.0
0.0000000000
0.0
0.0
0.0937027708
0.0064516129
0.0000000000
0.0043010753
0.0972972973
0.0
0.0032258065
0.0
0.0923841060
0.0
0.1021978022
0.0
0.0875981162
0.1004500450
0.1014545455
0.0685082873
0.0000000000
0.0
0.0834080717
0.0983259912
0.0
0.0
0.0000000000
0.1219672131
0.0980667838
0.0
0.0937027708
0.0
0.0941772152
0.0928452579
0.0
0.0
0.0803455724
0.0
0.0785915493
0.0
0.1040074557
0.0686346863
0.1033333333
0.0032258065
0.0861776062
0.0
0.0747989276
0.0867807154
0.0985865724
0.0
0.0000000000
0.0
0.0
0.1003597122
0.0
0.0765432099
0.1127272727
0.1042016807
0.1006311993
0.1111553785
0.0131720430
0.0603243243
0.0000000000
0.0846095527
0.0665474061
0.1156476684
0.1198711063
0.0908794788
0.0
0.0
0.1151702786
0.0000000000
0.0
0.0
0.0
0.0861111111
0.0870514821
0.0
0.0
0.0804614275
0.0641748131
0.0000000000
0.0000000000
0.0
0.1100591716
0.0098790323
0.0938603869
0.0
0.0000000000
0.0
0.0131720430
0.0
0.0
0.0744000000
0.0942567568
0.0
0.0973821990
0.0901453958
0.0000000000
0.0759183673
0.0
0.0000000000
0.0
0.1162500000
0.0784258609
0.0043010753
0.0000000000
0.0926910299
0.0804034582
0.0960413081
0.0978947368
0.1222343921
0.1062857143
0.1120481928
0.0000000000
0.0000000000
0.0762295082
0.1051837889
0.0899274778
0.1008130081
0.0860447186
0.0970434783
0.1011786038
0.0
0.0743009321
0.0764907471
0.1069990412
0.0000000000
0.1030470914
0.0754563895
0.0000000000
0.0
0.0032258065
0.0839729120
0.0000000000
0.0
0.0000000000
0.0
0.0948979592
0.0
0.0
0.0924606462
0.0000000000
0.0000000000
0.0000000000
0.0
0.1086660175
0.0
0.0000000000
0.0
0.0760736196
0.0000000000
0.0667863555
0.0043010753
0.0087813620
0.0911020408
0.0
0.0000000000
0.0670673077
0.0743009321
0.0043010753
0.0000000000
0.0064516129
0.0000000000
0.0661529342
0.0087813620
0.0000000000
0.0000000000
0.0000000000
0.0849961919
0.0000000000
0.0000000000
0.0954662104
0.0860447186
0.0000000000
0.0970434783
0.0
0.0848669202
0.0809282088
0.0679245283
0.1021043001
0.0000000000
0.0000000000
0.0785915493
0.0032258065
0.0
0.0838467318
0.0032258065
0.0
0.0
0.0000000000
0.0000000000
0.0000000000
0.0945762712
0.0661529342
0.0
0.0000000000
0.0000000000
0.0000000000
0.0548402948
0.0782608696
0.0000000000
0.0000000000
0.0032258065
0.0861111111
0.0000000000
0.0923076923
0.0000000000
0.0000000000
0.0791489362
0.0753544902
0.0000000000
0.0960413081
0.0098790323
0.0529663028
0.0760736196
0.0000000000
0.0000000000
0.0071847507
0.0000000000
0.0000000000
0.0967909801
0.0744993324
0.0000000000
0.0000000000
0.0000000000
0.0000000000
0.0000000000
0.0
0.0972972973
0.0000000000
0.0771784232
0.0000000000
0.0804614275
0.0580645161
0.0000000000
0.0000000000
0.0744993324
0.0865787432
0.0979806848
0.0000000000
0.0
0.0000000000
0.0000000000
0.0000000000
0.0716302953
0.0000000000
0.0000000000
0.0000000000
0.0000000000
0.0806358382
0.0000000000
0.0000000000
0.0000000000
0.0000000000
0.0000000000
0.0000000000
0.0000000000
0.0000000000
0.0930775646
0.0771784232
0.0000000000
0.0000000000
0.0000000000
0.0685082873
0.0000000000
0.0000000000
0.0000000000
0.0000000000
0.0000000000
0.0000000000
0.0000000000
0.0000000000
0.0000000000
0.0000000000
0.0000000000
0.0000000000
0.0000000000
0.0611842105
0.0000000000
0.0000000000
0.0000000000
0.0000000000
