0.0
0.0
0.0
0.0
0.0
0.0
0.0
0.0
0.0
0.0
0.0
0.0
0.0
0.0
0.0
0.0
0.0
0.0
0.0
0.0
0.0
0.0
0.0
0.0
0.0
0.0
0.0
0.0
0.0
0.0
0.0
0.0143369176
0.0
0.0
0.0
0.0
0.0
0.0
0.0
0.0
0.0
0.0
0.0
0.0
0.0
0.0
0.0
0.0
0.0
0.0
0.0
0.0
0.0605998145
0.0
0.0
0.0
0.0
0.0
0.0
0.0
0.0
0.0977718656
0.0
0.0
0.0
0.0
0.0
0.0
0.0
0.0
0.0817575083
0.0
0.0
0.0
0.0
0.0
0.0
0.0
0.0000000000
0.0
0.0
0.0
0.0
0.0
0.0
0.0793629370
0.0
0.0
0.0
0.0
0.0
0.0800326664
0.0
0.0
0.0
0.0
0.0000000000
0.0
0.0
0.0
0.0000000000
0.0
0.0000000000
0.0
0.0
0.0
0.0
0.0
0.0
0.0
0.0000000000
0.0943668753
0.0
0.0
0.0
0.0
0.0
0.0
0.0
0.0
0.0107526882
0.0
0.1014317751
0.1053763441
0.0761756704
0.0993075494
0.0000000000
0.0
0.0000000000
0.0
0.0
0.0
0.0
0.0241935484
0.0710402320
0.0
0.0831918506
0.0
0.0658602151
0.0
0.0
0.0241935484
0.0000000000
0.0824684432
0.0
0.0
0.0535811919
0.0605998145
0.0
0.0
0.0215053763
0.0000000000
0.0161290323
0.0
0.0
0.0
0.0
0.0
0.0107526882
0.0161290323
0.0
0.0000000000
0.0
0.0
0.0
0.0
0.0
0.0
0.0682292875
0.0
0.0
0.0
0.0
0.0
0.0
0.0
0.0
0.0
0.0752688172
0.0
0.0
0.1223725286
0.0
0.0907547461
0.0107526882
0.0
0.0
0.1129032258
0.0107526882
0.0925255704
0.0
0.0
0.0000000000
0.0
0.0000000000
0.0
0.0
0.0143369176
0.0000000000
0.0
0.0692253355
0.0743833017
0.0692253355
0.0
0.0
0.0
0.0
0.0000000000
0.0107526882
0.0143369176
0.0215053763
0.0107526882
0.0
0.0654060067
0.0000000000
0.0000000000
0.0929791271
0.0
0.0886343081
0.0143369176
0.0535811919
0.0107526882
0.0000000000
0.0962829540
0.0000000000
0.0835583345
0.1185483871
0.0938997126
0.0000000000
0.0
0.0667878237
0.0755686930
0.1071623838
0.0
0.0
0.0807137955
0.0000000000
0.0107526882
0.0602150538
0.0576527111
0.0
0.0000000000
0.0
0.0000000000
0.0000000000
0.0907547461
0.0000000000
0.0615835777
0.0846774194
0.0000000000
0.0780565512
0.0000000000
0.0000000000
0.0000000000
0.0000000000
0.0000000000
0.0000000000
0.0000000000
0.0000000000
