0.0
0.0
0.0
0.0
0.1687890137
0.0
0.1788359788
0.0
0.0
0.1211469534
0.0
0.1155555556
0.0
0.1746770026
0.0
0.1129490393
0.1104575163
0.1390946502
0.1329400197
0.1788359788
0.1365656566
0.0000000000
0.0
0.1129490393
0.0
0.1746770026
0.0000000000
0.1146734521
0.0000000000
0.1317738791
0.0
0.1532879819
0.1295019157
0.1788359788
0.1192239859
0.1487348735
0.1809906292
0.1487348735
0.0296296296
0.0
0.0444444444
0.1517396184
0.1129490393
0.0000000000
0.0
0.0000000000
0.0296296296
0.0000000000
0.0000000000
0.1378185525
0.0000000000
0.0933057281
0.0000000000
0.0000000000
0.0000000000
0.0000000000
0.0950773558
0.0000000000
0.0000000000
0.0000000000
0.0000000000
