0.0
0.0
0.0
0.0
0.0
0.0
0.0
0.0
0.0
0.0
0.0
0.0
0.0
0.0
0.0
0.0
0.0
0.0
0.0
0.0
0.0
0.0
0.0
0.0
0.0
0.0
0.0
0.0
0.0
0.0
0.0
0.0000000000
0.0
0.0
0.0
0.0
0.0
0.0
0.0
0.0
0.0
0.0
0.0
0.0
0.0
0.0
0.0
0.0
0.0
0.0
0.0
0.0
0.0895512502
0.0
0.0
0.0
0.0
0.0
0.0
0.0
0.0
0.0787121940
0.0
0.0
0.0
0.0
0.0
0.0
0.0
0.0
0.0861612975
0.0
0.0
0.0
0.0
0.0
0.0
0.0
0.0
0.0
0.0
0.0
0.0
0.0
0.0
0.1258669646
0.0
0.0
0.0
0.0
0.0
0.0202020202
0.0
0.0
0.0
0.0
0.1046480127
0.0
0.0
0.0
0.0000000000
0.0
0.1054561055
0.0
0.0
0.0
0.0
0.0
0.0
0.0
0.0
0.0904408322
0.0
0.0
0.0
0.0
0.0
0.0
0.0
0.0
0.0101010101
0.0
0.1096912904
0.1352135214
0.1400673401
0.0
0.0842997880
0.0
0.0000000000
0.0
0.0
0.0
0.0
0.0
0.0
0.0
0.1133324951
0.0
0.0101010101
0.0
0.0
0.0782611212
0.0864339599
0.1219336219
0.0
0.0
0.0775941230
0.0
0.0
0.0
0.0000000000
0.1079570408
0.0
0.0
0.0
0.0
0.0
0.0
0.0000000000
0.0791684966
0.0
0.0875420875
0.0
0.0
0.0
0.0
0.0
0.0
0.0000000000
0.0
0.0
0.0
0.0
0.0
0.0
0.0
0.0
0.0
0.1026809448
0.0
0.0
0.1079570408
0.0
0.1046480127
0.0
0.0
0.0
0.1264496820
0.0881068752
0.1192713158
0.0
0.0
0.0000000000
0.0
0.0000000000
0.0
0.0
0.0000000000
0.0904408322
0.0
0.0000000000
0.0000000000
0.1050505051
0.0
0.0
0.0
0.0
0.0
0.0
0.0000000000
0.0
0.0681125469
0.0
0.1230321230
0.0000000000
0.0101010101
0.0134680135
0.0
0.1300625301
0.0000000000
0.0000000000
0.0101010101
0.0000000000
0.0134680135
0.0916548031
0.0000000000
0.0922740923
0.1110289891
0.0
0.0
0.0000000000
0.1062767755
0.1022963720
0.0
0.0
0.0613778232
0.0000000000
0.0756596435
0.0000000000
0.0101010101
0.0
0.0000000000
0.0
0.0604272817
0.0
0.1030684200
0.0000000000
0.0000000000
0.0892585991
0.0000000000
0.0000000000
0.0000000000
0.0773743097
0.0000000000
0.0000000000
0.0000000000
0.0773743097
0.0773743097
0.0898458267
0.0000000000
0.0881068752
0.0787121940
0.0
0.0904408322
0.0000000000
0.0693226683
0.0
0.0101010101
0.1247174946
0.0000000000
0.0916548031
0.0000000000
0.0
0.0765073706
0.0910437710
0.0000000000
0.0000000000
0.0000000000
0.1000481000
0.0000000000
0.0000000000
