0.0
0.0
0.0
0.0
0.0
0.0
0.0
0.0
0.0
0.0
0.0
0.0
0.0
0.0
0.0
0.0
0.0
0.0
0.0
0.0
0.0
0.0
0.0
0.0
0.0
0.0
0.0
0.0
0.0
0.0888600916
0.0
0.1029214688
0.0
0.0
0.0
0.0
0.0
0.0777034319
0.0
0.0
0.1073245263
0.0
0.0
0.0
0.0732470307
0.0
0.0
0.0
0.0
0.0934094447
0.0
0.0
0.1043742978
0.0
0.1024710466
0.0
0.0
0.0
0.0
0.0
0.0
0.0
0.0
0.0
0.0
0.0
0.0
0.0
0.0
0.0
0.1122107068
0.1101001606
0.0760215394
0.0
0.0000000000
0.0
0.1020245497
0.0
0.0796867867
0.0
0.0
0.0804166027
0.0
0.0
0.0767692923
0.0955049659
0.0
0.0938462290
0.0
0.1045296167
0.0
0.0
0.0
0.0
0.0
0.0
0.0000000000
0.0827372231
0.0
0.0
0.0
0.0832273726
0.0812068236
0.0
0.0
0.0
0.0
0.0
0.0
0.1091591335
0.0895397099
0.0
0.0940976590
0.0949883738
0.0
0.1046853986
0.0
0.0
0.0
0.0
0.0
0.0
0.0918220947
0.0
0.0
0.0783534885
0.0
0.0
0.0
0.0
0.0
0.0
0.0
0.0
0.0
0.0886358390
0.0749668116
0.0
0.0
0.1158184706
0.0
0.0
0.0964226526
0.0
0.0901140506
0.0
0.0032520325
0.0
0.1058687301
0.0840238067
0.0078048780
0.0
0.0
0.0
0.0
0.1075710604
0.0997074556
0.0
0.0937835814
0.1140323092
0.0
0.0
0.1026957638
0.0
0.0831780964
0.0705260065
0.0000000000
0.0
0.0
0.0870432496
0.0
0.0
0.0
0.0
0.0900562852
0.0964888770
0.0
0.0
0.0860304990
0.0000000000
0.0780921650
0.0
0.0884683910
0.0000000000
0.0865605699
0.0
0.0
0.1067536511
0.0914634146
0.1101865136
0.0
0.0985879332
0.0926700560
0.0
0.0
0.0821085943
0.0730186096
0.0927312243
0.0
0.0
0.1239962973
0.1094994582
0.0
0.0872053413
0.0869893529
0.0
0.0
0.0
0.0804626603
0.0
0.0651311103
0.0
0.0
0.0
0.0048780488
0.0
0.0
0.0
0.0000000000
0.0
0.0
0.0929152149
0.0623282187
0.0
0.0
0.1114098373
0.0
0.0681979635
0.0
0.0801413605
0.0
0.0981060090
0.0
0.0822528132
0.0898834324
0.0944138474
0.0931616743
0.0000000000
0.0
0.1154378019
0.0972233944
0.0
0.0
0.0048780488
0.1132053222
0.0563529101
0.0
0.0840740903
0.0
0.0868280623
0.0
0.0
0.0
0.0
0.0
0.0781355978
0.0
0.1096704175
0.0974932719
0.0992846678
0.0048780488
0.0055432373
0.0
0.0
0.0599862532
0.0952459694
0.0
0.0000000000
0.0
0.0
0.0087108014
0.0
0.0733234890
0.0992846678
0.1125703565
0.0823009988
0.0954400848
0.0771063693
0.0733234890
0.0651915568
0.0623282187
0.0024390244
0.0968213679
0.1029214688
0.0739798867
0.0
0.0
0.1245459263
0.0000000000
0.0
0.0
0.0
0.0840238067
0.0898834324
0.0
0.0
0.0000000000
0.0728293442
0.0818693502
0.0
0.0
0.0928538036
0.0887478237
0.0758164085
0.0
0.0
0.0
0.0
0.0
0.0
0.0761864452
0.0943504398
0.0
0.0946683321
0.1069975665
0.0048780488
0.1058687301
0.0
0.0000000000
0.0
0.1121211531
0.0905204928
0.0563529101
0.0000000000
0.0944773402
0.0649504415
0.1038342978
0.0735153348
0.1046074496
0.1073245263
0.0932234936
0.0
0.0679670077
0.1004919920
0.0929767074
0.0879147715
0.0831288786
0.0813008130
0.0920627817
0.0942871174
0.0
0.0
0.0
0.0846312078
0.0
0.0
0.0768953502
0.0521677701
0.0
0.0055432373
0.0841748382
0.0
0.0
0.0024390244
0.0
0.0024390244
0.0
0.0
0.0926089683
0.0000000000
0.0960272077
0.0705260065
0.0
0.0729049325
0.0
0.0829325885
0.0
0.0779621559
0.0024390244
0.0
0.0979691805
0.0000000000
0.0809727982
0.0
0.0752882127
0.0764351496
0.0696518616
0.0048780488
0.0000000000
0.0839735833
0.0788814177
0.0622729632
0.0000000000
0.0768953502
0.0000000000
0.0000000000
0.0968213679
0.0903458552
0.0024390244
0.0927312243
0.0783098132
0.0000000000
0.0886917960
0.0
0.0875313426
0.0728293442
0.0652521156
0.0954400848
0.1027708887
0.0000000000
0.0891420082
0.0087108014
0.0
0.0831780964
0.0032520325
0.0
0.0
0.0905204928
0.0666134684
0.0000000000
0.0
0.0759393540
0.0
0.0000000000
0.0000000000
0.0731707317
0.0781790790
0.0835739470
0.0651311103
0.0032520325
0.0771487122
0.0851441242
0.0878597904
0.0858202840
0.0726035167
0.1077360467
0.0802328983
0.0955699353
0.0
0.0909895109
0.0
0.0872595061
0.0785725978
0.0572018750
0.0000000000
0.0
0.0691376993
0.0024390244
0.0721931166
0.0838232726
0.0000000000
0.0000000000
0.0800956698
0.0920627817
0.0000000000
0.0
0.1023963592
0.0024390244
0.0024390244
0.0832767071
0.0000000000
0.0
0.0000000000
0.0
0.0831288786
0.0768953502
0.0965551924
0.0000000000
0.0
0.0000000000
0.0
0.0000000000
0.0831288786
0.0872595061
0.0718607698
0.0000000000
0.0806011502
0.0993548832
0.0693082412
0.0897112419
0.0055432373
0.0751271684
0.0000000000
0.0874768399
0.0668035211
0.0960928898
0.0801871032
0.0795964900
0.0673156708
0.0032520325
0.0
0.0664873662
0.0840238067
0.0927312243
0.0000000000
0.0000000000
0.0032520325
0.0000000000
0.0888039222
0.0000000000
0.0852474544
0.0721931166
0.0948600978
0.0739798867
0.0
0.0065040650
0.0711691007
0.0000000000
0.0704906196
0.0000000000
0.0821566110
0.0695484183
0.0874768399
0.0000000000
0.0032520325
0.0000000000
0.0914039069
0.0000000000
0.0000000000
0.0000000000
0.0024390244
0.0000000000
0.0000000000
0.0000000000
0.0024390244
0.0000000000
0.0000000000
0.0586832936
0.0024390244
0.0000000000
0.0024390244
0.0942238799
0.0609227254
0.0000000000
0.0000000000
0.0774037492
0.0825427761
0.0000000000
0.0000000000
0.0
0.0024390244
0.0631973931
0.0646218054
0.0000000000
0.0000000000
0.0000000000
0.0043360434
0.0000000000
0.0000000000
0.0718607698
0.0000000000
0.0024390244
0.0
0.0000000000
0.0897112419
0.0000000000
0.0667400498
0.0000000000
0.0000000000
0.0795514184
0.0000000000
0.0000000000
0.0000000000
0.0479153495
0.0000000000
0.0000000000
0.0048780488
0.0055432373
0.0000000000
0.0
0.0000000000
0.0
0.0000000000
0.0812068236
0.0521290556
0.0000000000
0.0000000000
0.0690018688
0.0000000000
0.0032520325
0.0000000000
0.0713498247
0.0024390244
0.0000000000
0.0759393540
0.0024390244
0.0000000000
0.0024390244
0.0000000000
0.0721560374
0.0000000000
0.0000000000
0.0000000000
0.0000000000
0.0000000000
0.0
0.0000000000
0.0000000000
0.0802787456
0.0781355978
0.0000000000
0.0000000000
0.0887478237
0.0000000000
0.0000000000
0.0000000000
0.0000000000
0.0024390244
0.0000000000
0.0000000000
0.0000000000
0.0840740903
0.0587323599
0.0000000000
0.0000000000
0.0000000000
0.0000000000
0.0000000000
0.0000000000
0.0000000000
0.0828836607
0.0000000000
0.0000000000
0.0000000000
0.0000000000
0.0000000000
0.0032520325
0.0000000000
0.0000000000
0.0000000000
0.0000000000
0.0000000000
0.0000000000
0.0690018688
0.0000000000
0.0000000000
0.0000000000
0.0000000000
0.0000000000
0.0000000000
0.0000000000
0.0000000000
0.0000000000
0.0000000000
0.0000000000
0.0000000000
0.0000000000
0.0000000000
0.0000000000
