0.0
0.0
0.0
0.0
0.0
0.1655833048
0.0
0.1200099182
0.0
0.0
0.0
0.1362612613
0.0000000000
0.0
0.0
0.0
0.0
0.0
0.0608108108
0.0
0.1677061677
0.0
0.0000000000
0.1744144144
0.0
0.2180180180
0.0000000000
0.0
0.1595253790
0.0
0.0
0.2255358807
0.0000000000
0.1348565060
0.0
0.1895808852
0.0
0.1698841699
0.0
0.1923688394
0.2144439521
0.0000000000
0.0
0.0000000000
0.0
0.1576033865
0.0
0.1118041118
0.0405405405
0.1334804192
0.0
0.0000000000
0.1503572538
0.1486486486
0.1108566193
0.0608108108
0.1868725869
0.2109851787
0.0
0.0405405405
0.0
0.1655833048
0.0000000000
0.1698841699
0.0000000000
0.0000000000
0.0000000000
