0.0
0.0
0.0
0.0
0.0
0.0
0.0
0.0
0.0
0.0
0.0
0.0
0.0
0.0
0.0
0.0
0.0
0.0
0.0
0.0
0.0
0.0
0.0
0.0
0.0
0.0
0.0
0.0
0.0
0.0
0.0
0.0711518697
0.0
0.0
0.0
0.0
0.0
0.0
0.0
0.0
0.0
0.0
0.0
0.0351648352
0.0
0.0
0.0
0.0
0.0
0.0
0.0
0.0
0.0247252747
0.0
0.0
0.0
0.0
0.0
0.0
0.0
0.0
0.1123876124
0.0
0.0
0.0
0.0
0.0
0.0
0.0
0.0
0.0875230964
0.0
0.0
0.0
0.0
0.0
0.0
0.0
0.0000000000
0.0
0.0
0.0
0.0
0.0
0.0
0.0392464678
0.0
0.0
0.0
0.0
0.0
0.0164835165
0.0
0.0
0.0
0.0
0.0109890110
0.0
0.0
0.0
0.0633981403
0.0
0.0109890110
0.0
0.0
0.0
0.0
0.0
0.0
0.0
0.0109890110
0.0219780220
0.0
0.0
0.0
0.0
0.0
0.0
0.0
0.0
0.0195360195
0.0
0.0941915228
0.0706436421
0.0646412411
0.1098901099
0.0000000000
0.0
0.0249750250
0.0
0.0
0.0
0.0
0.0852595680
0.0701426233
0.0
0.0883045526
0.0
0.0543412631
0.0
0.0
0.0691616076
0.0979218801
0.0305250305
0.0
0.0
0.0164835165
0.0247252747
0.0
0.0
0.0706436421
0.0000000000
0.0575006389
0.0
0.0
0.0
0.0
0.0
0.0109890110
0.0682076544
0.0
0.0507185123
0.0
0.0
0.0
0.0
0.0
0.0
0.0000000000
0.0
0.0
0.0
0.0778748810
0.0
0.0
0.0
0.0
0.0
0.0305250305
0.0
0.0
0.0891000891
0.0
0.0109890110
0.0109890110
0.0595789752
0.0
0.0146520147
0.0000000000
0.0211327134
0.0
0.0
0.0109890110
0.0
0.0109890110
0.0
0.0109890110
0.0109890110
0.0109890110
0.0
0.0247252747
0.0638071606
0.0247252747
0.0
0.0
0.0
0.0
0.0000000000
0.0109890110
0.0000000000
0.0588697017
0.0109890110
0.0
0.0000000000
0.0219780220
0.0109890110
0.0146520147
0.0
0.0784929356
0.0585213603
0.0164835165
0.0293040293
0.0109890110
0.0907349531
0.0706436421
0.0000000000
0.1150012778
0.0000000000
0.0696486612
0.0000000000
0.0000000000
0.0638071606
0.0219780220
0.0
0.0
0.0845308538
0.0000000000
0.0000000000
0.0164835165
0.0109890110
0.0000000000
0.0000000000
0.0211327134
0.0000000000
0.0000000000
0.0000000000
0.0000000000
0.0000000000
0.0000000000
0.0000000000
