0.0
0.0
0.0
0.0
0.1292122420
0.0
0.1576730883
0.0
0.0
0.0844146015
0.0
0.1294458989
0.0
0.1406357212
0.0
0.1345556054
0.1005387389
0.1358322241
0.0
0.0
0.1371332990
0.0844146015
0.0
0.0
0.0
0.1294458989
0.1058146077
0.1215340952
0.1451999637
0.1288633341
0.0
0.0
0.1425967771
0.1306269746
0.1345556054
0.1346821864
0.1373965107
0.1236331297
0.1132651615
0.0
0.0
0.1521436389
0.1511796876
0.1299157570
0.0
0.1411904972
0.1371332990
0.1279420591
0.1134446626
0.1171580722
0.1186140548
0.1185158644
0.1460889430
0.1321949808
0.1305078981
0.1403599649
0.1226796608
0.0
0.1131756239
0.1559555165
0.0
0.1010354017
0.0845142646
0.1411904972
0.0
0.1465375273
0.0
0.0883747927
0.1368710939
0.1306269746
0.1471399426
0.1424548897
0.0000000000
0.1428814014
0.1364796608
0.1261384706
0.1058146077
0.0059701493
0.0983966764
0.1240616674
0.1367403669
0.1529563720
0.1355749661
0.0
0.1502278743
0.1297979730
0.1328081300
0.0
0.0960853451
0.0968654697
0.1437421327
0.0
0.1204097260
0.1125528020
0.1088723682
0.0
0.1003977308
0.1249277174
0.1253652926
0.1410513933
0.1358322241
0.1244931862
0.1125528020
0.1045015797
0.1251461225
0.1373965107
0.0
0.1102133673
0.1468381171
0.0
0.1151787322
0.1134446626
0.0029850746
0.1219481807
0.0994907326
0.1279420591
0.1195051454
0.0
0.0967345704
0.1440313523
0.1183199704
0.1273729219
0.0864014268
0.1303890384
0.0000000000
0.1290957296
0.0920689159
0.1240616674
0.0000000000
0.1333027599
0.0
0.0
0.0749958953
0.0029850746
0.1556164828
0.0029850746
0.1319513034
0.1108963317
0.0959565444
0.1338010880
0.1194054747
0.1270338635
0.0911312312
0.0
0.1108104986
0.1441763990
0.1150861448
0.0000000000
0.1297979730
0.1232075423
0.1054250104
0.1335514591
0.1184178364
0.1305078981
0.1138053769
0.0943751906
0.0000000000
0.0000000000
0.1170622765
0.1088723682
0.1311054617
0.0000000000
0.1109822978
0.0924852482
0.1338010880
0.1165856386
0.1289794272
0.0039800995
0.0908421093
0.1441763990
0.0
0.0
0.0039800995
0.0
0.0968654697
0.0029850746
0.0
0.1325621891
0.1049612641
0.0
0.1055805046
0.0039800995
0.1089552239
0.1395391464
0.0000000000
0.0968654697
0.1158310390
0.0
0.0000000000
0.1128188843
0.1066025050
0.1255852317
0.1265845837
0.1120243851
0.1247100733
0.0000000000
0.1140774217
0.1348090058
0.1216373527
0.1203085413
0.0
0.1147172790
0.1270338635
0.0
0.1177361548
0.0067164179
0.0
0.0943130199
0.0
0.0917150315
0.0938185873
0.1348090058
0.0
0.1066819405
0.1038948942
0.1087896384
0.1021163796
0.1116748551
0.0
0.1121999719
0.0000000000
0.1272597015
0.1364796608
0.0000000000
0.0
0.1258059439
0.0000000000
0.0000000000
0.1265845837
0.1368710939
0.0970624842
0.1292122420
0.0
0.1444673705
0.1262497039
0.0748782239
0.1277137950
0.0
0.1182222660
0.0749958953
0.1266966055
0.0000000000
0.0000000000
0.0000000000
0.1149937062
0.0846642012
0.1130862276
0.0000000000
0.1120243851
0.0933293117
0.1220521434
0.0000000000
0.1066819405
0.1135346266
0.0909575376
0.0897037370
0.1186140548
0.1136247335
0.1300337549
0.1117620329
0.0
0.0990091039
0.1002571178
0.0933901919
0.0846642012
0.1166806554
0.1062070951
0.1048075872
0.0059701493
0.0000000000
0.0000000000
0.1529563720
0.0843151733
0.0000000000
0.0029850746
0.0
0.0000000000
0.0000000000
0.0000000000
0.1132651615
0.0039800995
0.1182222660
0.0000000000
0.0039800995
0.1101285878
0.0000000000
0.0948755230
0.0029850746
0.0029850746
0.1086245555
0.0
0.0029850746
0.1150861448
0.0883747927
0.0029850746
0.1084599729
0.0956999761
0.0871907212
0.0039800995
0.0000000000
0.0000000000
0.0000000000
0.0979255569
0.1102982775
0.0000000000
0.0000000000
0.0000000000
0.0029850746
0.0970624842
0.0000000000
0.0000000000
0.0029850746
0.0000000000
0.0029850746
0.0029850746
0.0969967237
0.0044776119
0.0000000000
0.1037443219
0.0932077892
0.0029850746
0.1200060052
0.0845641844
0.0029850746
0.0000000000
0.0000000000
0.0067164179
0.0044776119
0.0000000000
0.0000000000
0.0000000000
0.0000000000
0.1092879116
0.0029850746
0.0000000000
0.0000000000
0.0000000000
0.0000000000
0.0000000000
0.0000000000
0.1154573905
0.0029850746
0.0000000000
0.0000000000
0.1104684909
0.0000000000
0.0000000000
0.0059701493
0.1125528020
0.0837234878
0.0000000000
0.0000000000
0.0000000000
0.0000000000
0.1102982775
0.0029850746
0.0000000000
0.0000000000
0.0000000000
0.0000000000
0.0029850746
0.0960853451
0.0908421093
0.0029850746
0.0000000000
0.0000000000
0.0000000000
0.0000000000
0.0000000000
0.0000000000
0.0000000000
0.0000000000
0.0000000000
0.0000000000
0.0000000000
0.0820912639
0.1182222660
0.0000000000
0.0000000000
0.0000000000
0.0000000000
0.0000000000
0.0000000000
0.0000000000
0.0000000000
0.0000000000
0.0000000000
0.0000000000
