0.0
0.0
0.0
0.0
0.1355536079
0.0
0.1541528239
0.0
0.0
0.1205194805
0.0
0.1328371028
0.0
0.1164951042
0.0
0.1167002012
0.0929673412
0.1081333023
0.0
0.1284606866
0.0896965011
0.0049261084
0.0
0.0
0.0
0.1175278622
0.0977665402
0.1272278585
0.1253038077
0.1097445601
0.0
0.0
0.1401389308
0.1297176405
0.1309994353
0.1312588402
0.1053826936
0.1127308066
0.0131362890
0.0
0.0
0.1486226778
0.1200828157
0.0784446323
0.0
0.1253038077
0.0690476190
0.1127308066
0.0776179324
0.1058877225
0.1079571894
0.1108456761
0.1062271062
0.1067402807
0.1279646994
0.1169060217
0.0970508262
0.1597246127
0.0903075127
0.1250673854
0.0
0.1015095165
0.0000000000
0.1269841270
0.0
0.1274725275
0.0
0.1355536079
0.1179461108
0.1055505005
0.1205194805
0.1154803385
0.1187916027
0.1250673854
0.0992301112
0.1323068149
0.1076066790
0.0000000000
0.0948293480
0.0697010665
0.1070851604
0.1437867989
0.1072584374
0.0
0.1269841270
0.1060571429
0.1299719888
0.0112596763
0.0805415726
0.0000000000
0.1366715758
0.0
0.0112596763
0.0936238902
0.0000000000
0.1097445601
0.0000000000
0.1181563535
0.0065681445
0.0996777658
0.0000000000
0.1060571429
0.0904307153
0.1135029354
0.0900621118
0.1447286338
0.0792891319
0.0984928890
0.1248318536
0.0
0.0974789916
0.0967674661
0.0000000000
0.0794792737
0.0000000000
0.1150793651
0.0792891319
0.0000000000
0.0000000000
0.0916814859
0.0790998977
0.0000000000
0.0000000000
0.0000000000
0.0697010665
0.0905542545
0.0000000000
0.1150793651
0.1181563535
0.0892136128
0.0
0.0
0.0000000000
0.0000000000
0.1333716585
0.0000000000
0.0065681445
0.0782594029
0.0000000000
0.1018213737
0.0916814859
0.0971931295
0.0890937020
0.0
0.1050486756
0.1260184682
0.0000000000
0.0000000000
0.1067402807
0.0982010582
0.0000000000
0.1150793651
0.0776179324
0.0098522167
0.0689040689
0.0000000000
0.0000000000
0.0000000000
0.0962056811
0.0000000000
0.0784446323
0.0000000000
0.0000000000
0.0049261084
0.0971931295
0.0839059675
0.0000000000
0.0078817734
0.0049261084
0.1150793651
0.0
0.0
0.0000000000
0.0000000000
0.0000000000
0.0000000000
0.0
0.1053826936
0.0000000000
0.0
0.0780750463
0.0000000000
0.0000000000
0.0000000000
0.0000000000
0.0049261084
0.0049261084
0.0000000000
0.0000000000
0.0000000000
0.0098522167
0.0903075127
0.0049261084
0.0000000000
0.1150793651
0.0000000000
0.0953751285
0.0690476190
0.0000000000
0.0835885426
0.0698479603
0.0000000000
0.0065681445
0.0
0.0000000000
0.0000000000
0.0000000000
0.0000000000
0.0979109517
0.0065681445
0.0000000000
0.0820367751
0.0000000000
0.0000000000
0.0000000000
0.0000000000
0.0049261084
0.0000000000
0.0049261084
0.0698479603
0.0000000000
0.0718155084
0.0000000000
0.0000000000
0.0000000000
0.0000000000
0.0000000000
0.0000000000
0.0078817734
0.0890937020
0.0000000000
0.0000000000
0.0000000000
0.0000000000
0.0000000000
0.0000000000
0.0000000000
