0.0
0.0
0.0
0.0
0.0
0.0
0.0
0.0
0.0
0.0
0.0
0.0
0.0
0.0
0.0
0.0
0.0
0.0
0.0
0.0
0.0
0.0
0.0
0.0
0.0
0.0
0.0
0.0
0.0
0.0
0.0
0.0
0.0
0.0
0.0
0.0
0.0
0.0
0.0
0.0
0.0
0.0
0.0
0.0
0.0
0.0
0.0
0.0
0.0
0.0
0.0
0.0
0.0
0.0
0.0
0.0
0.0
0.0
0.0
0.0
0.1793185894
0.0
0.0
0.0
0.0
0.0
0.0
0.0
0.0
0.0
0.0
0.0
0.0
0.0
0.0
0.1661129568
0.0
0.0
0.0
0.1855287570
0.0
0.0
0.0
0.0
0.0
0.0
0.0000000000
0.0
0.0
0.0
0.0
0.1575630252
0.0
0.0
0.0
0.0
0.0
0.0
0.0
0.0
0.0
0.0
0.0
0.0
0.0
0.0
0.0
0.0
0.0
0.2021563342
0.0
0.0
0.0
0.0
0.0
0.0
0.0
0.0
0.1207243461
0.1326846528
0.0
0.1356238698
0.0
0.0
0.0
0.0
0.0
0.0
0.0
0.0
0.0
0.0
0.0
0.1035196687
0.0
0.0
0.0
0.1438159156
0.1221001221
0.1921844971
0.0
0.1364877161
0.0
0.0
0.0
0.0
0.0
0.0
0.0
0.0
0.1356238698
0.0
0.1547189273
0.0
0.0
0.0
0.1749271137
0.0
0.1158301158
0.1364877161
0.0
0.0000000000
0.1231527094
0.0999000999
0.1667593107
0.0
0.0
0.1654715940
0.0
0.0
0.0
0.1887979862
0.0
0.1680672269
0.0
0.1728110599
0.1482946120
0.1477832512
0.0
0.1400560224
0.0
0.0
0.1793185894
0.1611170784
0.1536098310
0.0
0.1728110599
0.0
0.1503759398
0.1364877161
0.0119047619
0.1318681319
0.1369237791
0.0
0.0
0.0
0.0
0.1839362354
0.1127819549
0.0
0.0
0.0
0.1142857143
0.0
0.0976244712
0.1778304683
0.1721170396
0.1467710372
0.0
0.0000000000
0.0000000000
0.0
0.1948051948
0.1267962806
0.1547189273
0.1405152225
0.1369237791
0.1593202337
0.0000000000
0.0
0.0000000000
0.0
0.1121914734
0.1593202337
0.1142857143
0.1142857143
0.0
0.1275510204
0.1593202337
0.1356238698
0.1318681319
0.0
0.1536098310
0.0000000000
0.0000000000
0.0000000000
0.0119047619
0.0000000000
0.0000000000
0.0
0.0000000000
0.1177394035
0.0000000000
0.0000000000
0.0000000000
0.0000000000
0.0000000000
0.1306620209
0.1121914734
0.0000000000
0.0000000000
0.0000000000
0.0000000000
0.0000000000
