0.0
0.0
0.0
0.0
0.0
0.0
0.0
0.0
0.0
0.0000000000
0.0
0.0
0.0
0.0
0.0
0.0000000000
0.0
0.0
0.0
0.0
0.0
0.0
0.0
0.0
0.0300000000
0.0
0.0000000000
0.0
0.0
0.0
0.0200000000
0.0200000000
0.0
0.0
0.0
0.0
0.0
0.0
0.0
0.0
0.0
0.0
0.0
0.0000000000
0.0
0.0
0.0000000000
0.0
0.0
0.0720000000
0.0
0.0
0.0000000000
0.0
0.0
0.0
0.0
0.0
0.0
0.0
0.0
0.0000000000
0.0
0.0
0.0000000000
0.0
0.0
0.0
0.0
0.0266666667
0.0200000000
0.0378947368
0.0
0.0
0.0
0.0
0.0
0.0000000000
0.0200000000
0.0
0.0
0.0
0.0
0.0
0.0
0.0300000000
0.0
0.0
0.0
0.0
0.0
0.0000000000
0.0
0.0
0.0000000000
0.0
0.0000000000
0.0
0.0
0.0
0.0000000000
0.0
0.0000000000
0.0600000000
0.0450000000
0.0
0.0
0.0200000000
0.0266666667
0.0553846154
0.0200000000
0.0000000000
0.0400000000
0.0
0.0000000000
0.0654545455
0.0423529412
0.0000000000
0.0200000000
0.0000000000
0.0514285714
0.0200000000
0.0000000000
0.0000000000
0.0450000000
0.0000000000
0.0000000000
0.0000000000
0.0000000000
0.0200000000
0.0000000000
0.0000000000
0.0000000000
0.0200000000
