0.0
0.0
0.0
0.0
0.0
0.0
0.0
0.0
0.0
0.0
0.0
0.0
0.0
0.0
0.0
0.0956022945
0.0
0.0
0.0
0.0
0.0
0.0
0.0
0.0
0.0
0.0
0.0
0.0
0.0
0.0000000000
0.0
0.1086956522
0.0
0.0
0.0
0.0
0.0914076782
0.0725689405
0.0111111111
0.0
0.0990099010
0.0
0.0
0.0813008130
0.0753012048
0.0
0.0
0.0
0.0
0.0836120401
0.0
0.0
0.0838926174
0.0
0.0810372771
0.0
0.0
0.1106194690
0.0
0.0
0.0
0.0
0.0
0.0
0.0
0.0
0.0
0.0
0.0
0.0
0.0869565217
0.0863557858
0.0757575758
0.0
0.0892857143
0.0
0.0891265597
0.0
0.0061728395
0.0
0.0929368030
0.0943396226
0.0
0.1144164760
0.0905797101
0.0729927007
0.0
0.1133786848
0.0974658869
0.0757575758
0.0
0.0
0.0
0.0
0.0
0.0
0.0000000000
0.0756429652
0.0
0.0
0.0
0.0111111111
0.0000000000
0.0082304527
0.0
0.0061728395
0.0
0.0
0.0
0.0872600349
0.0000000000
0.0000000000
0.1138952164
0.1039501040
0.0712250712
0.1190476190
0.1082251082
0.0000000000
0.0
0.0
0.0
0.0
0.0881834215
0.0945179584
0.0
0.0783699060
0.0
0.0
0.0
0.0
0.0
0.0974658869
0.0061728395
0.0
0.0061728395
0.0904159132
0.1039501040
0.0
0.0
0.0632111252
0.0910746812
0.0
0.0061728395
0.0
0.0061728395
0.0
0.0697350070
0.0
0.1201923077
0.0061728395
0.0000000000
0.0000000000
0.0796178344
0.0897666068
0.0
0.0111111111
0.0769230769
0.0920810313
0.0754147813
0.0667556742
0.0061728395
0.0
0.0868055556
0.1010101010
0.0780031201
0.0000000000
0.0721500722
0.0705218618
0.0
0.0856164384
0.0
0.0794912560
0.0827814570
0.0
0.0000000000
0.0675675676
0.0
0.0
0.0950570342
0.0000000000
0.0000000000
0.0
0.0764525994
0.0000000000
0.0000000000
0.0773993808
0.0936329588
0.0667556742
0.0696378830
0.0757575758
0.0
0.0806451613
0.1030927835
0.0
0.0061728395
0.0822368421
0.0789889415
0.0884955752
0.0
0.0000000000
0.0123456790
0.0757575758
0.0061728395
0.0598086124
0.0000000000
0.0
0.0900900901
0.0185185185
0.0000000000
0.0
0.0000000000
0.0761035008
0.0813008130
0.0
0.1016260163
0.0
0.0669344043
0.0
0.0786163522
0.0547045952
0.0976562500
0.0000000000
0.0000000000
0.0000000000
0.0000000000
0.0667556742
0.0000000000
0.0000000000
0.0797448166
0.0000000000
0.0000000000
0.0984251969
0.0672947510
0.0000000000
0.0547045952
0.0606060606
0.0000000000
0.0764525994
0.0000000000
0.0000000000
0.0697350070
0.0000000000
0.0000000000
0.0000000000
0.0667556742
0.0000000000
0.0000000000
0.0000000000
0.0
0.0000000000
0.0000000000
0.0664893617
0.0642673522
0.0082304527
0.0000000000
0.0000000000
0.0
0.0000000000
0.0000000000
0.0642673522
0.0000000000
0.0000000000
0.0
0.0000000000
0.0748502994
0.0000000000
0.0000000000
0.0000000000
0.0000000000
0.0000000000
0.0000000000
0.0000000000
0.0000000000
0.0000000000
0.0000000000
