0.0
0.0
0.0
0.0
0.1451474489
0.0
0.1336566092
0.0
0.0
0.1183674768
0.0
0.1331020175
0.0
0.1353484650
0.0
0.1069252874
0.0881252368
0.1419362222
0.0
0.1314655172
0.0086206897
0.0000000000
0.0
0.0
0.0
0.1359219755
0.1087375804
0.1314655172
0.1133483612
0.1149734273
0.0
0.0
0.1298687701
0.1471448909
0.1325520091
0.1485073436
0.1183674768
0.1347797740
0.0172413793
0.0
0.0
0.1491980754
0.1277991482
0.0086206897
0.0
0.0086206897
0.0000000000
0.1055183757
0.0086206897
0.1196924858
0.1065700538
0.1034760845
0.0086206897
0.0853127293
0.1196924858
0.0086206897
0.0891044061
0.1513093689
0.0000000000
0.0000000000
0.0946241481
0.0969111366
0.0000000000
0.1137503057
0.0
0.1277991482
0.0
0.1170714825
0.1125529341
0.1125529341
0.1303966919
0.0896021961
0.0086206897
0.1309289233
0.1069252874
0.1179323022
0.0000000000
0.0960406773
0.0000000000
0.0000000000
0.1314655172
0.0891044061
0.1051724138
0.0
0.1153870007
0.1243317295
0.1257944557
0.0114942529
0.1175003158
0.0000000000
0.1069252874
0.0
0.0114942529
0.0963290877
0.0000000000
0.1141551111
0.0668283046
0.1062171729
0.0000000000
0.0000000000
0.0000000000
0.0000000000
0.0000000000
0.0960406773
0.1015113488
0.1325520091
0.0000000000
0.0668283046
0.0767406369
0.0763752053
0.1051724138
0.0000000000
0.0000000000
0.0000000000
0.0000000000
0.0000000000
0.0000000000
0.0000000000
0.0000000000
0.0000000000
0.0000000000
0.0000000000
0.0000000000
0.0000000000
0.0000000000
0.0086206897
0.0000000000
0.0000000000
0.0000000000
0.0000000000
0.0000000000
0.0000000000
0.0000000000
0.0000000000
0.0000000000
0.0000000000
0.0000000000
0.0000000000
0.0000000000
0.0000000000
