0.0
0.0
0.0
0.0
0.0
0.0
0.0
0.0
0.0
0.0
0.0
0.0
0.0
0.0
0.0
0.0
0.0
0.0
0.0
0.0
0.0
0.0
0.0
0.0
0.0
0.0
0.0
0.0
0.0
0.0
0.0
0.0772965953
0.0
0.0
0.0
0.0
0.0
0.0
0.0
0.0
0.0
0.0
0.0
0.0878972713
0.0
0.0
0.0
0.0
0.0
0.0
0.0
0.0
0.0312109863
0.0
0.0
0.0
0.0
0.0
0.0
0.0
0.0
0.1211182872
0.0
0.0
0.0
0.0
0.0
0.0
0.0
0.0
0.0932243786
0.0
0.0
0.0
0.0
0.0
0.0
0.0
0.0000000000
0.0
0.0
0.0
0.0
0.0
0.0
0.0610397717
0.0
0.0
0.0
0.0
0.0
0.0378474276
0.0
0.0
0.0
0.0
0.0000000000
0.0
0.0
0.0
0.0000000000
0.0
0.0112359551
0.0
0.0
0.0
0.0
0.0
0.0
0.0
0.0000000000
0.1060829136
0.0
0.0
0.0
0.0
0.0
0.0
0.0
0.0
0.0638258194
0.0
0.1075665907
0.0949507560
0.0750342560
0.1174200189
0.0000000000
0.0
0.0534098002
0.0
0.0
0.0
0.0
0.0910178844
0.0818192685
0.0
0.0998832628
0.0
0.0638258194
0.0
0.0
0.0757735097
0.1046396087
0.0699182840
0.0
0.0
0.0312109863
0.0266333749
0.0
0.0
0.0112359551
0.0000000000
0.0643599267
0.0
0.0
0.0
0.0
0.0
0.0112359551
0.0750342560
0.0
0.0571822397
0.0
0.0
0.0
0.0
0.0
0.0
0.0000000000
0.0
0.0
0.0
0.0
0.0
0.0
0.0
0.0
0.0
0.0534098002
0.0
0.0
0.1131031064
0.0
0.0112359551
0.0112359551
0.0660172638
0.0
0.0276577355
0.0000000000
0.0809580130
0.0
0.0
0.0000000000
0.0
0.0112359551
0.0
0.0255362615
0.0187265918
0.0555307670
0.0
0.0326864147
0.0743092873
0.0255362615
0.0
0.0
0.0
0.0
0.0000000000
0.0112359551
0.0000000000
0.0654554148
0.0112359551
0.0
0.0000000000
0.0000000000
0.0112359551
0.0399500624
0.0
0.0899533478
0.0112359551
0.0211500330
0.0743092873
0.0112359551
0.1005360946
0.0943682360
0.0231968104
0.1314702775
0.0299625468
0.0765274750
0.0
0.0112359551
0.0743092873
0.0378474276
0.0
0.0
0.0943682360
0.0000000000
0.0000000000
0.0187265918
0.0112359551
0.0
0.0000000000
0.0
0.0000000000
0.0000000000
0.0000000000
0.0000000000
0.0686697432
0.0000000000
0.0000000000
0.0112359551
0.0000000000
