0.0
0.0
0.0
0.0
0.0
0.0
0.0
0.0
0.0
0.0
0.0
0.0
0.0
0.0
0.0
0.0947578716
0.0
0.0
0.0
0.0
0.0
0.0
0.0
0.0
0.0
0.0
0.0
0.0
0.0
0.0000000000
0.0
0.1088976876
0.0
0.0
0.0
0.0
0.0913926387
0.0719045025
0.0111111111
0.0
0.0987779025
0.0
0.0
0.0809520890
0.0743086045
0.0
0.0
0.0
0.0
0.0834386719
0.0
0.0
0.0835813021
0.0
0.0809520890
0.0
0.0
0.1113782727
0.0
0.0
0.0
0.0
0.0
0.0
0.0
0.0
0.0
0.0
0.0
0.0
0.0857808100
0.0860828552
0.0756889500
0.0
0.0885780104
0.0
0.0889001122
0.0
0.0061728395
0.0
0.0927800033
0.0940289649
0.0
0.1142407984
0.0912221301
0.0726523948
0.0
0.1126614326
0.0962501215
0.0747630913
0.0
0.0
0.0
0.0
0.0
0.0
0.0000000000
0.0745351551
0.0
0.0
0.0
0.0111111111
0.0000000000
0.0082304527
0.0
0.0061728395
0.0
0.0
0.0
0.0873126102
0.0000000000
0.0000000000
0.1150472041
0.1038111714
0.0708624083
0.1186773343
0.1072260126
0.0000000000
0.0
0.0
0.0
0.0
0.0876255587
0.0940289649
0.0
0.0776112091
0.0
0.0
0.0
0.0
0.0
0.0975949336
0.0061728395
0.0
0.0061728395
0.0900461542
0.1033722235
0.0
0.0
0.0628471230
0.0902122910
0.0
0.0061728395
0.0
0.0061728395
0.0
0.0695520081
0.0
0.1201352868
0.0061728395
0.0000000000
0.0000000000
0.0795041654
0.0892245652
0.0
0.0111111111
0.0766380278
0.0920810955
0.0740834269
0.0658963096
0.0061728395
0.0
0.0854808771
0.1040320462
0.0951265792
0.0000000000
0.0714840084
0.0707598578
0.0
0.0854808771
0.0
0.0792464534
0.0820386942
0.0
0.0000000000
0.0666145255
0.0
0.0
0.0956850523
0.0000000000
0.0000000000
0.0
0.0759240089
0.0000000000
0.0000000000
0.0768790279
0.0934896018
0.0658963096
0.0693546975
0.0747630913
0.0
0.0810863379
0.1029369721
0.0
0.0061728395
0.0816278159
0.0786094240
0.0880992103
0.0
0.0000000000
0.0123456790
0.0747630913
0.0061728395
0.0590520069
0.0000000000
0.0
0.0897157096
0.0185185185
0.0000000000
0.0
0.0000000000
0.0749924260
0.0816278159
0.0
0.1012320119
0.0
0.0660744077
0.0
0.0784832451
0.0539680593
0.0974005214
0.0000000000
0.0000000000
0.0000000000
0.0000000000
0.0666145255
0.0000000000
0.0000000000
0.0795041654
0.0000000000
0.0000000000
0.0981828549
0.0667965324
0.0000000000
0.0539680593
0.0597739141
0.0000000000
0.0760420867
0.0000000000
0.0000000000
0.0695520081
0.0000000000
0.0000000000
0.0000000000
0.0658963096
0.0000000000
0.0000000000
0.0000000000
0.0
0.0000000000
0.0000000000
0.0
0.0636654450
0.0082304527
0.0000000000
0.0000000000
0.0
0.0000000000
0.0000000000
0.0636654450
0.0000000000
0.0000000000
0.0
0.0000000000
0.0745351551
0.0000000000
0.0000000000
0.0000000000
0.0000000000
0.0000000000
0.0000000000
0.0000000000
0.0000000000
0.0000000000
0.0000000000
0.0000000000
