0.0
0.0
0.0
0.0
0.0
0.0
0.1507450980
0.0
0.0
0.0
0.0
0.0
0.0
0.0
0.0
0.1413235294
0.0
0.0
0.0
0.0
0.0
0.0
0.0
0.0
0.0
0.0
0.0
0.0
0.0
0.1076750700
0.0
0.1961224490
0.1531474104
0.0
0.0
0.0
0.1884313725
0.0000000000
0.0000000000
0.0
0.1839234450
0.1110982659
0.0
0.1575409836
0.1408058608
0.0
0.0
0.0
0.0
0.1281333333
0.0
0.0
0.1628813559
0.0
0.0000000000
0.0
0.1372857143
0.1232051282
0.0
0.0
0.0
0.0
0.0
0.0
0.0
0.0
0.0
0.0000000000
0.1179141104
0.0
0.1397818182
0.1387725632
0.0000000000
0.0
0.1723766816
0.0
0.1205015674
0.1700884956
0.0000000000
0.1294276094
0.1423703704
0.1595020747
0.1513385827
0.1531474104
0.1348771930
0.1294276094
0.0
0.1095156695
0.0998441558
0.1268646865
0.0
0.0
0.0
0.1700884956
0.0
0.0
0.0861883408
0.1339372822
0.0
0.0
0.1513385827
0.1303050847
0.1220317460
0.1079775281
0.0
0.1550000000
0.0
0.0
0.0933009709
0.0000000000
0.1137278107
0.1311945392
0.1731531532
0.1232051282
0.1220317460
0.0000000000
0.1294276094
0.1450566038
0.1044565217
0.0
0.0
0.1073743017
0.1507450980
0.1061878453
0.0
0.1264473684
0.1150898204
0.1220317460
0.0
0.0000000000
0.1320962199
0.1495719844
0.1428996283
0.0
0.1367971530
0.1303050847
0.0000000000
0.0
0.1190092879
0.1216455696
0.1581893004
0.0000000000
0.0000000000
0.0000000000
0.1348771930
0.0100000000
0.0000000000
0.1264473684
0.0000000000
0.0100000000
0.0000000000
0.0000000000
0.0000000000
0.0100000000
0.0000000000
0.0000000000
0.0000000000
0.0000000000
0.0000000000
0.0000000000
0.0100000000
0.0000000000
0.0000000000
0.0000000000
0.0000000000
0.0000000000
0.0000000000
0.0000000000
0.0000000000
0.0000000000
0.0000000000
