0.0
0.0
0.0
0.0
0.0
0.0
0.0
0.0
0.0
0.0
0.0
0.0
0.0
0.0
0.0
0.0
0.0
0.0
0.0
0.0
0.0
0.0
0.0
0.0
0.0
0.0
0.0
0.0
0.0
0.0
0.0
0.0
0.0
0.0
0.0
0.0
0.0
0.0
0.0
0.0
0.0
0.0
0.0000000000
0.0180180180
0.0
0.0
0.0
0.0
0.0
0.0
0.0
0.0
0.0
0.0
0.0
0.0
0.0
0.0
0.0
0.0
0.0970798385
0.0
0.0
0.0
0.0
0.0
0.0
0.0
0.0
0.0
0.0
0.0
0.0
0.0
0.0
0.0180180180
0.0
0.0
0.0
0.1299376299
0.0
0.0
0.0
0.0
0.0
0.0
0.0135135135
0.0
0.0
0.0
0.0
0.0861831219
0.0
0.0
0.0
0.0
0.0
0.0
0.0
0.0
0.0
0.0135135135
0.0
0.0
0.0
0.0
0.0
0.0889046942
0.0
0.0774857426
0.0
0.0
0.0
0.0
0.0
0.0
0.0000000000
0.0
0.0408783784
0.0709743357
0.0
0.0430298720
0.0
0.0
0.0
0.0
0.0
0.0
0.0000000000
0.0
0.0
0.0
0.0
0.0743243243
0.0
0.0
0.0
0.0545045045
0.0135135135
0.1096876097
0.0
0.0681306306
0.0
0.0
0.0
0.0
0.0
0.0
0.0
0.0
0.0000000000
0.0
0.0760896031
0.1189569852
0.0
0.0583976834
0.0430298720
0.0686662272
0.0454204204
0.0836232272
0.0
0.0853125853
0.0616492405
0.0000000000
0.0270270270
0.0
0.0
0.0000000000
0.0747428845
0.0
0.0
0.0970798385
0.0774857426
0.0135135135
0.0135135135
0.0861831219
0.0583976834
0.1189569852
0.0
0.0000000000
0.0
0.0
0.1189569852
0.0635033530
0.0408783784
0.0760896031
0.0635033530
0.0000000000
0.0836232272
0.0000000000
0.0709743357
0.0000000000
0.0355464160
0.0
0.0480922099
0.0
0.0000000000
0.0000000000
0.0000000000
0.0000000000
0.0
0.0
0.0000000000
0.0000000000
0.0135135135
0.0970798385
0.0000000000
0.0135135135
0.0000000000
0.0000000000
0.0928125928
0.0000000000
0.0000000000
0.0000000000
0.0135135135
0.0000000000
0.0000000000
0.0000000000
0.0000000000
