0.0
0.0
0.0
0.0
0.0
0.0
0.0
0.0
0.0
0.0
0.0
0.0
0.0
0.0
0.0
0.0
0.0
0.0
0.0
0.0
0.0
0.0
0.0
0.0
0.0
0.0
0.0610169492
0.0
0.0
0.0
0.0371049015
0.0549152542
0.0
0.0
0.0
0.0
0.0
0.0
0.0
0.0
0.0
0.0
0.0
0.0371049015
0.0
0.0
0.0
0.0
0.0
0.0451977401
0.0
0.0
0.0000000000
0.0
0.0
0.0
0.0
0.0
0.0
0.0
0.0
0.0596904937
0.0
0.0
0.0371049015
0.0
0.0
0.0
0.0
0.0338983051
0.0000000000
0.0000000000
0.0
0.0
0.0
0.0
0.0
0.0
0.0254237288
0.0
0.0
0.0
0.0
0.0
0.0
0.0338983051
0.0
0.0
0.0
0.0
0.0
0.0338983051
0.0
0.0
0.0371049015
0.0
0.0000000000
0.0
0.0
0.0
0.0406779661
0.0
0.0473407364
0.0338983051
0.0225988701
0.0
0.0
0.0
0.0
0.0301318267
0.0000000000
0.0000000000
0.0
0.0
0.0
0.0542372881
0.0000000000
0.0
0.0549152542
0.0435835351
0.0169491525
0.0473407364
0.0225988701
0.0000000000
0.0469361147
0.0000000000
0.0225988701
0.0
0.0000000000
0.0381355932
0.0000000000
0.0
0.0
0.0225988701
0.0225988701
0.0000000000
0.0225988701
0.0554699538
0.0338983051
0.0254237288
0.0000000000
0.0596904937
0.0169491525
0.0000000000
0.0
0.0000000000
0.0000000000
0.0381355932
0.0000000000
0.0321141838
0.0000000000
0.0000000000
0.0000000000
0.0000000000
0.0
0.0338983051
0.0000000000
0.0
0.0000000000
