0.0
0.0
0.0
0.0
0.1879699248
0.0
0.1794258373
0.0
0.0
0.1178318932
0.0
0.1283697047
0.0
0.1814882033
0.0
0.1448575567
0.0175438596
0.1326846528
0.0
0.1716247140
0.1547987616
0.0000000000
0.0
0.0
0.0
0.1735106998
0.1127819549
0.1448575567
0.0000000000
0.1397298556
0.0
0.1304915181
0.1315789474
0.1754385965
0.1397298556
0.1503759398
0.1716247140
0.1489572989
0.0233918129
0.0
0.0350877193
0.1475651746
0.1066856330
0.0000000000
0.0
0.0000000000
0.0233918129
0.0000000000
0.0000000000
0.1349527665
0.1361161525
0.0175438596
0.0000000000
0.0000000000
0.0968679367
0.0000000000
0.1160990712
0.1611170784
0.0000000000
0.0000000000
0.0000000000
0.0000000000
0.0000000000
0.0000000000
0.0956937799
0.1422475107
0.0000000000
0.1304915181
0.0000000000
0.1081470800
0.0000000000
0.0000000000
0.0000000000
0.0000000000
0.0000000000
