0.0053191489
0.0
0.0
0.0
0.0
0.0
0.0053191489
0.0
0.0
0.0000000000
0.0
0.0
0.0
0.0
0.0
0.0
0.0
0.0159574468
0.0
0.0
0.0
0.0
0.0
0.0000000000
0.0
0.0
0.0053191489
0.0
0.0
0.0
0.0
0.0
0.0
0.0
0.0
0.0
0.0
0.0
0.0
0.0
0.0
0.0
0.0144799054
0.0000000000
0.0
0.0
0.0
0.0
0.0
0.0
0.0
0.0
0.0000000000
0.0000000000
0.0000000000
0.0
0.0053191489
0.0
0.0000000000
0.0
0.0
0.0000000000
0.0
0.0
0.0053191489
0.0106382979
0.0
0.0000000000
0.0070921986
0.0
0.0053191489
0.0212765957
0.0186170213
0.0
0.0079787234
0.0186170213
0.0
0.0
0.0
0.0
0.0108599291
0.0
0.0
0.0079787234
0.0
0.0214539007
0.0
0.0
0.0000000000
0.0162898936
0.0
0.0
0.0053191489
0.0070921986
0.0000000000
0.0000000000
0.0
0.0
0.0160904255
0.0
0.0106382979
0.0000000000
0.0
0.0
0.0
0.0
0.0
0.0
0.0
0.0
0.0
0.0106382979
0.0
0.0
0.0
0.0
0.0
0.0106382979
0.0112640801
0.0053191489
0.0
0.0070921986
0.0
0.0070921986
0.0
0.0186170213
0.0
0.0053191489
0.0053191489
0.0
0.0191489362
0.0070921986
0.0
0.0
0.0207618394
0.0000000000
0.0
0.0070921986
0.0000000000
0.0000000000
0.0070921986
0.0
0.0
0.0053191489
0.0000000000
0.0165030005
0.0106382979
0.0000000000
0.0186170213
0.0053191489
0.0000000000
0.0
0.0000000000
0.0053191489
0.0000000000
0.0
0.0
0.0
0.0106382979
0.0
0.0
0.0000000000
0.0
0.0
0.0
0.0
0.0144799054
0.0000000000
0.0070921986
0.0
0.0000000000
0.0
0.0100245499
0.0000000000
0.0000000000
0.0
0.0100245499
0.0000000000
0.0
0.0000000000
0.0
0.0053191489
0.0
0.0070921986
0.0053191489
0.0
0.0221936904
0.0000000000
0.0000000000
0.0000000000
0.0162898936
0.0000000000
0.0053191489
0.0106382979
0.0214539007
0.0
0.0
0.0
0.0130319149
0.0130319149
0.0070921986
0.0053191489
0.0
0.0127659574
0.0070921986
0.0130319149
0.0070921986
0.0178782506
0.0106382979
0.0106382979
0.0119680851
0.0053191489
0.0
0.0127659574
0.0070921986
0.0
0.0000000000
0.0119680851
0.0053191489
0.0000000000
0.0
0.0
0.0
0.0
0.0000000000
0.0136778116
0.0306484296
0.0070921986
0.0070921986
0.0
0.0247545008
0.0053191489
0.0053191489
0.0000000000
0.0000000000
0.0000000000
0.0000000000
0.0000000000
0.0
0.0000000000
0.0053191489
0.0000000000
0.0053191489
0.0
0.0
0.0070921986
0.0000000000
0.0000000000
0.0108599291
0.0000000000
0.0000000000
0.0000000000
0.0292553191
0.0053191489
0.0130319149
0.0053191489
0.0000000000
0.0
0.0000000000
0.0321808511
0.0000000000
0.0000000000
0.0
0.0000000000
0.0
0.0
0.0000000000
0.0000000000
0.0000000000
0.0000000000
0.0000000000
0.0000000000
0.0053191489
0.0178782506
0.0000000000
0.0053191489
0.0000000000
0.0053191489
0.0000000000
0.0000000000
0.0053191489
0.0000000000
0.0053191489
0.0000000000
0.0000000000
0.0
0.0000000000
0.0000000000
0.0000000000
0.0000000000
0.0000000000
0.0000000000
0.0000000000
0.0000000000
0.0000000000
0.0000000000
0.0070921986
0.0000000000
0.0070921986
0.0000000000
0.0000000000
0.0000000000
0.0000000000
0.0000000000
0.0000000000
0.0000000000
0.0000000000
0.0000000000
0.0000000000
0.0000000000
0.0000000000
0.0000000000
0.0000000000
0.0000000000
0.0000000000
0.0000000000
