0.0
0.0
0.0
0.0
0.0
0.0
0.0
0.0
0.0
0.0
0.0
0.0
0.0
0.0
0.0
0.0
0.0
0.0
0.0
0.0
0.0
0.0
0.0
0.0
0.0
0.0
0.0
0.0
0.0
0.0957214374
0.0
0.1236839310
0.0
0.0
0.0
0.0
0.0
0.1029501932
0.0
0.0
0.1358762134
0.0
0.0
0.0
0.1036382480
0.0
0.0
0.0
0.0
0.1181476027
0.0
0.0
0.0969937317
0.0
0.1363241569
0.0
0.0
0.0
0.0
0.0
0.0
0.0
0.0
0.0
0.0
0.0
0.0
0.0
0.0
0.0
0.1151856851
0.1315535343
0.0988485919
0.0
0.0993234450
0.0
0.1084396703
0.0
0.1142311076
0.0
0.1425919343
0.1207935568
0.0
0.1269754174
0.1245531956
0.1119629809
0.0
0.1121654456
0.0
0.1227052253
0.0
0.0
0.0
0.0
0.0
0.0
0.0000000000
0.1099778216
0.0
0.0
0.0
0.1065764457
0.0000000000
0.0000000000
0.0
0.0
0.0
0.0
0.0
0.1419393396
0.1115602363
0.0
0.0893124426
0.1132922218
0.1025247792
0.1073139990
0.0000000000
0.0
0.0
0.0
0.0
0.0
0.1349890999
0.1130856726
0.0
0.0892481891
0.0
0.0
0.0
0.0
0.0
0.0
0.1216225322
0.0
0.0
0.0960177886
0.1034653735
0.0
0.0
0.1212658679
0.0
0.0
0.0972980257
0.0
0.1026945222
0.0
0.1002059635
0.0
0.1033791523
0.1120641218
0.0000000000
0.0
0.1178109998
0.0770049552
0.0
0.1074999851
0.1205587782
0.0
0.1162652135
0.1276285831
0.0
0.0
0.1164835519
0.1229484468
0.1159392363
0.0946984602
0.0919606989
0.0
0.0
0.1066680850
0.0
0.1229484468
0.0
0.0
0.0983003033
0.0767192225
0.0
0.0
0.0957214374
0.0937679386
0.0856142048
0.0
0.1251816174
0.0000000000
0.1093959284
0.0
0.0
0.1078738981
0.1074069115
0.1163742803
0.0
0.1309978699
0.1263289031
0.0
0.0788151098
0.1140211239
0.1138119108
0.1095892074
0.0
0.1053993057
0.1355792162
0.1030357000
0.0
0.1029501932
0.0000000000
0.0
0.0
0.0
0.0000000000
0.0
0.1021028665
0.0
0.0
0.0
0.0689194349
0.0
0.1164835519
0.0
0.0000000000
0.0
0.0
0.0923715434
0.0998832390
0.0000000000
0.1175876614
0.1123686439
0.0
0.0000000000
0.0
0.0983782576
0.0
0.1217418870
0.0766244489
0.0957953535
0.0993234450
0.0868732373
0.1020189003
0.0000000000
0.0
0.0986913149
0.1104674825
0.0
0.0
0.0000000000
0.1288213736
0.1168126015
0.0
0.0923715434
0.0
0.1106645699
0.1011867723
0.0
0.0
0.0893124426
0.0
0.0888009898
0.0
0.1224629643
0.0757356427
0.1157229317
0.0034364261
0.0895703847
0.0
0.0913512392
0.0922341880
0.0993234450
0.0
0.0000000000
0.0
0.0
0.1035517386
0.0
0.0689960972
0.1216225322
0.1123686439
0.1092033299
0.1219813007
0.0122729504
0.0786651762
0.0000000000
0.0996425565
0.0801906806
0.1272358798
0.1224629643
0.1021028665
0.0
0.0
0.1384542219
0.0000000000
0.0
0.0
0.0
0.0895703847
0.0925093086
0.0
0.0
0.0876713659
0.0694208074
0.0000000000
0.0000000000
0.0919606989
0.1207935568
0.0078100594
0.1028648282
0.0
0.0000000000
0.0
0.0122729504
0.0
0.0
0.0768142308
0.0979897179
0.0
0.1063024703
0.1001250870
0.0000000000
0.0916888269
0.0
0.0000000000
0.0
0.1301731194
0.0869950791
0.0866911131
0.0893124426
0.1033791523
0.0886740406
0.1224629643
0.1067598819
0.1314141767
0.1117612458
0.1185994100
0.0000000000
0.0000000000
0.1007757781
0.1202083167
0.0949885014
0.1069439507
0.0957214374
0.1128798752
0.1028648282
0.0
0.0862691118
0.0835950019
0.1209112893
0.0000000000
0.1096861033
0.0789153835
0.0000000000
0.0
0.0034364261
0.1001250870
0.0000000000
0.1130856726
0.0000000000
0.0
0.0000000000
0.0
0.0
0.1023555964
0.0000000000
0.0000000000
0.0000000000
0.0
0.1170330027
0.0
0.0000000000
0.0
0.0810816881
0.0000000000
0.0889920967
0.0000000000
0.0078100594
0.0989274185
0.1035517386
0.0000000000
0.0704457597
0.0867517362
0.0869341155
0.0000000000
0.0000000000
0.0000000000
0.0766244489
0.0078100594
0.0000000000
0.0000000000
0.0000000000
0.0863892638
0.0000000000
0.0000000000
0.1095892074
0.0957214374
0.0000000000
0.1128798752
0.0
0.0862691118
0.0879199028
0.0624333079
0.1112600743
0.0000000000
0.0000000000
0.0888009898
0.0034364261
0.0869341155
0.0914859755
0.0034364261
0.0
0.0
0.0000000000
0.0000000000
0.0000000000
0.0919606989
0.0000000000
0.0
0.0000000000
0.0964657720
0.0000000000
0.0702463096
0.0829799216
0.0000000000
0.0000000000
0.0000000000
0.0862691118
0.0000000000
0.0990854495
0.0000000000
0.0000000000
0.0859701891
0.0000000000
0.0000000000
0.1125725797
0.0078100594
0.0000000000
0.0810816881
0.0000000000
0.0000000000
0.0000000000
0.0000000000
0.0000000000
0.1059393534
0.0806599368
0.0000000000
0.0000000000
0.0000000000
0.0000000000
0.0000000000
0.0
0.0000000000
0.0000000000
0.0964657720
0.0000000000
0.0000000000
0.0000000000
0.0000000000
0.0000000000
0.0763415279
0.1051313414
0.1016011325
0.0000000000
0.0
0.0000000000
0.0000000000
0.0000000000
0.0776314035
0.0000000000
0.0000000000
0.0000000000
0.0000000000
0.0000000000
0.0000000000
0.0000000000
0.0000000000
0.0000000000
