0.0
0.0
0.0
0.0
0.0
0.0
0.0
0.0
0.0
0.0
0.0
0.0
0.0
0.0
0.0
0.0
0.0
0.0
0.0
0.0
0.0
0.0
0.0
0.0
0.0
0.0
0.0
0.0
0.0
0.0
0.0
0.0
0.0
0.0
0.0
0.0
0.0
0.0
0.0
0.0
0.0
0.0
0.0
0.0
0.0
0.0
0.0
0.0
0.0
0.0
0.0
0.0
0.0
0.0
0.0
0.0
0.0
0.0
0.0
0.0
0.0880328463
0.0
0.0
0.0
0.0
0.0
0.0
0.0
0.0
0.0
0.0
0.0
0.0
0.0
0.0
0.0787172012
0.0
0.0
0.0
0.0935695033
0.0
0.0
0.0
0.0
0.0
0.0
0.0885568513
0.0
0.0
0.0
0.0
0.0
0.0
0.0
0.0
0.0
0.0
0.0
0.0
0.0
0.0
0.0
0.0
0.0
0.0
0.0
0.0
0.0
0.0
0.0885568513
0.0
0.0
0.0
0.0
0.0
0.0
0.0
0.0
0.0855031668
0.0847723705
0.0
0.0935695033
0.0
0.0
0.0
0.0
0.0
0.0
0.0
0.0
0.0
0.0
0.0
0.0907167745
0.0
0.0
0.0
0.0
0.0
0.0929846939
0.0
0.1106137622
0.0
0.0
0.0
0.0
0.0
0.0
0.0
0.0
0.0759058726
0.0
0.0204081633
0.0
0.0
0.0
0.1074191409
0.0
0.0229591837
0.0
0.0
0.0000000000
0.0
0.0153061224
0.0915541601
0.0
0.0
0.0852581720
0.0
0.0
0.0
0.0738340001
0.0
0.0
0.0
0.0000000000
0.0
0.0
0.0
0.0000000000
0.0
0.0
0.1019010344
0.0664176385
0.0000000000
0.0
0.0
0.0
0.0802024314
0.0
0.0
0.0593914212
0.1135690918
0.0
0.0
0.0
0.0
0.0
0.0740176668
0.0
0.0
0.0
0.0
0.0
0.0229591837
0.0
0.0850145773
0.0
0.0
0.0000000000
0.0
0.0
0.0
0.0
0.0
0.0742022495
0.0
0.0862466726
0.0000000000
0.0
0.0204081633
0.0
0.0985268279
0.1070327412
0.0
0.0153061224
0.0
0.0136054422
0.0850145773
0.0918367347
0.0749498792
0.0
0.0000000000
0.0872583638
0.0
0.0944606414
0.0000000000
0.0
0.0
0.0
0.0652524168
0.0655398723
0.0935695033
0.1029588306
0.0495093212
0.0
0.0
0.0
0.0454970979
0.0764912649
0.0000000000
0.0
0.0537095705
0.0000000000
0.0791359097
0.0
0.0
0.0593914212
0.0000000000
0.0633087277
0.0
0.0584579608
0.0661224490
0.0
0.0
0.0693592122
0.0
0.0000000000
0.0584579608
0.0136054422
0.0000000000
0.0000000000
0.0000000000
0.0136054422
0.0778929373
0.0653958287
0.0
0.0000000000
0.0000000000
0.0000000000
0.0000000000
0.0713551608
0.0000000000
0.0000000000
0.0541001855
0.0000000000
0.0738340001
0.0802024314
0.0000000000
0.0764912649
0.0000000000
0.0000000000
0.0000000000
0.0000000000
0.0000000000
0.0000000000
0.0000000000
0.0000000000
0.0136054422
0.0000000000
0.0000000000
0.0668653978
0.0000000000
