0.0
0.0
0.0
0.0
0.0
0.0
0.0
0.1111177885
0.0
0.0
0.0
0.0
0.0
0.0
0.0
0.0
0.0
0.0
0.0000000000
0.0
0.1632238701
0.0
0.0
0.1295543722
0.0
0.0
0.1319206621
0.0
0.0
0.0
0.0
0.1888276144
0.1679687500
0.2006293403
0.0
0.0
0.0
0.1817020440
0.0
0.0000000000
0.0
0.0
0.0
0.2108804745
0.0
0.1851963141
0.0
0.0
0.0
0.0
0.0
0.0
0.1632238701
0.1325258028
0.2078462230
0.0
0.1474011480
0.1313210227
0.0
0.1614001397
0.0
0.1965348639
0.0
0.1623068820
0.1553259409
0.1596167127
0.1106920498
0.0
0.0000000000
0.0000000000
0.1817020440
0.1115468147
0.1888276144
0.0
0.1650892857
0.1272714758
0.1828520570
0.0000000000
0.0
0.0
0.0000000000
0.1614001397
0.1331365207
0.0
0.1409298780
0.1561655405
0.1337528935
0.0
0.1641512784
0.1331365207
0.0
0.0000000000
0.1570142663
0.1459122475
0.0
0.0000000000
0.1343750000
0.1119791667
0.0156250000
0.1578722678
0.0000000000
0.0000000000
0.0000000000
0.1272714758
0.0
0.0000000000
0.0000000000
0.0000000000
0.1124148833
0.1474011480
0.0000000000
0.0156250000
0.0000000000
0.1106920498
0.1437344527
0.0
0.0000000000
0.0000000000
0.0000000000
