0.0
0.0
0.0
0.0
0.0
0.0
0.0701670644
0.0
0.0
0.0
0.0
0.0
0.0
0.0
0.0
0.0657718121
0.0
0.0
0.0
0.0
0.0
0.0
0.0
0.0
0.0
0.0
0.0
0.0
0.0
0.0000000000
0.0
0.0740554156
0.0
0.0
0.0
0.0
0.0643326039
0.0000000000
0.0074074074
0.0
0.0777777778
0.0
0.0
0.0691764706
0.0560000000
0.0
0.0
0.0
0.0
0.0443438914
0.0
0.0
0.0539449541
0.0
0.0724137931
0.0
0.0751918159
0.0617647059
0.0
0.0
0.0
0.0
0.0
0.0
0.0
0.0
0.0
0.0
0.0
0.0
0.0634989201
0.0701670644
0.0724137931
0.0
0.0148148148
0.0
0.0759689922
0.0
0.0000000000
0.0
0.0818941504
0.0805479452
0.0
0.0520353982
0.0888217523
0.0484349259
0.0
0.0792452830
0.0691764706
0.0577603143
0.0
0.0
0.0
0.0
0.0
0.0
0.0000000000
0.0502564103
0.0
0.0
0.0
0.0000000000
0.0098765432
0.0074074074
0.0
0.0000000000
0.0
0.0
0.0
0.0854651163
0.0654788419
0.0000000000
0.0710144928
0.0468899522
0.0148148148
0.0832861190
0.0751918159
0.0000000000
0.0098765432
0.0
0.0
0.0474959612
0.0098765432
0.0654788419
0.0
0.0573099415
0.0
0.0
0.0
0.0000000000
0.0
0.0663656885
0.0074074074
0.0
0.0074074074
0.0489184692
0.0148148148
0.0
0.0148148148
0.0098765432
0.0651884701
0.0
0.0098765432
0.0
0.0476499190
0.0
0.0511304348
0.0
0.0708433735
0.0074074074
0.0000000000
0.0000000000
0.0573099415
0.0148148148
0.0
0.0000000000
0.0654788419
0.0649006623
0.0000000000
0.0514886165
0.0074074074
0.0
0.0603696099
0.0733167082
0.0000000000
0.0000000000
0.0000000000
0.0000000000
0.0
0.0596348884
0.0
0.0197530864
0.0582178218
0.0
0.0000000000
0.0098765432
0.0
0.0
0.0617647059
0.0570873786
0.0406639004
0.0000000000
0.0000000000
0.0098765432
0.0473429952
0.0000000000
0.0582178218
0.0525939177
0.0131687243
0.0562141491
0.0
0.0862170088
0.0765625000
0.0000000000
0.0000000000
0.0237037037
0.0148148148
0.0611226611
0.0000000000
0.0000000000
0.0074074074
0.0074074074
0.0434268833
0.0098765432
0.0000000000
0.0
0.0000000000
0.0074074074
0.0000000000
0.0000000000
0.0000000000
0.0000000000
0.0000000000
0.0
0.0708433735
0.0397834912
0.0074074074
0.0
0.0566473988
0.0431718062
0.0444780635
0.0000000000
0.0000000000
0.0000000000
0.0000000000
0.0000000000
0.0000000000
0.0000000000
0.0000000000
0.0000000000
0.0000000000
0.0000000000
0.0000000000
0.0000000000
