0.0
0.0
0.0
0.0
0.0
0.0
0.0
0.0
0.0
0.0
0.0
0.0
0.0
0.0
0.0
0.0
0.0
0.0
0.0
0.0
0.0
0.0
0.0
0.0
0.0
0.0
0.0
0.0
0.0
0.0
0.0
0.0289330922
0.0
0.0
0.0
0.0
0.0
0.0
0.0
0.0
0.0
0.0
0.0
0.0476545048
0.0
0.0
0.0
0.0
0.0
0.0
0.0
0.0
0.0405063291
0.0
0.0
0.0
0.0
0.0
0.0
0.0
0.0
0.0000000000
0.0
0.0
0.0445015823
0.0
0.0
0.0
0.0
0.0
0.0000000000
0.0
0.0
0.0
0.0
0.0
0.0
0.0
0.0593354430
0.0
0.0
0.0
0.0
0.0
0.0
0.0445015823
0.0
0.0
0.0
0.0
0.0
0.0000000000
0.0
0.0
0.0000000000
0.0
0.0508589512
0.0
0.0
0.0
0.0168776371
0.0
0.0284810127
0.0
0.0
0.0
0.0
0.0
0.0
0.0
0.0284810127
0.0331174566
0.0
0.0
0.0
0.0
0.0
0.0
0.0
0.0
0.0379746835
0.0
0.0000000000
0.0508589512
0.0168776371
0.0189873418
0.0000000000
0.0
0.0569620253
0.0
0.0
0.0
0.0
0.0593354430
0.0126582278
0.0
0.0406871609
0.0
0.0253164557
0.0
0.0
0.0569620253
0.0406871609
0.0385774563
0.0
0.0
0.0126582278
0.0324050633
0.0
0.0
0.0506329114
0.0253164557
0.0445015823
0.0000000000
0.0
0.0
0.0
0.0
0.0000000000
0.0000000000
0.0
0.0126582278
0.0
0.0
0.0
0.0
0.0
0.0126582278
0.0000000000
0.0379746835
0.0
0.0000000000
0.0284810127
0.0126582278
0.0
0.0
0.0
0.0
0.0168776371
0.0
0.0
0.0406871609
0.0
0.0406871609
0.0289330922
0.0385774563
0.0506329114
0.0384878549
0.0168776371
0.0000000000
0.0
0.0000000000
0.0000000000
0.0253164557
0.0000000000
0.0168776371
0.0268056590
0.0000000000
0.0000000000
0.0168776371
0.0000000000
0.0000000000
0.0000000000
0.0
0.0268056590
0.0379746835
0.0000000000
0.0268056590
0.0000000000
0.0000000000
0.0000000000
0.0253164557
0.0
0.0000000000
0.0000000000
0.0189873418
0.0126582278
0.0000000000
0.0000000000
0.0000000000
