0.0
0.0
0.0
0.0
0.0
0.0
0.0
0.0
0.0
0.0
0.0
0.0
0.0
0.0
0.0
0.0
0.0
0.0
0.0
0.0
0.0
0.0
0.0
0.0
0.0
0.0
0.0554298643
0.0
0.0
0.0
0.1104254202
0.0264705882
0.0
0.0
0.0
0.0
0.0
0.0
0.0
0.0
0.0
0.0
0.0
0.0813660991
0.0
0.0
0.0
0.0
0.0
0.0736169468
0.0
0.0
0.1236764706
0.0
0.0
0.0
0.0
0.0
0.0
0.0
0.0
0.0423875433
0.0
0.0
0.0379256966
0.0
0.0
0.0
0.0
0.0736169468
0.0000000000
0.0672154731
0.0
0.0
0.0
0.0
0.0
0.0
0.0936942959
0.0
0.0
0.0
0.0
0.0
0.0
0.0824509804
0.0
0.0
0.0
0.0
0.0
0.0000000000
0.0
0.0
0.0264705882
0.0
0.0196078431
0.0
0.0
0.0
0.0655080214
0.0
0.1236764706
0.0981559290
0.0
0.0
0.0
0.0
0.0
0.0631002401
0.0000000000
0.0000000000
0.0
0.0
0.0
0.0554298643
0.0147058824
0.0
0.1030637255
0.0000000000
0.0000000000
0.0441176471
0.0694811633
0.0981559290
0.0379256966
0.0000000000
0.0644148284
0.0
0.0408496732
0.0951357466
0.0147058824
0.0
0.0
0.0997390892
0.0803093965
0.0687091503
0.0847099114
0.0334224599
0.0379256966
0.0792797888
0.0
0.0870961060
0.0379256966
0.0567323260
0.0
0.0772977941
0.0000000000
0.1166759156
0.0
0.0245098039
0.0502749880
0.0196078431
0.0408496732
0.0813660991
0.0
0.0245098039
0.0334224599
0.0
0.0727508651
0.0000000000
0.0000000000
0.0824509804
0.0264705882
0.0000000000
0.0
0.0000000000
0.0294117647
0.0000000000
0.0000000000
0.0694811633
0.0000000000
0.0000000000
