0.0
0.0
0.0
0.0
0.0
0.0
0.0
0.1918407129
0.0
0.0
0.0
0.0
0.0
0.0
0.0
0.0
0.0
0.0
0.0
0.0
0.1314820116
0.0
0.0
0.2089475281
0.0
0.0
0.0
0.0
0.0
0.0
0.0
0.1853376379
0.1918407129
0.1901725328
0.0
0.0
0.0
0.1792609940
0.0
0.0
0.0
0.0
0.0
0.0
0.0
0.0
0.0
0.0
0.0
0.0
0.0
0.0
0.0
0.2000290360
0.0
0.0
0.0
0.1988167388
0.0
0.1129251701
0.0
0.0
0.0
0.2394508168
0.1885331144
0.1763696877
0.0
0.0
0.1787725444
0.0
0.2165330819
0.2286046126
0.2116436252
0.0
0.0
0.2186984127
0.2377156660
0.2037562851
0.0
0.0
0.0
0.0
0.2102869353
0.0
0.0
0.1879929049
0.1435656976
0.0
0.2302088555
0.2043910399
0.0
0.0
0.2144102085
0.1749587302
0.0
0.0
0.1644348968
0.0
0.2018754579
0.1822486772
0.1958493248
0.0
0.1554728052
0.1648480498
0.0
0.0
0.0
0.1722034746
0.0
0.0
0.1797521200
0.0095238095
0.0
0.1656806157
0.2000290360
0.0
0.1869217203
0.1420119563
0.0
0.0
0.1832668263
0.0
0.0
0.0
0.1817438333
0.1682295482
0.2000290360
0.1740305671
0.0
0.2151131928
0.1952664399
0.0
0.1907253599
0.2186984127
0.0
0.1802459445
0.1619988242
0.1782867495
0.2043910399
0.0
0.1551052572
0.1817438333
0.0
0.0000000000
0.1976190476
0.0
0.2310194500
0.1885331144
0.1890764375
0.0
0.1628027886
0.0
0.0
0.1744934144
0.0
0.1740305671
0.1565859757
0.0
0.0000000000
0.0
0.2056724884
0.0000000000
0.2231616456
0.1946870143
0.0000000000
0.1569605833
0.0000000000
0.0
0.1726566416
0.0000000000
0.0
0.0
0.2130179344
0.1518738977
0.0
0.1782867495
0.1644348968
0.0095238095
0.1935384183
0.1471065556
0.0
0.0000000000
0.1577152015
0.0000000000
0.1364023364
0.1661000603
0.0000000000
0.0000000000
0.0000000000
0.0000000000
0.0
0.0000000000
0.0000000000
0.1569605833
0.1372584180
0.1426293996
0.1695336533
0.1429401390
0.1744934144
0.1364023364
0.0000000000
0.1347218148
0.0000000000
0.0
0.0000000000
0.0
0.0000000000
0.0000000000
0.0000000000
