0.0
0.0
0.0
0.0
0.0
0.0
0.0
0.0
0.0
0.0277777778
0.0
0.0
0.0
0.0
0.0
0.0000000000
0.0
0.0
0.0000000000
0.0
0.0
0.0
0.0
0.0
0.0000000000
0.0
0.0000000000
0.0
0.0
0.0
0.0277777778
0.0208333333
0.0
0.0
0.0
0.0
0.0
0.0
0.0
0.0
0.0
0.0
0.0
0.0000000000
0.0
0.0
0.0000000000
0.0
0.0
0.0208333333
0.0
0.0
0.0000000000
0.0
0.0
0.0
0.0
0.0
0.0
0.0
0.0
0.0000000000
0.0
0.0
0.0000000000
0.0
0.0
0.0
0.0
0.0277777778
0.0416666667
0.0416666667
0.0
0.0
0.0473484848
0.0
0.0
0.0000000000
0.0744047619
0.0
0.0277777778
0.0
0.0
0.0
0.0
0.0277777778
0.0
0.0
0.0
0.0000000000
0.0
0.0000000000
0.0
0.0400641026
0.0416666667
0.0
0.0208333333
0.0
0.0
0.0400641026
0.0578703704
0.0
0.0416666667
0.0000000000
0.0277777778
0.0
0.0
0.0578703704
0.0000000000
0.0208333333
0.0208333333
0.0000000000
0.0208333333
0.0
0.0000000000
0.0000000000
0.0000000000
0.0000000000
0.0000000000
0.0000000000
0.0277777778
0.0277777778
0.0000000000
0.0000000000
0.0000000000
0.0000000000
