0.0
0.0
0.0
0.0
0.0
0.0
0.0
0.0
0.0
0.0
0.0
0.0
0.0
0.0
0.0
0.0
0.0
0.0
0.0
0.0
0.0
0.0
0.0
0.0
0.0
0.0
0.0
0.0
0.0
0.0
0.0
0.0
0.0
0.0
0.0
0.0
0.0
0.0
0.0
0.0
0.0
0.0
0.0000000000
0.0000000000
0.0
0.0
0.0
0.0
0.0
0.1166666667
0.0
0.0
0.0
0.0
0.0
0.0
0.0
0.0
0.0
0.0
0.0583333333
0.0
0.0
0.0
0.0
0.0
0.0
0.0
0.0
0.0
0.0
0.0000000000
0.0
0.0
0.0
0.0000000000
0.0
0.0000000000
0.0
0.0716374269
0.0
0.0
0.0
0.0
0.0
0.0
0.0887681159
0.0
0.0
0.0
0.0
0.1103603604
0.0
0.0
0.1361111111
0.0
0.0
0.0
0.0
0.0
0.0
0.0000000000
0.0
0.0949612403
0.0
0.0
0.0
0.0000000000
0.0
0.0669398907
0.0
0.0000000000
0.0
0.0
0.0
0.0
0.0850694444
0.0
0.0208333333
0.0416666667
0.0277777778
0.0208333333
0.0000000000
0.0
0.0
0.0
0.0
0.0
0.0816666667
0.0
0.0277777778
0.0928030303
0.0
0.0277777778
0.0850694444
0.0
0.0
0.0277777778
0.0000000000
0.0716374269
0.0
0.0416666667
0.0
0.0
0.0
0.0
0.0
0.0000000000
0.0716374269
0.0
0.0000000000
0.0
0.0000000000
0.0416666667
0.0
0.0000000000
0.0000000000
0.1103603604
0.0208333333
0.0000000000
0.0
0.0277777778
0.0000000000
0.0208333333
0.0000000000
0.0
0.0000000000
0.0000000000
0.0277777778
0.0000000000
