0.0159574468
0.0
0.0
0.0
0.0
0.0
0.0000000000
0.0
0.0
0.0159574468
0.0
0.0
0.0
0.0
0.0
0.0
0.0094562648
0.0231934062
0.0
0.0
0.0
0.0
0.0
0.0070921986
0.0
0.0
0.0070921986
0.0
0.0
0.0
0.0094562648
0.0
0.0
0.0
0.0
0.0000000000
0.0
0.0
0.0
0.0
0.0
0.0
0.0283687943
0.0141843972
0.0
0.0
0.0
0.0
0.0
0.0
0.0260047281
0.0
0.0189125296
0.0070921986
0.0070921986
0.0
0.0373111317
0.0
0.0000000000
0.0
0.0094562648
0.0000000000
0.0
0.0000000000
0.0141843972
0.0226950355
0.0
0.0141843972
0.0182586389
0.0
0.0260047281
0.0317835566
0.0190701340
0.0
0.0000000000
0.0141843972
0.0
0.0
0.0
0.0
0.0255319149
0.0
0.0
0.0000000000
0.0000000000
0.0094562648
0.0070921986
0.0
0.0141843972
0.0070921986
0.0
0.0
0.0000000000
0.0000000000
0.0070921986
0.0170212766
0.0
0.0
0.0000000000
0.0
0.0245187437
0.0212765957
0.0
0.0
0.0
0.0
0.0126083530
0.0106382979
0.0
0.0
0.0
0.0141843972
0.0000000000
0.0
0.0
0.0
0.0
0.0295915872
0.0000000000
0.0000000000
0.0
0.0094562648
0.0
0.0000000000
0.0
0.0000000000
0.0000000000
0.0141843972
0.0000000000
0.0
0.0373111317
0.0070921986
0.0
0.0
0.0000000000
0.0094562648
0.0070921986
0.0000000000
0.0000000000
0.0000000000
0.0094562648
0.0
0.0
0.0000000000
0.0094562648
0.0106382979
0.0231934062
0.0070921986
0.0212765957
0.0000000000
0.0000000000
0.0
0.0000000000
0.0094562648
0.0000000000
0.0
0.0
0.0000000000
0.0094562648
0.0
0.0000000000
0.0196399345
0.0000000000
0.0
0.0
0.0
0.0000000000
0.0150187735
0.0141843972
0.0000000000
0.0000000000
0.0
0.0094562648
0.0000000000
0.0000000000
0.0000000000
0.0000000000
0.0000000000
0.0
0.0070921986
0.0
0.0000000000
0.0000000000
0.0141843972
0.0000000000
0.0
0.0000000000
0.0000000000
0.0000000000
0.0070921986
0.0000000000
0.0000000000
0.0000000000
0.0000000000
0.0070921986
0.0000000000
0.0
0.0
0.0000000000
0.0070921986
0.0000000000
0.0000000000
0.0000000000
0.0094562648
0.0070921986
0.0000000000
0.0000000000
0.0000000000
0.0070921986
0.0000000000
0.0000000000
0.0000000000
0.0000000000
0.0260047281
0.0000000000
0.0000000000
0.0000000000
0.0000000000
0.0000000000
0.0000000000
0.0000000000
0.0000000000
0.0000000000
0.0
0.0000000000
0.0094562648
0.0000000000
0.0000000000
0.0000000000
0.0094562648
0.0000000000
0.0000000000
0.0000000000
0.0000000000
