0.0
0.0
0.0
0.0
0.0
0.0
0.0
0.0
0.0
0.0
0.0
0.0
0.0
0.0
0.0
0.0
0.0
0.0
0.0
0.0
0.0
0.0
0.0
0.0
0.0
0.0
0.0
0.0
0.0
0.0
0.0
0.0
0.0
0.0
0.0
0.0
0.0
0.0
0.0
0.0
0.0
0.0
0.0000000000
0.0000000000
0.0
0.0
0.0
0.0
0.0
0.0181818182
0.0
0.0
0.0
0.0
0.0
0.0000000000
0.0
0.0
0.0
0.0
0.0181818182
0.0
0.0000000000
0.0181818182
0.0
0.0
0.0
0.0
0.0000000000
0.0
0.0484848485
0.0000000000
0.0000000000
0.0
0.0181818182
0.0000000000
0.0
0.0181818182
0.0
0.0581818182
0.0
0.0
0.0181818182
0.0000000000
0.0
0.0000000000
0.0000000000
0.0
0.0
0.0000000000
0.0
0.0181818182
0.0
0.0
0.0181818182
0.0
0.0
0.0
0.0
0.0
0.0
0.0363636364
0.0
0.0181818182
0.0000000000
0.0
0.0
0.0000000000
0.0
0.0000000000
0.0000000000
0.0181818182
0.0000000000
0.0000000000
0.0000000000
0.0181818182
0.0181818182
0.0
0.0000000000
0.0000000000
0.0000000000
0.0363636364
0.0000000000
0.0000000000
0.0181818182
0.0000000000
0.0323232323
0.0181818182
0.0000000000
0.0000000000
0.0000000000
0.0000000000
0.0000000000
0.0000000000
0.0000000000
0.0000000000
0.0000000000
0.0000000000
0.0000000000
0.0000000000
