0.0
0.0
0.0
0.0
0.0
0.0
0.0
0.0
0.0
0.0
0.0
0.0
0.0
0.0
0.0
0.0
0.0
0.0
0.0
0.0
0.0
0.0
0.0
0.0
0.0
0.0
0.0
0.0
0.0
0.0
0.0
0.0
0.0
0.0
0.0
0.0
0.0
0.0
0.0
0.0
0.0
0.0
0.0000000000
0.0000000000
0.0
0.0
0.0
0.0
0.0
0.0566037736
0.0
0.0
0.0
0.0
0.0
0.0493996569
0.0
0.0
0.0
0.0
0.0734319225
0.0
0.0000000000
0.0734319225
0.0
0.0
0.0
0.0
0.0
0.0
0.0
0.0566037736
0.0
0.0
0.0
0.0000000000
0.0
0.0000000000
0.0
0.0503144654
0.0
0.0
0.0301886792
0.0188679245
0.0
0.0000000000
0.0188679245
0.0
0.0
0.0000000000
0.0
0.0566037736
0.0
0.0
0.0000000000
0.0
0.0
0.0
0.0
0.0
0.0
0.0431266846
0.0
0.0000000000
0.0000000000
0.0
0.0
0.0000000000
0.0
0.0493996569
0.0000000000
0.0188679245
0.0000000000
0.0799112098
0.0
0.0823327616
0.0799112098
0.0
0.0590648072
0.0000000000
0.0000000000
0.0431266846
0.0000000000
0.0476663357
0.0
0.0000000000
0.0
0.0000000000
0.0188679245
0.0188679245
0.0000000000
0.0188679245
0.0301886792
0.0188679245
0.0000000000
0.0
0.0000000000
0.0188679245
0.0617495712
0.0000000000
0.0188679245
0.0188679245
0.0000000000
0.0000000000
0.0000000000
0.0000000000
