0.0
0.0
0.0
0.0
0.1440670041
0.0
0.1656184909
0.0
0.0
0.1340202262
0.0
0.1461339626
0.0
0.1343738416
0.0
0.1424550656
0.1072161809
0.1161406749
0.0
0.1557421589
0.0915142605
0.0809018045
0.0
0.0
0.0
0.1259028083
0.1073291590
0.1249759164
0.1489113624
0.1370866378
0.0
0.0
0.1486939736
0.1391466829
0.1453001026
0.1438635196
0.1312569226
0.1045743038
0.0793884426
0.0
0.0
0.1645482583
0.1369023816
0.1066548397
0.0
0.1359884805
0.1009468502
0.1317663285
0.0802642805
0.1192685854
0.1277984591
0.1282813248
0.1315960877
0.1199709916
0.1424550656
0.1461339626
0.1252833603
0.1689143813
0.1043600122
0.1484772185
0.0
0.1144442381
0.0000000000
0.1440670041
0.0
0.1395279067
0.0
0.1440670041
0.1240625724
0.1059889406
0.1404901681
0.1397193030
0.1302498362
0.1365353511
0.1312569226
0.1432565006
0.1174802444
0.1196890387
0.1036168585
0.1102330865
0.1242138682
0.1502291621
0.1277984591
0.0
0.1430552976
0.1208248777
0.1380154091
0.0895825610
0.0945732330
0.0000000000
0.1591490186
0.0
0.0710784172
0.1103525156
0.1169407255
0.1180247647
0.0000000000
0.1299175662
0.0998582077
0.1302498362
0.1095219053
0.1191290899
0.1068786694
0.1225696413
0.1015507197
0.1564598647
0.0
0.1038281059
0.1402966555
0.0
0.1110745604
0.1176159029
0.0000000000
0.1043600122
0.0041322314
0.1221287433
0.1054403436
0.1042531954
0.0707820514
0.1236108882
0.1039340530
0.0000000000
0.0041322314
0.0000000000
0.0000000000
0.1174802444
0.0055096419
0.1221287433
0.1314262863
0.0911865460
0.0
0.0
0.0082644628
0.0000000000
0.1401036752
0.0000000000
0.1221287433
0.0960899735
0.0000000000
0.1205389017
0.1074423754
0.1265284123
0.1027803955
0.0
0.1257473727
0.1442710650
0.0953701984
0.0000000000
0.1188510757
0.1088198418
0.0000000000
0.1422561060
0.0802642805
0.1178881619
0.0837626414
0.0932741501
0.0000000000
0.0000000000
0.1150908157
0.0000000000
0.1262148351
0.0000000000
0.1168066192
0.0082644628
0.1246699778
0.1088198418
0.1116835218
0.1025733856
0.0787744562
0.1221287433
0.0
0.0
0.0000000000
0.0000000000
0.0000000000
0.0000000000
0.0
0.1196890387
0.1083567786
0.0
0.1231624811
0.0000000000
0.0911865460
0.0585039471
0.0000000000
0.0923439455
0.1057688182
0.0826077631
0.0000000000
0.0878821155
0.0082644628
0.1124231478
0.0910235674
0.0000000000
0.1259028083
0.0000000000
0.1038281059
0.1124231478
0.0000000000
0.0921768072
0.0000000000
0.0585039471
0.0055096419
0.0
0.0041322314
0.0000000000
0.0000000000
0.0000000000
0.1042531954
0.0055096419
0.0000000000
0.0898988278
0.0
0.0000000000
0.0934452953
0.0932741501
0.0055096419
0.0000000000
0.0895825610
0.0901374973
0.0000000000
0.0791417031
0.1203964207
0.0000000000
0.0
0.0041322314
0.0000000000
0.0000000000
0.0642620643
0.1092868797
0.0041322314
0.0966369752
0.0
0.1109535642
0.1046817800
0.0000000000
0.0000000000
0.0000000000
0.0792032441
0.0000000000
0.0000000000
0.0000000000
0.0000000000
0.0000000000
0.0705858433
0.0055096419
0.1073291590
0.0000000000
0.0959090131
0.0000000000
0.1249759164
0.0000000000
0.0000000000
0.0041322314
0.1036168585
0.0817458844
0.0000000000
0.0000000000
0.0000000000
0.0000000000
0.0000000000
0.0000000000
0.0000000000
0.0000000000
0.0000000000
0.0000000000
0.0000000000
0.0000000000
0.0000000000
0.0055096419
0.0000000000
0.1314262863
0.0000000000
0.0000000000
0.0000000000
0.0916790026
0.0000000000
0.0000000000
0.0000000000
0.0000000000
