0.0
0.0
0.0
0.0
0.0
0.0
0.0
0.0
0.0
0.0872823985
0.0
0.0
0.0
0.0
0.0
0.0837198516
0.0
0.0
0.0000000000
0.0
0.0
0.0
0.0
0.0
0.1414576803
0.0
0.1243112948
0.0
0.0
0.0
0.0854640152
0.1172077922
0.0
0.0
0.0
0.1414576803
0.0
0.0
0.0
0.0
0.0
0.0
0.0
0.1243112948
0.0
0.0
0.0732548701
0.0
0.0
0.1577797203
0.0
0.0
0.0473484848
0.1281960227
0.0
0.0
0.0
0.0
0.1000554324
0.0
0.0
0.1000554324
0.0
0.0
0.0710227273
0.0
0.0
0.0
0.0
0.0000000000
0.1051864802
0.0454545455
0.0
0.0
0.0473484848
0.0
0.0
0.0227272727
0.0000000000
0.0
0.1025568182
0.0
0.0000000000
0.0
0.0
0.0303030303
0.0837198516
0.0
0.1025568182
0.0976731602
0.0710227273
0.0568181818
0.0
0.0820454545
0.0000000000
0.0
0.0000000000
0.0227272727
0.0
0.0000000000
0.0000000000
0.0303030303
0.0000000000
0.0000000000
0.0000000000
0.0227272727
0.0227272727
0.0837198516
0.0405844156
0.0000000000
