0.0
0.0
0.0
0.0
0.0
0.0
0.0
0.0
0.0
0.0
0.0
0.0
0.0
0.0
0.0
0.0
0.0
0.0
0.0
0.0
0.0
0.0
0.0
0.0
0.0
0.0
0.0
0.0
0.0
0.0743557125
0.0
0.1103802410
0.0
0.0
0.0
0.0
0.0
0.0874741462
0.0
0.0
0.1091847872
0.0
0.0
0.0
0.0831455287
0.0
0.0
0.0
0.0
0.1152159468
0.0
0.0
0.1118084512
0.0
0.1189545174
0.0
0.0
0.0
0.0
0.0
0.0
0.0
0.0
0.0
0.0
0.0
0.0
0.0
0.0
0.0
0.1280177187
0.1061199510
0.1052887243
0.0
0.0939260436
0.0
0.1064936128
0.0
0.0901466052
0.0
0.0
0.0978776247
0.0
0.0
0.1145613108
0.1253645017
0.0
0.1069644069
0.0
0.1003123915
0.0
0.0
0.0
0.0
0.0
0.0
0.0000000000
0.0029069767
0.0
0.0
0.0
0.0924898656
0.0661075105
0.0786073711
0.0
0.0
0.0
0.0
0.0
0.1231942405
0.0988372093
0.0
0.0946609892
0.1001463114
0.1110897559
0.1092834184
0.0
0.0
0.0
0.0
0.0
0.0
0.1037536400
0.1097792597
0.0
0.0883686955
0.0
0.0
0.0
0.0
0.0
0.0
0.0
0.0
0.0
0.0941453262
0.1063064536
0.0
0.0
0.1306444322
0.0
0.0
0.0934905287
0.0
0.1052887243
0.0
0.0029069767
0.0
0.1121193181
0.1016611296
0.0058139535
0.0
0.0
0.0
0.0
0.1169987855
0.1039319108
0.0
0.1070590657
0.1089880578
0.0
0.0
0.1197789546
0.0
0.1063999509
0.0933462532
0.0000000000
0.0
0.0
0.1047417699
0.0
0.0950327920
0.0
0.0
0.0989180247
0.0600380864
0.0
0.0
0.0869710598
0.0843631410
0.0848364265
0.0
0.1059341017
0.0000000000
0.0982751781
0.0
0.0
0.1060269449
0.1003956383
0.1238247126
0.0
0.1159892082
0.1143447488
0.0
0.0
0.0898787104
0.0894137060
0.0900794819
0.0
0.0
0.1332342998
0.1084021005
0.0
0.1032224780
0.0848364265
0.0
0.0
0.0
0.0000000000
0.0
0.0880471210
0.0
0.0
0.0
0.0038759690
0.0
0.0
0.0
0.0000000000
0.0
0.0
0.0859820499
0.0902138286
0.0000000000
0.0
0.1092834184
0.0
0.0029069767
0.0
0.0976406329
0.0
0.0997335072
0.0
0.1039319108
0.0750941925
0.0667642076
0.0985955535
0.0000000000
0.0
0.1219523631
0.1065874398
0.0
0.0
0.0000000000
0.1265447115
0.0814658210
0.0
0.0859820499
0.0
0.1104810449
0.1099788584
0.0
0.0
0.0
0.0
0.1075348837
0.0
0.1298033736
0.0000000000
0.0974832749
0.0929875051
0.0060562016
0.0
0.1066814323
0.0038759690
0.0820737749
0.0
0.0000000000
0.0
0.0
0.0090843023
0.0
0.0644865374
0.1039319108
0.1204947651
0.0904161018
0.1058414210
0.0815207171
0.0770552511
0.0730535895
0.0718389217
0.0947351168
0.1092834184
0.1121193181
0.0849555788
0.0
0.0
0.1353207429
0.0000000000
0.0
0.0
0.0
0.0906872145
0.0927735768
0.0
0.0
0.0928447768
0.0985955535
0.1045607123
0.0
0.0
0.0902138286
0.0944393007
0.0890844950
0.0
0.0
0.0
0.0
0.0
0.0
0.0644865374
0.1057489023
0.0
0.1004790234
0.1104810449
0.0936352509
0.1086942895
0.0
0.0000000000
0.0
0.1125365062
0.0932024223
0.0783528136
0.0000000000
0.1186046512
0.0955582498
0.1040212762
0.0983550766
0.1125365062
0.1134866268
0.1029589312
0.0
0.0000000000
0.1098789684
0.1117052116
0.0855563962
0.0923486597
0.0898119853
0.1037536400
0.1020040002
0.0
0.1106832060
0.0886276514
0.0990800526
0.1045607123
0.0
0.0884979840
0.0000000000
0.0
0.0072674419
0.0965496761
0.0
0.0
0.0000000000
0.0
0.0911655947
0.0
0.0
0.1032224780
0.0000000000
0.0921376574
0.0000000000
0.0
0.0800640266
0.0
0.0000000000
0.0
0.0802765389
0.0000000000
0.0
0.0029069767
0.0000000000
0.0908916185
0.0
0.0038759690
0.0966267925
0.0641786441
0.0029069767
0.0000000000
0.0029069767
0.0029069767
0.0579390537
0.0000000000
0.0898119853
0.0000000000
0.0000000000
0.0792770276
0.0817963111
0.0000000000
0.0900794819
0.0719243426
0.0029069767
0.0991612657
0.0
0.0723112637
0.0951075033
0.0000000000
0.1116021625
0.0932742823
0.0000000000
0.0896124031
0.0090843023
0.0
0.0859820499
0.0804366650
0.0
0.0
0.0000000000
0.0000000000
0.0000000000
0.0
0.1008980352
0.0
0.0000000000
0.0000000000
0.0000000000
0.0682327942
0.0749082007
0.0000000000
0.0000000000
0.0029069767
0.0666905977
0.0000000000
0.1116021625
0.0000000000
0.0029069767
0.0000000000
0.1019180659
0.0000000000
0.0922782183
0.0694470403
0.1135931870
0.0803832187
0.0000000000
0.0000000000
0.0815207171
0.0769572164
0.0000000000
0.0785053499
0.0845991218
0.0665438637
0.0000000000
0.0029069767
0.1020900795
0.0000000000
0.0
0.1088899588
0.0771535358
0.0927024860
0.0729654669
0.0928447768
0.1168857432
0.0029069767
0.0029069767
0.0699691985
0.0899455347
0.1154358246
0.0000000000
0.0
0.0000000000
0.0000000000
0.0000000000
0.0898787104
0.0000000000
0.0889534884
0.0000000000
0.0000000000
0.0900124585
0.0708294755
0.0000000000
0.0060562016
0.0758950716
0.0000000000
0.0000000000
0.0058139535
0.0029069767
0.0783528136
0.1005625471
0.0894798404
0.0000000000
0.0000000000
0.0902138286
0.0906872145
0.0000000000
0.0000000000
0.0000000000
0.0000000000
0.0000000000
0.0000000000
0.0000000000
0.0884979840
0.0785053499
0.0889534884
0.0849555788
0.0000000000
0.0038759690
0.0788635881
0.0000000000
0.0029069767
0.0000000000
0.0000000000
0.0029069767
0.0000000000
0.0000000000
0.0000000000
0.0000000000
0.0000000000
0.0000000000
0.0000000000
0.0000000000
0.0000000000
0.0000000000
0.0000000000
0.0000000000
0.0000000000
0.0000000000
0.0000000000
0.0650762475
0.0000000000
0.0051910299
0.0000000000
0.0000000000
0.0000000000
0.0000000000
0.0000000000
0.0778987406
0.0000000000
0.0000000000
0.0000000000
0.0000000000
0.0000000000
0.0807049661
0.0000000000
0.0000000000
0.0000000000
0.0000000000
0.0000000000
0.0000000000
0.0000000000
0.0000000000
0.0000000000
0.0000000000
0.0000000000
0.0000000000
0.0000000000
0.0000000000
0.0000000000
0.0000000000
0.0000000000
0.0000000000
