0.0
0.0
0.0
0.0
0.0820512821
0.0
0.0256410256
0.0
0.0
0.0256410256
0.0
0.1083333333
0.0
0.0683760684
0.0
0.0461538462
0.0000000000
0.1238095238
0.0833333333
0.0256410256
0.0769230769
0.0000000000
0.0
0.1313131313
0.0
0.0455840456
0.1238095238
0.1444444444
0.0461538462
0.0512820513
0.0
0.0461538462
0.1397849462
0.1056910569
0.1007751938
0.1397849462
0.0817610063
0.0921985816
0.0256410256
0.0256410256
0.0000000000
0.0256410256
0.1203703704
0.0000000000
0.0512820513
0.0000000000
0.0962962963
0.0256410256
0.0256410256
0.0000000000
0.0000000000
0.0000000000
0.0000000000
