0.0
0.0
0.0
0.0
0.0
0.0
0.0
0.0
0.0
0.0
0.0
0.0
0.0
0.0
0.0
0.1193789566
0.0
0.0
0.0
0.0
0.0
0.0
0.0
0.0
0.0
0.0
0.0
0.0
0.0
0.1174181428
0.0
0.1226314609
0.0
0.0
0.0
0.0
0.0
0.1064166180
0.0
0.0
0.1426382368
0.0
0.0
0.0
0.1067906659
0.0
0.0
0.0
0.0
0.1197318008
0.0
0.0
0.1034278960
0.0
0.1421377518
0.0
0.0
0.0
0.0
0.0
0.0
0.0
0.0
0.0
0.0
0.0
0.0
0.0
0.0
0.0
0.1183327924
0.1328172435
0.1445038975
0.0
0.0992874001
0.0
0.1199681913
0.0
0.1190281859
0.0
0.1453681552
0.1087983686
0.0
0.1178736933
0.1063235151
0.0828410210
0.0
0.1069786776
0.1045850067
0.1240079365
0.0
0.0
0.0
0.0
0.0
0.0
0.0921362985
0.0953907204
0.0
0.0
0.0
0.1232533243
0.0000000000
0.0000000000
0.0
0.0
0.0
0.0
0.0
0.1504056656
0.1126300072
0.1149742458
0.1073566941
0.1043156891
0.0827282354
0.1131543555
0.0909639055
0.0
0.0
0.0
0.0
0.0
0.1264597063
0.1357852266
0.0
0.0975343321
0.0
0.0
0.0
0.0
0.0
0.0
0.0726406323
0.0
0.0
0.0907601029
0.1190281859
0.0
0.0
0.0936991348
0.0
0.0
0.1016968852
0.0
0.1103794530
0.0
0.0964506173
0.0
0.1140035439
0.1242615315
0.0000000000
0.0
0.0847474043
0.0731654291
0.0
0.1114933741
0.1279239766
0.0
0.0993685836
0.1272542176
0.0
0.0
0.1104797980
0.1063235151
0.1080246914
0.0978484523
0.0000000000
0.0
0.0
0.1095832081
0.0
0.1276552288
0.0
0.0
0.0124007937
0.0729020862
0.0
0.0
0.1135773624
0.0070861678
0.0124007937
0.0
0.1087010535
0.0000000000
0.0099206349
0.0
0.0
0.1083135274
0.1108830089
0.1252863688
0.0
0.1344333825
0.1131543555
0.0
0.0797949953
0.1113911804
0.1083135274
0.1118010835
0.0
0.0807493540
0.1251573407
0.1170787840
0.0
0.1060451813
0.1223844691
0.0
0.0
0.1286008230
0.0000000000
0.0
0.0602517490
0.0
0.0
0.0
0.0662276718
0.0
0.1148655745
0.0
0.0000000000
0.0
0.0
0.1020384364
0.0910320433
0.1068845891
0.1044950798
0.1320954106
0.0
0.0000000000
0.0
0.0969894475
0.1177594746
0.1232533243
0.0000000000
0.0741475154
0.0914430232
0.0813983776
0.0969894475
0.0000000000
0.0
0.1027284681
0.0953159041
0.0
0.0
0.1016968852
0.1210436034
0.1155207013
0.0
0.0956911636
0.0
0.0988834644
0.1063235151
0.0
0.1008529276
0.0853425406
0.0
0.0984828021
0.0
0.1127344877
0.0082671958
0.1074516161
0.0000000000
0.0900873075
0.0
0.1216494272
0.0973780271
0.1062305750
0.0
0.0000000000
0.0
0.0
0.1032521476
0.0
0.0662999333
0.1319519846
0.1061377972
0.0000000000
0.1299762329
0.0920664983
0.0965272262
0.0000000000
0.1029896422
0.1036042436
0.1305346700
0.1206829968
0.0602517490
0.0
0.0
0.1072619398
0.0000000000
0.0
0.0
0.0
0.0981646024
0.1078329883
0.0
0.0
0.0922762170
0.0082671958
0.1062305750
0.0000000000
0.1092875699
0.1250285780
0.0929822324
0.0000000000
0.0
0.1025550867
0.0
0.0883196059
0.0
0.1113911804
0.1011888241
0.1011888241
0.0000000000
0.1087983686
0.1040477549
0.1019528337
0.1077373916
0.0
0.0000000000
0.0
0.1198498795
0.0994499000
0.0805353067
0.0980062724
0.0972222222
0.0739669980
0.1277894614
0.1123177244
0.1181027967
0.0989639884
0.1150831229
0.0866817245
0.0000000000
0.0920664983
0.1277894614
0.0000000000
0.1103794530
0.0000000000
0.0000000000
0.0000000000
0.0
0.0869297409
0.0670313170
0.0659401941
0.0000000000
0.1150831229
0.0860678313
0.0000000000
0.0
0.0000000000
0.1022100738
0.0953159041
0.0991254305
0.0000000000
0.0
0.0000000000
0.0
0.0
0.0000000000
0.0000000000
0.0000000000
0.0000000000
0.0813983776
0.1041369133
0.0000000000
0.0000000000
0.0813983776
0.0934110513
0.0000000000
0.0000000000
0.0000000000
0.0903552251
0.0000000000
0.0000000000
0.0000000000
0.0000000000
0.0897546365
0.0000000000
0.0000000000
0.0000000000
0.0000000000
0.0000000000
0.0000000000
0.0000000000
0.0000000000
0.0000000000
0.0000000000
0.1023822896
0.0000000000
0.0000000000
0.1054928627
0.0847474043
0.1181027967
0.0963741299
0.0000000000
0.0922762170
0.0605519570
0.0000000000
0.0000000000
0.0000000000
0.0000000000
0.0000000000
0.0000000000
0.0000000000
0.0000000000
0.0820579188
0.1081207987
0.0000000000
0.0000000000
0.0000000000
0.0953159041
0.0000000000
0.0
0.0000000000
0.0000000000
0.0000000000
0.0000000000
