0.0
0.0
0.0
0.0
0.0
0.0
0.0091915273
0.0
0.0
0.0000000000
0.0
0.0
0.0
0.0
0.0
0.0
0.0
0.0
0.0
0.0
0.0
0.0
0.0
0.0056532663
0.0
0.0
0.0
0.0
0.0
0.0
0.0
0.0
0.0
0.0
0.0
0.0
0.0
0.0
0.0
0.0
0.0
0.0
0.0000000000
0.0
0.0
0.0
0.0
0.0
0.0
0.0
0.0
0.0
0.0000000000
0.0
0.0056532663
0.0
0.0
0.0
0.0057430007
0.0
0.0
0.0000000000
0.0
0.0
0.0
0.0070178479
0.0
0.0050251256
0.0000000000
0.0
0.0000000000
0.0092920222
0.0
0.0
0.0158621390
0.0
0.0
0.0
0.0
0.0
0.0
0.0
0.0
0.0025125628
0.0
0.0168363183
0.0
0.0
0.0
0.0
0.0
0.0
0.0025125628
0.0
0.0000000000
0.0
0.0
0.0
0.0091915273
0.0
0.0
0.0
0.0
0.0
0.0
0.0
0.0
0.0
0.0
0.0
0.0
0.0037688442
0.0
0.0
0.0
0.0
0.0
0.0000000000
0.0
0.0
0.0
0.0141715773
0.0
0.0000000000
0.0
0.0155106240
0.0
0.0
0.0000000000
0.0
0.0
0.0
0.0
0.0
0.0082229328
0.0050251256
0.0
0.0
0.0
0.0172793794
0.0081365376
0.0
0.0
0.0
0.0149231004
0.0
0.0189408581
0.0033500838
0.0037688442
0.0000000000
0.0056532663
0.0
0.0056532663
0.0
0.0
0.0
0.0
0.0
0.0123649745
0.0
0.0
0.0
0.0
0.0
0.0
0.0
0.0000000000
0.0050251256
0.0207352552
0.0
0.0105236327
0.0
0.0
0.0
0.0125468105
0.0
0.0
0.0056532663
0.0
0.0000000000
0.0
0.0000000000
0.0
0.0
0.0
0.0
0.0
0.0
0.0000000000
0.0
0.0000000000
0.0
0.0137005784
0.0
0.0000000000
0.0
0.0
0.0
0.0129781137
0.0
0.0106826650
0.0165300185
0.0
0.0
0.0
0.0
0.0000000000
0.0088485908
0.0
0.0
0.0149557310
0.0
0.0
0.0025125628
0.0000000000
0.0
0.0
0.0025125628
0.0050251256
0.0000000000
0.0
0.0
0.0
0.0
0.0
0.0000000000
0.0
0.0
0.0033500838
0.0
0.0
0.0
0.0118665617
0.0
0.0104224828
0.0
0.0025125628
0.0056532663
0.0
0.0
0.0055004753
0.0119037812
0.0
0.0
0.0
0.0113065327
0.0
0.0085427136
0.0
0.0033500838
0.0
0.0025125628
0.0033500838
0.0
0.0
0.0000000000
0.0109436069
0.0
0.0
0.0000000000
0.0
0.0000000000
0.0
0.0
0.0
0.0
0.0033500838
0.0127391343
0.0000000000
0.0037688442
0.0
0.0050251256
0.0050251256
0.0033500838
0.0
0.0
0.0
0.0
0.0025125628
0.0
0.0
0.0
0.0088485908
0.0025125628
0.0196984925
0.0
0.0127670875
0.0
0.0
0.0107057024
0.0
0.0000000000
0.0050251256
0.0144068969
0.0033500838
0.0
0.0
0.0000000000
0.0
0.0
0.0118071561
0.0
0.0
0.0
0.0
0.0000000000
0.0
0.0033500838
0.0033500838
0.0
0.0
0.0
0.0
0.0
0.0112974947
0.0
0.0105236327
0.0099469953
0.0
0.0025125628
0.0000000000
0.0000000000
0.0
0.0180720114
0.0
0.0120112759
0.0000000000
0.0
0.0109436069
0.0
0.0143784617
0.0
0.0057430007
0.0050251256
0.0
0.0065650835
0.0
0.0
0.0071894124
0.0050251256
0.0
0.0000000000
0.0164154104
0.0
0.0
0.0
0.0
0.0
0.0069578663
0.0115258834
0.0
0.0
0.0033500838
0.0
0.0033500838
0.0000000000
0.0
0.0
0.0
0.0
0.0033500838
0.0
0.0025125628
0.0
0.0071894124
0.0
0.0
0.0
0.0000000000
0.0
0.0
0.0000000000
0.0000000000
0.0
0.0
0.0065650835
0.0000000000
0.0076434806
0.0104690117
0.0
0.0000000000
0.0
0.0096340599
0.0025125628
0.0
0.0120112759
0.0025125628
0.0033500838
0.0050251256
0.0057430007
0.0033500838
0.0033500838
0.0000000000
0.0135851672
0.0
0.0
0.0
0.0000000000
0.0040201005
0.0
0.0
0.0118665617
0.0
0.0146761847
0.0000000000
0.0
0.0
0.0000000000
0.0
0.0000000000
0.0
0.0056532663
0.0062814070
0.0000000000
0.0000000000
0.0000000000
0.0033500838
0.0025125628
0.0000000000
0.0
0.0000000000
0.0
0.0109436069
0.0000000000
0.0
0.0
0.0
0.0050251256
0.0
0.0070178479
0.0000000000
0.0
0.0000000000
0.0
0.0000000000
0.0000000000
0.0114526119
0.0000000000
0.0078517588
0.0
0.0000000000
0.0000000000
0.0
0.0056532663
0.0
0.0000000000
0.0105236327
0.0033500838
0.0000000000
0.0
0.0000000000
0.0
0.0
0.0000000000
0.0000000000
0.0
0.0112974947
0.0040201005
0.0
0.0025125628
0.0025125628
0.0000000000
0.0000000000
0.0
0.0
0.0000000000
0.0025125628
0.0000000000
0.0
0.0
0.0
0.0056532663
0.0000000000
0.0141715773
0.0000000000
0.0086759766
0.0000000000
0.0
0.0000000000
0.0120112759
0.0
0.0132023755
0.0
0.0025125628
0.0161463053
0.0
0.0128748317
0.0
0.0025125628
0.0062814070
0.0033500838
0.0
0.0
0.0
0.0000000000
0.0000000000
0.0000000000
0.0121595632
0.0037688442
0.0
0.0000000000
0.0000000000
0.0025125628
0.0000000000
0.0096913137
0.0098764262
0.0082229328
0.0000000000
0.0
0.0
0.0076602525
0.0
0.0025125628
0.0037688442
0.0000000000
0.0000000000
0.0150370171
0.0076602525
0.0000000000
0.0000000000
0.0000000000
0.0
0.0000000000
0.0092920222
0.0
0.0000000000
0.0000000000
0.0025125628
0.0056532663
0.0000000000
0.0000000000
0.0067001675
0.0000000000
0.0000000000
0.0
0.0040201005
0.0025125628
0.0000000000
0.0066617491
0.0
0.0025125628
0.0000000000
0.0025125628
0.0
0.0
0.0000000000
0.0040201005
0.0000000000
0.0000000000
0.0062814070
0.0037688442
0.0050251256
0.0000000000
0.0
0.0025125628
0.0000000000
0.0000000000
0.0000000000
0.0096913137
0.0067001675
0.0000000000
0.0000000000
0.0000000000
0.0131962333
0.0033500838
0.0000000000
0.0000000000
0.0037688442
0.0000000000
0.0
0.0
0.0000000000
0.0000000000
0.0000000000
0.0056532663
0.0033500838
0.0050251256
0.0000000000
0.0
0.0025125628
0.0000000000
0.0
0.0044667783
0.0000000000
0.0000000000
0.0037688442
0.0138969182
0.0000000000
0.0057430007
0.0025125628
0.0050251256
0.0000000000
0.0080402010
0.0086759766
0.0000000000
0.0037688442
0.0067001675
0.0000000000
0.0000000000
0.0
0.0000000000
0.0000000000
0.0108300121
0.0
0.0025125628
0.0000000000
0.0000000000
0.0000000000
0.0000000000
0.0000000000
0.0000000000
0.0
0.0033500838
0.0000000000
0.0102271923
0.0000000000
0.0000000000
0.0078078565
0.0000000000
0.0000000000
0.0000000000
0.0098764262
0.0000000000
0.0000000000
0.0000000000
0.0000000000
0.0069578663
0.0000000000
0.0000000000
0.0000000000
0.0025125628
0.0
0.0000000000
0.0056532663
0.0025125628
0.0055004753
0.0000000000
0.0000000000
0.0000000000
0.0000000000
0.0000000000
0.0033500838
0.0000000000
0.0025125628
0.0000000000
0.0000000000
0.0000000000
0.0000000000
0.0000000000
0.0000000000
0.0000000000
0.0
0.0000000000
0.0033500838
0.0000000000
0.0000000000
0.0000000000
0.0000000000
0.0000000000
0.0000000000
0.0000000000
0.0000000000
0.0000000000
0.0000000000
0.0000000000
0.0000000000
0.0000000000
0.0000000000
0.0000000000
0.0000000000
0.0052345059
0.0
0.0000000000
0.0000000000
0.0108300121
0.0000000000
0.0000000000
0.0000000000
0.0000000000
0.0025125628
0.0033500838
0.0000000000
0.0000000000
0.0000000000
0.0000000000
0.0000000000
0.0000000000
0.0000000000
0.0000000000
0.0000000000
0.0000000000
0.0000000000
0.0000000000
0.0000000000
0.0000000000
0.0000000000
0.0000000000
0.0000000000
0.0000000000
0.0000000000
0.0037688442
0.0000000000
0.0000000000
0.0000000000
0.0000000000
0.0000000000
0.0000000000
0.0000000000
0.0000000000
