0.0
0.0
0.0
0.0
0.0
0.0
0.0
0.0
0.0
0.0
0.0
0.0
0.0
0.0
0.0
0.0
0.0
0.0
0.0
0.0
0.0
0.0
0.0
0.0
0.0
0.0
0.1564945227
0.0
0.0
0.0
0.0
0.0253521127
0.0
0.0
0.0
0.0
0.0
0.0
0.0
0.0
0.0
0.0
0.0
0.0140845070
0.0
0.0
0.0
0.0
0.0
0.1088657549
0.0
0.0
0.1435363775
0.0
0.0
0.0
0.0
0.0
0.0
0.0
0.0
0.1492398097
0.0
0.0
0.0000000000
0.0
0.0
0.0
0.0
0.0
0.0000000000
0.0187793427
0.0
0.0
0.0
0.0
0.0
0.0
0.1310186702
0.0
0.0
0.0
0.0
0.0
0.0
0.1774426084
0.0
0.0
0.0
0.0
0.0
0.0140845070
0.0
0.0
0.0253521127
0.0
0.0140845070
0.0
0.0
0.0
0.1382528299
0.0
0.1472889625
0.1453884598
0.0
0.0
0.0
0.0
0.0
0.0916065499
0.0140845070
0.1198681450
0.0
0.0
0.0
0.1245039297
0.1186063751
0.0
0.1110108929
0.1126760563
0.0000000000
0.0422535211
0.1374098248
0.0853606487
0.1609657948
0.0140845070
0.1417308885
0.0
0.1399702563
0.1310186702
0.0
0.0
0.0
0.1746915602
0.1161608828
0.0140845070
0.1001564945
0.0
0.1463325407
0.0281690141
0.0
0.1720245135
0.0916065499
0.1877934272
0.0
0.1078239774
0.0000000000
0.1621238221
0.0
0.0
0.1417308885
0.1258950350
0.1788508831
0.1126760563
0.0
0.0000000000
0.0000000000
0.0
0.1325600663
0.1198681450
0.0140845070
0.1341381623
0.0253521127
0.1068019491
0.0
0.0
0.0
0.0140845070
0.0000000000
0.0908677874
0.0992740584
0.0140845070
0.0000000000
0.0187793427
0.0000000000
0.0140845070
0.0000000000
0.1444564825
0.0000000000
0.0000000000
0.0000000000
0.0000000000
