0.0
0.0
0.0
0.0
0.0
0.0
0.0
0.0
0.0
0.0
0.0
0.0
0.0
0.0
0.0
0.0
0.0
0.0
0.0
0.0
0.0
0.0
0.0
0.0
0.0
0.0
0.0
0.0
0.0
0.0942904937
0.0
0.1224075070
0.0
0.0
0.0
0.0
0.0
0.1067896478
0.0
0.0
0.1374148240
0.0
0.0
0.0
0.1047927682
0.0
0.0
0.0
0.0
0.1138649337
0.0
0.0
0.0949153939
0.0
0.1328815514
0.0
0.0
0.0
0.0
0.0
0.0
0.0
0.0
0.0
0.0
0.0
0.0
0.0
0.0
0.0
0.1148797726
0.1313915442
0.0982432202
0.0
0.0973527983
0.0
0.1093257887
0.0
0.1113083807
0.0
0.1410230907
0.1178200228
0.0
0.1202379710
0.1206883005
0.1082242694
0.0
0.1101667563
0.0
0.1218290216
0.0
0.0
0.0
0.0
0.0
0.0
0.0000000000
0.1082242694
0.0
0.0
0.0
0.1041155936
0.0000000000
0.0000000000
0.0
0.0
0.0
0.0
0.0
0.1381512378
0.1126705462
0.0
0.0847994111
0.1120826999
0.0977218384
0.1052204938
0.0000000000
0.0
0.0
0.0
0.0
0.0
0.1291534117
0.1107346262
0.0
0.0881635464
0.0
0.0
0.0
0.0
0.0
0.0
0.0675905112
0.0
0.0
0.0837525048
0.0996098183
0.0
0.0
0.1140664645
0.0
0.0
0.0955486322
0.0
0.1031160839
0.0
0.1002294750
0.0
0.0969865349
0.1096046810
0.0000000000
0.0
0.1172839899
0.0758652766
0.0
0.0712521310
0.1214845475
0.0
0.1134640008
0.1232266777
0.0
0.0
0.1143701019
0.0975738871
0.1125721440
0.0995328995
0.0904527052
0.0
0.0
0.1067896478
0.0
0.1204627149
0.0
0.0
0.0942215679
0.0755983020
0.0
0.0
0.0942904937
0.0895726928
0.0827842678
0.0
0.1170709400
0.0000000000
0.1032813341
0.0
0.0
0.1119853214
0.1069668920
0.1209147325
0.0
0.1248983575
0.1140664645
0.0
0.0778822386
0.1115974934
0.1113083807
0.1099787584
0.0
0.0748519773
0.1298037310
0.0983181578
0.0
0.1010941999
0.1083152142
0.0
0.0
0.0
0.0000000000
0.0
0.0564092363
0.0
0.0
0.0
0.0681984682
0.0
0.1129667878
0.0
0.0000000000
0.0
0.0
0.0923979247
0.0999186860
0.0000000000
0.1170709400
0.1088641089
0.0
0.0000000000
0.0
0.0964062116
0.0
0.1217139801
0.0759099558
0.0934022499
0.0966955025
0.0851354722
0.1003074746
0.0000000000
0.0
0.1008568896
0.0899477354
0.0
0.0
0.0000000000
0.1253843433
0.1135639691
0.0
0.0923979247
0.0
0.1037802777
0.1013326296
0.0
0.0
0.0881032843
0.0
0.0901995136
0.0
0.1190167174
0.0737386184
0.1124739135
0.0000000000
0.0880431044
0.0
0.0921996458
0.0910276165
0.1028691978
0.0
0.0000000000
0.0
0.0
0.1010941999
0.0
0.0682707123
0.1250195004
0.1088641089
0.1075919073
0.1194579285
0.0718879559
0.0780709297
0.0000000000
0.0976478067
0.0811171208
0.1231089827
0.1184697655
0.0564092363
0.0
0.0
0.1311242166
0.0000000000
0.0
0.0
0.0
0.0850231563
0.0911563684
0.0
0.0
0.0881032843
0.0000000000
0.0000000000
0.0000000000
0.0902626785
0.1200140641
0.0800590714
0.1014922086
0.0
0.0000000000
0.0
0.0650985378
0.0
0.0
0.0645120645
0.0981683967
0.0
0.1073231515
0.0796632292
0.0000000000
0.0936057407
0.0
0.0000000000
0.0
0.1229915123
0.0713309933
0.0870324814
0.0847994111
0.1013326296
0.0853609966
0.1221754549
0.1040315617
0.1263677499
0.0975000793
0.1139656100
0.0000000000
0.0000000000
0.1004638386
0.1190167174
0.0921337419
0.1044530834
0.0942904937
0.1110207622
0.0964783719
0.0
0.0850792772
0.0820465340
0.0615544914
0.0000000000
0.1077718268
0.0755983020
0.0000000000
0.0
0.0034965035
0.0974263831
0.0000000000
0.1108298408
0.0000000000
0.0
0.0000000000
0.0
0.0
0.0847994111
0.0000000000
0.0000000000
0.0000000000
0.0
0.1106395750
0.0
0.0000000000
0.0
0.0803084766
0.0000000000
0.0879229911
0.0000000000
0.0593713058
0.0972793244
0.1022165780
0.0000000000
0.0679826503
0.0855309256
0.0872681821
0.0000000000
0.0000000000
0.0000000000
0.0759099558
0.0649672908
0.0000000000
0.0000000000
0.0000000000
0.0893863418
0.0000000000
0.0000000000
0.1099787584
0.0942904937
0.0000000000
0.1110207622
0.0
0.0000000000
0.0882238911
0.0619986075
0.1093257887
0.0000000000
0.0000000000
0.0000000000
0.0034965035
0.0872681821
0.0000000000
0.0000000000
0.0
0.0
0.0000000000
0.0000000000
0.0000000000
0.0904527052
0.0000000000
0.0
0.0000000000
0.0951957939
0.0000000000
0.0699756270
0.0810661037
0.0000000000
0.0000000000
0.0000000000
0.0845768405
0.0000000000
0.0934022499
0.0000000000
0.0000000000
0.0850231563
0.0000000000
0.0000000000
0.1141674977
0.0593713058
0.0000000000
0.0000000000
0.0000000000
0.0000000000
0.0000000000
0.0000000000
0.0000000000
0.1044530834
0.0796140240
0.0000000000
0.0000000000
0.0000000000
0.0000000000
0.0000000000
0.0
0.0000000000
0.0000000000
0.0951255387
0.0000000000
0.0000000000
0.0000000000
0.0000000000
0.0000000000
0.0789314788
0.0997640131
0.1011735517
0.0000000000
0.0000000000
0.0000000000
0.0000000000
0.0000000000
0.0780236712
0.0000000000
0.0000000000
0.0000000000
