0.0
0.0
0.0
0.0
0.0
0.0
0.0
0.0
0.0
0.0
0.0
0.0
0.0
0.0
0.0
0.0
0.0
0.0
0.0
0.0
0.0
0.0
0.0
0.0
0.0
0.0
0.0
0.0
0.0
0.0
0.0
0.0000000000
0.0
0.0
0.0
0.0
0.0
0.0
0.0
0.0
0.0
0.0
0.0
0.0
0.0
0.0
0.0
0.0
0.0
0.0
0.0
0.0
0.0471183801
0.0
0.0
0.0
0.0
0.0
0.0
0.0
0.0
0.0430911681
0.0
0.0
0.0
0.0
0.0
0.0
0.0
0.0
0.0000000000
0.0
0.0
0.0
0.0
0.0
0.0
0.0
0.0
0.0
0.0
0.0
0.0
0.0
0.0
0.0672222222
0.0
0.0
0.0
0.0
0.0
0.0238095238
0.0
0.0
0.0
0.0
0.0000000000
0.0
0.0
0.0
0.0166666667
0.0
0.0554029304
0.0
0.0
0.0
0.0
0.0
0.0
0.0
0.0
0.0234375000
0.0
0.0
0.0
0.0
0.0
0.0
0.0
0.0
0.0104166667
0.0
0.0622427984
0.0381944444
0.0752487562
0.0
0.0000000000
0.0
0.0238095238
0.0
0.0
0.0
0.0
0.0
0.0
0.0
0.0434027778
0.0
0.0586240310
0.0
0.0
0.0000000000
0.0104166667
0.0548007246
0.0
0.0
0.0400132275
0.0
0.0
0.0
0.0104166667
0.0234375000
0.0
0.0
0.0
0.0
0.0
0.0
0.0104166667
0.0104166667
0.0
0.0336021505
0.0
0.0
0.0
0.0
0.0
0.0
0.0000000000
0.0
0.0
0.0
0.0
0.0
0.0
0.0
0.0
0.0
0.0525173611
0.0
0.0
0.0520833333
0.0
0.0473484848
0.0
0.0
0.0
0.0694444444
0.0104166667
0.0454204204
0.0
0.0
0.0000000000
0.0
0.0000000000
0.0
0.0
0.0000000000
0.0385802469
0.0
0.0000000000
0.0000000000
0.0560185185
0.0
0.0
0.0
0.0
0.0336021505
0.0104166667
0.0104166667
0.0
0.0342970522
0.0
0.0720238095
0.0000000000
0.0000000000
0.0277777778
0.0
0.0720238095
0.0000000000
0.0000000000
0.0104166667
0.0000000000
0.0166666667
0.0494281046
0.0000000000
0.0525173611
0.0000000000
0.0
0.0
0.0000000000
0.0566479401
0.0434027778
0.0
0.0
0.0000000000
0.0000000000
0.0104166667
0.0000000000
0.0471183801
0.0
0.0000000000
0.0
0.0000000000
0.0104166667
0.0473484848
0.0000000000
0.0104166667
0.0458333333
0.0000000000
0.0104166667
0.0000000000
0.0289351852
0.0000000000
0.0000000000
0.0104166667
0.0000000000
0.0156250000
0.0000000000
0.0000000000
0.0104166667
0.0430911681
0.0
0.0156250000
0.0000000000
0.0000000000
0.0
0.0000000000
0.0434027778
0.0000000000
0.0104166667
0.0000000000
0.0430911681
0.0000000000
