0.0
0.0
0.0
0.0
0.1151270532
0.0
0.1367526337
0.0
0.0
0.1121826273
0.0
0.0957193830
0.0
0.1268645185
0.0
0.1180710828
0.0
0.1306430596
0.0
0.0
0.1379352429
0.0925388339
0.0
0.0
0.0
0.1165804844
0.1149008704
0.1101403823
0.1243470085
0.1211696333
0.0
0.0
0.1344472253
0.1239079301
0.1278816538
0.1255033112
0.1342414912
0.1071799811
0.1203385659
0.0
0.0
0.1399151747
0.1352765066
0.1262256324
0.0
0.1325178467
0.1375028441
0.1217582436
0.1120393544
0.1118251300
0.0824887772
0.1040033367
0.1386985210
0.0
0.1264986511
0.0
0.1172034930
0.0
0.1033904708
0.1317219437
0.0
0.0
0.1185497493
0.1012427173
0.0
0.1292952314
0.0
0.0872469563
0.1102788366
0.1252345675
0.1300619934
0.1364336151
0.1092488350
0.1353808866
0.1243470085
0.1133421376
0.0
0.0819876771
0.0862179995
0.1128319158
0.1250560435
0.1235588937
0.1297733943
0.0
0.1273248396
0.1166579980
0.1197635693
0.0
0.0912870078
0.0906268745
0.1252345675
0.0
0.1168133349
0.1076402632
0.0756591760
0.0
0.0885682125
0.1224379826
0.1193562102
0.1179123851
0.1262256324
0.1216738065
0.0862179995
0.1007775009
0.1154300191
0.1301584785
0.0
0.0903003752
0.1318209084
0.0
0.1168133349
0.1277885135
0.1105567921
0.1134154034
0.1077063407
0.1069839201
0.1275099048
0.0
0.1075742667
0.1343442795
0.1149008704
0.1195188209
0.0931777106
0.1177541134
0.0026881720
0.1256831154
0.0
0.1024845964
0.0000000000
0.1268645185
0.0
0.0
0.0
0.0020161290
0.1242589441
0.1021266758
0.1067885752
0.1160407599
0.1190323128
0.1256831154
0.1167356148
0.1235588937
0.1220971670
0.0
0.0868582322
0.1348605911
0.1237331657
0.0020161290
0.1311312624
0.0993508658
0.1189516129
0.1338319062
0.1159640641
0.1158874696
0.1201737185
0.1064000176
0.0000000000
0.0000000000
0.1110466007
0.1046235116
0.1215894865
0.0000000000
0.0020161290
0.0938756710
0.1127594017
0.0975826635
0.1215894865
0.0948397995
0.1044366839
0.1275099048
0.0
0.0
0.0720844819
0.0
0.1175962661
0.1029053543
0.0
0.1172034930
0.1117539038
0.0
0.0943299081
0.1095900244
0.1036347484
0.1264986511
0.0985694545
0.1095216161
0.1244351979
0.0
0.0941274834
0.1105567921
0.1116117233
0.1290100213
0.1112578497
0.0944314473
0.1247005181
0.1017712465
0.1053775550
0.1324178332
0.1125424176
0.0
0.0
0.1056313239
0.1226948455
0.0
0.1092488350
0.0026881720
0.0
0.1205866866
0.0
0.0981284279
0.0992384780
0.1252345675
0.0
0.0996895620
0.0852544359
0.1154300191
0.1021861555
0.1053143031
0.0
0.1202560857
0.0000000000
0.1237331657
0.1245235124
0.0026881720
0.0
0.1183897632
0.0040322581
0.0000000000
0.1081045157
0.1337299002
0.0998597775
0.1222673373
0.0
0.1392489119
0.1163485604
0.1003165403
0.0
0.0
0.1185497493
0.0
0.1207526697
0.0000000000
0.0040322581
0.0000000000
0.1118964471
0.0855454066
0.1168133349
0.0020161290
0.1171252530
0.1141533045
0.0881676528
0.0000000000
0.1079714640
0.1197635693
0.0814547953
0.0745976314
0.1210860104
0.1068536109
0.1304487948
0.0000000000
0.0
0.0000000000
0.0964560907
0.1000876378
0.1016533193
0.1030262061
0.1109062130
0.1070491940
0.0020161290
0.0000000000
0.0772583131
0.1351722874
0.0914297181
0.1065939423
0.0
0.0
0.1194374602
0.0000000000
0.0805942256
0.0
0.0925388339
0.1100022753
0.1007775009
0.0020161290
0.1237331657
0.1041886158
0.0
0.0020161290
0.0040322581
0.1231253537
0.0
0.0910501448
0.1044988857
0.0945841666
0.1083047093
0.1059502591
0.1128319158
0.0000000000
0.0941780081
0.1212533718
0.0000000000
0.0983484468
0.1024845964
0.0020161290
0.0948910920
0.0980187872
0.1175962661
0.0026881720
0.0897920312
0.0000000000
0.0997462359
0.1172818376
0.0000000000
0.0
0.0000000000
0.1206696211
0.0
0.0990703721
0.1023053231
0.1137831576
0.1041886158
0.1079714640
0.0780487674
0.0
0.0000000000
0.0040322581
0.0040322581
0.0026881720
0.0000000000
0.1044366839
0.0000000000
0.1007775009
0.1188710224
0.0000000000
0.1025444939
0.0991263441
0.1161175573
0.0000000000
0.1100712855
0.1113991295
0.1216738065
0.1000305753
0.0040322581
0.0
0.0998597775
0.0908615376
0.0000000000
0.0
0.0921984388
0.1151270532
0.0908615376
0.0000000000
0.0991823793
0.0020161290
0.1116117233
0.0948397995
0.0720844819
0.0020161290
0.0026881720
0.1038187154
0.0000000000
0.0
0.0988471149
0.1123262670
0.0852544359
0.0000000000
0.0944314473
0.1075742667
0.0000000000
0.1216738065
0.0815304968
0.0000000000
0.1001447654
0.0000000000
0.0000000000
0.0850890538
0.1100022753
0.0000000000
0.1089097635
0.0814547953
0.0000000000
0.0889273335
0.0872035930
0.0000000000
0.0791758254
0.0866437674
0.1127594017
0.0000000000
0.0811158710
0.0000000000
0.0000000000
0.0000000000
0.0020161290
0.0000000000
0.0000000000
0.0000000000
0.0020161290
0.1146006721
0.0020161290
0.0026881720
0.1187905410
0.0892439619
0.0874644213
0.1110466007
0.0000000000
0.0000000000
0.0912870078
0.0000000000
0.0
0.0000000000
0.0791758254
0.1253240207
0.0000000000
0.0000000000
0.0026881720
0.0855454066
0.1011260110
0.1179916806
0.0887474097
0.0942285870
0.0000000000
0.0883007695
0.0872035930
0.0026881720
0.0020161290
0.0000000000
0.0000000000
0.0000000000
0.0000000000
0.0040322581
0.0
0.0
0.0000000000
0.0000000000
0.0000000000
0.0000000000
0.0000000000
0.1065939423
0.1008934037
0.1004313847
0.0000000000
0.0026881720
0.0026881720
0.0020161290
0.0020161290
0.0841908009
0.0000000000
0.0020161290
0.1136357701
0.0895628530
0.0000000000
0.0895628530
0.0000000000
0.0792831582
0.0000000000
0.1116827683
0.1112578497
0.1093169028
0.0792831582
0.0000000000
0.0000000000
0.0000000000
0.0830353190
0.0020161290
0.0000000000
0.0000000000
0.0792831582
0.0000000000
0.0000000000
0.0026881720
0.0864729566
0.0000000000
0.0000000000
0.0000000000
0.0000000000
0.0020161290
0.0000000000
0.0000000000
0.0000000000
0.0000000000
0.0020161290
0.0000000000
0.0980187872
0.0000000000
0.0000000000
0.0000000000
0.0972042266
0.0000000000
0.0000000000
0.0000000000
0.0000000000
0.0000000000
0.0000000000
0.0000000000
0.0000000000
0.0000000000
0.0000000000
0.0000000000
0.0000000000
0.0000000000
0.0020161290
0.0000000000
0.0000000000
0.0000000000
0.0000000000
0.0026881720
0.0000000000
0.0000000000
0.0000000000
0.0000000000
0.0000000000
0.0987914578
0.0000000000
0.0000000000
0.0000000000
0.0000000000
0.0000000000
0.0000000000
0.0020161290
0.0000000000
0.0000000000
0.0000000000
0.0026881720
0.0000000000
0.0854204620
0.0020161290
0.0000000000
0.0000000000
0.0000000000
0.0020161290
0.0000000000
0.0000000000
0.0000000000
0.0000000000
0.0000000000
0.0000000000
0.0000000000
0.0000000000
0.0000000000
0.0000000000
0.0000000000
0.0000000000
0.0000000000
0.0000000000
0.0000000000
0.0000000000
0.0000000000
0.0000000000
0.0000000000
0.0000000000
0.0000000000
0.0000000000
0.0000000000
0.0000000000
0.0000000000
0.0000000000
0.0000000000
0.0000000000
0.0000000000
0.0000000000
0.0000000000
0.0000000000
0.0000000000
0.0000000000
0.0000000000
0.0772583131
0.0000000000
0.0000000000
0.0000000000
0.0000000000
0.0000000000
