0.0
0.0
0.0
0.0
0.0
0.0232558140
0.0
0.1139140717
0.0
0.0
0.0
0.1200166113
0.0800110742
0.0
0.0
0.0
0.0
0.0
0.0000000000
0.0
0.1158781075
0.0
0.0310077519
0.0933462532
0.0
0.0
0.0531561462
0.0
0.0
0.0
0.0
0.1018322763
0.0000000000
0.1527484144
0.0
0.0
0.0
0.0000000000
0.0
0.0531561462
0.0
0.0
0.0
0.0465116279
0.0
0.1371618415
0.0
0.1371618415
0.0000000000
0.0
0.0
0.0988372093
0.0000000000
0.1563007031
0.1244616710
0.0
0.0372093023
0.1244616710
0.0
0.0310077519
0.0
0.0232558140
0.0
0.1527484144
0.0840116279
0.0620155039
0.0372093023
0.0
0.0960132890
0.0700096899
0.0232558140
0.0232558140
0.0232558140
0.0908233815
0.0000000000
0.0000000000
0.0000000000
0.0000000000
0.0000000000
0.0000000000
0.0232558140
0.0000000000
