0.0188356164
0.0
0.0
0.0
0.0
0.0
0.0000000000
0.0
0.0
0.0211150859
0.0
0.0
0.0
0.0
0.0
0.0
0.0091324201
0.0298654819
0.0
0.0
0.0
0.0
0.0
0.0068493151
0.0
0.0
0.0091324201
0.0
0.0
0.0
0.0091324201
0.0
0.0
0.0
0.0
0.0000000000
0.0
0.0
0.0
0.0
0.0
0.0
0.0267344233
0.0136986301
0.0
0.0
0.0
0.0
0.0
0.0
0.0293368893
0.0
0.0145044319
0.0136986301
0.0136986301
0.0
0.0360333532
0.0
0.0000000000
0.0
0.0205479452
0.0000000000
0.0
0.0000000000
0.0136986301
0.0205479452
0.0
0.0145044319
0.0265205479
0.0
0.0293368893
0.0368340944
0.0325006715
0.0
0.0000000000
0.0136986301
0.0
0.0
0.0
0.0
0.0235111241
0.0
0.0
0.0000000000
0.0000000000
0.0091324201
0.0068493151
0.0
0.0164383562
0.0068493151
0.0
0.0
0.0000000000
0.0091324201
0.0091324201
0.0204633858
0.0
0.0
0.0000000000
0.0
0.0348954578
0.0231822972
0.0
0.0
0.0
0.0
0.0
0.0236790607
0.0
0.0
0.0
0.0136986301
0.0000000000
0.0
0.0
0.0
0.0
0.0328224603
0.0000000000
0.0000000000
0.0
0.0091324201
0.0
0.0000000000
0.0
0.0000000000
0.0000000000
0.0136986301
0.0000000000
0.0
0.0372479606
0.0068493151
0.0
0.0
0.0000000000
0.0091324201
0.0136986301
0.0000000000
0.0000000000
0.0000000000
0.0091324201
0.0
0.0
0.0000000000
0.0091324201
0.0168277588
0.0295988258
0.0068493151
0.0298654819
0.0000000000
0.0000000000
0.0
0.0000000000
0.0091324201
0.0000000000
0.0
0.0
0.0000000000
0.0091324201
0.0
0.0000000000
0.0258989726
0.0000000000
0.0
0.0
0.0
0.0000000000
0.0202138323
0.0136986301
0.0000000000
0.0000000000
0.0
0.0091324201
0.0091324201
0.0000000000
0.0000000000
0.0000000000
0.0000000000
0.0
0.0091324201
0.0
0.0000000000
0.0000000000
0.0224159402
0.0000000000
0.0
0.0000000000
0.0000000000
0.0000000000
0.0068493151
0.0000000000
0.0000000000
0.0000000000
0.0068493151
0.0000000000
0.0000000000
0.0
0.0
0.0000000000
0.0068493151
0.0000000000
0.0000000000
0.0000000000
0.0091324201
0.0068493151
0.0000000000
0.0000000000
0.0000000000
0.0068493151
0.0000000000
0.0000000000
0.0000000000
0.0000000000
0.0301369863
0.0000000000
0.0000000000
0.0000000000
0.0000000000
0.0000000000
0.0000000000
0.0000000000
0.0000000000
0.0000000000
0.0
0.0000000000
0.0123287671
0.0000000000
0.0000000000
0.0000000000
0.0091324201
0.0000000000
0.0000000000
0.0091324201
0.0000000000
0.0000000000
0.0000000000
0.0000000000
0.0000000000
0.0000000000
0.0000000000
