0.0
0.0
0.0
0.0
0.1229015636
0.0
0.1545330652
0.0
0.0
0.1170768450
0.0
0.1186025377
0.0
0.1313003037
0.0
0.1237813171
0.0
0.1371312450
0.0
0.0
0.1485588488
0.1000708912
0.0
0.0
0.0
0.1251248191
0.1086879321
0.1203357690
0.1185212474
0.1250343456
0.0
0.0
0.1501063368
0.1320019084
0.1416236691
0.1362667455
0.1384487590
0.1241367552
0.1279012574
0.0
0.0
0.1520866315
0.1545330652
0.1361594488
0.0
0.1402453366
0.1467932937
0.1237813171
0.1212640252
0.1200017349
0.1300169173
0.1157446452
0.1501063368
0.1390052251
0.1290466418
0.0
0.1279959289
0.0
0.1121416991
0.1504982594
0.0
0.1068082149
0.1335308880
0.1426753300
0.0
0.1411612245
0.0
0.0987000571
0.1289504101
0.1348849454
0.1466687871
0.1453130252
0.1152816667
0.1592288214
0.1294330090
0.1290466418
0.1173947726
0.0820315465
0.0905827658
0.1342565994
0.1350957031
0.1477970085
0.1294330090
0.0
0.1430293631
0.1340484496
0.1349902420
0.0
0.0931694504
0.0997246251
0.1401316856
0.0
0.1330173077
0.1084833752
0.0025000000
0.0
0.0984752278
0.1282807864
0.1325076628
0.1470429422
0.1350957031
0.1301147479
0.1127265319
0.1049924104
0.1264053363
0.1453130252
0.0
0.1149750665
0.1445840301
0.0
0.1234279086
0.1279959289
0.1169185260
0.1222067138
0.1205875174
0.1242259339
0.1354130775
0.0
0.1235160714
0.1499761492
0.1223796886
0.1233398716
0.1019590212
0.1157446452
0.0000000000
0.1420891537
0.1230765125
0.1207559358
0.0000000000
0.1323048967
0.0
0.0
0.1214343399
0.0025000000
0.1400182186
0.0075000000
0.1127265319
0.1200850694
0.1292395366
0.1422060033
0.1270554739
0.1082118273
0.1251248191
0.0
0.1102119184
0.1391170555
0.1214343399
0.0990959885
0.1494576491
0.1192568966
0.1200850694
0.1250343456
0.1257618182
0.1296270615
0.1300169173
0.0979176104
0.0000000000
0.0000000000
0.1190926309
0.1237813171
0.1424402801
0.0000000000
0.1051200608
0.1162113575
0.1266831502
0.1129474200
0.1248537906
0.0935727814
0.1015995887
0.1495869377
0.0
0.0
0.0729630802
0.0
0.1076057872
0.0025000000
0.0
0.1539826358
0.1074052795
0.0
0.0050000000
0.1037327534
0.1119964378
0.1402453366
0.1042329717
0.1179553206
0.1142156539
0.0
0.0000000000
0.1166031693
0.1053121194
0.1277123338
0.0973662725
0.1094446203
0.1378967305
0.1051840024
0.1142911434
0.1467932937
0.1254880261
0.0
0.0
0.1207559358
0.1251248191
0.0
0.1161333109
0.0876888945
0.0
0.1303108515
0.0
0.0908206408
0.0961749166
0.1330173077
0.0
0.1039197716
0.1011242690
0.1237813171
0.1160553691
0.1166031693
0.0
0.1364818469
0.0000000000
0.1270554739
0.1374582671
0.0000000000
0.0
0.1259450109
0.0000000000
0.0000000000
0.1262208029
0.1396789176
0.1113473921
0.1331197075
0.0
0.1504982594
0.1282807864
0.1110613359
0.1415077741
0.0
0.1295299625
0.0
0.1267760264
0.0000000000
0.1102822066
0.0000000000
0.1260368076
0.1068742274
0.1182780438
0.0000000000
0.1301147479
0.1300169173
0.0964431121
0.0000000000
0.1039197716
0.1314000760
0.0033333333
0.0876888945
0.1298216967
0.1190926309
0.1369140934
0.0000000000
0.0
0.0000000000
0.1032373134
0.1043587809
0.0868520844
0.1163677658
0.1161333109
0.1140649736
0.0871585181
0.0000000000
0.0000000000
0.1472934412
0.1040448255
0.1082118273
0.0807671649
0.0
0.0000000000
0.0000000000
0.0000000000
0.1171561653
0.1003030742
0.1148986711
0.0000000000
0.0769913179
0.1291430172
0.0944931694
0.1015995887
0.0025000000
0.0050000000
0.1426753300
0.0
0.0025000000
0.1156672241
0.0987000571
0.0933706803
0.1146700928
0.1190926309
0.0000000000
0.0789961169
0.1287583768
0.0000000000
0.0994378953
0.1025637604
0.1250343456
0.0000000000
0.1086879321
0.0000000000
0.0033333333
0.0998974581
0.0000000000
0.1120690214
0.1190106676
0.0000000000
0.1133918033
0.0920290048
0.1177946185
0.1008882730
0.0923238121
0.1010061332
0.1273361561
0.1132432875
0.1186025377
0.0867649272
0.0
0.0000000000
0.0000000000
0.0774742384
0.0693354050
0.0000000000
0.0987564249
0.0000000000
0.1145182119
0.1124333550
0.0000000000
0.0000000000
0.0960680556
0.1187654533
0.0000000000
0.0000000000
0.1008294461
0.1179553206
0.0045000000
0.0000000000
0.0000000000
0.1120690214
0.1044848943
0.0000000000
0.0897366373
0.0931694504
0.1169185260
0.0000000000
0.0000000000
0.1015995887
0.0000000000
0.1358385703
0.1062830363
0.0000000000
0.0000000000
0.0944931694
0.1169976319
0.0000000000
0.0
0.1093753953
0.1087562893
0.0000000000
0.0000000000
0.0994378953
0.1065449784
0.0000000000
0.0767521083
0.0000000000
0.0000000000
0.0000000000
0.0000000000
0.0000000000
0.0839429612
0.1148986711
0.0000000000
0.0000000000
0.0033333333
0.0000000000
0.0000000000
0.0045000000
0.0000000000
0.0000000000
0.0025000000
0.1336340804
0.0000000000
0.0000000000
0.0000000000
0.0000000000
0.0000000000
0.1051200608
0.0000000000
0.0000000000
0.0000000000
0.0000000000
0.1227271114
0.0000000000
0.0033333333
0.1073386096
0.0901107348
0.0000000000
0.0000000000
0.0000000000
0.0000000000
0.0000000000
0.0000000000
0.1086196608
0.0000000000
0.0000000000
0.0000000000
0.0000000000
0.0000000000
0.0000000000
0.0000000000
0.0000000000
0.1222931400
0.0000000000
0.0000000000
0.0000000000
0.0000000000
0.0045000000
0.0000000000
0.1067422840
0.0000000000
0.0000000000
0.0000000000
0.0000000000
0.0000000000
0.0000000000
0.0000000000
0.0000000000
0.0000000000
0.0000000000
0.0000000000
0.0000000000
0.0000000000
0.0000000000
0.0000000000
0.0000000000
0.0000000000
0.0000000000
0.0000000000
0.0000000000
0.0000000000
0.0000000000
0.0000000000
0.0000000000
0.0000000000
0.0000000000
0.0000000000
0.0000000000
0.0000000000
0.0000000000
0.1282807864
0.0000000000
0.0000000000
0.0000000000
