0.0
0.0
0.0
0.0
0.1213260580
0.0
0.1537552661
0.0
0.0
0.0954835373
0.0
0.1144076041
0.0
0.1291351136
0.0
0.1197366337
0.0
0.1351833482
0.0
0.0
0.1375569688
0.0896068272
0.0
0.0
0.0
0.1232345578
0.1077394464
0.1148067932
0.1168452661
0.1222274404
0.0
0.0
0.1488851898
0.1275334378
0.1328902542
0.1322493044
0.1367565542
0.1230502130
0.1166795282
0.0
0.0
0.1487505739
0.1494260987
0.1326759151
0.0
0.1374420507
0.1414601330
0.1237909215
0.1136960157
0.1163494588
0.1259710067
0.1126065262
0.1470224618
0.1326759151
0.1280296768
0.0
0.1218652850
0.0
0.1088803009
0.1474176834
0.0
0.1049222798
0.1095327129
0.1410961704
0.0
0.1365295724
0.0
0.0944420980
0.1250137802
0.1276323776
0.1403738351
0.1312993892
0.1136174964
0.1528978947
0.1200862297
0.1228664188
0.1073177656
0.0807252869
0.0907435933
0.1234194559
0.1305699482
0.1463684473
0.1266498343
0.0
0.1384832784
0.1264551381
0.1318254285
0.0
0.0914497692
0.0976948543
0.1357410352
0.0
0.1257783905
0.1062778648
0.1072478062
0.0
0.0960970413
0.1271392077
0.1288317421
0.1417038197
0.1334291441
0.1254905681
0.1064153523
0.1053253103
0.1225917546
0.1403738351
0.0
0.1104890092
0.1375569688
0.0
0.1227747274
0.1240709915
0.1130708830
0.1269430052
0.1088082902
0.1241646300
0.1311946848
0.0
0.0991670493
0.1459788241
0.1195625979
0.1250137802
0.0933171496
0.1162672330
0.0000000000
0.1338634131
0.1136174964
0.1196495525
0.0000000000
0.1275334378
0.0
0.0
0.1215052694
0.0025906736
0.1381344540
0.0025906736
0.1112360613
0.1185289155
0.1159394889
0.1359654006
0.1245406016
0.1061407321
0.1235121131
0.0
0.1067606325
0.1364163638
0.1070384741
0.0930006414
0.1345201429
0.1156948908
0.1181034707
0.1250137802
0.1185289155
0.1261642137
0.1275334378
0.0945506521
0.0000000000
0.0000000000
0.1093870577
0.1133045005
0.1358531253
0.0000000000
0.1049892372
0.1100455751
0.1236049096
0.1086645540
0.1177653076
0.0919609473
0.1000718581
0.1440614139
0.0
0.0
0.0718733660
0.0
0.1116133885
0.0025906736
0.0
0.1423167255
0.1064842296
0.0
0.0051813472
0.0034542314
0.1068299576
0.1365295724
0.1012419291
0.1037969304
0.1134607826
0.0
0.0000000000
0.1083782179
0.1041254017
0.1272375365
0.0967184801
0.1045223219
0.1369842920
0.1039937640
0.1139322263
0.1403738351
0.1211473746
0.0925298845
0.0
0.1178496667
0.1236049096
0.0
0.1154513226
0.0852425568
0.0
0.1308815710
0.0
0.0898515209
0.0922704065
0.1315093003
0.0
0.1049892372
0.0984548981
0.1174290755
0.1103408013
0.1104890092
0.0
0.1336459258
0.0000000000
0.1266498343
0.1329976837
0.0000000000
0.0
0.1217750812
0.0000000000
0.0000000000
0.1218652850
0.1374420507
0.1101929904
0.1297461630
0.0
0.1471539667
0.1224093264
0.0938494779
0.1211473746
0.0
0.1255863624
0.0
0.1220460940
0.0000000000
0.0025906736
0.0000000000
0.1278307185
0.1071779379
0.1122224657
0.0000000000
0.1237909215
0.1199986395
0.0932114078
0.0000000000
0.1049892372
0.1288317421
0.0034542314
0.0855973646
0.1229582472
0.1156135873
0.1268451309
0.0000000000
0.0
0.0000000000
0.1011174768
0.0967184801
0.0851102611
0.1149672500
0.1077394464
0.1133045005
0.0790572488
0.0000000000
0.0000000000
0.1478150357
0.0861351491
0.0000000000
0.0795542238
0.0
0.0000000000
0.0000000000
0.0000000000
0.1145669462
0.0898024753
0.1129156724
0.0000000000
0.0705480852
0.1258746249
0.0000000000
0.1003771414
0.0025906736
0.0051813472
0.1257783905
0.0
0.0025906736
0.1129932244
0.0944420980
0.0917557918
0.1115377185
0.1169283118
0.0000000000
0.0034542314
0.1101929904
0.0000000000
0.0833425201
0.0920123796
0.1170947578
0.0000000000
0.0000000000
0.0000000000
0.0034542314
0.0978110195
0.0000000000
0.1097519244
0.1152087778
0.0000000000
0.0000000000
0.0905438276
0.1159394889
0.0977529024
0.0000000000
0.0983371995
0.1091692997
0.1041913456
0.1136960157
0.0851102611
0.1280296768
0.0000000000
0.0000000000
0.0755016681
0.0677029361
0.0000000000
0.0925298845
0.0000000000
0.0915515496
0.1072478062
0.1071081606
0.0000000000
0.0921670222
0.1155323980
0.0000000000
0.0000000000
0.0000000000
0.1144872197
0.0025906736
0.0000000000
0.0000000000
0.1097519244
0.1036008405
0.0000000000
0.0051813472
0.0000000000
0.1070384741
0.0000000000
0.0000000000
0.1000718581
0.0000000000
0.1286302852
0.1085211970
0.0000000000
0.0000000000
0.0025906736
0.1126065262
0.0000000000
0.0915515496
0.1063465641
0.1066913974
0.0000000000
0.0000000000
0.0000000000
0.1004384217
0.0000000000
0.0000000000
0.0000000000
0.0000000000
0.0000000000
0.0000000000
0.0000000000
0.0808840387
0.1129156724
0.0000000000
0.0000000000
0.0034542314
0.0000000000
0.0000000000
0.0000000000
0.0000000000
0.0000000000
0.0921670222
0.1302598058
0.0000000000
0.0000000000
0.0000000000
0.0000000000
0.0000000000
0.0993466997
0.0000000000
0.0000000000
0.0000000000
0.0000000000
0.0000000000
0.0000000000
0.0034542314
0.1043234843
0.0842818313
0.0000000000
0.0000000000
0.0000000000
0.0000000000
0.0000000000
0.0000000000
0.1056635419
0.0000000000
0.0000000000
0.0000000000
0.0000000000
0.0000000000
0.0000000000
0.0000000000
0.0000000000
0.1200862297
0.0000000000
0.0000000000
0.0000000000
0.0000000000
0.0000000000
0.0000000000
0.0000000000
0.0000000000
0.0000000000
0.0000000000
0.0000000000
0.0000000000
0.0000000000
0.0000000000
0.0000000000
0.0000000000
0.0000000000
0.0000000000
0.0000000000
0.0000000000
0.0000000000
0.0000000000
0.0000000000
0.0000000000
