0.0
0.0
0.0
0.0
0.0
0.0
0.2137482900
0.0
0.0
0.0
0.0
0.0
0.2518130540
0.0
0.0
0.2088903743
0.0
0.0
0.0
0.0
0.0
0.0
0.0
0.0
0.0
0.0
0.0
0.0
0.0
0.2042483660
0.0
0.2450980392
0.2175426384
0.0
0.0
0.0
0.2188375350
0.0000000000
0.1945222533
0.0
0.2214741318
0.1557826520
0.1966027053
0.2100840336
0.2356711916
0.0
0.0
0.0
0.0
0.2312245653
0.0
0.0
0.1885369532
0.0
0.2188375350
0.0
0.2125127508
0.2009000321
0.0
0.0
0.2175426384
0.0
0.0
0.0
0.1945222533
0.0
0.1885369532
0.0000000000
0.1605445672
0.0
0.1793400287
0.1750700280
0.2553104575
0.0
0.1904907041
0.0
0.1955569462
0.1726042530
0.1847472657
0.2518130540
0.2188375350
0.2112914131
0.1519202722
0.2125127508
0.1648641519
0.1914828431
0.0
0.0294117647
0.1263391955
0.2020038785
0.0
0.1793400287
0.0
0.1811069255
0.0
0.0
0.1519202722
0.1403233049
0.1544735541
0.0
0.0000000000
0.1838235294
0.1904907041
0.0000000000
0.2137482900
0.1866228725
0.1289989680
0.0
0.0196078431
0.0000000000
0.0000000000
0.1686454398
0.2077102027
0.0000000000
0.0000000000
0.0000000000
0.0196078431
0.1694226078
0.0000000000
0.0000000000
0.0000000000
0.0000000000
0.0000000000
0.0000000000
