0.0
0.0
0.0
0.0
0.0
0.0
0.0
0.0
0.0
0.0
0.0
0.0
0.0
0.0
0.0
0.0
0.0
0.0
0.0
0.0
0.0
0.0
0.0
0.0
0.0
0.0
0.0
0.0
0.0
0.0
0.0
0.0258620690
0.0
0.0
0.0
0.0
0.0
0.0
0.0
0.0
0.0
0.0
0.0
0.0258620690
0.0
0.0
0.0
0.0
0.0
0.0
0.0
0.0
0.0229885057
0.0
0.0
0.0
0.0
0.0
0.0
0.0
0.0
0.0876086347
0.0
0.0
0.0
0.0
0.0
0.0
0.0
0.0
0.0932975071
0.0
0.0
0.0
0.0
0.0
0.0
0.0
0.0748323755
0.0
0.0
0.0
0.0
0.0
0.0
0.0258620690
0.0
0.0
0.0
0.0
0.0
0.0229885057
0.0
0.0
0.0
0.0
0.0000000000
0.0
0.0
0.0
0.0000000000
0.0
0.0659074133
0.0
0.0
0.0
0.0
0.0
0.0
0.0
0.0000000000
0.0172413793
0.0
0.0
0.0
0.0
0.0
0.0
0.0
0.0
0.0172413793
0.0
0.0970798385
0.0748323755
0.0630167372
0.1072225081
0.0000000000
0.0
0.0172413793
0.0
0.0
0.0
0.0
0.0258620690
0.0653082550
0.0
0.0835338145
0.0
0.0520573047
0.0
0.0
0.0258620690
0.0677727174
0.0647198923
0.0
0.0
0.0153256705
0.0306513410
0.0
0.0
0.0825736557
0.0000000000
0.0172413793
0.0
0.0
0.0
0.0
0.0
0.0114942529
0.0172413793
0.0
0.0172413793
0.0
0.0
0.0
0.0
0.0
0.0
0.0000000000
0.0
0.0
0.0
0.0764245537
0.0
0.0
0.0
0.0
0.0
0.0258620690
0.0
0.0
0.0997765006
0.0
0.0114942529
0.0114942529
0.0258620690
0.0
0.0258620690
0.0000000000
0.0000000000
0.0
0.0
0.0183908046
0.0
0.0540143462
0.0
0.0262725780
0.0183908046
0.0262725780
0.0
0.0367816092
0.0229885057
0.0153256705
0.0
0.0
0.0306513410
0.0
0.0598659004
0.0114942529
0.0000000000
0.0172413793
0.0114942529
0.0
0.0000000000
0.0172413793
0.0114942529
0.0172413793
0.0
0.0780859570
0.0647198923
0.0204342273
0.0258620690
0.0114942529
0.0876086347
0.0876086347
0.0000000000
0.1158694846
0.0000000000
0.0711278024
0.0000000000
0.0000000000
0.0619302418
0.0258620690
0.0
0.0
0.0677727174
0.0000000000
0.0000000000
0.0000000000
0.0114942529
0.0000000000
0.0000000000
0.0172413793
0.0000000000
0.0000000000
