0.0
0.0
0.0
0.0
0.0
0.0
0.0
0.0
0.0
0.0
0.0
0.0
0.0
0.0
0.0
0.0
0.0
0.0
0.0
0.0
0.0
0.0
0.0
0.0
0.0
0.0
0.0
0.0
0.0
0.0
0.0
0.0
0.0
0.0
0.0
0.0
0.0
0.0
0.0
0.0
0.0
0.0
0.0000000000
0.0178571429
0.0
0.0
0.0
0.0
0.0
0.0
0.0
0.0
0.0
0.0
0.0
0.0
0.0
0.0
0.0
0.0
0.0803571429
0.0
0.0
0.0
0.0
0.0
0.0
0.0
0.0
0.0
0.0
0.0723214286
0.0
0.0
0.0
0.0178571429
0.0
0.0
0.0
0.0980629540
0.0
0.0
0.0
0.0
0.0
0.0
0.0545822102
0.0
0.0
0.0
0.0
0.0401785714
0.0
0.0
0.0
0.0
0.0
0.0
0.0
0.0
0.0
0.0000000000
0.0
0.0000000000
0.0
0.0
0.0
0.0665024631
0.0
0.0178571429
0.0
0.0000000000
0.0
0.0
0.0
0.0
0.0000000000
0.0
0.0000000000
0.0535714286
0.0519480519
0.0665024631
0.0
0.0
0.0
0.0
0.0
0.0
0.0401785714
0.0
0.0
0.0
0.0
0.0952380952
0.0635792779
0.0
0.0
0.0519480519
0.0267857143
0.0980629540
0.0
0.0761904762
0.0
0.0
0.0
0.0
0.0
0.0
0.0
0.0
0.0476190476
0.0
0.0000000000
0.0826530612
0.0
0.0672268908
0.0000000000
0.0000000000
0.0476190476
0.0761278195
0.0
0.0904017857
0.0000000000
0.0672268908
0.0178571429
0.0
0.0000000000
0.0178571429
0.0000000000
0.0
0.0000000000
0.0665024631
0.0267857143
0.0000000000
0.0470383275
0.0761278195
0.0601503759
0.0650080257
0.0000000000
0.0000000000
0.0
0.0814889336
0.0997536946
0.0178571429
0.0650080257
0.0000000000
0.0000000000
0.0000000000
