0.0
0.0
0.0
0.0
0.0
0.0
0.0
0.0
0.0
0.0
0.0
0.0
0.0
0.0
0.0
0.0
0.0
0.0
0.0
0.0
0.0
0.0
0.0
0.0
0.0
0.0
0.0
0.0
0.0
0.0
0.0
0.0
0.0
0.0
0.0
0.0
0.0
0.0
0.0
0.0
0.0
0.0
0.0
0.0
0.0
0.0
0.0
0.0
0.0
0.0
0.0
0.0
0.0
0.0
0.0
0.0
0.0
0.0
0.0
0.0
0.1044277360
0.0
0.0
0.0
0.0
0.0
0.0
0.0
0.0
0.0
0.0
0.0
0.0
0.0
0.0
0.1056859015
0.0
0.0
0.0
0.1296344309
0.0
0.0
0.0
0.0
0.0
0.0
0.0967492260
0.0
0.0
0.0
0.0
0.1271294177
0.0
0.0
0.0
0.0
0.0
0.0
0.0
0.0
0.0
0.0
0.0
0.0
0.0
0.0
0.0
0.0
0.0
0.1478415139
0.0
0.0
0.0
0.0
0.0
0.0
0.0
0.0
0.1422475107
0.1134301270
0.0
0.0792644261
0.0
0.0
0.0
0.0
0.0
0.0
0.0
0.0
0.0
0.0
0.0
0.1438021283
0.0
0.0
0.0
0.1363512408
0.0
0.1407261469
0.0
0.1265182186
0.0
0.0
0.0
0.0
0.0
0.0
0.0
0.0
0.1096491228
0.0
0.0292397661
0.0
0.0
0.0
0.1241310824
0.0
0.0105263158
0.0
0.0
0.0105263158
0.1040149782
0.0105263158
0.1315789474
0.0
0.0
0.0929886554
0.0
0.0
0.0
0.1557147306
0.0
0.1363512408
0.0
0.0000000000
0.1289989680
0.1271294177
0.0
0.1196172249
0.0
0.0
0.1335826877
0.1069747540
0.0292397661
0.0
0.0
0.0
0.1283697047
0.0
0.0
0.0892060660
0.1356483993
0.0
0.0
0.0
0.0
0.0
0.0936504963
0.0
0.0
0.0
0.0
0.0
0.0105263158
0.0375939850
0.1461988304
0.0
0.0
0.0865650970
0.0
0.0
0.0
0.0000000000
0.1399776036
0.1164415463
0.0
0.1169590643
0.1044277360
0.0
0.0105263158
0.0
0.0936504963
0.1538935057
0.0
0.0105263158
0.0
0.0202429150
0.1190759705
0.0000000000
0.1322401481
0.0
0.0105263158
0.0910580951
0.0
0.1385041551
0.0105263158
0.0
0.0
0.0
0.0105263158
0.0956937799
0.1031991744
0.0000000000
0.0929886554
0.0202429150
0.0000000000
0.0974658869
0.1124606388
0.0819806526
0.0000000000
0.0
0.0105263158
0.0000000000
0.1056859015
0.0
0.0
0.0105263158
0.0000000000
0.0923361034
0.0000000000
0.0105263158
0.1061120543
0.0105263158
0.0
0.0000000000
0.0
0.0000000000
0.0105263158
0.0105263158
0.0000000000
0.0239234450
0.0000000000
0.0105263158
0.1115075825
0.0105263158
0.0105263158
0.0000000000
0.0000000000
0.0000000000
0.0000000000
0.0000000000
0.0000000000
0.0000000000
0.0000000000
