0.0
0.0
0.0
0.0
0.0
0.0
0.0
0.0
0.0
0.0
0.0
0.0
0.0
0.0
0.0
0.0
0.0
0.0
0.0
0.0
0.0
0.0
0.0
0.0
0.0
0.0
0.0
0.0
0.0
0.0
0.0
0.2599090318
0.0
0.0
0.0
0.0
0.1806684734
0.0
0.2279202279
0.2211166390
0.0
0.0
0.2002002002
0.2428658166
0.0
0.0
0.0
0.0
0.3152088258
0.2147074611
0.0
0.0
0.2554278416
0.2849002849
0.0
0.2510985562
0.0
0.2029426687
0.0
0.0
0.0000000000
0.1784917448
0.0370370370
0.2147074611
0.2211166390
0.2962962963
0.0
0.2510985562
0.0000000000
0.0370370370
0.2086593636
0.1646090535
0.2314814815
0.1359157322
0.0000000000
0.0000000000
0.0000000000
