0.0
0.0
0.0
0.0
0.0
0.0
0.0
0.1450138026
0.0
0.0
0.0
0.0
0.0
0.0
0.0
0.0
0.0
0.0
0.0000000000
0.0
0.1626984127
0.0
0.0
0.1354443639
0.0
0.0
0.1354443639
0.0
0.0
0.0
0.0
0.1879052090
0.1667658730
0.2134603175
0.0
0.0
0.0
0.1778835979
0.0
0.0000000000
0.0
0.0
0.0
0.2084573413
0.0
0.1905895692
0.0
0.0
0.0
0.0
0.0
0.0
0.1617123617
0.1852954145
0.2084573413
0.0
0.1607381909
0.1404344194
0.0
0.1588246410
0.0
0.1961951447
0.0
0.1778835979
0.1755430242
0.1678147150
0.1125845556
0.0
0.0000000000
0.0000000000
0.1947630634
0.1098046901
0.1947630634
0.0
0.1647070351
0.1301587302
0.1879052090
0.0000000000
0.0
0.0
0.0000000000
0.1588246410
0.1314410822
0.0
0.1404344194
0.1617123617
0.1404344194
0.0
0.1892378701
0.1320917806
0.0
0.0000000000
0.1617123617
0.0000000000
0.0
0.0000000000
0.1334126984
0.1160110421
0.0158730159
0.1647070351
0.0000000000
0.0000000000
0.0000000000
0.1301587302
0.0
0.0000000000
0.0000000000
0.0000000000
0.1111772487
0.1466073609
0.0000000000
0.0158730159
0.0000000000
0.0000000000
0.1507488118
0.0
0.0000000000
0.0000000000
