0.0
0.0
0.0
0.0
0.0
0.0
0.0
0.0
0.0
0.0
0.0
0.0
0.0
0.0
0.0
0.1060504040
0.0
0.0
0.0
0.0
0.0
0.0
0.0
0.0
0.0
0.0
0.0
0.0
0.0
0.0000000000
0.0
0.1060504040
0.0
0.0
0.0
0.0
0.1015567428
0.0898328010
0.0992027786
0.0
0.1058630358
0.0
0.0
0.0898328010
0.0808616441
0.0
0.0
0.0
0.0
0.0728049554
0.0
0.0
0.0940635452
0.0
0.1045697701
0.0
0.0
0.0
0.0
0.0
0.0
0.0
0.0
0.0
0.0
0.0
0.0
0.0
0.0
0.0
0.0940635452
0.0955637612
0.0948077188
0.0
0.0914785928
0.0
0.0732499734
0.0
0.0615811698
0.0
0.1115800340
0.1056763285
0.0
0.0948077188
0.1043875928
0.0000000000
0.0
0.1056763285
0.1079612221
0.0156649616
0.0
0.0
0.0
0.0
0.0
0.0
0.0000000000
0.0808616441
0.0
0.0
0.0
0.0743405437
0.0000000000
0.0097826087
0.0
0.0
0.0
0.0
0.0
0.1130537326
0.0586286480
0.0000000000
0.1036651873
0.0895642425
0.0779173970
0.1068065566
0.1083516786
0.0000000000
0.0
0.0
0.0
0.0
0.0795730123
0.0832201087
0.0
0.0799979683
0.0
0.0
0.0
0.0
0.0
0.0937691366
0.0496013893
0.0
0.0456695718
0.0821926999
0.0939161101
0.0
0.0
0.0686351412
0.0920406732
0.0
0.0556346131
0.0
0.0081521739
0.0
0.0081521739
0.0
0.1073807854
0.0659895135
0.0000000000
0.0000000000
0.0122282609
0.0858430921
0.0
0.0743405437
0.0651287807
0.0
0.0808616441
0.0115784499
0.0737912294
0.0
0.0940635452
0.0888998194
0.0883753367
0.0000000000
0.0585713375
0.0588012544
0.0
0.0907855731
0.0
0.1017291651
0.0743405437
0.0
0.0615811698
0.0722780196
0.0
0.0
0.0595611116
0.0000000000
0.0556346131
0.0
0.0702444059
0.0000000000
0.0000000000
0.0747113195
0.0806439815
0.0177536232
0.0864624506
0.0810804848
0.0
0.0651996499
0.0847503229
0.0
0.0054347826
0.0773141655
0.0879860180
0.0877283723
0.0
0.0000000000
0.0163043478
0.0815217391
0.0
0.0643592677
0.0743405437
0.0
0.0
0.0853539576
0.0747113195
0.0
0.0000000000
0.0821926999
0.0
0.0
0.1001981242
0.0
0.0724528153
0.0
0.0972702569
0.0
0.0
0.0000000000
0.0000000000
0.0054347826
0.0000000000
0.0814109759
0.0
0.0000000000
0.1042060491
0.0000000000
0.0541758393
0.0853539576
0.0626107401
0.0533557242
0.0578922495
0.0643592677
0.0892972850
0.0823056020
0.0054347826
0.0177536232
0.0122282609
0.0
0.0000000000
0.0892972850
0.0710776729
0.0795730123
0.0054347826
0.0000000000
0.0
0.0626107401
0.0000000000
0.0
0.0891644022
0.0097826087
0.0000000000
0.0000000000
0.0
0.0000000000
0.0000000000
0.0000000000
0.0054347826
0.0054347826
0.0
0.0000000000
0.0819678225
0.0000000000
0.0156649616
0.0832201087
0.0651287807
0.0115784499
0.0000000000
0.0
0.0000000000
0.0126811594
0.0097826087
0.0808616441
0.0687927420
0.0000000000
0.0714165414
0.0533557242
0.0704094927
0.0000000000
0.0000000000
0.0098631240
0.0000000000
0.0654131859
0.0000000000
0.0000000000
0.0000000000
0.0000000000
0.0000000000
0.0000000000
0.0724528153
0.0000000000
0.0000000000
0.0
0.0000000000
0.0000000000
0.0000000000
0.0000000000
0.0000000000
0.0000000000
0.0000000000
0.0000000000
0.0000000000
0.0000000000
0.0000000000
0.0000000000
0.0000000000
0.0000000000
