0.0
0.0
0.0
0.0
0.0
0.0
0.0772946860
0.0
0.0
0.0
0.0
0.0
0.1028806584
0.0
0.0
0.0625000000
0.0
0.0566893424
0.0
0.0
0.0
0.0
0.0
0.0
0.0888888889
0.0
0.0
0.1111111111
0.1367521368
0.0000000000
0.0
0.0634920635
0.0992063492
0.0
0.0
0.0
0.0645994832
0.0771604938
0.0841750842
0.0
0.0000000000
0.0694444444
0.0772946860
0.0846560847
0.0625000000
0.0277777778
0.0
0.0
0.0
0.0416666667
0.0
0.0000000000
0.0277777778
0.0
0.0277777778
0.0
0.1111111111
0.1111111111
0.0816993464
0.0000000000
0.1157407407
0.0888888889
0.0
0.0000000000
0.0000000000
0.0
0.0277777778
0.0000000000
0.0000000000
0.0841750842
0.0416666667
0.0000000000
