0.0
0.0
0.0
0.0
0.0
0.0
0.0
0.0
0.0
0.0
0.0
0.0
0.0
0.0
0.0
0.0
0.0
0.0
0.0
0.0
0.0
0.0
0.0
0.0
0.0
0.0
0.0
0.0
0.0
0.0
0.0
0.0
0.0
0.0
0.0
0.0
0.0
0.0
0.0
0.0
0.0
0.0
0.0
0.0
0.0
0.0
0.0
0.0
0.0
0.0
0.0
0.0
0.0
0.0
0.0
0.0
0.0
0.0
0.0
0.0
0.1615779189
0.0
0.0
0.0
0.0
0.0
0.0
0.0
0.0
0.0
0.0
0.0
0.0
0.0
0.0
0.1664011404
0.0
0.0
0.0
0.1657825488
0.0
0.0
0.0
0.0
0.0
0.0
0.0000000000
0.0
0.0
0.0
0.0
0.1604154878
0.0
0.0
0.0
0.0
0.0
0.0
0.0
0.0
0.0
0.0
0.0
0.0
0.0
0.0
0.0
0.0
0.0
0.2103561586
0.0
0.0
0.0
0.0
0.0
0.0
0.0
0.0
0.1376404494
0.1343238121
0.0
0.1376404494
0.0
0.0
0.0
0.0
0.0
0.0
0.0
0.0
0.0
0.0
0.0
0.1155323980
0.0
0.0
0.0
0.1689223698
0.1245684514
0.1973252461
0.0
0.1548455056
0.0
0.0
0.0
0.0
0.0
0.0
0.0
0.0
0.1367960295
0.0
0.1466957422
0.0
0.0
0.0
0.1587028670
0.0
0.1155323980
0.1575812919
0.0
0.0000000000
0.1266917773
0.0995435393
0.1682849269
0.0
0.0
0.1689223698
0.0
0.0
0.0
0.1820224719
0.0
0.1639540648
0.0
0.1735233682
0.1537776056
0.1516853933
0.0
0.1471798865
0.0
0.0
0.1689223698
0.1858146067
0.1296380977
0.0
0.1735233682
0.0
0.1543097080
0.1335194779
0.0112359551
0.1476672371
0.1522030908
0.0
0.0
0.0
0.0
0.1645590613
0.1137640449
0.0
0.0
0.0
0.1155323980
0.0
0.0982279859
0.1570264282
0.1689223698
0.1506604920
0.0
0.0000000000
0.1367960295
0.0
0.1873760740
0.1098411468
0.1581400908
0.1406798284
0.1367960295
0.1581400908
0.0000000000
0.0
0.0000000000
0.0
0.1131865625
0.1639540648
0.1155323980
0.0000000000
0.0
0.1218456438
0.1639540648
0.1376404494
0.1721834194
0.0
0.1486516854
0.0000000000
0.0000000000
0.1548455056
0.0112359551
0.0000000000
0.0
0.0
0.0000000000
0.1176662417
0.0000000000
0.0000000000
0.0000000000
0.0000000000
0.0000000000
0.1335194779
0.1131865625
0.0000000000
0.0000000000
0.1351378958
0.1367960295
0.0000000000
0.0000000000
0.0000000000
0.0000000000
0.0000000000
0.0000000000
0.0000000000
