0.0
0.0
0.0
0.0
0.0
0.0
0.0000000000
0.0
0.0
0.0000000000
0.0
0.0
0.0
0.0
0.0
0.0
0.0
0.0
0.0
0.0
0.0
0.0
0.0
0.0000000000
0.0
0.0
0.0
0.0
0.0
0.0
0.0
0.0
0.0
0.0
0.0
0.0
0.0
0.0
0.0
0.0
0.0
0.0
0.0000000000
0.0
0.0
0.0
0.0
0.0
0.0
0.0
0.0
0.0
0.0000000000
0.0
0.0056657224
0.0
0.0
0.0
0.0078690589
0.0
0.0
0.0000000000
0.0
0.0
0.0
0.0000000000
0.0
0.0056657224
0.0000000000
0.0
0.0000000000
0.0206601225
0.0
0.0
0.0335239724
0.0
0.0
0.0
0.0
0.0
0.0
0.0
0.0
0.0000000000
0.0
0.0270849167
0.0
0.0
0.0
0.0
0.0
0.0
0.0000000000
0.0
0.0000000000
0.0
0.0
0.0
0.0109963752
0.0
0.0
0.0
0.0
0.0
0.0
0.0
0.0
0.0
0.0
0.0
0.0
0.0037771483
0.0
0.0
0.0
0.0
0.0
0.0000000000
0.0
0.0
0.0
0.0324228200
0.0
0.0000000000
0.0
0.0208541143
0.0
0.0
0.0000000000
0.0
0.0
0.0
0.0
0.0
0.0120313281
0.0056657224
0.0
0.0
0.0
0.0343005895
0.0169863340
0.0
0.0
0.0
0.0236902738
0.0
0.0309541906
0.0037771483
0.0042492918
0.0000000000
0.0000000000
0.0
0.0101253751
0.0
0.0
0.0
0.0
0.0
0.0238813244
0.0
0.0
0.0220991360
0.0
0.0
0.0
0.0
0.0000000000
0.0206121872
0.0355354108
0.0
0.0126254678
0.0
0.0
0.0
0.0028328612
0.0
0.0
0.0063739377
0.0
0.0070821530
0.0
0.0000000000
0.0
0.0
0.0
0.0
0.0
0.0
0.0000000000
0.0
0.0000000000
0.0238172994
0.0173332693
0.0
0.0000000000
0.0
0.0
0.0
0.0236272678
0.0
0.0212025124
0.0310624220
0.0
0.0
0.0
0.0
0.0000000000
0.0063739377
0.0
0.0
0.0279366437
0.0
0.0
0.0028328612
0.0000000000
0.0
0.0
0.0037771483
0.0056657224
0.0000000000
0.0
0.0
0.0
0.0
0.0
0.0000000000
0.0
0.0
0.0028328612
0.0
0.0
0.0
0.0270025918
0.0
0.0176266918
0.0
0.0028328612
0.0037771483
0.0
0.0
0.0042492918
0.0144037027
0.0
0.0
0.0
0.0303203164
0.0
0.0099287659
0.0
0.0000000000
0.0
0.0000000000
0.0233171987
0.0
0.0
0.0000000000
0.0000000000
0.0
0.0
0.0000000000
0.0
0.0000000000
0.0
0.0
0.0
0.0
0.0000000000
0.0152636252
0.0000000000
0.0028328612
0.0
0.0037771483
0.0059017941
0.0028328612
0.0
0.0
0.0
0.0
0.0000000000
0.0
0.0
0.0
0.0056657224
0.0028328612
0.0239456946
0.0
0.0037771483
0.0
0.0
0.0028328612
0.0
0.0000000000
0.0028328612
0.0271677452
0.0037771483
0.0
0.0
0.0000000000
0.0
0.0
0.0232561589
0.0
0.0
0.0
0.0
0.0000000000
0.0
0.0037771483
0.0037771483
0.0
0.0
0.0
0.0
0.0
0.0207082813
0.0
0.0132813362
0.0114905943
0.0
0.0000000000
0.0000000000
0.0000000000
0.0
0.0279366437
0.0
0.0196981213
0.0000000000
0.0
0.0184695482
0.0
0.0224339714
0.0
0.0118035883
0.0203758089
0.0
0.0037771483
0.0
0.0
0.0084517594
0.0056657224
0.0
0.0000000000
0.0253101216
0.0
0.0
0.0
0.0
0.0
0.0255283123
0.0132813362
0.0
0.0
0.0037771483
0.0
0.0088526912
0.0000000000
0.0
0.0000000000
0.0
0.0
0.0037771483
0.0
0.0056657224
0.0
0.0084517594
0.0
0.0
0.0
0.0000000000
0.0
0.0
0.0000000000
0.0000000000
0.0000000000
0.0
0.0000000000
0.0000000000
0.0092131792
0.0118035883
0.0
0.0000000000
0.0
0.0037771483
0.0028328612
0.0
0.0196981213
0.0028328612
0.0037771483
0.0037771483
0.0064383209
0.0037771483
0.0037771483
0.0000000000
0.0219897344
0.0
0.0
0.0
0.0000000000
0.0064383209
0.0
0.0
0.0242066831
0.0
0.0271677452
0.0000000000
0.0000000000
0.0
0.0000000000
0.0
0.0000000000
0.0
0.0000000000
0.0070821530
0.0000000000
0.0000000000
0.0000000000
0.0182795323
0.0028328612
0.0037771483
0.0028328612
0.0000000000
0.0154233554
0.0184695482
0.0000000000
0.0
0.0
0.0
0.0028328612
0.0
0.0063739377
0.0000000000
0.0
0.0000000000
0.0
0.0000000000
0.0000000000
0.0193547989
0.0028328612
0.0070821530
0.0
0.0000000000
0.0000000000
0.0
0.0028328612
0.0
0.0000000000
0.0144037027
0.0235022558
0.0000000000
0.0
0.0000000000
0.0
0.0
0.0000000000
0.0000000000
0.0
0.0056657224
0.0070821530
0.0
0.0000000000
0.0000000000
0.0000000000
0.0000000000
0.0085938058
0.0
0.0000000000
0.0000000000
0.0000000000
0.0
0.0
0.0
0.0028328612
0.0000000000
0.0284738868
0.0000000000
0.0000000000
0.0000000000
0.0
0.0000000000
0.0196981213
0.0
0.0162327443
0.0
0.0000000000
0.0291273859
0.0
0.0208541143
0.0
0.0000000000
0.0070821530
0.0028328612
0.0
0.0
0.0
0.0000000000
0.0000000000
0.0000000000
0.0197858635
0.0042492918
0.0
0.0047214353
0.0170515407
0.0000000000
0.0000000000
0.0042492918
0.0183550675
0.0255283123
0.0000000000
0.0
0.0
0.0037771483
0.0
0.0028328612
0.0000000000
0.0000000000
0.0000000000
0.0259761775
0.0000000000
0.0000000000
0.0000000000
0.0000000000
0.0000000000
0.0000000000
0.0189825912
0.0056657224
0.0000000000
0.0000000000
0.0028328612
0.0056657224
0.0000000000
0.0000000000
0.0070821530
0.0000000000
0.0000000000
0.0
0.0028328612
0.0028328612
0.0000000000
0.0080524637
0.0000000000
0.0000000000
0.0000000000
0.0028328612
0.0
0.0
0.0000000000
0.0047214353
0.0000000000
0.0000000000
0.0088526912
0.0028328612
0.0028328612
0.0000000000
0.0
0.0028328612
0.0000000000
0.0000000000
0.0000000000
0.0037771483
0.0195249510
0.0000000000
0.0000000000
0.0000000000
0.0260523539
0.0037771483
0.0000000000
0.0000000000
0.0000000000
0.0000000000
0.0
0.0
0.0000000000
0.0000000000
0.0000000000
0.0063739377
0.0037771483
0.0000000000
0.0000000000
0.0
0.0000000000
0.0000000000
0.0
0.0174193190
0.0000000000
0.0000000000
0.0037771483
0.0238172994
0.0000000000
0.0028328612
0.0028328612
0.0056657224
0.0000000000
0.0056657224
0.0056657224
0.0000000000
0.0037771483
0.0078690589
0.0000000000
0.0000000000
0.0000000000
0.0000000000
0.0000000000
0.0206121872
0.0
0.0000000000
0.0000000000
0.0000000000
0.0000000000
0.0000000000
0.0000000000
0.0000000000
0.0
0.0037771483
0.0000000000
0.0126254678
0.0000000000
0.0000000000
0.0093822283
0.0000000000
0.0059017941
0.0000000000
0.0037771483
0.0000000000
0.0000000000
0.0000000000
0.0000000000
0.0000000000
0.0000000000
0.0000000000
0.0000000000
0.0000000000
0.0000000000
0.0000000000
0.0000000000
0.0000000000
0.0000000000
0.0000000000
0.0000000000
0.0000000000
0.0000000000
0.0000000000
0.0000000000
0.0000000000
0.0000000000
0.0000000000
0.0000000000
0.0000000000
0.0000000000
0.0000000000
