0.0
0.0
0.0
0.0
0.0
0.0
0.0090774885
0.0
0.0
0.0000000000
0.0
0.0
0.0
0.0
0.0
0.0
0.0
0.0
0.0
0.0
0.0
0.0
0.0
0.0055831266
0.0
0.0
0.0
0.0
0.0
0.0
0.0
0.0
0.0
0.0
0.0
0.0
0.0
0.0
0.0
0.0
0.0
0.0
0.0000000000
0.0
0.0
0.0
0.0
0.0
0.0
0.0
0.0
0.0
0.0000000000
0.0
0.0055831266
0.0
0.0
0.0
0.0056717476
0.0
0.0
0.0000000000
0.0
0.0
0.0
0.0069307778
0.0
0.0049627792
0.0000000000
0.0
0.0000000000
0.0083533802
0.0
0.0
0.0135097877
0.0
0.0
0.0
0.0
0.0
0.0
0.0
0.0
0.0024813896
0.0
0.0166274310
0.0
0.0
0.0
0.0
0.0
0.0
0.0024813896
0.0
0.0000000000
0.0
0.0
0.0
0.0090774885
0.0
0.0
0.0
0.0
0.0
0.0
0.0
0.0
0.0
0.0
0.0
0.0
0.0037220844
0.0
0.0
0.0
0.0
0.0
0.0000000000
0.0
0.0
0.0
0.0139957513
0.0
0.0000000000
0.0
0.0153181845
0.0
0.0
0.0000000000
0.0
0.0
0.0
0.0
0.0
0.0081209113
0.0049627792
0.0
0.0
0.0
0.0170649950
0.0037220844
0.0
0.0
0.0
0.0147379502
0.0
0.0187058599
0.0033085194
0.0037220844
0.0000000000
0.0055831266
0.0
0.0055831266
0.0
0.0
0.0
0.0
0.0
0.0037220844
0.0
0.0
0.0
0.0
0.0
0.0
0.0
0.0000000000
0.0049627792
0.0204779940
0.0
0.0103930665
0.0
0.0
0.0
0.0123911429
0.0
0.0
0.0055831266
0.0
0.0000000000
0.0
0.0000000000
0.0
0.0
0.0
0.0
0.0
0.0
0.0000000000
0.0
0.0000000000
0.0
0.0135305960
0.0
0.0000000000
0.0
0.0
0.0
0.0110534627
0.0
0.0055831266
0.0135097877
0.0
0.0
0.0
0.0
0.0000000000
0.0087388068
0.0
0.0
0.0131842507
0.0
0.0
0.0024813896
0.0037220844
0.0
0.0
0.0024813896
0.0049627792
0.0000000000
0.0
0.0
0.0
0.0
0.0
0.0000000000
0.0
0.0
0.0033085194
0.0
0.0
0.0
0.0117193339
0.0
0.0102931716
0.0
0.0024813896
0.0055831266
0.0
0.0
0.0054322312
0.0117560916
0.0
0.0
0.0
0.0111662531
0.0
0.0084367246
0.0
0.0033085194
0.0
0.0033085194
0.0033085194
0.0
0.0
0.0000000000
0.0108078302
0.0
0.0
0.0000000000
0.0
0.0000000000
0.0
0.0
0.0
0.0
0.0024813896
0.0125810805
0.0000000000
0.0037220844
0.0
0.0049627792
0.0049627792
0.0037220844
0.0
0.0
0.0
0.0
0.0024813896
0.0
0.0
0.0
0.0087388068
0.0024813896
0.0194540943
0.0
0.0117665893
0.0
0.0
0.0105728773
0.0
0.0000000000
0.0024813896
0.0110534627
0.0033085194
0.0
0.0
0.0000000000
0.0
0.0
0.0091957378
0.0
0.0
0.0
0.0
0.0000000000
0.0
0.0033085194
0.0033085194
0.0
0.0
0.0
0.0
0.0
0.0096840071
0.0
0.0103930665
0.0098235834
0.0
0.0024813896
0.0000000000
0.0000000000
0.0
0.0178477929
0.0
0.0118622526
0.0000000000
0.0
0.0108078302
0.0
0.0142000688
0.0
0.0056717476
0.0049627792
0.0
0.0064836308
0.0
0.0
0.0071002137
0.0049627792
0.0
0.0000000000
0.0162117452
0.0
0.0
0.0
0.0
0.0
0.0068715404
0.0113828824
0.0
0.0
0.0033085194
0.0
0.0033085194
0.0000000000
0.0
0.0
0.0
0.0
0.0033085194
0.0
0.0024813896
0.0
0.0071002137
0.0
0.0
0.0
0.0000000000
0.0
0.0
0.0000000000
0.0000000000
0.0
0.0
0.0064836308
0.0000000000
0.0075486483
0.0103391232
0.0
0.0000000000
0.0
0.0087543424
0.0024813896
0.0
0.0118622526
0.0024813896
0.0033085194
0.0049627792
0.0056717476
0.0033085194
0.0033085194
0.0000000000
0.0134166168
0.0
0.0
0.0
0.0000000000
0.0039702233
0.0
0.0
0.0117193339
0.0
0.0122954248
0.0000000000
0.0
0.0
0.0000000000
0.0
0.0000000000
0.0
0.0055831266
0.0062034739
0.0000000000
0.0000000000
0.0000000000
0.0033085194
0.0024813896
0.0000000000
0.0
0.0000000000
0.0
0.0108078302
0.0000000000
0.0
0.0
0.0
0.0049627792
0.0
0.0069307778
0.0000000000
0.0
0.0000000000
0.0
0.0000000000
0.0000000000
0.0113105199
0.0000000000
0.0077543424
0.0
0.0000000000
0.0000000000
0.0
0.0055831266
0.0
0.0000000000
0.0103930665
0.0033085194
0.0000000000
0.0
0.0000000000
0.0
0.0
0.0000000000
0.0000000000
0.0
0.0104218362
0.0039702233
0.0
0.0024813896
0.0024813896
0.0000000000
0.0000000000
0.0
0.0
0.0000000000
0.0024813896
0.0000000000
0.0
0.0
0.0
0.0055831266
0.0000000000
0.0139957513
0.0000000000
0.0074441687
0.0000000000
0.0
0.0000000000
0.0118622526
0.0
0.0130385743
0.0
0.0024813896
0.0159459789
0.0
0.0127150943
0.0
0.0024813896
0.0062034739
0.0000000000
0.0
0.0
0.0
0.0000000000
0.0000000000
0.0000000000
0.0120087002
0.0037220844
0.0
0.0000000000
0.0000000000
0.0024813896
0.0000000000
0.0095710741
0.0084828900
0.0081209113
0.0000000000
0.0
0.0
0.0068823447
0.0
0.0024813896
0.0037220844
0.0000000000
0.0000000000
0.0148504537
0.0065526515
0.0033085194
0.0000000000
0.0000000000
0.0
0.0000000000
0.0055831266
0.0
0.0000000000
0.0000000000
0.0024813896
0.0055831266
0.0000000000
0.0000000000
0.0066170389
0.0000000000
0.0000000000
0.0
0.0039702233
0.0024813896
0.0000000000
0.0065790971
0.0
0.0024813896
0.0000000000
0.0024813896
0.0
0.0
0.0000000000
0.0039702233
0.0000000000
0.0000000000
0.0062034739
0.0037220844
0.0055831266
0.0000000000
0.0
0.0024813896
0.0000000000
0.0000000000
0.0000000000
0.0095710741
0.0066170389
0.0000000000
0.0000000000
0.0000000000
0.0108345822
0.0033085194
0.0000000000
0.0000000000
0.0037220844
0.0000000000
0.0
0.0
0.0000000000
0.0000000000
0.0000000000
0.0055831266
0.0033085194
0.0049627792
0.0000000000
0.0
0.0049627792
0.0000000000
0.0
0.0044113593
0.0000000000
0.0000000000
0.0037220844
0.0125780782
0.0000000000
0.0056717476
0.0024813896
0.0049627792
0.0000000000
0.0079404467
0.0078726101
0.0000000000
0.0037220844
0.0066170389
0.0000000000
0.0000000000
0.0
0.0000000000
0.0000000000
0.0091957378
0.0
0.0024813896
0.0000000000
0.0000000000
0.0000000000
0.0000000000
0.0000000000
0.0000000000
0.0
0.0033085194
0.0000000000
0.0101003041
0.0000000000
0.0000000000
0.0077109848
0.0000000000
0.0000000000
0.0000000000
0.0090437422
0.0000000000
0.0000000000
0.0000000000
0.0000000000
0.0068715404
0.0000000000
0.0000000000
0.0000000000
0.0024813896
0.0
0.0000000000
0.0055831266
0.0024813896
0.0054322312
0.0000000000
0.0000000000
0.0000000000
0.0000000000
0.0000000000
0.0055831266
0.0000000000
0.0024813896
0.0000000000
0.0000000000
0.0000000000
0.0000000000
0.0000000000
0.0000000000
0.0000000000
0.0
0.0000000000
0.0033085194
0.0000000000
0.0000000000
0.0000000000
0.0000000000
0.0000000000
0.0000000000
0.0000000000
0.0000000000
0.0000000000
0.0000000000
0.0000000000
0.0000000000
0.0000000000
0.0000000000
0.0000000000
0.0000000000
0.0051695616
0.0
0.0000000000
0.0000000000
0.0098584937
0.0000000000
0.0000000000
0.0000000000
0.0000000000
0.0024813896
0.0033085194
0.0000000000
0.0000000000
0.0000000000
0.0000000000
0.0000000000
0.0000000000
0.0000000000
0.0000000000
0.0000000000
0.0000000000
0.0000000000
0.0000000000
0.0000000000
0.0000000000
0.0000000000
0.0000000000
0.0000000000
0.0000000000
0.0000000000
0.0037220844
0.0000000000
0.0000000000
0.0000000000
0.0000000000
0.0000000000
0.0000000000
0.0000000000
0.0000000000
0.0000000000
0.0000000000
0.0000000000
0.0000000000
0.0000000000
