0.0
0.0
0.0
0.0
0.0
0.0
0.0
0.0
0.0
0.0
0.0
0.0
0.0
0.0
0.0
0.0
0.0
0.0
0.0
0.0
0.0
0.0
0.0
0.0
0.0
0.0
0.0
0.0
0.0
0.0
0.0
0.0
0.0
0.0
0.0
0.0
0.0
0.0
0.0
0.0
0.0
0.0
0.0000000000
0.0256410256
0.0
0.0
0.0
0.0
0.0
0.0192307692
0.0
0.0
0.0
0.0
0.0
0.0256410256
0.0
0.0
0.0
0.0
0.1311188811
0.0
0.0384615385
0.0
0.0
0.0
0.0
0.0
0.0
0.0
0.0
0.0920621931
0.0
0.0
0.0
0.0665680473
0.0
0.0000000000
0.0
0.1055347092
0.0
0.0
0.0561938062
0.0
0.0
0.0192307692
0.0786713287
0.0
0.0
0.0
0.0
0.1006261181
0.0
0.0
0.0192307692
0.0
0.0
0.0
0.0
0.0
0.0
0.0786713287
0.0
0.0000000000
0.0000000000
0.0
0.0
0.0848416290
0.0
0.0256410256
0.0
0.0686813187
0.0
0.1169438669
0.0
0.0192307692
0.0759109312
0.0
0.0432692308
0.0000000000
0.0192307692
0.0786713287
0.0920621931
0.0000000000
0.0
0.0288461538
0.0
0.0
0.0759109312
0.0432692308
0.0000000000
0.0000000000
0.0
0.0000000000
0.0000000000
0.0
0.0
0.0000000000
0.0384615385
0.0000000000
0.0
0.0256410256
0.0
0.1006261181
0.0
0.0
0.0000000000
0.0192307692
0.0288461538
0.0000000000
0.0000000000
0.0000000000
0.0000000000
0.0000000000
0.0000000000
0.0000000000
0.0000000000
