0.0
0.0
0.0
0.0
0.0
0.0
0.0
0.1262216485
0.0
0.0
0.0
0.0
0.0
0.0
0.0
0.0
0.0
0.0
0.0870975951
0.0
0.1333528151
0.0
0.0
0.1004402054
0.0
0.0
0.1021794298
0.0
0.0
0.0
0.0
0.1563142270
0.1662214667
0.1858539234
0.0
0.0
0.0
0.1639128352
0.0
0.0000000000
0.0
0.0
0.0
0.1934708875
0.0
0.1844019397
0.0
0.0
0.0
0.0
0.0
0.0
0.1573563218
0.1563142270
0.1858539234
0.0
0.1282796102
0.1157031778
0.0
0.1493889131
0.0
0.1858539234
0.0
0.1404967159
0.1594827586
0.1198144583
0.0884024280
0.0
0.0000000000
0.0000000000
0.1722879436
0.1145798460
0.1788140021
0.0
0.1466052688
0.1174300909
0.1722879436
0.0000000000
0.0
0.0
0.0000000000
0.1493889131
0.1388438134
0.0
0.1151387721
0.1430512017
0.0877451609
0.0
0.1722879436
0.0000000000
0.0
0.0000000000
0.1404967159
0.0000000000
0.0000000000
0.0000000000
0.1198144583
0.0773883550
0.0000000000
0.1421894474
0.0000000000
0.0000000000
0.0000000000
0.0000000000
0.0000000000
0.0000000000
0.0000000000
0.0000000000
0.0000000000
0.0000000000
