0.0
0.0
0.0
0.0
0.0
0.0
0.0
0.0
0.0
0.0
0.0
0.0
0.0
0.0
0.0
0.0
0.0
0.0
0.0
0.0
0.0
0.0
0.0
0.0
0.0
0.0
0.0
0.0
0.0
0.0
0.0
0.0
0.0
0.0
0.0
0.0
0.0
0.0
0.0
0.0
0.0
0.0
0.0
0.0
0.0
0.0
0.0
0.0
0.0
0.0
0.0
0.0
0.0
0.0
0.0
0.0
0.0
0.0
0.0
0.0
0.1387184244
0.0
0.0
0.0
0.0
0.0
0.0
0.0
0.0
0.0
0.0
0.0
0.0
0.0
0.0
0.1729229674
0.0
0.0
0.0
0.1893506494
0.0
0.0
0.0
0.0
0.0
0.0
0.0000000000
0.0
0.0
0.0
0.0
0.2047034047
0.0
0.0
0.0
0.0
0.0
0.0
0.0
0.0
0.0
0.0
0.0
0.0
0.0
0.0
0.0
0.1347691454
0.0
0.2080776366
0.0
0.0
0.0
0.0
0.0
0.0
0.0000000000
0.0
0.1564881400
0.1660970608
0.0
0.0129870130
0.0
0.0
0.0
0.0
0.0
0.0
0.0
0.0
0.0
0.0
0.0
0.1462167176
0.0
0.0
0.0
0.1962182895
0.1473545909
0.2629870130
0.0
0.1713580537
0.0
0.0
0.0
0.0
0.0
0.0
0.0
0.0
0.0259740260
0.0
0.1597895775
0.0
0.0
0.1564881400
0.1729229674
0.1777940369
0.1418356924
0.2295159386
0.0
0.2003710575
0.1467834491
0.0129870130
0.1520888750
0.0
0.0
0.0173160173
0.0
0.0
0.0
0.1721369540
0.1761401389
0.1668287659
0.0
0.2014368610
0.1683116883
0.2176444245
0.0
0.0129870130
0.0
0.0
0.2092272369
0.1646527386
0.1552054503
0.0
0.2139555360
0.0000000000
0.2025140635
0.0000000000
0.1347691454
0.0000000000
0.1467834491
0.0
0.0
0.0
0.1283733216
0.1347691454
0.1357352325
0.0
0.0
0.0
0.0129870130
0.0
0.1140666562
0.1618381618
0.1387184244
0.1856378915
0.0
0.0000000000
0.1110560993
0.1319516720
0.1625327462
0.1275088548
0.1558441558
0.1721369540
0.0129870130
0.1253977810
0.1217689063
0.0
0.0000000000
0.0
0.1347691454
0.1473545909
0.0129870130
0.0173160173
0.1283733216
0.1314935065
0.1611494888
0.0000000000
0.0000000000
0.0000000000
0.0000000000
0.0000000000
0.0000000000
0.0000000000
