0.0
0.0
0.0
0.0
0.0
0.0
0.0
0.0
0.0
0.0982905983
0.0
0.0
0.0
0.0
0.0
0.1666666667
0.0
0.0
0.0326086957
0.0
0.0
0.0
0.0
0.0
0.0000000000
0.0
0.0950413223
0.0
0.0
0.0
0.1352941176
0.0489130435
0.0
0.0
0.0
0.0
0.0
0.0
0.0
0.0
0.0
0.0
0.0
0.1369047619
0.0
0.0
0.0839416058
0.0
0.0
0.0489130435
0.0
0.0
0.0289855072
0.0
0.0
0.0
0.0
0.0
0.1173469388
0.0
0.0
0.1084905660
0.0
0.0
0.0000000000
0.0
0.0
0.0
0.0
0.1074766355
0.1161616162
0.1036036036
0.0
0.0
0.0000000000
0.0
0.0
0.0000000000
0.0434782609
0.0
0.1597222222
0.0
0.0000000000
0.0
0.0
0.1138613861
0.0
0.0
0.0
0.0000000000
0.1292134831
0.0000000000
0.0
0.0974576271
0.1369047619
0.0
0.0821428571
0.0
0.0
0.0000000000
0.0821428571
0.1095238095
0.1223404255
0.0289855072
0.0434782609
0.0974576271
0.0
0.0289855072
0.0000000000
0.0723270440
0.0000000000
0.1533333333
0.0326086957
0.0
0.1185567010
0.0289855072
0.0000000000
0.0000000000
0.0000000000
