0.0
0.0
0.0
0.0
0.0
0.0
0.0025109856
0.0
0.0
0.0000000000
0.0
0.0
0.0
0.0
0.0
0.0
0.0
0.0
0.0
0.0
0.0
0.0
0.0
0.0089678056
0.0
0.0
0.0
0.0
0.0
0.0
0.0
0.0
0.0
0.0
0.0
0.0
0.0
0.0
0.0
0.0
0.0
0.0
0.0000000000
0.0
0.0
0.0
0.0
0.0
0.0
0.0
0.0
0.0
0.0084745763
0.0
0.0018832392
0.0
0.0
0.0
0.0000000000
0.0
0.0
0.0000000000
0.0
0.0
0.0
0.0018832392
0.0
0.0101281521
0.0018832392
0.0
0.0085601781
0.0018832392
0.0
0.0
0.0
0.0
0.0
0.0
0.0
0.0
0.0
0.0
0.0
0.0000000000
0.0
0.0110778775
0.0
0.0
0.0
0.0
0.0
0.0
0.0067796610
0.0
0.0000000000
0.0
0.0
0.0
0.0048567747
0.0
0.0
0.0
0.0
0.0
0.0
0.0
0.0
0.0
0.0
0.0
0.0
0.0000000000
0.0
0.0
0.0
0.0
0.0
0.0070983630
0.0
0.0
0.0
0.0088351965
0.0
0.0018832392
0.0
0.0025109856
0.0
0.0
0.0018832392
0.0
0.0
0.0
0.0
0.0
0.0
0.0037664783
0.0
0.0
0.0
0.0081422399
0.0018832392
0.0
0.0
0.0
0.0
0.0
0.0072432276
0.0000000000
0.0058851224
0.0000000000
0.0025109856
0.0
0.0000000000
0.0
0.0
0.0
0.0
0.0
0.0
0.0
0.0
0.0
0.0
0.0
0.0
0.0
0.0
0.0
0.0071595558
0.0
0.0061519146
0.0
0.0
0.0
0.0018832392
0.0
0.0
0.0047080979
0.0
0.0
0.0
0.0000000000
0.0
0.0
0.0
0.0
0.0
0.0
0.0000000000
0.0
0.0000000000
0.0
0.0
0.0
0.0000000000
0.0
0.0
0.0
0.0018832392
0.0
0.0000000000
0.0104624398
0.0
0.0
0.0
0.0
0.0028248588
0.0042372881
0.0
0.0
0.0000000000
0.0
0.0
0.0025109856
0.0000000000
0.0
0.0
0.0042372881
0.0061633282
0.0018832392
0.0
0.0
0.0
0.0
0.0
0.0000000000
0.0
0.0
0.0000000000
0.0
0.0
0.0
0.0094375963
0.0
0.0025109856
0.0
0.0
0.0000000000
0.0
0.0
0.0028248588
0.0025109856
0.0
0.0
0.0
0.0000000000
0.0
0.0
0.0
0.0018832392
0.0
0.0074170650
0.0025109856
0.0
0.0
0.0018832392
0.0000000000
0.0
0.0
0.0072432276
0.0
0.0000000000
0.0
0.0
0.0
0.0
0.0000000000
0.0
0.0000000000
0.0000000000
0.0
0.0033898305
0.0000000000
0.0083122281
0.0
0.0
0.0
0.0
0.0
0.0
0.0
0.0
0.0
0.0025109856
0.0
0.0
0.0087656223
0.0
0.0
0.0018832392
0.0
0.0
0.0000000000
0.0
0.0025109856
0.0
0.0
0.0018832392
0.0
0.0
0.0048567747
0.0
0.0
0.0
0.0
0.0000000000
0.0
0.0098870056
0.0025109856
0.0
0.0
0.0
0.0
0.0
0.0075329567
0.0
0.0000000000
0.0025109856
0.0
0.0037664783
0.0000000000
0.0055389387
0.0
0.0000000000
0.0
0.0
0.0000000000
0.0
0.0
0.0
0.0000000000
0.0
0.0043045467
0.0037664783
0.0
0.0000000000
0.0
0.0
0.0000000000
0.0025109856
0.0
0.0037664783
0.0
0.0
0.0
0.0
0.0
0.0
0.0042372881
0.0037664783
0.0
0.0
0.0073293633
0.0
0.0000000000
0.0025109856
0.0
0.0
0.0
0.0
0.0051167253
0.0
0.0042372881
0.0
0.0018832392
0.0
0.0
0.0
0.0000000000
0.0
0.0
0.0000000000
0.0000000000
0.0
0.0
0.0028248588
0.0
0.0036911488
0.0062917309
0.0
0.0000000000
0.0
0.0107135384
0.0000000000
0.0
0.0000000000
0.0000000000
0.0
0.0033898305
0.0070983630
0.0096570753
0.0037664783
0.0018832392
0.0
0.0
0.0
0.0
0.0060263653
0.0000000000
0.0
0.0
0.0059322034
0.0
0.0069749599
0.0
0.0
0.0
0.0
0.0
0.0000000000
0.0
0.0018832392
0.0
0.0071595558
0.0000000000
0.0018832392
0.0000000000
0.0018832392
0.0000000000
0.0
0.0018832392
0.0
0.0042372881
0.0018832392
0.0
0.0
0.0
0.0025109856
0.0
0.0042372881
0.0
0.0
0.0000000000
0.0
0.0
0.0000000000
0.0000000000
0.0
0.0018832392
0.0
0.0018832392
0.0025109856
0.0
0.0
0.0
0.0000000000
0.0
0.0039234149
0.0000000000
0.0
0.0000000000
0.0
0.0
0.0018832392
0.0085601781
0.0
0.0114787911
0.0000000000
0.0
0.0042372881
0.0000000000
0.0000000000
0.0
0.0
0.0
0.0000000000
0.0
0.0
0.0
0.0
0.0
0.0073293633
0.0090272660
0.0069209040
0.0018832392
0.0048288184
0.0018832392
0.0
0.0018832392
0.0
0.0
0.0037664783
0.0
0.0000000000
0.0000000000
0.0
0.0028248588
0.0
0.0000000000
0.0054638715
0.0000000000
0.0
0.0
0.0
0.0000000000
0.0000000000
0.0000000000
0.0037664783
0.0033629271
0.0
0.0000000000
0.0000000000
0.0
0.0025109856
0.0037664783
0.0062774639
0.0
0.0
0.0
0.0
0.0066042360
0.0
0.0060181774
0.0
0.0025109856
0.0000000000
0.0
0.0
0.0000000000
0.0025109856
0.0018832392
0.0
0.0000000000
0.0
0.0
0.0000000000
0.0018832392
0.0
0.0066143034
0.0
0.0018832392
0.0050219711
0.0018832392
0.0000000000
0.0
0.0030131827
0.0037664783
0.0018832392
0.0018832392
0.0
0.0000000000
0.0
0.0070382074
0.0
0.0
0.0000000000
0.0048567747
0.0000000000
0.0000000000
0.0054638715
0.0056497175
0.0
0.0018832392
0.0
0.0018832392
0.0
0.0000000000
0.0000000000
0.0025109856
0.0033898305
0.0
0.0
0.0000000000
0.0069749599
0.0025109856
0.0000000000
0.0000000000
0.0050898356
0.0
0.0
0.0
0.0018832392
0.0000000000
0.0000000000
0.0058851224
0.0025109856
0.0018832392
0.0048567747
0.0
0.0089279487
0.0000000000
0.0
0.0
0.0000000000
0.0
0.0090395480
0.0
0.0048288184
0.0043045467
0.0018832392
0.0037664783
0.0
0.0056497175
0.0083122281
0.0018832392
0.0025109856
0.0033479807
0.0000000000
0.0068872747
0.0
0.0000000000
0.0000000000
0.0018832392
0.0
0.0
0.0000000000
0.0037664783
0.0083050847
0.0056497175
0.0025109856
0.0000000000
0.0
0.0025109856
0.0000000000
0.0025109856
0.0028248588
0.0
0.0000000000
0.0000000000
0.0075329567
0.0000000000
0.0107135384
0.0000000000
0.0
0.0000000000
0.0000000000
0.0056497175
0.0000000000
0.0000000000
0.0018832392
0.0060263653
0.0
0.0
0.0067258542
0.0000000000
0.0018832392
0.0000000000
0.0
0.0
0.0
0.0025109856
0.0037664783
0.0060263653
0.0018832392
0.0000000000
0.0018832392
0.0
0.0018832392
0.0000000000
0.0000000000
0.0
0.0
0.0000000000
0.0037664783
0.0
0.0000000000
0.0018832392
0.0000000000
0.0000000000
0.0000000000
0.0000000000
0.0093512566
0.0018832392
0.0018832392
0.0018832392
0.0000000000
0.0000000000
0.0000000000
0.0018832392
0.0000000000
0.0018832392
0.0
0.0000000000
0.0018832392
0.0018832392
0.0000000000
0.0083050847
0.0000000000
0.0000000000
0.0000000000
0.0000000000
0.0
0.0037664783
0.0074170650
0.0030131827
0.0000000000
0.0000000000
0.0
0.0000000000
0.0000000000
0.0
0.0
0.0000000000
0.0028248588
0.0000000000
0.0037664783
0.0018832392
0.0000000000
0.0000000000
0.0
0.0067258542
0.0000000000
0.0050219711
0.0000000000
0.0025109856
0.0000000000
0.0
0.0018832392
0.0000000000
0.0000000000
0.0018832392
0.0069209040
0.0000000000
0.0037664783
0.0018832392
0.0000000000
0.0000000000
0.0
0.0000000000
0.0000000000
0.0
0.0000000000
0.0018832392
0.0066143034
0.0018832392
0.0000000000
0.0025109856
0.0000000000
0.0060749651
0.0000000000
0.0018832392
0.0000000000
0.0061066800
0.0000000000
0.0000000000
0.0000000000
0.0000000000
0.0000000000
0.0
0.0000000000
0.0018832392
0.0018832392
0.0000000000
0.0018832392
0.0050898356
0.0000000000
0.0
0.0037664783
0.0033898305
0.0
0.0000000000
0.0033898305
0.0000000000
0.0000000000
0.0000000000
0.0000000000
0.0000000000
0.0000000000
0.0000000000
0.0000000000
0.0
0.0000000000
0.0
0.0000000000
0.0000000000
0.0000000000
0.0018832392
0.0
0.0000000000
0.0018832392
0.0000000000
0.0062774639
0.0018832392
0.0033898305
0.0000000000
0.0000000000
0.0089279487
0.0018832392
0.0018832392
0.0000000000
0.0018832392
0.0039234149
0.0018832392
0.0000000000
0.0000000000
0.0000000000
0.0000000000
0.0
0.0000000000
0.0018832392
0.0000000000
0.0018832392
0.0018832392
0.0000000000
0.0000000000
0.0000000000
0.0000000000
0.0000000000
0.0000000000
0.0000000000
0.0000000000
0.0000000000
0.0018832392
0.0000000000
0.0
0.0061808875
0.0061066800
0.0000000000
0.0000000000
0.0000000000
0.0000000000
0.0
0.0000000000
0.0000000000
0.0000000000
0.0000000000
0.0000000000
0.0000000000
0.0000000000
0.0000000000
0.0000000000
0.0
0.0018832392
0.0018832392
0.0000000000
0.0025109856
0.0018832392
0.0000000000
0.0000000000
0.0000000000
0.0000000000
0.0000000000
0.0000000000
0.0000000000
0.0000000000
0.0000000000
0.0000000000
0.0000000000
0.0000000000
0.0018832392
0.0069209040
0.0
0.0000000000
0.0000000000
0.0000000000
0.0000000000
0.0000000000
0.0000000000
0.0000000000
0.0000000000
0.0000000000
0.0000000000
0.0000000000
0.0000000000
0.0
0.0000000000
0.0025109856
0.0000000000
0.0000000000
0.0000000000
0.0000000000
0.0060749651
0.0000000000
0.0000000000
0.0025109856
0.0000000000
0.0000000000
0.0000000000
0.0000000000
0.0000000000
0.0000000000
0.0000000000
0.0000000000
0.0000000000
0.0000000000
0.0000000000
0.0000000000
0.0000000000
0.0000000000
0.0000000000
0.0000000000
0.0000000000
0.0025109856
0.0000000000
0.0000000000
0.0000000000
0.0000000000
0.0000000000
0.0000000000
0.0000000000
0.0000000000
0.0000000000
0.0000000000
0.0000000000
0.0000000000
0.0000000000
0.0000000000
0.0051839702
0.0000000000
0.0000000000
0.0000000000
0.0000000000
0.0000000000
0.0000000000
0.0000000000
0.0000000000
0.0000000000
0.0000000000
0.0000000000
0.0000000000
0.0000000000
0.0000000000
0.0000000000
0.0000000000
0.0000000000
0.0000000000
0.0000000000
0.0000000000
0.0000000000
0.0000000000
0.0066042360
0.0000000000
0.0000000000
0.0000000000
0.0000000000
