0.0
0.0
0.0
0.0
0.0
0.0
0.0
0.0
0.0
0.0
0.0
0.0
0.0
0.0
0.0
0.0
0.0
0.0
0.0
0.0
0.0
0.0
0.0
0.0
0.0
0.0
0.0
0.0
0.0
0.0896846298
0.0
0.1222889199
0.0
0.0
0.0
0.0
0.0
0.1039720513
0.0
0.0
0.1322551975
0.0
0.0
0.0
0.1021154076
0.0
0.0
0.0
0.0
0.1048801042
0.0
0.0
0.0918804279
0.0
0.1214233764
0.0
0.0
0.0
0.0
0.0
0.0
0.0
0.0
0.0
0.0
0.0
0.0
0.0
0.0
0.0
0.1108843207
0.1243144092
0.0941864465
0.0
0.0920212408
0.0
0.1058041580
0.0
0.1069347456
0.0
0.1346274880
0.1125470659
0.0
0.1115020606
0.1167033229
0.1025514255
0.0
0.1075091489
0.0
0.1170445607
0.0
0.0
0.0
0.0
0.0
0.0
0.0838016185
0.1051556211
0.0
0.0
0.0
0.0980307913
0.0000000000
0.0000000000
0.0
0.0
0.0
0.0
0.0
0.1289878832
0.1099704389
0.0
0.0821955642
0.1096691500
0.0925175033
0.1026390763
0.0000000000
0.0
0.0
0.0
0.0
0.0
0.1245723229
0.1058974597
0.0
0.0827050408
0.0
0.0
0.0
0.0
0.0
0.0
0.0654428988
0.0
0.0
0.0810855633
0.0955351784
0.0
0.0
0.1076054832
0.0
0.0
0.0918804279
0.0
0.0955351784
0.0
0.0105263158
0.0
0.0940389345
0.1039720513
0.0000000000
0.0
0.0063157895
0.0580694968
0.0
0.0669012364
0.1172731634
0.0
0.1102733878
0.1181965741
0.0
0.0
0.1098698255
0.0932358069
0.1086766690
0.0966111981
0.0854716863
0.0
0.0
0.0979508314
0.0
0.1093695076
0.0
0.0
0.0870200864
0.0579015040
0.0
0.0
0.0896846298
0.0855325636
0.0768807422
0.0
0.1128643978
0.0000000000
0.0984325568
0.0
0.0
0.1051556211
0.0978710019
0.1162514224
0.0
0.1149164778
0.1087751081
0.0
0.0753846323
0.1164769343
0.1076054832
0.1044241037
0.0
0.0724729748
0.1240575613
0.0949310034
0.0
0.0944085844
0.1011690980
0.0
0.0
0.0
0.0000000000
0.0
0.0546101497
0.0
0.0
0.0
0.0533249198
0.0
0.1052477820
0.0
0.0000000000
0.0
0.0
0.0914605631
0.0957637315
0.0000000000
0.1120221262
0.1042428119
0.0
0.0000000000
0.0
0.0935991577
0.0
0.1130769485
0.0721247563
0.0887566292
0.0699811884
0.0635384758
0.0961470931
0.0000000000
0.0
0.0950061070
0.0838016185
0.0
0.0
0.0000000000
0.1213007266
0.1069347456
0.0
0.0854108957
0.0
0.1002401664
0.0915302739
0.0
0.0
0.0847478612
0.0
0.0840361927
0.0
0.1142604370
0.0687787625
0.1092699903
0.0000000000
0.0852290414
0.0
0.0879119468
0.0886910778
0.0990005930
0.0
0.0000000000
0.0
0.0
0.0978710019
0.0
0.0533723197
0.1210561686
0.1042428119
0.0984325568
0.1159147870
0.0675029338
0.0734930963
0.0000000000
0.0923041655
0.0774759479
0.1153580397
0.1146969621
0.0546101497
0.0
0.0
0.1230406960
0.0000000000
0.0
0.0
0.0
0.0824212212
0.0888222776
0.0
0.0
0.0802725396
0.0000000000
0.0000000000
0.0000000000
0.0874000868
0.1126526447
0.0749143601
0.0984325568
0.0
0.0000000000
0.0
0.0613005203
0.0
0.0
0.0607423972
0.0947811518
0.0
0.0990822766
0.0745423459
0.0000000000
0.0883647677
0.0
0.0000000000
0.0
0.1191346422
0.0669758613
0.0835102360
0.0821955642
0.0973947440
0.0810308497
0.1179643608
0.1007447310
0.1220403651
0.0960701754
0.1126526447
0.0000000000
0.0000000000
0.0944828633
0.1094692063
0.0776764032
0.0983519405
0.0000000000
0.1023765723
0.0931634750
0.0
0.0806499122
0.0781312422
0.0595968830
0.0000000000
0.0957637315
0.0732688952
0.0000000000
0.0
0.0035087719
0.0903594577
0.0000000000
0.1047885858
0.0000000000
0.0
0.0000000000
0.0
0.0
0.0821955642
0.0000000000
0.0000000000
0.0000000000
0.0
0.1069347456
0.0
0.0000000000
0.0
0.0781821089
0.0000000000
0.0824778292
0.0000000000
0.0560371999
0.0944828633
0.0936721679
0.0000000000
0.0658736804
0.0810855633
0.0063157895
0.0000000000
0.0000000000
0.0000000000
0.0721247563
0.0611756084
0.0000000000
0.0000000000
0.0000000000
0.0860843866
0.0000000000
0.0000000000
0.1044241037
0.0896846298
0.0000000000
0.1023765723
0.0
0.0000000000
0.0802725396
0.0493376004
0.1058974597
0.0000000000
0.0000000000
0.0000000000
0.0035087719
0.0063157895
0.0000000000
0.0000000000
0.0
0.0
0.0000000000
0.0000000000
0.0000000000
0.0854716863
0.0000000000
0.0
0.0000000000
0.0902915183
0.0000000000
0.0660548511
0.0694148666
0.0000000000
0.0000000000
0.0000000000
0.0632040628
0.0000000000
0.0887566292
0.0000000000
0.0000000000
0.0825345150
0.0000000000
0.0000000000
0.1099704389
0.0560371999
0.0000000000
0.0000000000
0.0000000000
0.0000000000
0.0000000000
0.0000000000
0.0000000000
0.0896846298
0.0770781254
0.0000000000
0.0000000000
0.0000000000
0.0000000000
0.0000000000
0.0
0.0000000000
0.0000000000
0.0000000000
0.0000000000
0.0000000000
0.0000000000
0.0000000000
0.0000000000
0.0760530205
0.0962241341
0.0000000000
0.0000000000
0.0000000000
0.0000000000
0.0000000000
0.0000000000
0.0000000000
0.0000000000
0.0000000000
