0.0
0.0
0.0
0.0
0.1317155294
0.0
0.1594312220
0.0
0.0
0.0922390490
0.0
0.1351846725
0.0
0.1404345627
0.0
0.1387204530
0.0
0.1421915635
0.0
0.0
0.1420646067
0.0872805044
0.0
0.0
0.0
0.1221123251
0.1240158687
0.1343854388
0.1469181529
0.1318246558
0.0
0.0
0.1521150665
0.1301000487
0.1394499207
0.1384789900
0.1419378765
0.1273918011
0.1141408605
0.0
0.0
0.1552315703
0.1564526643
0.1346128253
0.0
0.1446475996
0.1428297662
0.1295703254
0.1172530284
0.1174260956
0.1264804130
0.1226772240
0.1482873808
0.1355301189
0.1307414622
0.1453080909
0.1279038260
0.0
0.1160556962
0.1564526643
0.0
0.1061456701
0.0873763644
0.1438628929
0.0
0.1508174024
0.0
0.0959085953
0.1376404494
0.1358773352
0.1484257085
0.1459746418
0.0000000000
0.1561455933
0.1419378765
0.1284199835
0.1077997016
0.0871848545
0.1098842262
0.1260795242
0.1403107227
0.1562989779
0.1410570563
0.0
0.1522606311
0.1341588192
0.1352996255
0.0
0.0994452247
0.0973164279
0.1498233141
0.0
0.1222061133
0.1167368742
0.1095815148
0.0
0.1037238328
0.1287316825
0.1298876404
0.1428297662
0.1362263352
0.1247940075
0.1167368742
0.1169084199
0.1289403238
0.1454409137
0.0
0.1129257342
0.1498233141
0.0
0.1234386032
0.1269851233
0.0989504724
0.1259796988
0.1022573005
0.1311725965
0.1210900758
0.0
0.0976748677
0.1449110743
0.1193641107
0.1311725965
0.0887408586
0.1330370899
0.0000000000
0.1350699147
0.0985826267
0.1267827566
0.0000000000
0.1354147741
0.0
0.0
0.1298876404
0.0028089888
0.1597513650
0.0028089888
0.1359934697
0.1168225841
0.1119721038
0.1370476826
0.1256811687
0.1320434519
0.1257805214
0.0
0.1126858070
0.1502477427
0.1177737672
0.0986437443
0.1375214862
0.1247940075
0.1204484175
0.1364599996
0.1214598165
0.1356456603
0.1187405668
0.0966660751
0.0000000000
0.0000000000
0.1199038128
0.1188292454
0.1349553516
0.0000000000
0.1134086668
0.1057927923
0.1362263352
0.1226772240
0.1314978178
0.1000706664
0.1021260331
0.1491212367
0.0
0.0
0.0771640929
0.0
0.1069303492
0.0028089888
0.0
0.1423187474
0.1080192529
0.0
0.1110344449
0.0037453184
0.1130059372
0.1454409137
0.1149655777
0.1003230514
0.1210900758
0.0
0.0000000000
0.1156339822
0.1093555736
0.1325936330
0.1279038260
0.1157180797
0.1343854388
0.0000000000
0.1179483762
0.1396947845
0.1244037213
0.1296759247
0.0
0.1163102043
0.1304199668
0.0
0.1189180565
0.0063202247
0.0
0.1169943820
0.0
0.0940380376
0.0970789259
0.1361098029
0.0
0.1097326618
0.1053724235
0.1235344406
0.1118933611
0.1154661535
0.0
0.1341588192
0.0000000000
0.1276985229
0.1377596187
0.0000000000
0.0
0.1232473738
0.0000000000
0.0000000000
0.1288359187
0.1441235141
0.1048861961
0.1332599326
0.0
0.1522606311
0.1290448983
0.0773140717
0.1328149913
0.0
0.1281097903
0.0756237450
0.1293596419
0.0000000000
0.0000000000
0.0000000000
0.1149655777
0.1118933611
0.1174260956
0.0000000000
0.1158022995
0.1230567359
0.1262796504
0.0000000000
0.1097326618
0.1158866421
0.0952768620
0.0910774811
0.1286276148
0.1195434707
0.1342720334
0.0000000000
0.0
0.1037238328
0.1013454519
0.1009596190
0.0852235456
0.1196333530
0.1084610495
0.1119721038
0.0056179775
0.0000000000
0.0000000000
0.1586364502
0.0852692173
0.0000000000
0.0807267172
0.0
0.0000000000
0.0000000000
0.0000000000
0.1134895575
0.0037453184
0.1227718824
0.0000000000
0.0037453184
0.1216455348
0.0000000000
0.0995074169
0.0028089888
0.0028089888
0.1340457957
0.0
0.0028089888
0.1195434707
0.0959085953
0.0998195480
0.1107253720
0.0987662070
0.0000000000
0.0037453184
0.0000000000
0.0000000000
0.0000000000
0.1001967000
0.1175996745
0.0000000000
0.0000000000
0.0000000000
0.0028089888
0.0974953184
0.0000000000
0.0000000000
0.0862397613
0.0000000000
0.0000000000
0.0917602996
0.1008955990
0.0042134831
0.0000000000
0.1052330420
0.1117362075
0.0970197314
0.1224883445
0.0851323486
0.0997569652
0.0000000000
0.0000000000
0.0063202247
0.0042134831
0.0000000000
0.0000000000
0.0000000000
0.0000000000
0.1133278914
0.0868517246
0.0000000000
0.0000000000
0.1206310535
0.0000000000
0.0000000000
0.0000000000
0.1214598165
0.0028089888
0.0000000000
0.0000000000
0.1126060577
0.0000000000
0.0000000000
0.0056179775
0.1173394982
0.0959664412
0.0000000000
0.0000000000
0.0000000000
0.0000000000
0.1174260956
0.1134086668
0.0000000000
0.0000000000
0.0000000000
0.1138142772
0.0000000000
0.0994452247
0.1075810409
0.1172530284
0.0000000000
0.0000000000
0.0000000000
0.0999449495
0.0000000000
0.0000000000
0.0000000000
0.0000000000
0.0000000000
0.0000000000
0.0000000000
0.0848146906
0.1227718824
0.0000000000
0.0000000000
0.0952768620
0.0000000000
0.0000000000
0.0000000000
0.0000000000
0.0000000000
0.0942050678
0.1177737672
0.0000000000
0.0000000000
0.0000000000
0.0000000000
0.0000000000
0.1000706664
0.0000000000
0.0000000000
0.0000000000
0.0000000000
0.0000000000
0.0000000000
0.0000000000
0.0000000000
0.0000000000
0.0000000000
0.0000000000
0.0000000000
0.0000000000
0.0000000000
0.0000000000
0.0000000000
0.0000000000
