0.0
0.0
0.0
0.0
0.1229897170
0.0
0.1495680033
0.0
0.0
0.1170359708
0.0
0.1254372736
0.0
0.1305401212
0.0
0.1252592221
0.0
0.1324007831
0.0
0.0
0.1475670936
0.1001079092
0.0
0.0
0.0
0.1247280876
0.1266070616
0.1272460302
0.1177386550
0.1254372736
0.0
0.0
0.1489369147
0.1316109201
0.1416454606
0.1350346166
0.1368141426
0.1226478415
0.1279842233
0.0
0.0
0.1500767380
0.1438388296
0.1356573743
0.0
0.1391878895
0.1462222402
0.1265163039
0.1205534453
0.1203889795
0.1363912240
0.1132800025
0.1452594600
0.1380987824
0.1339076206
0.0
0.1342131132
0.0
0.1113503116
0.1489369147
0.0
0.1072889021
0.1309274806
0.1402943115
0.0
0.1415318716
0.0
0.0947344304
0.1282632587
0.1363912240
0.1467084322
0.1422161514
0.1162649828
0.1544096622
0.1283565410
0.1293916744
0.1186887989
0.0858833304
0.0955550860
0.1336035154
0.1340092968
0.1377753660
0.1343152541
0.0
0.1389686960
0.1332001841
0.1332001841
0.0
0.0956068494
0.0990961504
0.1366023560
0.0
0.1328992800
0.1118442610
0.0024390244
0.0
0.0966540219
0.1313171458
0.1283565410
0.1462222402
0.1344175506
0.1316109201
0.1161884423
0.1117734287
0.1284499592
0.1445456543
0.0
0.1154285441
0.1450207427
0.0
0.1295816769
0.1369202823
0.1167263518
0.1211326314
0.1178959545
0.1187686702
0.1343152541
0.0
0.1234197510
0.1484358654
0.1214661004
0.1224776155
0.0999944725
0.1181326934
0.0000000000
0.1408541452
0.0
0.1140854841
0.0000000000
0.1333007884
0.0
0.0
0.1203069147
0.0024390244
0.1378830030
0.0922583606
0.1134256066
0.1244642059
0.1248162970
0.1413052393
0.1279842233
0.1115614690
0.1282632587
0.0
0.0000000000
0.1397389105
0.1207183611
0.0000000000
0.1475670936
0.1198982635
0.1203069147
0.1281701118
0.1252592221
0.1248162970
0.1311220237
0.1169584121
0.0000000000
0.0000000000
0.1169584121
0.1241140956
0.1418731864
0.0000000000
0.1072889021
0.1008515679
0.1269713985
0.1162649828
0.1231613705
0.0986530150
0.1090118863
0.1421016457
0.0
0.0
0.0759751373
0.0
0.1119151832
0.0024390244
0.0
0.1513638455
0.1098942988
0.0
0.0943798096
0.1029097632
0.1129899129
0.1385323735
0.1052416481
0.1180536749
0.1158832856
0.0
0.0000000000
0.1171136323
0.1051789296
0.1357617261
0.0985428498
0.1124141681
0.1404059220
0.1050537166
0.1161884423
0.1454989645
0.1245520423
0.0
0.0
0.1204711562
0.1249930906
0.0
0.1159594244
0.0913037992
0.0
0.1309274806
0.0
0.0906938561
0.1000511587
0.1349313791
0.0
0.1032710614
0.1015478964
0.1292968820
0.1106521905
0.1165721558
0.0
0.1289190971
0.0000000000
0.1340092968
0.1372396920
0.0000000000
0.0
0.1259744782
0.0000000000
0.0000000000
0.1246400028
0.1411921951
0.1107911136
0.1325001831
0.0
0.1479381759
0.1275218525
0.1092142598
0.1406296764
0.0
0.1268801178
0.0
0.1285435134
0.0000000000
0.1099627688
0.0000000000
0.1285435134
0.1061914825
0.1197355793
0.0000000000
0.1290133362
0.1293916744
0.0988187256
0.0000000000
0.1032710614
0.1307335140
0.0825492254
0.0879811784
0.1298677291
0.1185293780
0.1364967084
0.0000000000
0.0
0.0000000000
0.1026702990
0.1045558317
0.0969726615
0.1150523102
0.1170359708
0.1157313075
0.0871556760
0.0000000000
0.0000000000
0.1457392600
0.1039400730
0.1115614690
0.0
0.0
0.0000000000
0.0000000000
0.0000000000
0.1157313075
0.1003355565
0.1152777557
0.1069637842
0.0769691426
0.1284499592
0.0942286406
0.1046798600
0.0024390244
0.0048780488
0.1404059220
0.0
0.0024390244
0.1144554111
0.0947344304
0.1097576144
0.1149773576
0.1208009883
0.0000000000
0.0784749862
0.1277063994
0.0000000000
0.0993751373
0.1020174820
0.1232473770
0.0000000000
0.1078791222
0.0000000000
0.0032520325
0.1006215758
0.0000000000
0.1107911136
0.1186090349
0.0000000000
0.1130622959
0.0922583606
0.1178959545
0.1057461018
0.1073541630
0.1161120026
0.1272460302
0.1124858151
0.1188486491
0.0872849871
0.0
0.0000000000
0.0000000000
0.0802593196
0.0715404313
0.0000000000
0.0993751373
0.0000000000
0.1158832856
0.1178172523
0.0000000000
0.0000000000
0.0999378505
0.1177386550
0.0000000000
0.0000000000
0.1005069726
0.1168809562
0.1070286500
0.0024390244
0.0000000000
0.1107911136
0.1033920585
0.0000000000
0.0890914911
0.0956068494
0.1143812339
0.0000000000
0.0000000000
0.1017234835
0.0000000000
0.1333007884
0.1064476742
0.0000000000
0.0000000000
0.0942286406
0.1163416242
0.0000000000
0.0
0.1048041828
0.1157313075
0.0000000000
0.0000000000
0.0993751373
0.1072889021
0.0000000000
0.1085425854
0.0000000000
0.0000000000
0.0000000000
0.0000000000
0.0000000000
0.0868554350
0.1152777557
0.0000000000
0.0000000000
0.0825492254
0.0000000000
0.0000000000
0.0809217074
0.0000000000
0.0000000000
0.0024390244
0.1325001831
0.0000000000
0.0000000000
0.0000000000
0.0000000000
0.0000000000
0.1038177905
0.0000000000
0.0000000000
0.0000000000
0.0000000000
0.1216335244
0.0000000000
0.0032520325
0.1282632587
0.0902301860
0.0972398038
0.0000000000
0.0000000000
0.0000000000
0.0024390244
0.0000000000
0.1129899129
0.0000000000
0.0024390244
0.0000000000
0.0000000000
0.0000000000
0.0024390244
0.0000000000
0.0000000000
0.1190089305
0.0000000000
0.0000000000
0.0000000000
0.0000000000
0.0809217074
0.0000000000
0.1066406308
0.0000000000
0.0000000000
0.0000000000
0.0000000000
0.0000000000
0.0000000000
0.0000000000
0.0000000000
0.0000000000
0.0000000000
0.0000000000
0.0000000000
0.0000000000
0.0000000000
0.0000000000
0.0000000000
0.0000000000
0.0000000000
0.0000000000
0.0000000000
0.0000000000
0.0000000000
0.0000000000
0.0000000000
0.0000000000
0.0000000000
0.0000000000
0.0000000000
0.0000000000
0.0000000000
0.1250816753
0.0000000000
0.0000000000
0.0000000000
0.0000000000
0.0000000000
0.0000000000
0.0888224680
0.0000000000
0.0000000000
0.0000000000
0.0000000000
0.0000000000
0.0000000000
0.0000000000
0.0000000000
