0.0
0.0
0.0
0.0
0.0
0.0
0.0
0.0
0.0
0.0
0.0
0.0
0.0
0.0
0.0
0.0
0.0
0.0
0.0
0.0
0.0
0.0
0.0
0.0
0.0
0.0
0.0
0.0
0.0
0.0
0.0
0.0000000000
0.0
0.0
0.0
0.0
0.0
0.0
0.0
0.0
0.0
0.0
0.0
0.0909090909
0.0
0.0
0.0
0.0
0.0
0.0
0.0
0.0
0.0731707317
0.0
0.0
0.0
0.0
0.0
0.0
0.0
0.0
0.0266666667
0.0
0.0
0.0237037037
0.0
0.0
0.0
0.0
0.0
0.0722891566
0.0
0.0
0.0
0.0
0.0
0.0
0.0
0.1176470588
0.0
0.0
0.0
0.0
0.0
0.0
0.1111111111
0.0
0.0
0.0
0.0
0.0
0.0426666667
0.0
0.0
0.0000000000
0.0
0.0266666667
0.0
0.0
0.0
0.0000000000
0.0
0.1428571429
0.0
0.0
0.0
0.0
0.0
0.0
0.0000000000
0.1090909091
0.1188118812
0.0
0.0
0.0
0.0177777778
0.0
0.0
0.0355555556
0.0
0.0641711230
0.0
0.0888888889
0.1090909091
0.0177777778
0.0863309353
0.0177777778
0.0
0.1379310345
0.0
0.0
0.0
0.0
0.0991735537
0.0266666667
0.0
0.0875912409
0.0
0.0266666667
0.0
0.0
0.0944881890
0.0916030534
0.1212121212
0.0
0.0888888889
0.0237037037
0.1000000000
0.0
0.0
0.1008403361
0.0266666667
0.1081081081
0.0983606557
0.0
0.0
0.0177777778
0.0
0.0769230769
0.0916030534
0.0000000000
0.0000000000
0.0
0.0
0.0
0.0
0.0
0.0426666667
0.0000000000
0.0641711230
0.0
0.0000000000
0.1290322581
0.0000000000
0.0
0.0
0.0
0.0000000000
0.0177777778
0.0
0.0
0.0863309353
0.0
0.0266666667
0.0902255639
0.0810810811
0.0759493671
0.0355555556
0.0000000000
0.0000000000
0.0177777778
0.0000000000
0.0000000000
0.0000000000
0.0266666667
0.0000000000
0.0000000000
0.0000000000
0.0000000000
0.0000000000
0.0000000000
0.0000000000
0.0000000000
0.0000000000
0.0000000000
0.0000000000
