0.0
0.0
0.0
0.0
0.0
0.0
0.0
0.0
0.0
0.0
0.0
0.0
0.0
0.0
0.0
0.0
0.0
0.0
0.0
0.0
0.0
0.0
0.0
0.0
0.0
0.0
0.0
0.0
0.0
0.0
0.0
0.0839321357
0.0
0.0
0.0
0.0
0.0
0.0
0.0
0.0
0.0
0.0
0.0
0.0
0.0
0.0
0.0
0.0
0.0
0.0
0.0
0.0
0.0881551363
0.0
0.0
0.0
0.0
0.0
0.0
0.0
0.0
0.0907227616
0.0
0.0
0.0
0.0
0.0
0.0
0.0
0.0
0.0947072072
0.0
0.0
0.0
0.0
0.0
0.0
0.0
0.0
0.0
0.0
0.0
0.0
0.0
0.0
0.0922149123
0.0
0.0
0.0
0.0
0.0
0.0831849654
0.0
0.0
0.0
0.0
0.0664296998
0.0
0.0
0.0
0.0000000000
0.0
0.0083333333
0.0
0.0
0.0
0.0
0.0
0.0
0.0
0.0
0.0000000000
0.0
0.0
0.0
0.0
0.0
0.0
0.0
0.0
0.0000000000
0.0
0.0934444444
0.0
0.1334920635
0.0
0.0083333333
0.0
0.0000000000
0.0
0.0
0.0
0.0
0.0
0.0
0.0
0.0000000000
0.0
0.0000000000
0.0
0.0
0.0111111111
0.0166666667
0.0776546630
0.0
0.0
0.0768036530
0.0
0.0
0.0
0.0916122004
0.1134952767
0.0
0.0
0.0
0.0
0.0
0.0
0.0111111111
0.0937569677
0.0
0.0807877041
0.0
0.0
0.0
0.0
0.0
0.0
0.0000000000
0.0
0.0
0.0
0.0
0.0
0.0
0.0
0.0
0.0
0.0776546630
0.0
0.0
0.1182841069
0.0
0.0
0.0
0.0
0.0
0.0722508591
0.0822091887
0.0670653907
0.0
0.0
0.0000000000
0.0
0.0
0.0
0.0
0.0000000000
0.0266666667
0.0
0.0670653907
0.0000000000
0.1012033694
0.0
0.0
0.0
0.0
0.0
0.0
0.0595187544
0.0
0.0222222222
0.0
0.1116865870
0.0934444444
0.0772268136
0.0859918200
0.0
0.1367479675
0.0000000000
0.0000000000
0.0747555556
0.0000000000
0.0711505922
0.0148148148
0.0083333333
0.1112433862
0.1148907104
0.0
0.0
0.0839321357
0.0966666667
0.0846928499
0.0
0.0
0.0774401473
0.0713316370
0.0737719298
0.0785247432
0.0000000000
0.0
0.0884332282
0.0
0.0000000000
0.0
0.0000000000
0.0000000000
0.0000000000
0.1125836680
0.0805555556
0.0000000000
0.0641495042
0.0
0.1046019900
0.0166666667
0.0963344788
0.0166666667
0.0
0.0000000000
0.0083333333
0.0083333333
0.0966666667
0.0
0.0083333333
0.1038271605
0.0824509804
0.0
0.0
0.0000000000
0.0
0.1082368082
0.0000000000
0.0
0.0763851045
0.0720651243
0.0000000000
0.0857288481
0.1168055556
0.0
0.0000000000
0.0000000000
0.0000000000
0.1116865870
0.0000000000
0.0083333333
0.0000000000
0.0950282486
0.0530934343
0.0
0.0628550075
0.0166666667
0.0111111111
0.0083333333
0.0747555556
0.0111111111
0.0916122004
0.0000000000
0.0000000000
0.0000000000
0.0083333333
0.0000000000
0.0000000000
0.0000000000
0.0000000000
0.0000000000
0.0083333333
0.0083333333
0.0000000000
0.0000000000
0.0083333333
0.0
0.0000000000
