0.0
0.0
0.0
0.0
0.1431648081
0.0
0.1696768096
0.0
0.0
0.1330660457
0.0
0.1468805360
0.0
0.1345548966
0.0
0.1421074609
0.1077343237
0.1153558166
0.0
0.1577159853
0.0993871395
0.0802391585
0.0
0.0
0.0
0.1284469306
0.1068963901
0.1410656174
0.1484672084
0.1364634767
0.0
0.0
0.1536849058
0.1394300740
0.1451082218
0.1462108679
0.1321521306
0.1038949795
0.0775235706
0.0
0.0
0.1641753431
0.1364634767
0.1066593692
0.0
0.1353118862
0.1009514702
0.1317900699
0.0860525501
0.1190677612
0.1274261603
0.1294841872
0.1321521306
0.1202584388
0.1416888823
0.1477830277
0.1247817783
0.1684881805
0.1036710679
0.1515066946
0.0
0.1133177280
0.0000000000
0.1462108679
0.0
0.1386264424
0.0
0.1438068028
0.1255962808
0.1170398431
0.1398353940
0.1392282939
0.1308935389
0.1358852416
0.1308935389
0.1421074609
0.1163322262
0.1180450933
0.1031154888
0.1080974731
0.1236590631
0.1534397943
0.1274261603
0.0
0.1427399867
0.1196601381
0.1406531448
0.0876998642
0.0940437449
0.0000000000
0.1616920186
0.0
0.0693631947
0.1099505726
0.1160515694
0.1170398431
0.0000000000
0.1293101493
0.0992845728
0.1293101493
0.1095748873
0.1183354872
0.1063058023
0.1222449187
0.1014839146
0.1564337416
0.0
0.1014839146
0.1396324398
0.0
0.1112216775
0.1168976319
0.0000000000
0.1033370044
0.0042194093
0.1238182124
0.1033370044
0.1050292042
0.0000000000
0.1225563708
0.1028949209
0.0000000000
0.0042194093
0.0000000000
0.0000000000
0.1174685605
0.0056258790
0.1238182124
0.1307156944
0.0989781389
0.0
0.0
0.0042194093
0.0000000000
0.1408590791
0.0000000000
0.1228694139
0.0967874759
0.0000000000
0.1196601381
0.1073736061
0.1275951606
0.1023476075
0.0
0.1265878303
0.1451082218
0.0949721136
0.0000000000
0.1183354872
0.1096998302
0.0000000000
0.1431648081
0.0860525501
0.1174685605
0.0840968104
0.0876199919
0.0000000000
0.0000000000
0.1143956612
0.0000000000
0.1275951606
0.0000000000
0.0000000000
0.0084388186
0.1246201439
0.1089544180
0.1114794334
0.1007400535
0.0781533315
0.1238182124
0.0
0.0
0.0000000000
0.0000000000
0.0000000000
0.0000000000
0.0
0.1187737667
0.1076138155
0.0
0.1262555788
0.0000000000
0.0989781389
0.0000000000
0.0000000000
0.0917128227
0.1066593692
0.0820176906
0.0000000000
0.0876199919
0.0084388186
0.1137195639
0.0914512843
0.0000000000
0.1275951606
0.0000000000
0.1033370044
0.1133177280
0.0000000000
0.0916254772
0.0000000000
0.0570959947
0.0056258790
0.0
0.0042194093
0.0000000000
0.0000000000
0.0000000000
0.1050292042
0.0056258790
0.0000000000
0.0893284597
0.0
0.0000000000
0.0936774596
0.0931333505
0.0056258790
0.0000000000
0.0889979196
0.0891628833
0.0000000000
0.0785361233
0.1205598384
0.0000000000
0.0000000000
0.0042194093
0.0000000000
0.0000000000
0.0626754079
0.1095748873
0.0042194093
0.0925064914
0.0
0.1112216775
0.1043457170
0.0000000000
0.0000000000
0.0000000000
0.0782805135
0.0000000000
0.0000000000
0.0000000000
0.0000000000
0.0000000000
0.0699685462
0.0042194093
0.1067777481
0.0000000000
0.0963030541
0.0000000000
0.1257604589
0.0000000000
0.0000000000
0.0042194093
0.1054898586
0.0000000000
0.0000000000
0.0000000000
0.0000000000
0.0000000000
0.0000000000
0.0000000000
0.0000000000
0.0000000000
0.0000000000
0.0000000000
0.0000000000
0.0000000000
0.0000000000
0.0000000000
0.0000000000
0.0000000000
0.0000000000
0.0000000000
