0.0
0.0
0.0
0.0
0.0
0.0
0.0
0.0
0.0
0.0
0.0
0.0
0.0
0.0
0.0
0.0
0.0
0.0
0.0
0.0
0.0
0.0
0.0
0.0
0.0
0.0
0.0
0.0
0.0
0.0
0.0
0.0000000000
0.0
0.0
0.0
0.0
0.0
0.0
0.0
0.0
0.0
0.0
0.0
0.0
0.0
0.0
0.0
0.0
0.0
0.0
0.0
0.0
0.1088693053
0.0
0.0
0.0
0.0
0.0
0.0
0.0
0.0
0.0000000000
0.0
0.0
0.0
0.0
0.0
0.0
0.0
0.0
0.0815857568
0.0
0.0
0.0
0.0
0.0
0.0
0.0
0.0
0.0
0.0
0.0
0.0
0.0
0.0
0.0722666940
0.0
0.0
0.0
0.0
0.0
0.0000000000
0.0
0.0
0.0
0.0
0.0823875824
0.0
0.0
0.0
0.0
0.0
0.0079365079
0.0
0.0
0.0
0.0
0.0
0.0
0.0
0.0
0.0105820106
0.0
0.0
0.0
0.0
0.0
0.0
0.0
0.0
0.0000000000
0.0
0.0779808047
0.0
0.0995007301
0.0
0.0730539129
0.0
0.0000000000
0.0
0.0
0.0
0.0
0.0
0.0
0.0
0.0000000000
0.0
0.0000000000
0.0
0.0
0.0743497695
0.0866453386
0.0637485666
0.0
0.0
0.0977601925
0.0
0.0
0.0
0.0688536880
0.0952606421
0.0
0.0
0.0
0.0
0.0
0.0
0.0000000000
0.0718024540
0.0
0.0079365079
0.0
0.0
0.0
0.0
0.0
0.0
0.0000000000
0.0
0.0
0.0
0.0
0.0
0.0
0.0
0.0
0.0
0.0817847464
0.0
0.0
0.0844628364
0.0
0.0
0.0
0.0
0.0
0.0105820106
0.0000000000
0.0947224464
0.0
0.0
0.0000000000
0.0
0.0
0.0
0.0
0.0000000000
0.1009992350
0.0
0.1034930433
0.0753522383
0.0911188751
0.0
0.0
0.0
0.0
0.0
0.0
0.1013043687
0.0
0.0846761263
0.0
0.0639918817
0.1025435658
0.0662682728
0.0678780284
0.0
0.0974760059
0.0000000000
0.0617527551
0.1044602680
0.0079365079
0.0700036452
0.0823875824
0.0105820106
0.0821856520
0.0844628364
0.0
0.0
0.0804118610
0.0787130189
0.0158730159
0.0
0.0
0.0718024540
0.0587245990
0.0
0.0870954442
0.0000000000
0.0
0.0079365079
0.0
0.0000000000
0.0
0.0825905075
0.0809945556
0.0000000000
0.0792712672
0.0515873016
0.0000000000
0.0000000000
0.0
0.0944556226
0.1019202007
0.0572214096
0.0000000000
0.0
0.0000000000
0.0848904963
0.0079365079
0.0977601925
0.0
0.0158730159
0.0
0.0832053251
0.0
0.0
0.0000000000
0.0
0.1006959340
0.0857589413
0.0
0.0105820106
0.0936640951
0.0000000000
0.0000000000
0.0825905075
0.0
0.0
0.0000000000
0.0000000000
0.0877794399
0.0
0.0079365079
0.0000000000
0.0941902978
0.0661375661
0.0
0.0568334679
0.0079365079
0.0750150918
0.0
0.0911188751
0.0079365079
0.0758636788
0.0866453386
0.0000000000
0.0000000000
0.0000000000
0.0000000000
0.0000000000
0.0713441405
0.0000000000
0.0000000000
0.0000000000
0.0800280335
0.0000000000
0.0832053251
0.0000000000
0.0
0.0000000000
0.0901391022
0.0000000000
0.0
0.0079365079
0.0000000000
0.0743497695
0.0000000000
0.0000000000
0.0
0.0000000000
0.0
0.0079365079
0.0000000000
0.0000000000
0.0000000000
