0.0
0.0
0.0
0.0
0.0820512821
0.0
0.0256410256
0.0
0.0
0.0901442308
0.0
0.1177394035
0.0
0.0683760684
0.0
0.0461538462
0.0000000000
0.1518218623
0.0915750916
0.0256410256
0.0769230769
0.0000000000
0.0
0.1518218623
0.0
0.0455840456
0.1373626374
0.1559251559
0.0461538462
0.0512820513
0.0
0.0461538462
0.1442307692
0.1109467456
0.1068376068
0.1442307692
0.0874125874
0.1109467456
0.0256410256
0.0256410256
0.0000000000
0.1153846154
0.1407129456
0.0000000000
0.0512820513
0.0000000000
0.1109467456
0.0256410256
0.0256410256
0.0000000000
0.0000000000
0.0000000000
0.0000000000
