0.0
0.0
0.0
0.0
0.0
0.0
0.0
0.0
0.0
0.0175438596
0.0
0.0
0.0
0.0
0.0
0.0000000000
0.0
0.0
0.0
0.0
0.0
0.0
0.0
0.0
0.0
0.0
0.0175438596
0.0
0.0
0.0
0.0000000000
0.0614035088
0.0
0.0
0.0
0.0
0.0
0.0
0.0
0.0
0.0
0.0
0.0
0.0000000000
0.0
0.0
0.0
0.0
0.0
0.0467836257
0.0
0.0
0.0175438596
0.0
0.0
0.0
0.0
0.0
0.0
0.0
0.0
0.0000000000
0.0
0.0
0.0537280702
0.0
0.0
0.0
0.0
0.0350877193
0.0000000000
0.0000000000
0.0
0.0
0.0
0.0
0.0
0.0
0.0233918129
0.0
0.0
0.0
0.0
0.0
0.0
0.0394736842
0.0
0.0
0.0
0.0
0.0
0.0280701754
0.0
0.0
0.0537280702
0.0
0.0390749601
0.0
0.0
0.0
0.0175438596
0.0
0.0000000000
0.0280701754
0.0350877193
0.0
0.0
0.0390749601
0.0
0.0401002506
0.0263157895
0.0000000000
0.0000000000
0.0
0.0
0.0401002506
0.0000000000
0.0000000000
0.0000000000
0.0000000000
0.0477582846
0.0716374269
0.0263157895
0.0000000000
0.0000000000
0.0000000000
0.0233918129
0.0233918129
0.0233918129
0.0175438596
0.0000000000
0.0
0.0
0.0394736842
0.0175438596
0.0000000000
0.0000000000
0.0000000000
0.0000000000
0.0000000000
0.0000000000
0.0000000000
0.0358187135
0.0000000000
0.0
0.0000000000
0.0000000000
0.0000000000
0.0000000000
