0.0
0.0
0.0
0.0
0.1403163311
0.0
0.1467676566
0.0
0.0
0.1261114679
0.0
0.1395495752
0.0
0.1112748246
0.0
0.1077534694
0.0849836015
0.1040226976
0.0
0.1506641431
0.0057803468
0.0057803468
0.0
0.0
0.0
0.1218977196
0.1009390208
0.1293041633
0.1168767609
0.1117618042
0.0
0.0
0.1293041633
0.1384150258
0.1333554687
0.1299621998
0.1270525983
0.1091349242
0.0130057803
0.0
0.0
0.1533788123
0.1147756056
0.0077071291
0.0
0.1289776376
0.0000000000
0.1182295012
0.0057803468
0.1152937799
0.1112748246
0.0735953091
0.0930330501
0.1227767897
0.1333554687
0.1086705202
0.0900796199
0.1713931024
0.0925274357
0.1248781039
0.0
0.1176846648
0.0000000000
0.1351194299
0.0
0.1273694377
0.0
0.1434695070
0.1302937360
0.1050928899
0.1251841777
0.1302937360
0.1179564538
0.1326627130
0.1120068959
0.1365645575
0.0000000000
0.1137531058
0.0967332282
0.0057803468
0.1112748246
0.1316369704
0.1155546256
0.0
0.1117618042
0.1218977196
0.1286527569
0.0130057803
0.0838672324
0.0000000000
0.1312985720
0.0
0.0086705202
0.0989828382
0.0000000000
0.1117618042
0.0847017322
0.1198947054
0.0077071291
0.1019463962
0.0000000000
0.1086705202
0.0954675598
0.1174141253
0.1158166542
0.1533788123
0.0829141956
0.1160798739
0.1245735232
0.1001473422
0.0829141956
0.0000000000
0.0000000000
0.0748902412
0.0000000000
0.1061853316
0.0057803468
0.0000000000
0.0785771454
0.0867150161
0.0748902412
0.0000000000
0.0000000000
0.0000000000
0.0000000000
0.0115606936
0.0687417826
0.1061853316
0.1198947054
0.0882126848
0.0
0.0
0.0000000000
0.0000000000
0.1187794058
0.0000000000
0.0077071291
0.0115606936
0.0000000000
0.0971010352
0.0976580201
0.0000000000
0.0923601167
0.0913687737
0.1182295012
0.1125003183
0.0000000000
0.0000000000
0.1077534694
0.1057456408
0.0000000000
0.1061853316
0.0000000000
0.0115606936
0.0077071291
0.0900796199
0.0000000000
0.0000000000
0.0000000000
0.0000000000
0.0077071291
0.0000000000
0.0000000000
0.0000000000
0.0907196172
0.0886721259
0.0000000000
0.0086705202
0.0000000000
0.0000000000
0.0000000000
0.0000000000
0.0000000000
0.0000000000
0.0000000000
0.0000000000
0.0000000000
0.0000000000
0.0000000000
0.0000000000
0.0000000000
0.0000000000
0.0000000000
0.0000000000
0.0000000000
0.0057803468
0.0057803468
0.0000000000
0.1033909808
0.0000000000
0.0000000000
0.0077071291
0.0057803468
0.0000000000
0.0000000000
0.0000000000
0.0000000000
0.0000000000
0.0000000000
0.0000000000
