0.0
0.0
0.0
0.0
0.0
0.0
0.0
0.0
0.0
0.0
0.0
0.0
0.0
0.0
0.0
0.0
0.0
0.0
0.0
0.0
0.0
0.0
0.0
0.0
0.0
0.0
0.0
0.0
0.0
0.0
0.0
0.0
0.0
0.0
0.0
0.0
0.0
0.0
0.0
0.0
0.0
0.0
0.0
0.0
0.0
0.0
0.0
0.0
0.0
0.0
0.0
0.0
0.0
0.0
0.0
0.0
0.0
0.0
0.0
0.0
0.0996819070
0.0
0.0
0.0
0.0
0.0
0.0
0.0
0.0
0.0
0.0
0.0
0.0
0.0
0.0
0.0815028358
0.0
0.0
0.0
0.0937567587
0.0
0.0
0.0
0.0
0.0
0.0
0.0843221163
0.0
0.0
0.0
0.0
0.1081227137
0.0
0.0
0.0
0.0
0.0
0.0
0.0
0.0
0.0
0.0
0.0
0.0
0.0
0.0
0.0
0.0
0.0
0.1289155432
0.0
0.0
0.0
0.0
0.0
0.0
0.0
0.0
0.1314432990
0.0947506466
0.0
0.0740730193
0.0
0.0
0.0
0.0
0.0
0.0
0.0
0.0
0.0
0.0
0.0
0.1354264292
0.0
0.0
0.0
0.1197072901
0.0
0.1230019862
0.0
0.0975070291
0.0
0.0
0.0
0.0
0.0
0.0
0.0
0.0
0.0985824742
0.0
0.0103092784
0.0
0.0
0.0
0.1076884859
0.0
0.0103092784
0.0
0.0
0.0103092784
0.0
0.0103092784
0.0961090788
0.0
0.0
0.0853962834
0.0
0.0
0.0
0.0964547949
0.0
0.0
0.0
0.0000000000
0.0
0.0
0.0
0.0000000000
0.0
0.0
0.1207857342
0.0905893006
0.0231958763
0.0
0.0
0.0
0.0978628941
0.0
0.0
0.0774983612
0.0879161737
0.0
0.0
0.0
0.0
0.0
0.0815028358
0.0
0.0
0.0
0.0
0.0
0.0103092784
0.0231958763
0.1176071622
0.0
0.0
0.0718885603
0.0
0.0
0.0
0.0000000000
0.0830168204
0.1136204788
0.0
0.0985824742
0.0798048601
0.0
0.0103092784
0.0
0.0856691150
0.0882053717
0.0
0.0103092784
0.0
0.0103092784
0.1121942803
0.0728653070
0.1081227137
0.0
0.0627972670
0.0832746366
0.0
0.1301671504
0.0103092784
0.0
0.0
0.0
0.0788659794
0.0937567587
0.0830168204
0.0000000000
0.0103092784
0.0154639175
0.0000000000
0.0927835052
0.0103092784
0.0728653070
0.0718885603
0.0
0.0103092784
0.0000000000
0.0815028358
0.0
0.0
0.0103092784
0.0000000000
0.0103092784
0.0650835752
0.0687549564
0.0899813188
0.0103092784
0.0
0.0000000000
0.0
0.0000000000
0.0918302500
0.0784047748
0.0000000000
0.0154639175
0.0000000000
0.0103092784
0.1000538544
0.0711258169
0.0103092784
0.0000000000
0.0000000000
0.0000000000
0.0000000000
0.0103092784
0.0000000000
0.0000000000
0.0000000000
0.0000000000
0.0000000000
0.0000000000
0.0000000000
0.0000000000
0.0000000000
