0.0
0.0
0.0
0.0
0.0
0.0
0.0
0.0
0.0
0.0
0.0
0.0
0.0
0.0
0.0
0.0
0.0
0.0
0.0
0.0
0.0
0.0
0.0
0.0
0.0
0.0
0.0
0.0
0.0
0.0
0.0
0.0
0.0
0.0
0.0
0.0
0.0
0.0
0.0
0.0
0.0
0.0
0.0
0.0
0.0
0.0
0.0
0.0
0.0
0.0
0.0
0.0
0.0618254984
0.0
0.0
0.0
0.0
0.0
0.0
0.0
0.0
0.0981559460
0.0
0.0
0.0
0.0
0.0
0.0
0.0
0.0
0.0
0.0
0.0
0.0
0.0
0.0
0.0
0.0
0.0
0.0
0.0
0.0
0.0
0.0
0.0
0.0000000000
0.0
0.0
0.0
0.0
0.0
0.0
0.0
0.0
0.0
0.0
0.0140845070
0.0
0.0
0.0
0.0
0.0
0.0
0.0
0.0
0.0
0.0
0.0
0.0
0.0
0.0
0.0070422535
0.0
0.0
0.0
0.0
0.0
0.0
0.0
0.0
0.0947375797
0.0
0.0093896714
0.0
0.0000000000
0.0
0.0000000000
0.0
0.0831539455
0.0
0.0
0.0
0.0
0.0
0.0
0.0
0.0596935847
0.0
0.0126760563
0.0
0.0
0.0070422535
0.0
0.0000000000
0.0
0.0
0.0093896714
0.0
0.0
0.0
0.0070422535
0.0902476470
0.0
0.0
0.0
0.0
0.0
0.0
0.0000000000
0.0689936722
0.0
0.0000000000
0.0
0.0
0.0
0.0
0.0
0.0
0.0093896714
0.0
0.0
0.0
0.0
0.0
0.0
0.0
0.0
0.0
0.0
0.0
0.0
0.0070422535
0.0
0.0
0.0
0.0
0.0
0.0774075346
0.0140845070
0.0
0.0
0.0
0.0000000000
0.0
0.0
0.0
0.0
0.0000000000
0.0
0.0
0.0530424889
0.0647695698
0.0
0.0
0.0
0.0
0.0
0.0
0.0
0.0000000000
0.0
0.0
0.0
0.0684973148
0.0620268844
0.0
0.0140845070
0.0
0.0919915629
0.0000000000
0.0070422535
0.0126760563
0.0474869165
0.0724040058
0.0544064386
0.0774075346
0.0738071842
0.0070422535
0.0
0.0
0.0898219506
0.0425050302
0.0604515985
0.0
0.0
0.0507793427
0.0125195618
0.0
0.0622295867
0.0070422535
0.0
0.0000000000
0.0
0.0000000000
0.0
0.0584118206
0.0682518047
0.0070422535
0.0140845070
0.0070422535
0.0000000000
0.0715874193
0.0
0.0813771518
0.0140845070
0.0578791900
0.0070422535
0.0
0.0000000000
0.0070422535
0.0724040058
0.0425050302
0.0
0.0770941438
0.0
0.0
0.0
0.0
0.0093896714
0.0
0.0
0.0715874193
0.0
0.0
0.0735222144
0.0070422535
0.0
0.0582331912
0.0
0.0
0.0093896714
0.0531906523
0.0000000000
0.0
0.0187793427
0.0577037985
0.0458849482
0.0689936722
0.0
0.0000000000
0.0
0.0
0.0
0.0479653741
0.0070422535
0.0070422535
0.0
0.0000000000
0.0000000000
0.0070422535
0.0
0.0800094686
0.0
0.0093896714
0.0000000000
0.0000000000
0.0838865794
0.0838865794
0.0523138833
0.0
0.0
0.0
0.0000000000
0.0
0.0
0.0070422535
0.0140845070
0.0658901506
0.0093896714
0.0000000000
0.0
0.0000000000
0.0
0.0000000000
0.0000000000
0.0000000000
0.0000000000
0.0641153317
0.0447001256
0.0000000000
0.0000000000
0.0093896714
0.0810308660
0.0577037985
0.0620268844
0.0225352113
0.0093896714
0.0710531848
0.0211267606
0.0140845070
0.0093896714
0.0000000000
0.0093896714
0.0
0.0000000000
0.0
0.0000000000
0.0
0.0140845070
0.0000000000
0.0641153317
0.0
0.0000000000
0.0713193016
0.0000000000
0.0093896714
0.0000000000
0.0126760563
0.0000000000
0.0846322379
0.0000000000
0.0000000000
0.0000000000
0.0000000000
0.0070422535
0.0070422535
0.0000000000
0.0000000000
0.0000000000
0.0000000000
