0.0
0.0
0.0
0.0
0.0
0.0
0.0
0.0
0.0
0.0
0.0
0.0
0.0
0.0
0.0
0.0
0.0
0.0
0.0
0.0
0.0
0.0
0.0
0.0
0.0
0.0
0.0
0.0
0.0
0.0
0.0
0.0
0.0
0.0
0.0
0.0
0.0
0.0
0.0
0.0
0.0
0.0
0.0
0.0
0.0
0.0
0.0
0.0
0.0
0.0
0.0
0.0
0.0619187158
0.0
0.0
0.0
0.0
0.0
0.0
0.0
0.0
0.1003924809
0.0
0.0
0.0
0.0
0.0
0.0
0.0
0.0
0.0
0.0
0.0
0.0
0.0
0.0
0.0
0.0
0.0
0.0
0.0
0.0
0.0
0.0
0.0
0.0000000000
0.0
0.0
0.0
0.0
0.0
0.0
0.0
0.0
0.0
0.0
0.0478723404
0.0
0.0
0.0
0.0
0.0
0.0
0.0
0.0
0.0
0.0
0.0
0.0
0.0
0.0
0.0070921986
0.0
0.0
0.0
0.0
0.0
0.0
0.0
0.0
0.0931569868
0.0
0.0094562648
0.0
0.0000000000
0.0
0.0070921986
0.0
0.0823938289
0.0
0.0
0.0
0.0
0.0
0.0
0.0
0.0640274027
0.0
0.0127659574
0.0
0.0
0.0070921986
0.0
0.0
0.0
0.0
0.0426409300
0.0
0.0
0.0
0.0070921986
0.0895274938
0.0
0.0
0.0
0.0
0.0
0.0
0.0000000000
0.0749306198
0.0
0.0000000000
0.0
0.0
0.0
0.0
0.0
0.0
0.0426409300
0.0
0.0
0.0
0.0
0.0
0.0
0.0
0.0
0.0
0.0
0.0
0.0
0.0
0.0
0.0
0.0
0.0
0.0
0.0830556268
0.0000000000
0.0
0.0
0.0
0.0000000000
0.0
0.0
0.0
0.0
0.0000000000
0.0
0.0
0.0534388916
0.0703430308
0.0
0.0
0.0
0.0
0.0
0.0
0.0
0.0000000000
0.0
0.0
0.0
0.0923252280
0.0715600383
0.0
0.0141843972
0.0
0.0919148936
0.0000000000
0.0070921986
0.0127659574
0.0594277329
0.0720587145
0.0701045799
0.0833905285
0.0743915506
0.0070921986
0.0
0.0
0.0883797054
0.0531641416
0.0644263273
0.0
0.0
0.0141843972
0.0070921986
0.0
0.0671456203
0.0587524178
0.0
0.0000000000
0.0
0.0000000000
0.0
0.0094562648
0.0703430308
0.0070921986
0.0094562648
0.0070921986
0.0000000000
0.0927392424
0.0
0.0801583375
0.0141843972
0.0837281420
0.0070921986
0.0
0.0000000000
0.0070921986
0.0880036215
0.0539970002
0.0
0.0786344147
0.0
0.0
0.0
0.0
0.0
0.0
0.0
0.0801583375
0.0
0.0
0.0730772122
0.0070921986
0.0
0.0628597297
0.0
0.0
0.0094562648
0.0604703247
0.0000000000
0.0
0.0070921986
0.0656534954
0.0070921986
0.0738601824
0.0
0.0000000000
0.0
0.0
0.0
0.0615501520
0.0070921986
0.0070921986
0.0
0.0000000000
0.0000000000
0.0691667260
0.0
0.0798488458
0.0
0.0094562648
0.0000000000
0.0000000000
0.0823938289
0.0919148936
0.0552963932
0.0
0.0
0.0
0.0000000000
0.0
0.0
0.0070921986
0.0070921986
0.0662847791
0.0094562648
0.0000000000
0.0
0.0000000000
0.0
0.0000000000
0.0000000000
0.0000000000
0.0000000000
0.0000000000
0.0094562648
0.0000000000
0.0531641416
0.0094562648
0.0844116370
0.0595989944
0.0801583375
0.0141843972
0.0000000000
0.0765957447
0.0212765957
0.0094562648
0.0000000000
0.0000000000
0.0094562648
0.0
0.0000000000
0.0
0.0000000000
0.0
0.0141843972
0.0000000000
0.0687071464
0.0
0.0000000000
0.0837281420
0.0000000000
0.0070921986
0.0000000000
0.0127659574
0.0000000000
0.0927392424
0.0000000000
0.0000000000
0.0000000000
0.0621046578
0.0070921986
0.0000000000
0.0000000000
0.0000000000
0.0070921986
0.0070921986
0.0000000000
0.0000000000
