0.0
0.0
0.0
0.0
0.0
0.0
0.0923030554
0.0
0.0
0.0
0.0
0.0
0.0
0.0
0.0
0.0870940794
0.0
0.0
0.0
0.0
0.0
0.0
0.0
0.0
0.0
0.0
0.0
0.0
0.0
0.0000000000
0.0
0.0934205258
0.0
0.0
0.0
0.0
0.0817429601
0.0000000000
0.0000000000
0.0
0.0981747511
0.0629407458
0.0
0.0847970927
0.0782610084
0.0
0.0
0.0
0.0
0.0580190634
0.0
0.0
0.0729351175
0.0
0.0971855848
0.0
0.0994398896
0.0000000000
0.0
0.0
0.0
0.0
0.0
0.0
0.0
0.0
0.0
0.0
0.0
0.0
0.0909968801
0.0802134660
0.1083783066
0.0
0.0157480315
0.0
0.1080747260
0.0
0.0000000000
0.0
0.1077728412
0.0994398896
0.0
0.0671003081
0.1201952560
0.0645195270
0.0
0.1039964344
0.1034388128
0.0859302387
0.0
0.0
0.0
0.0
0.0
0.0
0.0000000000
0.0078740157
0.0
0.0
0.0
0.0000000000
0.0916453139
0.0078740157
0.0
0.0000000000
0.0
0.0
0.0
0.1176301133
0.0923030554
0.0000000000
0.0810560445
0.0599109894
0.1045601007
0.1121589452
0.1004757218
0.0000000000
0.0659532943
0.0
0.0
0.0000000000
0.0104986877
0.1042775059
0.0
0.0741974561
0.1141499324
0.0
0.0
0.0000000000
0.0
0.0817429601
0.0593579649
0.0
0.0664073617
0.0647360355
0.1096098783
0.0
0.0747726302
0.0966984390
0.0855491733
0.0644118150
0.1059963658
0.0
0.0976776637
0.0
0.0000000000
0.0
0.0934205258
0.0756523082
0.0000000000
0.0000000000
0.0842416532
0.0104986877
0.0
0.0000000000
0.0905696647
0.0991842601
0.0000000000
0.0750635743
0.0666367481
0.0
0.0872911248
0.0710546541
0.0000000000
0.0000000000
0.0000000000
0.0000000000
0.0
0.0727975041
0.0
0.0078740157
0.0759501519
0.0
0.0000000000
0.0859302387
0.0
0.0
0.0707939031
0.0842416532
0.0000000000
0.0000000000
0.0000000000
0.0104986877
0.0764013409
0.0000000000
0.0713173330
0.0884923788
0.0078740157
0.0078740157
0.0
0.1158638954
0.0630435901
0.0000000000
0.0000000000
0.0157480315
0.0104986877
0.0706642439
0.0000000000
0.0000000000
0.0078740157
0.0078740157
0.0831523215
0.0880883040
0.0565728404
0.0
0.0000000000
0.0000000000
0.0000000000
0.0000000000
0.0000000000
0.0000000000
0.0000000000
0.0000000000
0.0934205258
0.0000000000
0.0078740157
0.0
0.0000000000
0.0000000000
0.0000000000
0.0000000000
