0.0
0.0
0.0
0.0
0.0
0.0
0.1082677165
0.0
0.0
0.0
0.0
0.0
0.0
0.0
0.0
0.0622171946
0.0
0.0
0.0
0.0
0.0
0.0
0.0
0.0
0.0
0.0
0.0
0.0
0.0
0.0000000000
0.0
0.1267281106
0.0971731449
0.0
0.0
0.0
0.1122448980
0.0000000000
0.0000000000
0.0
0.1175213675
0.0000000000
0.0
0.0679012346
0.0753424658
0.0
0.0
0.0
0.0
0.0705128205
0.0
0.0
0.1037735849
0.0
0.0000000000
0.0
0.0779036827
0.0816023739
0.0
0.0
0.0
0.0
0.0
0.0
0.0
0.0
0.0
0.0000000000
0.0
0.0
0.0672371638
0.0090909091
0.0757575758
0.0
0.0851393189
0.0
0.0768156425
0.0
0.0000000000
0.0808823529
0.0954861111
0.1078431373
0.0958188153
0.0207792208
0.0907590759
0.0862068966
0.0
0.0816023739
0.0599128540
0.0596529284
0.0
0.0
0.0
0.0
0.0
0.0
0.0536062378
0.0000000000
0.0
0.0
0.0
0.0145454545
0.0806451613
0.0000000000
0.0
0.0000000000
0.0
0.0
0.0714285714
0.0659472422
0.0090909091
0.0851393189
0.1170212766
0.0242424242
0.0862068966
0.0706940874
0.0938566553
0.0000000000
0.0635103926
0.0
0.0
0.0697969543
0.1022304833
0.0790229885
0.0
0.0907590759
0.0884244373
0.0
0.0
0.0000000000
0.0982142857
0.1014760148
0.0797101449
0.0
0.0925925926
0.0862068966
0.0753424658
0.0
0.0706940874
0.0954861111
0.1104417671
0.0090909091
0.0536062378
0.0000000000
0.0090909091
0.0090909091
0.0000000000
0.0
0.0620767494
0.0207792208
0.0000000000
0.0000000000
0.0000000000
0.0090909091
0.0
0.0000000000
0.0000000000
0.1014760148
0.0000000000
0.0533980583
0.0145454545
0.0
0.0000000000
0.0000000000
0.0090909091
0.0000000000
0.0000000000
0.0000000000
0.0000000000
0.0090909091
0.0599128540
0.0000000000
0.0554435484
0.0
0.0000000000
0.0000000000
0.0000000000
0.0090909091
0.0951557093
0.0000000000
0.0000000000
0.0000000000
0.0000000000
0.0000000000
0.0090909091
0.0000000000
0.0000000000
0.0000000000
0.0000000000
0.0000000000
