0.0
0.0
0.0
0.0
0.0914285714
0.0
0.0285714286
0.0
0.0
0.1339285714
0.0
0.1367781155
0.0
0.0761904762
0.0
0.0514285714
0.0000000000
0.1607142857
0.1053864169
0.0285714286
0.0857142857
0.0000000000
0.0
0.1785714286
0.0
0.0507936508
0.1461038961
0.1836734694
0.0514285714
0.0571428571
0.0
0.0514285714
0.1691729323
0.1236263736
0.1190476190
0.1607142857
0.0974025974
0.1190476190
0.0000000000
0.0000000000
0.0000000000
0.1036866359
0.1495016611
0.0000000000
0.0571428571
0.0000000000
0.1285714286
0.0000000000
0.0000000000
