0.0
0.0
0.0
0.0
0.0
0.0
0.0
0.0
0.0
0.0
0.0
0.0
0.0
0.0
0.0
0.0
0.0
0.0
0.0
0.0
0.0
0.0
0.0
0.0
0.0
0.0
0.0
0.0
0.0
0.0
0.0
0.0069444444
0.0
0.0
0.0
0.0
0.0
0.0
0.0
0.0
0.0
0.0
0.0
0.0
0.0
0.0
0.0
0.0
0.0
0.0
0.0
0.0
0.0208333333
0.0
0.0
0.0
0.0
0.0
0.0
0.0
0.0
0.0733898206
0.0
0.0
0.0
0.0
0.0
0.0
0.0
0.0
0.0511050284
0.0
0.0
0.0
0.0
0.0
0.0
0.0
0.0
0.0
0.0
0.0
0.0
0.0
0.0
0.0589342499
0.0
0.0
0.0
0.0
0.0
0.0
0.0
0.0
0.0
0.0
0.0156250000
0.0
0.0
0.0
0.0
0.0
0.0853827913
0.0
0.0
0.0
0.0
0.0
0.0
0.0
0.0
0.0727795103
0.0
0.0
0.0
0.0
0.0
0.0
0.0
0.0
0.0000000000
0.0
0.0735440009
0.0
0.0637649261
0.0
0.0000000000
0.0
0.0000000000
0.0
0.0
0.0
0.0
0.0
0.0
0.0
0.0000000000
0.0
0.0000000000
0.0
0.0
0.0839495071
0.1008845661
0.0660508386
0.0
0.0
0.0156250000
0.0
0.0
0.0
0.0000000000
0.0819834765
0.0
0.0
0.0
0.0
0.0
0.0
0.0983341136
0.0482854406
0.0
0.0756089513
0.0
0.0
0.0
0.0
0.0
0.0
0.0104166667
0.0
0.0
0.0
0.0
0.0
0.0
0.0
0.0
0.0
0.0
0.0
0.0
0.0000000000
0.0
0.0
0.0
0.0
0.0
0.0689113080
0.0069444444
0.0710080009
0.0
0.0
0.0069444444
0.0
0.0
0.0
0.0
0.0000000000
0.0851750473
0.0
0.0125000000
0.0799245307
0.0
0.0
0.0
0.0
0.0
0.0
0.0
0.0718828428
0.0
0.0759369728
0.0
0.0530408249
0.0964378635
0.0000000000
0.0858013344
0.0
0.0757726070
0.0000000000
0.0814114987
0.0596370433
0.0579585173
0.0916412158
0.0655560757
0.0156250000
0.0658025272
0.0567373492
0.0
0.0
0.1080461248
0.0000000000
0.0000000000
0.0
0.0
0.0698741406
0.0644695109
0.0
0.0864368999
0.0733898206
0.0
0.0069444444
0.0
0.0000000000
0.0
0.0554785173
0.0624009705
0.0514052048
0.1038781734
0.0438683514
0.0000000000
0.0729311343
0.0
0.0888501128
0.0746416726
0.0480864621
0.0000000000
0.0
0.0000000000
0.0000000000
0.0748011633
0.0748011633
0.0
0.0156250000
0.0
0.0
0.0
0.0
0.0000000000
0.0
0.0
0.0812226089
0.0
0.0
0.0125000000
0.0000000000
0.0000000000
0.0534457167
0.0
0.0
0.0635334745
0.0000000000
0.0569218609
0.0
0.0092592593
0.0000000000
0.0653114635
0.0740104534
0.0
0.0000000000
0.0644695109
0.0
0.0
0.0641152829
0.0572945081
0.0512546771
0.0847625773
0.0000000000
0.0000000000
0.0000000000
0.0847625773
0.0000000000
0.0579585173
0.0000000000
0.0000000000
0.0069444444
0.0972415123
0.0639980703
0.0577672351
0.0000000000
0.0
0.0000000000
0.0125000000
0.0
0.0
0.0772780231
0.0839495071
0.0000000000
0.0649479489
0.0532830205
0.0
0.0104166667
0.0
0.0069444444
0.0000000000
0.0000000000
0.0000000000
0.0104166667
0.0000000000
0.0000000000
0.0000000000
0.0732362854
0.0718828428
0.0000000000
0.0000000000
0.0138888889
0.0069444444
0.0000000000
0.0669348842
0.0092592593
0.0000000000
0.0650686700
0.0774489921
0.0000000000
0.0000000000
0.0000000000
0.0000000000
0.0000000000
0.0104166667
0.0000000000
0.0000000000
0.0069444444
0.0000000000
