0.0
0.0
0.0
0.0
0.0
0.0
0.0
0.1880944388
0.0
0.0
0.0
0.0
0.0
0.0
0.0
0.0
0.0
0.0
0.0
0.0
0.1739085454
0.0
0.0
0.1892378701
0.0
0.0
0.0
0.0
0.0
0.0
0.0
0.1989113714
0.1852954145
0.1673636002
0.0
0.0
0.0
0.2027988901
0.0
0.0
0.0
0.0
0.0
0.0
0.0
0.0
0.0
0.0
0.0
0.0
0.0
0.0
0.0
0.2014862759
0.0
0.0
0.0
0.1875278893
0.0
0.1655831363
0.0
0.0
0.0
0.1982778957
0.1634101293
0.1927531246
0.0
0.0
0.0
0.0
0.1982778957
0.2247626688
0.2089236888
0.0
0.0
0.1982778957
0.1748855597
0.1673636002
0.0
0.0
0.0
0.0
0.2132166413
0.0
0.0
0.1809862188
0.0092592593
0.0
0.1903952883
0.1945601852
0.0
0.0
0.1799400557
0.0
0.0
0.0
0.1576183779
0.0
0.2117661880
0.1789059174
0.1584205070
0.0
0.0
0.1719869040
0.0
0.0
0.0
0.1758736137
0.0
0.0
0.1705733130
0.1753781951
0.0
0.1951700917
0.1629823541
0.0
0.1809862188
0.1341794381
0.0
0.0
0.1638401559
0.0
0.0
0.0
0.2048001949
0.1682682683
0.1989113714
0.1617123617
0.0
0.2169312169
0.2207775151
0.0
0.2272235739
0.2048001949
0.0
0.1789059174
0.1347603014
0.1600495097
0.1957838341
0.0
0.1552599982
0.1898148148
0.0
0.0000000000
0.1778835979
0.0
0.2314470604
0.1836556320
0.2096271356
0.0
0.1552599982
0.0
0.0
0.1804616210
0.0
0.1634101293
0.1783932930
0.0
0.0000000000
0.0
0.1898148148
0.2192227439
0.1880944388
0.1825784729
0.0000000000
0.1758736137
0.0000000000
0.0
0.1625568127
0.0
0.0
0.0
0.2139493445
0.1395947517
0.0
0.0
0.1564302996
0.1799400557
0.1892378701
0.1451264785
0.0
0.0000000000
0.1608766389
0.0000000000
0.1307967631
0.1847455764
0.0092592593
0.1493027800
0.0000000000
0.0000000000
0.0
0.0092592593
0.0000000000
0.1815138754
0.0
0.1564302996
0.1691827697
0.1336035606
0.1511147069
0.1307967631
0.0000000000
0.1299775767
0.0092592593
0.0
0.0000000000
0.0
0.0000000000
0.0000000000
0.0000000000
0.0000000000
0.0000000000
0.1705733130
0.0000000000
0.0000000000
0.0000000000
0.0000000000
0.0000000000
0.0000000000
