0.0
0.0
0.0
0.0
0.0
0.0
0.0
0.0
0.0
0.0
0.0
0.0
0.0
0.0
0.0
0.0
0.0
0.0
0.0
0.0
0.0
0.0
0.0
0.0
0.0
0.0
0.0
0.0
0.0
0.0
0.0
0.0
0.0
0.0
0.0
0.0
0.0
0.0
0.0
0.0
0.0
0.0
0.0
0.0
0.0
0.0
0.0
0.0
0.0
0.0
0.0
0.0
0.0
0.0
0.0
0.0
0.0
0.0
0.0
0.0
0.0352617889
0.0
0.0
0.0
0.0
0.0
0.0
0.0
0.0
0.0
0.0
0.0
0.0
0.0
0.0
0.0148514851
0.0
0.0
0.0
0.0385267693
0.0
0.0
0.0
0.0
0.0
0.0
0.0616428309
0.0
0.0
0.0
0.0
0.0
0.0
0.0
0.0
0.0
0.0
0.0
0.0
0.0
0.0
0.0
0.0
0.0
0.0
0.0
0.0
0.0
0.0
0.0454742196
0.0
0.0
0.0
0.0
0.0
0.0
0.0
0.0
0.0536889173
0.0554785479
0.0
0.0554785479
0.0
0.0
0.0
0.0
0.0
0.0
0.0
0.0
0.0
0.0
0.0
0.0498310310
0.0
0.0
0.0
0.0
0.0
0.0420292029
0.0
0.0
0.0
0.0
0.0
0.0
0.0
0.0
0.0
0.0
0.0354873440
0.0
0.0198019802
0.0
0.0
0.0
0.0352617889
0.0
0.0222772277
0.0
0.0
0.0000000000
0.0
0.0148514851
0.0222772277
0.0
0.0
0.0530049820
0.0
0.0
0.0
0.0000000000
0.0
0.0
0.0
0.0000000000
0.0
0.0
0.0
0.0000000000
0.0
0.0
0.0421356060
0.0462321232
0.0000000000
0.0
0.0
0.0
0.0222772277
0.0
0.0
0.0416089109
0.0598689365
0.0
0.0
0.0
0.0
0.0
0.0492413147
0.0
0.0
0.0
0.0
0.0
0.0222772277
0.0
0.0577901540
0.0
0.0
0.0000000000
0.0
0.0
0.0
0.0
0.0
0.0099009901
0.0
0.0598689365
0.0000000000
0.0
0.0198019802
0.0
0.0630438044
0.0616428309
0.0
0.0148514851
0.0
0.0000000000
0.0
0.0625697908
0.0516880881
0.0
0.0000000000
0.0386161586
0.0
0.0457240779
0.0000000000
0.0
0.0
0.0
0.0449826064
0.0099009901
0.0222772277
0.0577901540
0.0354118391
0.0
0.0
0.0
0.0326344399
0.0536889173
0.0148514851
0.0
0.0381733127
0.0000000000
0.0222772277
0.0
0.0
0.0420292029
0.0000000000
0.0428957844
0.0
0.0405940594
0.0459766971
0.0
0.0
0.0148514851
0.0
0.0000000000
0.0000000000
0.0132013201
0.0000000000
0.0000000000
0.0000000000
0.0132013201
0.0504350435
0.0440305935
0.0
0.0000000000
0.0000000000
0.0000000000
0.0000000000
0.0478263344
0.0000000000
0.0000000000
0.0385267693
0.0000000000
0.0000000000
0.0148514851
0.0
0.0409940009
0.0000000000
0.0000000000
0.0000000000
0.0000000000
0.0000000000
0.0000000000
0.0000000000
0.0132013201
0.0132013201
0.0000000000
0.0000000000
0.0326985547
0.0000000000
0.0507425743
0.0000000000
0.0000000000
0.0000000000
0.0000000000
0.0000000000
