0.0
0.0
0.0
0.0
0.0
0.0
0.0958253512
0.0
0.0
0.0
0.0
0.0
0.0
0.0
0.0
0.1072449527
0.0
0.0
0.0
0.0
0.0
0.0
0.0
0.0
0.0
0.0
0.0
0.0
0.0
0.0000000000
0.0
0.1072449527
0.0
0.0
0.0
0.0
0.0971750040
0.0000000000
0.0000000000
0.0
0.0866036647
0.0000000000
0.0
0.0694573016
0.0258620690
0.0
0.0
0.0
0.0
0.1066921436
0.0
0.0
0.0976333767
0.0
0.0000000000
0.0
0.0821360153
0.0000000000
0.0
0.0
0.0
0.0
0.0
0.0
0.0
0.0
0.0
0.0000000000
0.0
0.0
0.0344827586
0.0638835675
0.0844827586
0.0
0.0086206897
0.0
0.0899925037
0.0
0.0000000000
0.0995109416
0.0731387840
0.1131053326
0.0884541704
0.0629126926
0.0995109416
0.0796087533
0.0
0.1106859672
0.0258620690
0.0258620690
0.0
0.0
0.0
0.0
0.0
0.0
0.0000000000
0.0086206897
0.0
0.0
0.0
0.0000000000
0.0733981414
0.0000000000
0.0
0.0000000000
0.0
0.0
0.0
0.0888338020
0.0749937531
0.0182555781
0.1100972120
0.0736593447
0.0924030172
0.0896029258
0.1106859672
0.0000000000
0.0086206897
0.0
0.0
0.0808526401
0.0086206897
0.0844827586
0.0
0.0775216324
0.0862428161
0.0
0.0
0.0000000000
0.0851780900
0.0919923372
0.0086206897
0.0
0.0086206897
0.0990348127
0.0718690134
0.0
0.0086206897
0.0919923372
0.0945126752
0.0739224138
0.0182555781
0.0000000000
0.0129310345
0.0
0.0086206897
0.0
0.0741873687
0.0880777696
0.0000000000
0.0000000000
0.0000000000
0.0000000000
0.0
0.0000000000
0.0000000000
0.0873344973
0.0000000000
0.0182555781
0.0731387840
0.0
0.0000000000
0.0000000000
0.0000000000
0.0086206897
0.0000000000
0.0000000000
0.0000000000
0.0892167063
0.0598216065
0.0086206897
0.0858849621
0.0
0.0000000000
0.0000000000
0.0000000000
0.0129310345
0.0877045587
0.0726255293
0.0000000000
0.0000000000
0.0000000000
0.0000000000
0.0193965517
0.0000000000
0.0758178603
0.0193965517
0.0000000000
0.0086206897
0.0
0.0741873687
0.0000000000
0.0086206897
0.0000000000
0.0000000000
0.0000000000
0.0000000000
0.0000000000
0.0000000000
