0.0
0.0
0.0
0.0
0.0
0.0
0.0
0.0
0.0
0.0
0.0
0.0
0.0
0.0
0.0
0.0
0.0
0.0
0.0
0.0
0.0
0.0
0.0
0.0
0.0
0.0
0.0
0.0
0.0
0.0
0.0
0.0
0.0
0.0
0.0
0.0
0.0
0.0
0.0
0.0
0.0
0.0
0.0
0.0
0.0
0.0
0.0
0.0
0.0
0.0
0.0
0.0
0.0
0.0
0.0
0.0
0.0
0.0
0.0
0.0
0.1039701258
0.0
0.0
0.0
0.0
0.0
0.0
0.0
0.0
0.0
0.0
0.0
0.0
0.0
0.0
0.1142055268
0.0
0.0
0.0
0.0988415546
0.0
0.0
0.0
0.0
0.0
0.0
0.0781619385
0.0
0.0
0.0
0.0
0.0
0.0
0.0
0.0
0.0
0.0
0.0
0.0
0.0
0.0
0.0
0.0
0.0
0.0
0.0
0.0
0.0
0.0
0.1259523810
0.0
0.0
0.0
0.0
0.0
0.0
0.0
0.0
0.1259523810
0.0778857479
0.0
0.0749716553
0.0
0.0
0.0
0.0
0.0
0.0
0.0
0.0
0.0
0.0
0.0
0.1238295880
0.0
0.0
0.0
0.1335858586
0.0
0.1059695513
0.0
0.1312003968
0.0
0.0
0.0
0.0
0.0
0.0
0.0
0.0
0.1124574830
0.0
0.0255208333
0.0
0.0
0.0
0.1160087719
0.0
0.0234375000
0.0
0.0
0.0000000000
0.0
0.0156250000
0.1142055268
0.0
0.0
0.0885207497
0.0
0.0
0.0
0.0892375169
0.0
0.0
0.0
0.0000000000
0.0
0.0
0.0
0.0000000000
0.0
0.0
0.1172429078
0.0937943262
0.0138888889
0.0
0.0
0.0
0.1245291902
0.0
0.0
0.0787202381
0.1124574830
0.0
0.0
0.0
0.0
0.0
0.0680298354
0.0
0.0
0.0
0.0
0.0
0.0234375000
0.0208333333
0.1091171617
0.0
0.0
0.1006468798
0.0
0.0
0.0
0.0000000000
0.1044628752
0.1011085627
0.0
0.0914591978
0.0822450249
0.0
0.0104166667
0.0
0.0903346995
0.1064814815
0.0
0.0156250000
0.0
0.0196314103
0.1259523810
0.0674057085
0.1148003472
0.0
0.0534991909
0.1096600332
0.0
0.1113215488
0.0104166667
0.0
0.0
0.0
0.0364583333
0.0838086185
0.1266762452
0.0000000000
0.0208333333
0.0
0.0000000000
0.0
0.0138888889
0.0674057085
0.0861002604
0.0
0.0104166667
0.0000000000
0.1130341880
0.0
0.0
0.0104166667
0.0000000000
0.0212673611
0.0
0.0255208333
0.0930028129
0.0
0.0
0.1178698752
0.0
0.0000000000
0.0364583333
0.0319010417
0.0000000000
0.0138888889
0.0000000000
0.0104166667
0.1069983819
0.0600590372
0.0104166667
0.0000000000
0.0000000000
0.0000000000
0.0000000000
0.0283564815
0.0000000000
0.0000000000
0.0138888889
0.0000000000
0.0000000000
0.0000000000
0.0000000000
0.1001893939
0.0000000000
0.0000000000
0.0000000000
0.0000000000
0.0000000000
