0.0
0.0
0.0
0.0
0.0
0.0
0.0
0.0
0.0
0.0
0.0
0.0
0.0
0.0
0.0
0.0
0.0
0.0
0.0
0.0
0.0
0.0
0.0
0.0
0.0
0.0
0.0
0.0
0.0
0.0
0.0
0.0
0.0
0.0
0.0
0.0
0.0
0.0
0.0
0.0
0.0
0.0
0.0
0.0
0.0
0.0
0.0
0.0
0.0
0.0
0.0
0.0
0.0
0.0
0.0
0.0
0.0
0.0
0.0
0.0
0.0518694161
0.0
0.0
0.0
0.0
0.0
0.0
0.0
0.0
0.0
0.0
0.0
0.0
0.0
0.0
0.0791292552
0.0
0.0
0.0
0.0457413838
0.0
0.0
0.0
0.0
0.0
0.0
0.0088495575
0.0
0.0
0.0
0.0
0.0
0.0
0.0
0.0
0.0
0.0
0.0
0.0
0.0
0.0
0.0
0.0
0.0
0.0
0.0
0.0
0.0
0.0
0.0557522124
0.0
0.0
0.0
0.0
0.0
0.0
0.0
0.0
0.0
0.0585984214
0.0
0.0673335898
0.0
0.0
0.0
0.0
0.0
0.0
0.0
0.0
0.0
0.0
0.0
0.0453797078
0.0
0.0
0.0
0.0
0.0
0.0848403232
0.0
0.0
0.0
0.0
0.0
0.0
0.0
0.0
0.0
0.0
0.0
0.0
0.0
0.0
0.0
0.0
0.0400026124
0.0
0.0495009496
0.0
0.0
0.0000000000
0.0
0.0
0.0641462010
0.0
0.0
0.0717927680
0.0
0.0
0.0
0.0
0.0
0.0
0.0
0.0088495575
0.0
0.0
0.0
0.0318584071
0.0
0.0
0.0629460462
0.0
0.0368174987
0.0
0.0
0.0
0.0592388413
0.0
0.0
0.0000000000
0.0665074108
0.0
0.0
0.0
0.0
0.0
0.0626630518
0.0
0.0
0.0
0.0
0.0
0.0
0.0
0.0
0.0
0.0
0.0000000000
0.0
0.0
0.0
0.0
0.0
0.0542035398
0.0
0.0534025023
0.0699400514
0.0
0.0641462010
0.0
0.0495009496
0.0
0.0
0.0318584071
0.0
0.0487831858
0.0
0.0
0.0088495575
0.0
0.0
0.0475933520
0.0
0.0609789823
0.0000000000
0.0
0.0
0.0
0.0
0.0696902655
0.0000000000
0.0633959530
0.0747635032
0.0
0.0
0.0
0.0853599052
0.0088495575
0.0681805532
0.0
0.0357779141
0.0
0.0245064670
0.0
0.0
0.0403000296
0.0
0.0561694713
0.0
0.0433628319
0.0088495575
0.0
0.0
0.0176991150
0.0
0.0000000000
0.0534025023
0.0000000000
0.0265486726
0.0088495575
0.0368174987
0.0534025023
0.0768844536
0.0354786806
0.0
0.0
0.0490529772
0.0464601770
0.0000000000
0.0592388413
0.0
0.0088495575
0.0
0.0475933520
0.0000000000
0.0000000000
0.0
0.0696902655
0.0000000000
0.0000000000
0.0
0.0088495575
0.0000000000
0.0
0.0000000000
0.0088495575
0.0534025023
0.0585984214
0.0
0.0000000000
0.0000000000
0.0
0.0513507219
0.0513507219
0.0000000000
0.0477564228
0.0088495575
0.0708543004
0.0000000000
0.0000000000
0.0245064670
0.0690490953
0.0650442478
0.0000000000
0.0579717003
0.0500340368
0.0000000000
0.0000000000
0.0000000000
0.0000000000
0.0000000000
0.0513507219
0.0
0.0176991150
0.0573582432
0.0000000000
0.0000000000
0.0
0.0000000000
0.0495009496
0.0000000000
0.0000000000
0.0
0.0
0.0
0.0398230088
0.0000000000
0.0000000000
0.0000000000
0.0000000000
0.0000000000
0.0000000000
0.0000000000
0.0000000000
0.0000000000
