0.0
0.0
0.0
0.0
0.0
0.0
0.0
0.0
0.0
0.0
0.0
0.0
0.0
0.0
0.0
0.0
0.0
0.0
0.0
0.0
0.0
0.0
0.0
0.0
0.0
0.0
0.0
0.0
0.0
0.0
0.0
0.0
0.0
0.0
0.0
0.0
0.0
0.0
0.0
0.0
0.0
0.0
0.0
0.0
0.0
0.0
0.0
0.0
0.0
0.0
0.0
0.0
0.0
0.0
0.0
0.0
0.0
0.0
0.0
0.0
0.0185185185
0.0
0.0
0.0
0.0
0.0
0.0
0.0
0.0
0.0
0.0
0.0
0.0
0.0
0.0
0.0296296296
0.0
0.0
0.0
0.0296296296
0.0
0.0
0.0
0.0
0.0
0.0
0.0324074074
0.0
0.0
0.0
0.0
0.0
0.0
0.0
0.0
0.0
0.0
0.0
0.0
0.0
0.0
0.0
0.0
0.0
0.0
0.0
0.0
0.0
0.0
0.0487329435
0.0
0.0
0.0
0.0
0.0
0.0
0.0
0.0
0.0
0.0264943161
0.0
0.0411680912
0.0
0.0
0.0
0.0
0.0
0.0
0.0
0.0
0.0
0.0
0.0
0.0356125356
0.0
0.0
0.0
0.0
0.0
0.0661375661
0.0
0.0
0.0
0.0
0.0
0.0
0.0
0.0
0.0
0.0
0.0000000000
0.0
0.0232668566
0.0
0.0
0.0
0.0185185185
0.0
0.0000000000
0.0
0.0
0.0092592593
0.0
0.0
0.0185185185
0.0
0.0
0.0411680912
0.0
0.0
0.0
0.0
0.0
0.0
0.0
0.0000000000
0.0
0.0
0.0
0.0123456790
0.0
0.0
0.0440917108
0.0477582846
0.0000000000
0.0
0.0
0.0
0.0208333333
0.0
0.0
0.0355846042
0.0376890975
0.0
0.0
0.0
0.0
0.0
0.0232689211
0.0
0.0
0.0
0.0
0.0
0.0
0.0
0.0504115226
0.0
0.0
0.0000000000
0.0
0.0
0.0
0.0
0.0
0.0308641975
0.0
0.0403292181
0.0092592593
0.0
0.0330361225
0.0
0.0300665834
0.0338724801
0.0
0.0000000000
0.0
0.0000000000
0.0
0.0
0.0518518519
0.0
0.0
0.0308641975
0.0
0.0440917108
0.0000000000
0.0
0.0
0.0
0.0
0.0440917108
0.0208333333
0.0399391929
0.0164609053
0.0
0.0
0.0
0.0246913580
0.0263016640
0.0138888889
0.0
0.0164609053
0.0000000000
0.0185185185
0.0
0.0
0.0246913580
0.0
0.0314814815
0.0
0.0370370370
0.0378086420
0.0
0.0
0.0123456790
0.0
0.0000000000
0.0000000000
0.0000000000
0.0000000000
0.0336076818
0.0000000000
0.0275868652
0.0399391929
0.0204269155
0.0
0.0
0.0092592593
0.0000000000
0.0000000000
0.0376890975
0.0000000000
0.0000000000
0.0
0.0000000000
0.0000000000
0.0138888889
0.0
0.0487329435
0.0000000000
0.0000000000
0.0
0.0000000000
0.0403292181
0.0
0.0185185185
0.0279202279
0.0275868652
0.0000000000
0.0
0.0000000000
0.0000000000
0.0386130812
0.0330687831
0.0000000000
0.0000000000
0.0264943161
0.0000000000
0.0307577693
0.0000000000
0.0000000000
0.0000000000
0.0275868652
0.0402576490
0.0000000000
0.0092592593
0.0000000000
0.0000000000
0.0000000000
0.0000000000
0.0000000000
0.0000000000
0.0000000000
0.0000000000
0.0000000000
0.0302469136
0.0000000000
0.0000000000
