0.0
0.0
0.0
0.0
0.0
0.0
0.0
0.0
0.0
0.0
0.0
0.0
0.0
0.0
0.0
0.0
0.0
0.0
0.0
0.0
0.0
0.0
0.0
0.0
0.0
0.0
0.0
0.0
0.0
0.0965229904
0.0
0.1225868041
0.0
0.0
0.0
0.0
0.0
0.0931559093
0.0
0.0
0.1197835879
0.0
0.0
0.0
0.0874720227
0.0
0.0
0.0
0.0
0.0981224347
0.0
0.0
0.1162064329
0.0
0.1248340416
0.0
0.0
0.0
0.0
0.0
0.0
0.0
0.0
0.0
0.0
0.0
0.0
0.0
0.0
0.0
0.1343135497
0.1134004491
0.1097453178
0.0
0.0983349743
0.0
0.1126500739
0.0
0.0985484366
0.0
0.0
0.1054132658
0.0
0.0
0.1219283253
0.1327426310
0.0
0.1131178899
0.0
0.1128367352
0.0
0.0
0.0
0.0
0.0
0.0
0.0000000000
0.1024785097
0.0
0.0
0.0
0.0969351882
0.0000000000
0.0859267756
0.0
0.0
0.0
0.0
0.0
0.1302045310
0.1055766972
0.0
0.0990501377
0.1115429479
0.1161073652
0.1141608880
0.0
0.0
0.0
0.0
0.0
0.0
0.1111787260
0.1189466720
0.0
0.0967286501
0.0
0.0
0.0
0.0
0.0
0.0
0.0
0.0
0.0
0.0984771796
0.1166044002
0.0
0.0
0.1370160356
0.0
0.0
0.0854952539
0.0
0.1104573718
0.0
0.0030303030
0.0
0.1170051026
0.1133061060
0.0717565539
0.0
0.0
0.0764704881
0.0
0.1221470308
0.1122785980
0.0
0.1141608880
0.1142566606
0.0
0.0
0.1218192660
0.1213849727
0.1142566606
0.0994842508
0.0842784278
0.0
0.0
0.1179168306
0.0
0.0905544810
0.0
0.0
0.1074932434
0.0692746386
0.0
0.0
0.0989062741
0.0907354693
0.0921474556
0.0
0.1129302980
0.0000000000
0.1055766972
0.0
0.0
0.1137793980
0.1050068924
0.1314613315
0.0
0.1155164880
0.1233640755
0.0
0.0
0.0984060256
0.0794133757
0.0964546313
0.0
0.0
0.1396860917
0.1158111730
0.0
0.1132119197
0.0839666704
0.0
0.0
0.0
0.0000000000
0.0
0.0897784703
0.0
0.0
0.0
0.0806358433
0.0
0.0
0.0
0.0000000000
0.0
0.0
0.0904943119
0.0965914464
0.0000000000
0.0
0.1148346875
0.0
0.0030303030
0.0
0.1055766972
0.0
0.1095687364
0.0
0.1104573718
0.0844875555
0.0776033843
0.1038855373
0.0000000000
0.0
0.1286061751
0.1100112596
0.0
0.0
0.0000000000
0.1344461396
0.0856565657
0.0
0.0906147301
0.0
0.1176113466
0.1177129986
0.0
0.0
0.1027878788
0.0
0.1097453178
0.0
0.1313345606
0.0000000000
0.1034908354
0.0997027375
0.0885526264
0.0
0.1092172730
0.0030303030
0.0746268161
0.0
0.0000000000
0.0
0.0
0.1026329611
0.0
0.0703117911
0.1137793980
0.1265742931
0.0989781536
0.1161073652
0.0040404040
0.0842263076
0.0770327712
0.0757896157
0.0934114811
0.1138745313
0.1209537650
0.0862532865
0.0
0.0
0.1429107444
0.0000000000
0.0
0.0
0.0
0.0966599996
0.0974205575
0.0
0.0
0.0995569732
0.1046840426
0.1114516689
0.0
0.0
0.0965914464
0.0060606061
0.1080047101
0.0
0.0
0.0
0.0
0.0
0.0
0.0635826048
0.1113605392
0.0
0.1070707071
0.1162064329
0.0984060256
0.1128367352
0.0
0.0000000000
0.0
0.1196783299
0.0984771796
0.0840184697
0.0000000000
0.1220375801
0.0984060256
0.1132119197
0.1069865981
0.1214932555
0.1222566781
0.1170051026
0.0
0.0000000000
0.1183266198
0.1170051026
0.0945134902
0.0969351882
0.0963863690
0.1099224692
0.1102784934
0.0
0.1152232990
0.0944479469
0.0995569732
0.1114516689
0.0
0.0943171325
0.0000000000
0.0
0.0781376589
0.0851744462
0.0
0.0
0.0000000000
0.0
0.0794133757
0.0
0.0
0.1086942852
0.0000000000
0.0970733709
0.0000000000
0.0
0.0842784278
0.0
0.0000000000
0.0
0.0846450835
0.0000000000
0.1042034731
0.0030303030
0.0000000000
0.0971426101
0.0
0.0000000000
0.1023245225
0.0678932898
0.0030303030
0.0000000000
0.0030303030
0.0708236814
0.0614316371
0.0000000000
0.0949748531
0.0000000000
0.0000000000
0.0812128440
0.0000000000
0.0000000000
0.0964546313
0.0000000000
0.0000000000
0.1046036401
0.0
0.0705302638
0.1022477022
0.0000000000
0.1164050764
0.0668928975
0.0000000000
0.0943171325
0.0887835329
0.0
0.0918367764
0.0863626756
0.0
0.0
0.0000000000
0.0000000000
0.0000000000
0.0
0.1066514796
0.0
0.0000000000
0.0000000000
0.0000000000
0.0745043432
0.0825417815
0.0000000000
0.0000000000
0.0030303030
0.0747086886
0.0000000000
0.1232524338
0.0000000000
0.0030303030
0.0000000000
0.1082622730
0.0000000000
0.1010340797
0.0758318148
0.1198890312
0.0847504290
0.0000000000
0.0000000000
0.0040404040
0.0841222603
0.0000000000
0.0858184873
0.0902544330
0.0731832023
0.0000000000
0.0000000000
0.1083484005
0.0000000000
0.0
0.1148346875
0.0823919779
0.1004380084
0.0000000000
0.0995569732
0.1238126722
0.0000000000
0.0000000000
0.0721366204
0.0961142833
0.1223665224
0.0000000000
0.0
0.0000000000
0.0000000000
0.0000000000
0.0959788156
0.0000000000
0.0950411301
0.0000000000
0.0000000000
0.0967286501
0.0749141581
0.0000000000
0.0885526264
0.0882656769
0.0000000000
0.0000000000
0.0030303030
0.0030303030
0.0840184697
0.1071549484
0.0937974789
0.0000000000
0.0000000000
0.0987628277
0.0962501338
0.0000000000
0.0000000000
0.0000000000
0.0000000000
0.0000000000
0.0000000000
0.0000000000
0.0956418114
0.0858184873
0.0950411301
0.0862532865
0.0000000000
0.0645774962
0.0844351763
0.0000000000
0.0000000000
0.0000000000
0.0000000000
0.0795525347
0.0000000000
0.0000000000
0.0000000000
0.0000000000
0.0000000000
0.0000000000
0.0000000000
0.0000000000
0.0000000000
0.0000000000
0.0000000000
0.0000000000
0.0000000000
0.0000000000
0.0000000000
0.0000000000
0.0000000000
0.0697000713
0.0000000000
0.0000000000
0.0000000000
0.0000000000
0.0000000000
0.0000000000
0.0886679293
0.0000000000
0.0000000000
0.0000000000
0.0000000000
0.0000000000
