0.0053191489
0.0
0.0
0.0
0.0
0.0
0.0053191489
0.0
0.0
0.0000000000
0.0
0.0
0.0
0.0
0.0
0.0
0.0
0.0141843972
0.0
0.0
0.0
0.0
0.0
0.0000000000
0.0
0.0
0.0053191489
0.0
0.0
0.0
0.0
0.0
0.0
0.0
0.0
0.0
0.0
0.0
0.0
0.0
0.0
0.0
0.0112640801
0.0000000000
0.0
0.0
0.0
0.0
0.0
0.0
0.0
0.0
0.0000000000
0.0000000000
0.0000000000
0.0
0.0094562648
0.0
0.0000000000
0.0
0.0
0.0000000000
0.0
0.0
0.0053191489
0.0053191489
0.0
0.0000000000
0.0106382979
0.0
0.0141843972
0.0170212766
0.0174081238
0.0
0.0079787234
0.0174081238
0.0
0.0
0.0
0.0
0.0
0.0
0.0
0.0079787234
0.0
0.0204582651
0.0
0.0
0.0000000000
0.0136778116
0.0
0.0
0.0053191489
0.0079787234
0.0000000000
0.0000000000
0.0
0.0
0.0151975684
0.0
0.0119680851
0.0000000000
0.0
0.0
0.0
0.0
0.0
0.0
0.0
0.0
0.0
0.0106382979
0.0
0.0
0.0
0.0
0.0
0.0106382979
0.0094562648
0.0053191489
0.0
0.0070921986
0.0
0.0070921986
0.0
0.0191489362
0.0
0.0053191489
0.0053191489
0.0
0.0106382979
0.0053191489
0.0
0.0
0.0189969605
0.0000000000
0.0
0.0000000000
0.0000000000
0.0000000000
0.0070921986
0.0
0.0
0.0053191489
0.0000000000
0.0000000000
0.0170212766
0.0000000000
0.0159574468
0.0053191489
0.0000000000
0.0
0.0000000000
0.0053191489
0.0000000000
0.0
0.0
0.0
0.0106382979
0.0
0.0
0.0000000000
0.0
0.0
0.0
0.0
0.0147299509
0.0000000000
0.0106382979
0.0
0.0000000000
0.0
0.0000000000
0.0000000000
0.0000000000
0.0
0.0095744681
0.0000000000
0.0
0.0000000000
0.0
0.0053191489
0.0
0.0000000000
0.0053191489
0.0
0.0189969605
0.0000000000
0.0000000000
0.0000000000
0.0159574468
0.0000000000
0.0053191489
0.0106382979
0.0204582651
0.0
0.0
0.0
0.0127659574
0.0100783875
0.0070921986
0.0053191489
0.0
0.0
0.0070921986
0.0112640801
0.0070921986
0.0171585450
0.0053191489
0.0106382979
0.0119680851
0.0053191489
0.0
0.0000000000
0.0070921986
0.0
0.0000000000
0.0119680851
0.0053191489
0.0000000000
0.0
0.0
0.0
0.0
0.0000000000
0.0106382979
0.0279955207
0.0119680851
0.0053191489
0.0
0.0241779497
0.0053191489
0.0000000000
0.0
0.0000000000
0.0000000000
0.0000000000
0.0000000000
0.0
0.0000000000
0.0053191489
0.0000000000
0.0053191489
0.0
0.0
0.0070921986
0.0000000000
0.0000000000
0.0106382979
0.0000000000
0.0000000000
0.0000000000
0.0279955207
0.0053191489
0.0127659574
0.0053191489
0.0000000000
0.0
0.0053191489
0.0312891114
0.0000000000
0.0000000000
0.0
0.0000000000
0.0
0.0
0.0000000000
0.0000000000
0.0000000000
0.0000000000
0.0000000000
0.0000000000
0.0053191489
0.0171585450
0.0000000000
0.0053191489
0.0000000000
0.0
0.0000000000
0.0000000000
0.0053191489
0.0053191489
0.0053191489
0.0000000000
0.0000000000
0.0
0.0079787234
0.0000000000
0.0000000000
0.0000000000
0.0000000000
0.0000000000
0.0000000000
0.0053191489
0.0000000000
0.0000000000
0.0070921986
0.0000000000
0.0070921986
0.0000000000
0.0000000000
0.0000000000
0.0000000000
0.0000000000
0.0053191489
0.0000000000
0.0000000000
0.0000000000
0.0000000000
0.0000000000
0.0000000000
0.0000000000
0.0
0.0000000000
0.0000000000
0.0000000000
0.0000000000
0.0000000000
0.0000000000
0.0000000000
0.0000000000
