0.0197368421
0.0
0.0
0.0
0.0000000000
0.0
0.0471758665
0.0
0.0
0.0000000000
0.0
0.0817272053
0.0
0.0
0.0
0.0
0.0175438596
0.0296052632
0.0
0.0
0.0
0.0
0.0
0.0699112238
0.0000000000
0.0
0.0651981076
0.0436288089
0.0
0.0
0.0131578947
0.0
0.0
0.0405778432
0.0
0.0449816401
0.0
0.0
0.0817272053
0.0000000000
0.0
0.0
0.0300751880
0.0263157895
0.0
0.0
0.0
0.0
0.0
0.0
0.0651981076
0.0552631579
0.0000000000
0.0471758665
0.0000000000
0.0
0.0773684211
0.0
0.0000000000
0.0
0.0513507219
0.0000000000
0.0
0.0532351521
0.0840961098
0.0682662539
0.0
0.0552631579
0.0131578947
0.0000000000
0.0000000000
0.0350877193
0.0210526316
0.0637651822
0.0296052632
0.0000000000
0.0000000000
0.0000000000
0.0
0.0
0.0175438596
0.0
0.0
0.0598209441
0.0131578947
0.0000000000
0.0197368421
0.0
0.0436288089
0.0000000000
0.0000000000
0.0000000000
0.0000000000
0.0000000000
0.0000000000
0.0000000000
0.0
0.0000000000
0.0000000000
0.0131578947
0.0300751880
0.0000000000
0.0563362289
0.0000000000
0.0210526316
0.0
0.0000000000
0.0000000000
0.0000000000
0.0000000000
0.0000000000
0.0000000000
0.0000000000
0.0000000000
0.0000000000
0.0610803324
0.0
0.0000000000
0.0000000000
0.0000000000
0.0000000000
0.0000000000
