0.0
0.0
0.0
0.0
0.0
0.0
0.0027605245
0.0
0.0
0.0066786883
0.0
0.0
0.0
0.0
0.0
0.0
0.0
0.0
0.0
0.0
0.0
0.0
0.0
0.0093167702
0.0
0.0
0.0
0.0
0.0
0.0
0.0
0.0
0.0
0.0
0.0
0.0
0.0
0.0
0.0
0.0
0.0
0.0
0.0000000000
0.0
0.0
0.0
0.0
0.0
0.0
0.0
0.0
0.0
0.0079630514
0.0
0.0020703934
0.0
0.0
0.0
0.0000000000
0.0
0.0
0.0000000000
0.0
0.0
0.0
0.0041407867
0.0
0.0046583851
0.0020703934
0.0
0.0037267081
0.0020703934
0.0
0.0
0.0
0.0
0.0
0.0
0.0
0.0
0.0
0.0
0.0
0.0000000000
0.0
0.0062111801
0.0
0.0
0.0
0.0
0.0
0.0
0.0000000000
0.0
0.0000000000
0.0
0.0
0.0
0.0047054395
0.0
0.0
0.0
0.0
0.0
0.0
0.0
0.0
0.0
0.0
0.0
0.0
0.0000000000
0.0
0.0
0.0
0.0
0.0
0.0057510927
0.0
0.0
0.0
0.0076681236
0.0
0.0000000000
0.0
0.0046583851
0.0
0.0
0.0000000000
0.0
0.0
0.0
0.0
0.0
0.0
0.0041407867
0.0
0.0
0.0
0.0103519669
0.0000000000
0.0
0.0
0.0
0.0
0.0
0.0037267081
0.0000000000
0.0078286749
0.0000000000
0.0020703934
0.0
0.0000000000
0.0
0.0
0.0
0.0
0.0
0.0000000000
0.0
0.0
0.0
0.0
0.0
0.0
0.0
0.0
0.0096352922
0.0108968072
0.0
0.0057510927
0.0
0.0
0.0
0.0033126294
0.0
0.0
0.0054460347
0.0
0.0
0.0
0.0000000000
0.0
0.0
0.0
0.0
0.0
0.0
0.0000000000
0.0
0.0000000000
0.0
0.0
0.0
0.0000000000
0.0
0.0
0.0
0.0020703934
0.0
0.0000000000
0.0066252588
0.0
0.0
0.0
0.0
0.0000000000
0.0082815735
0.0
0.0
0.0000000000
0.0
0.0
0.0000000000
0.0059834369
0.0
0.0
0.0027605245
0.0060893923
0.0087991718
0.0
0.0
0.0
0.0
0.0
0.0000000000
0.0
0.0
0.0000000000
0.0
0.0
0.0
0.0057510927
0.0
0.0020703934
0.0
0.0
0.0000000000
0.0
0.0
0.0043843624
0.0057510927
0.0
0.0
0.0
0.0065925684
0.0
0.0
0.0
0.0027605245
0.0
0.0078729432
0.0027605245
0.0
0.0
0.0020703934
0.0000000000
0.0
0.0
0.0037267081
0.0
0.0000000000
0.0
0.0
0.0
0.0
0.0000000000
0.0
0.0000000000
0.0000000000
0.0
0.0044168392
0.0000000000
0.0096507046
0.0
0.0
0.0
0.0
0.0
0.0
0.0
0.0
0.0027605245
0.0031055901
0.0
0.0
0.0096507046
0.0
0.0
0.0047323277
0.0
0.0
0.0000000000
0.0
0.0027605245
0.0
0.0
0.0020703934
0.0
0.0
0.0057510927
0.0
0.0
0.0
0.0
0.0000000000
0.0
0.0031055901
0.0027605245
0.0
0.0
0.0
0.0
0.0
0.0037267081
0.0
0.0000000000
0.0027605245
0.0
0.0041407867
0.0000000000
0.0036806993
0.0
0.0000000000
0.0
0.0020703934
0.0000000000
0.0
0.0
0.0
0.0020703934
0.0
0.0047323277
0.0041407867
0.0
0.0000000000
0.0
0.0
0.0000000000
0.0020703934
0.0
0.0000000000
0.0
0.0
0.0
0.0
0.0
0.0
0.0089470571
0.0041407867
0.0
0.0
0.0071392875
0.0
0.0000000000
0.0049689441
0.0
0.0
0.0
0.0
0.0050497399
0.0
0.0041407867
0.0
0.0020703934
0.0
0.0
0.0
0.0000000000
0.0
0.0
0.0000000000
0.0000000000
0.0
0.0
0.0053238687
0.0
0.0034506556
0.0094108790
0.0
0.0000000000
0.0
0.0110804386
0.0000000000
0.0
0.0000000000
0.0000000000
0.0
0.0044168392
0.0103519669
0.0046583851
0.0020703934
0.0000000000
0.0
0.0
0.0
0.0
0.0027605245
0.0000000000
0.0
0.0
0.0057510927
0.0
0.0041407867
0.0
0.0
0.0
0.0
0.0
0.0000000000
0.0
0.0020703934
0.0
0.0031055901
0.0000000000
0.0020703934
0.0069588222
0.0020703934
0.0000000000
0.0
0.0000000000
0.0
0.0069588222
0.0000000000
0.0
0.0
0.0
0.0020703934
0.0
0.0062111801
0.0
0.0
0.0000000000
0.0
0.0
0.0000000000
0.0000000000
0.0
0.0020703934
0.0
0.0020703934
0.0000000000
0.0
0.0
0.0
0.0000000000
0.0000000000
0.0089470571
0.0000000000
0.0
0.0000000000
0.0
0.0
0.0020703934
0.0057333970
0.0
0.0124654934
0.0000000000
0.0
0.0041407867
0.0000000000
0.0000000000
0.0
0.0
0.0
0.0000000000
0.0
0.0037858622
0.0
0.0
0.0
0.0062739193
0.0031055901
0.0076681236
0.0000000000
0.0037267081
0.0000000000
0.0
0.0020703934
0.0
0.0
0.0047054395
0.0
0.0000000000
0.0073942621
0.0
0.0054460347
0.0
0.0000000000
0.0066786883
0.0000000000
0.0
0.0
0.0
0.0000000000
0.0000000000
0.0000000000
0.0020703934
0.0044735285
0.0
0.0000000000
0.0000000000
0.0
0.0000000000
0.0074534161
0.0062111801
0.0
0.0
0.0
0.0
0.0083103290
0.0
0.0031055901
0.0
0.0027605245
0.0000000000
0.0
0.0
0.0078729432
0.0000000000
0.0000000000
0.0
0.0000000000
0.0
0.0
0.0000000000
0.0000000000
0.0000000000
0.0059154096
0.0
0.0020703934
0.0055210490
0.0000000000
0.0000000000
0.0
0.0033126294
0.0046583851
0.0020703934
0.0047323277
0.0
0.0000000000
0.0
0.0046583851
0.0
0.0
0.0020703934
0.0057510927
0.0000000000
0.0000000000
0.0066786883
0.0049295080
0.0083103290
0.0020703934
0.0
0.0020703934
0.0
0.0000000000
0.0000000000
0.0049689441
0.0066252588
0.0000000000
0.0
0.0000000000
0.0041407867
0.0027605245
0.0000000000
0.0000000000
0.0046583851
0.0
0.0
0.0
0.0000000000
0.0000000000
0.0000000000
0.0065925684
0.0027605245
0.0041407867
0.0057510927
0.0
0.0099723948
0.0000000000
0.0
0.0069739566
0.0000000000
0.0
0.0079630514
0.0
0.0037267081
0.0047323277
0.0020703934
0.0041407867
0.0020703934
0.0057610946
0.0106847087
0.0000000000
0.0027605245
0.0057510927
0.0000000000
0.0076710729
0.0
0.0000000000
0.0000000000
0.0020703934
0.0
0.0
0.0000000000
0.0057610946
0.0046583851
0.0000000000
0.0059834369
0.0000000000
0.0
0.0027605245
0.0000000000
0.0034506556
0.0027605245
0.0000000000
0.0055210490
0.0000000000
0.0055210490
0.0027605245
0.0124654934
0.0000000000
0.0
0.0000000000
0.0000000000
0.0041407867
0.0000000000
0.0000000000
0.0020703934
0.0027605245
0.0
0.0
0.0067758329
0.0020703934
0.0027605245
0.0000000000
0.0
0.0000000000
0.0
0.0047323277
0.0071231391
0.0041407867
0.0000000000
0.0000000000
0.0000000000
0.0
0.0033126294
0.0000000000
0.0000000000
0.0
0.0
0.0000000000
0.0020703934
0.0
0.0000000000
0.0000000000
0.0000000000
0.0000000000
0.0000000000
0.0000000000
0.0082815735
0.0000000000
0.0000000000
0.0020703934
0.0000000000
0.0000000000
0.0020703934
0.0000000000
0.0020703934
0.0020703934
0.0
0.0000000000
0.0020703934
0.0020703934
0.0000000000
0.0000000000
0.0000000000
0.0000000000
0.0000000000
0.0000000000
0.0
0.0020703934
0.0041407867
0.0033126294
0.0000000000
0.0000000000
0.0
0.0000000000
0.0000000000
0.0020703934
0.0
0.0000000000
0.0065925684
0.0000000000
0.0027605245
0.0000000000
0.0000000000
0.0000000000
0.0
0.0067758329
0.0000000000
0.0027605245
0.0000000000
0.0000000000
0.0000000000
0.0
0.0000000000
0.0000000000
0.0000000000
0.0000000000
0.0000000000
0.0000000000
0.0000000000
0.0000000000
0.0000000000
0.0000000000
0.0
0.0000000000
0.0000000000
0.0
0.0031055901
0.0020703934
0.0059154096
0.0000000000
0.0000000000
0.0066252588
0.0000000000
0.0000000000
0.0000000000
0.0000000000
0.0000000000
0.0000000000
0.0000000000
0.0000000000
0.0000000000
0.0000000000
0.0000000000
0.0
0.0000000000
0.0020703934
0.0071231391
0.0000000000
0.0000000000
0.0046583851
0.0000000000
0.0
0.0000000000
0.0027605245
0.0000000000
0.0000000000
0.0027605245
0.0000000000
0.0000000000
0.0000000000
0.0000000000
0.0000000000
0.0000000000
0.0000000000
0.0000000000
0.0
0.0000000000
0.0
0.0000000000
0.0000000000
0.0000000000
0.0000000000
0.0
0.0000000000
0.0020703934
0.0000000000
0.0057333970
0.0000000000
0.0000000000
0.0000000000
0.0000000000
0.0000000000
0.0020703934
0.0000000000
0.0000000000
0.0020703934
0.0000000000
0.0000000000
0.0000000000
0.0000000000
0.0000000000
0.0000000000
0.0
0.0020703934
0.0000000000
0.0000000000
0.0000000000
0.0000000000
0.0000000000
0.0000000000
0.0000000000
0.0000000000
0.0000000000
0.0000000000
0.0000000000
0.0000000000
0.0000000000
0.0020703934
0.0000000000
0.0
0.0000000000
0.0000000000
0.0020703934
0.0000000000
0.0000000000
0.0000000000
0.0
0.0000000000
0.0000000000
0.0000000000
0.0000000000
0.0000000000
0.0000000000
0.0000000000
0.0000000000
0.0000000000
0.0
0.0000000000
0.0020703934
0.0000000000
0.0000000000
0.0000000000
0.0071231391
0.0000000000
0.0000000000
0.0000000000
0.0000000000
0.0000000000
0.0000000000
0.0000000000
0.0000000000
0.0000000000
0.0000000000
0.0000000000
0.0000000000
0.0000000000
0.0
0.0000000000
0.0000000000
0.0000000000
0.0000000000
0.0000000000
0.0000000000
0.0000000000
0.0000000000
0.0000000000
0.0000000000
0.0000000000
0.0000000000
0.0000000000
0.0000000000
0.0000000000
0.0000000000
0.0000000000
0.0000000000
0.0000000000
