0.0
0.0
0.0
0.0
0.0
0.0
0.0117647059
0.0
0.0
0.0
0.0
0.0
0.0
0.0
0.0
0.1455796354
0.0
0.0
0.0
0.0
0.0
0.0
0.0
0.0
0.0
0.0
0.0
0.0
0.0
0.0858417850
0.0
0.1740847388
0.1585612589
0.0
0.0
0.0
0.1790943716
0.0000000000
0.0980083372
0.0
0.1430696416
0.0117647059
0.0
0.1338393422
0.1499645641
0.0
0.0
0.0
0.0
0.1270108043
0.0
0.0
0.1627066513
0.0
0.0000000000
0.0
0.1077667431
0.1375365616
0.0
0.0
0.1422521008
0.0
0.0
0.0
0.0
0.0
0.0
0.0000000000
0.1016086435
0.0
0.1250960686
0.1310216718
0.1063851181
0.0
0.1367808662
0.0
0.1244705882
0.1163276526
0.0000000000
0.1317149082
0.1136717701
0.1546218487
0.0935869084
0.1508734403
0.1232382062
0.1257278669
0.0
0.0235294118
0.0117647059
0.1289850655
0.0
0.0
0.0
0.1536673929
0.0
0.0
0.0117647059
0.0961162844
0.1191106108
0.0
0.1296568627
0.1276621418
0.0800453944
0.0000000000
0.0
0.1546218487
0.0
0.0
0.0156862745
0.0000000000
0.0000000000
0.1352941176
0.1555882353
0.1185434174
0.0000000000
0.0000000000
0.0156862745
0.1352941176
0.0117647059
0.0
0.0000000000
0.1063851181
0.1116328146
0.0117647059
0.0
0.0961162844
0.0117647059
0.0000000000
0.0
0.0000000000
0.0000000000
0.1324155194
0.0976239908
0.0
0.0976239908
0.0000000000
0.0000000000
0.0000000000
0.0117647059
0.0117647059
0.1163276526
0.0000000000
0.0000000000
0.0000000000
0.0117647059
0.0000000000
0.0000000000
0.0000000000
0.0000000000
0.0000000000
0.0000000000
0.0000000000
