0.0
0.0
0.0
0.0
0.0
0.0
0.1910899654
0.0
0.0
0.0
0.0
0.0
0.2123221838
0.0
0.0
0.2017720132
0.0
0.0
0.0
0.0
0.0
0.0
0.0
0.0
0.0
0.0
0.0
0.0
0.0
0.1814820900
0.0
0.2151343981
0.2030330882
0.0
0.0
0.0
0.1835327351
0.0000000000
0.1665912519
0.0
0.1980810617
0.1347937515
0.1804738562
0.1945227193
0.2240365112
0.0
0.0
0.0
0.0
0.2240365112
0.0
0.0
0.1856302521
0.0
0.2005265069
0.0
0.2030330882
0.1877762666
0.0
0.0
0.1980810617
0.0
0.0
0.0
0.1784906270
0.0
0.1835327351
0.0000000000
0.0000000000
0.0
0.1700800739
0.1624264706
0.2255923203
0.0
0.1674499697
0.0
0.1835327351
0.1784906270
0.1648999701
0.2354006820
0.1933648459
0.1765505115
0.1424793602
0.1980810617
0.1412404092
0.1825016523
0.0
0.0294117647
0.1225860155
0.1299411765
0.0
0.1700800739
0.0
0.1584648494
0.0
0.0
0.1483346763
0.1424793602
0.1347937515
0.0
0.0000000000
0.1576956025
0.1784906270
0.0000000000
0.1648999701
0.1097476153
0.0000000000
0.0000000000
0.0196078431
0.0000000000
0.0000000000
0.1576956025
0.1412404092
0.0000000000
0.0000000000
0.0000000000
0.0196078431
0.0000000000
0.0000000000
0.0000000000
0.0000000000
0.0000000000
0.0000000000
