0.0
0.0
0.0
0.0
0.0
0.0
0.0000000000
0.0
0.0
0.0000000000
0.0
0.0
0.0
0.0
0.0
0.0
0.0
0.0
0.0
0.0
0.0
0.0
0.0
0.0000000000
0.0
0.0
0.0
0.0
0.0
0.0
0.0
0.0
0.0
0.0
0.0
0.0
0.0
0.0
0.0
0.0
0.0
0.0
0.0000000000
0.0
0.0
0.0
0.0
0.0
0.0
0.0
0.0
0.0
0.0000000000
0.0
0.0058479532
0.0
0.0
0.0
0.0038986355
0.0
0.0
0.0000000000
0.0
0.0
0.0
0.0000000000
0.0
0.0065789474
0.0000000000
0.0
0.0000000000
0.0220574295
0.0
0.0
0.0308189172
0.0
0.0
0.0
0.0
0.0
0.0
0.0
0.0
0.0000000000
0.0
0.0282588794
0.0
0.0
0.0
0.0
0.0
0.0
0.0000000000
0.0
0.0000000000
0.0
0.0
0.0
0.0095693780
0.0
0.0
0.0
0.0
0.0
0.0
0.0
0.0
0.0
0.0
0.0
0.0
0.0038986355
0.0
0.0
0.0
0.0
0.0
0.0000000000
0.0
0.0
0.0
0.0303952895
0.0
0.0000000000
0.0
0.0198764702
0.0
0.0
0.0000000000
0.0
0.0
0.0
0.0
0.0
0.0080971660
0.0058479532
0.0
0.0
0.0
0.0323993745
0.0166573055
0.0
0.0
0.0
0.0254899978
0.0
0.0310351903
0.0038986355
0.0043859649
0.0000000000
0.0000000000
0.0
0.0066833751
0.0
0.0000000000
0.0
0.0
0.0
0.0223924791
0.0
0.0
0.0209102346
0.0
0.0
0.0
0.0
0.0000000000
0.0071637427
0.0338890009
0.0
0.0107962213
0.0
0.0
0.0
0.0029239766
0.0
0.0
0.0065789474
0.0
0.0154363512
0.0
0.0000000000
0.0
0.0
0.0
0.0
0.0
0.0
0.0000000000
0.0
0.0000000000
0.0225064357
0.0116959064
0.0
0.0000000000
0.0
0.0
0.0
0.0102339181
0.0
0.0202403415
0.0277273644
0.0
0.0
0.0
0.0
0.0000000000
0.0029239766
0.0
0.0
0.0260915317
0.0
0.0
0.0029239766
0.0000000000
0.0
0.0
0.0038986355
0.0058479532
0.0000000000
0.0
0.0
0.0
0.0
0.0
0.0000000000
0.0
0.0
0.0029239766
0.0
0.0
0.0
0.0256377659
0.0
0.0000000000
0.0
0.0029239766
0.0038986355
0.0
0.0
0.0029239766
0.0116959064
0.0
0.0
0.0
0.0282588794
0.0
0.0093567251
0.0
0.0000000000
0.0
0.0000000000
0.0242329568
0.0
0.0
0.0000000000
0.0029239766
0.0
0.0
0.0000000000
0.0
0.0043859649
0.0
0.0
0.0
0.0
0.0000000000
0.0089585666
0.0000000000
0.0029239766
0.0
0.0038986355
0.0168476747
0.0029239766
0.0
0.0
0.0
0.0
0.0000000000
0.0
0.0
0.0
0.0058479532
0.0029239766
0.0226215582
0.0
0.0038986355
0.0
0.0
0.0029239766
0.0
0.0000000000
0.0000000000
0.0249155753
0.0038986355
0.0
0.0
0.0059303188
0.0029239766
0.0
0.0216259884
0.0
0.0
0.0
0.0
0.0000000000
0.0
0.0065789474
0.0038986355
0.0
0.0
0.0
0.0
0.0
0.0079597141
0.0
0.0089585666
0.0077972710
0.0
0.0000000000
0.0000000000
0.0000000000
0.0
0.0260915317
0.0
0.0186998504
0.0000000000
0.0
0.0201481304
0.0
0.0211098550
0.0
0.0170424455
0.0211098550
0.0
0.0038986355
0.0
0.0
0.0058479532
0.0058479532
0.0
0.0000000000
0.0237132151
0.0
0.0
0.0
0.0
0.0
0.0000000000
0.0051981806
0.0
0.0
0.0038986355
0.0
0.0187792553
0.0000000000
0.0
0.0000000000
0.0
0.0
0.0038986355
0.0
0.0058479532
0.0
0.0058479532
0.0
0.0
0.0
0.0000000000
0.0
0.0
0.0000000000
0.0043859649
0.0000000000
0.0
0.0000000000
0.0000000000
0.0082559340
0.0121832359
0.0
0.0000000000
0.0
0.0038986355
0.0029239766
0.0
0.0186998504
0.0029239766
0.0038986355
0.0038986355
0.0058479532
0.0043859649
0.0038986355
0.0000000000
0.0208118335
0.0
0.0
0.0
0.0000000000
0.0058479532
0.0
0.0
0.0233378080
0.0
0.0102339181
0.0000000000
0.0000000000
0.0
0.0000000000
0.0
0.0000000000
0.0
0.0000000000
0.0073099415
0.0000000000
0.0000000000
0.0000000000
0.0055105713
0.0029239766
0.0038986355
0.0065789474
0.0000000000
0.0150681929
0.0207143542
0.0000000000
0.0065789474
0.0
0.0
0.0029239766
0.0
0.0029239766
0.0000000000
0.0
0.0000000000
0.0
0.0000000000
0.0000000000
0.0184656143
0.0043859649
0.0073099415
0.0
0.0000000000
0.0000000000
0.0
0.0029239766
0.0
0.0000000000
0.0097919217
0.0089546784
0.0000000000
0.0
0.0000000000
0.0070175439
0.0
0.0000000000
0.0000000000
0.0
0.0058479532
0.0154363512
0.0
0.0000000000
0.0000000000
0.0000000000
0.0000000000
0.0000000000
0.0
0.0000000000
0.0029239766
0.0000000000
0.0
0.0000000000
0.0
0.0029239766
0.0000000000
0.0272154746
0.0000000000
0.0000000000
0.0000000000
0.0
0.0000000000
0.0186998504
0.0
0.0120300752
0.0
0.0000000000
0.0280794579
0.0
0.0229741019
0.0
0.0000000000
0.0073099415
0.0000000000
0.0
0.0
0.0
0.0000000000
0.0000000000
0.0000000000
0.0186998504
0.0043859649
0.0
0.0038986355
0.0165948016
0.0000000000
0.0000000000
0.0029239766
0.0059697856
0.0241008971
0.0280794579
0.0
0.0
0.0038986355
0.0
0.0029239766
0.0000000000
0.0000000000
0.0000000000
0.0260915317
0.0000000000
0.0000000000
0.0029239766
0.0000000000
0.0000000000
0.0000000000
0.0183888342
0.0058479532
0.0000000000
0.0000000000
0.0029239766
0.0058479532
0.0000000000
0.0151197081
0.0154363512
0.0000000000
0.0000000000
0.0000000000
0.0029239766
0.0029239766
0.0038986355
0.0000000000
0.0151197081
0.0000000000
0.0000000000
0.0029239766
0.0000000000
0.0
0.0000000000
0.0000000000
0.0000000000
0.0000000000
0.0091374269
0.0029239766
0.0029239766
0.0000000000
0.0
0.0029239766
0.0000000000
0.0000000000
0.0000000000
0.0038986355
0.0186211142
0.0000000000
0.0000000000
0.0000000000
0.0237132151
0.0038986355
0.0000000000
0.0000000000
0.0000000000
0.0000000000
0.0000000000
0.0
0.0000000000
0.0000000000
0.0000000000
0.0065789474
0.0000000000
0.0000000000
0.0000000000
0.0
0.0000000000
0.0000000000
0.0
0.0167202821
0.0000000000
0.0000000000
0.0038986355
0.0225064357
0.0000000000
0.0029239766
0.0029239766
0.0000000000
0.0000000000
0.0058479532
0.0058479532
0.0000000000
0.0038986355
0.0038986355
0.0000000000
0.0000000000
0.0000000000
0.0000000000
0.0000000000
0.0071637427
0.0
0.0000000000
0.0000000000
0.0000000000
0.0000000000
0.0000000000
0.0000000000
0.0000000000
0.0
0.0000000000
0.0000000000
0.0000000000
0.0000000000
0.0000000000
0.0000000000
0.0000000000
0.0060916179
0.0000000000
0.0038986355
0.0000000000
0.0000000000
0.0000000000
0.0000000000
0.0000000000
0.0000000000
0.0000000000
0.0000000000
