0.0
0.0
0.0
0.0
0.0
0.0
0.0
0.0
0.0
0.0
0.0
0.0
0.0
0.0
0.0
0.0
0.0
0.0
0.0
0.0
0.0
0.0
0.0
0.0
0.0
0.0
0.0
0.0
0.0
0.0
0.0
0.0000000000
0.0
0.0
0.0
0.0
0.0
0.0
0.0
0.0
0.0
0.0
0.0
0.0835648148
0.0
0.0
0.0
0.0
0.0
0.0
0.0
0.0
0.0644642857
0.0
0.0
0.0
0.0
0.0
0.0
0.0
0.0
0.0125000000
0.0
0.0
0.0300000000
0.0
0.0
0.0
0.0
0.0
0.0000000000
0.0
0.0
0.0
0.0
0.0
0.0
0.0
0.0940104167
0.0
0.0
0.0
0.0
0.0
0.0
0.0000000000
0.0
0.0
0.0
0.0
0.0
0.0490489130
0.0
0.0
0.0000000000
0.0
0.0586038961
0.0
0.0
0.0
0.0000000000
0.0
0.0764830508
0.0
0.0
0.0
0.0
0.0
0.0
0.0
0.0321428571
0.0409090909
0.0
0.0
0.0
0.0
0.0
0.0
0.0
0.0
0.0200000000
0.0
0.0000000000
0.0778017241
0.0166666667
0.0000000000
0.0000000000
0.0
0.0902500000
0.0
0.0
0.0
0.0
0.0960106383
0.0250000000
0.0
0.0593750000
0.0
0.0250000000
0.0
0.0
0.0764830508
0.0805803571
0.0727822581
0.0
0.0705078125
0.0125000000
0.0739754098
0.0
0.0
0.0752083333
0.0250000000
0.0586038961
0.0000000000
0.0
0.0
0.0
0.0
0.0000000000
0.0000000000
0.0
0.0125000000
0.0
0.0
0.0
0.0
0.0
0.0346153846
0.0200000000
0.0333333333
0.0
0.0000000000
0.0236842105
0.0000000000
0.0
0.0
0.0
0.0
0.0166666667
0.0
0.0
0.0593750000
0.0
0.0609797297
0.0000000000
0.0578525641
0.0285714286
0.0450000000
0.0125000000
0.0000000000
0.0125000000
0.0000000000
0.0000000000
0.0125000000
0.0000000000
0.0166666667
0.0000000000
0.0000000000
0.0000000000
0.0166666667
0.0000000000
0.0000000000
0.0000000000
0.0000000000
0.0285714286
0.0000000000
0.0000000000
0.0000000000
0.0000000000
0.0000000000
0.0000000000
0.0000000000
0.0
0.0000000000
0.0000000000
0.0000000000
0.0000000000
0.0000000000
