0.0
0.0
0.0
0.0
0.0
0.0
0.0023809524
0.0
0.0
0.0
0.0
0.0
0.0
0.0
0.0
0.0
0.0
0.0
0.0
0.0
0.0
0.0
0.0
0.0091836735
0.0
0.0
0.0
0.0
0.0
0.0
0.0
0.0
0.0
0.0
0.0
0.0
0.0
0.0
0.0
0.0
0.0
0.0
0.0000000000
0.0
0.0
0.0
0.0
0.0
0.0
0.0
0.0
0.0
0.0094810576
0.0
0.0050249169
0.0
0.0
0.0
0.0000000000
0.0
0.0
0.0000000000
0.0
0.0
0.0
0.0017857143
0.0
0.0088003663
0.0017857143
0.0
0.0057142857
0.0017857143
0.0
0.0
0.0
0.0
0.0
0.0
0.0
0.0
0.0
0.0
0.0
0.0000000000
0.0
0.0047619048
0.0
0.0
0.0
0.0
0.0
0.0
0.0088003663
0.0
0.0000000000
0.0
0.0
0.0
0.0017857143
0.0
0.0
0.0
0.0
0.0
0.0
0.0
0.0
0.0
0.0
0.0
0.0
0.0017857143
0.0
0.0
0.0
0.0
0.0
0.0078185328
0.0
0.0
0.0
0.0064272338
0.0
0.0017857143
0.0
0.0040816327
0.0
0.0
0.0023809524
0.0
0.0
0.0
0.0
0.0
0.0
0.0017857143
0.0
0.0
0.0
0.0026785714
0.0093317972
0.0
0.0
0.0
0.0
0.0
0.0017857143
0.0035714286
0.0057142857
0.0000000000
0.0047619048
0.0
0.0000000000
0.0
0.0
0.0
0.0
0.0
0.0
0.0
0.0
0.0
0.0
0.0
0.0
0.0
0.0
0.0
0.0069700461
0.0
0.0
0.0
0.0
0.0
0.0017857143
0.0
0.0
0.0071428571
0.0
0.0
0.0
0.0000000000
0.0
0.0
0.0
0.0
0.0
0.0
0.0000000000
0.0
0.0000000000
0.0
0.0
0.0
0.0017857143
0.0
0.0
0.0
0.0017857143
0.0
0.0000000000
0.0055803571
0.0
0.0
0.0
0.0
0.0040584416
0.0040178571
0.0
0.0
0.0000000000
0.0
0.0
0.0023809524
0.0000000000
0.0
0.0
0.0049603175
0.0076269841
0.0017857143
0.0
0.0
0.0
0.0
0.0
0.0000000000
0.0
0.0
0.0000000000
0.0
0.0
0.0
0.0071206283
0.0
0.0048015873
0.0
0.0
0.0017857143
0.0
0.0
0.0026785714
0.0
0.0
0.0
0.0
0.0000000000
0.0
0.0
0.0
0.0000000000
0.0
0.0068230277
0.0
0.0
0.0
0.0017857143
0.0000000000
0.0
0.0
0.0031746032
0.0
0.0000000000
0.0
0.0
0.0
0.0
0.0017857143
0.0
0.0000000000
0.0017857143
0.0
0.0090797430
0.0000000000
0.0078817734
0.0
0.0
0.0
0.0
0.0
0.0
0.0
0.0
0.0
0.0040816327
0.0
0.0
0.0086253369
0.0
0.0
0.0017857143
0.0
0.0
0.0000000000
0.0
0.0017857143
0.0
0.0
0.0017857143
0.0
0.0
0.0057857143
0.0
0.0
0.0
0.0
0.0000000000
0.0
0.0079081633
0.0000000000
0.0
0.0
0.0
0.0
0.0
0.0032142857
0.0
0.0000000000
0.0023809524
0.0
0.0
0.0000000000
0.0044642857
0.0
0.0000000000
0.0
0.0
0.0000000000
0.0
0.0
0.0
0.0000000000
0.0
0.0112161531
0.0017857143
0.0
0.0000000000
0.0
0.0
0.0000000000
0.0036866359
0.0
0.0086428571
0.0
0.0
0.0
0.0
0.0
0.0
0.0047619048
0.0035714286
0.0
0.0
0.0086234745
0.0
0.0
0.0035714286
0.0
0.0
0.0
0.0
0.0067828910
0.0
0.0049603175
0.0
0.0017857143
0.0
0.0
0.0
0.0000000000
0.0
0.0
0.0000000000
0.0000000000
0.0
0.0
0.0026785714
0.0
0.0017857143
0.0055402930
0.0
0.0000000000
0.0
0.0101587302
0.0000000000
0.0
0.0063579278
0.0017857143
0.0
0.0096953188
0.0068067227
0.0
0.0047619048
0.0017857143
0.0
0.0
0.0
0.0
0.0057142857
0.0028571429
0.0
0.0
0.0000000000
0.0
0.0037202381
0.0
0.0
0.0
0.0
0.0
0.0000000000
0.0
0.0065476190
0.0
0.0064285714
0.0000000000
0.0017857143
0.0000000000
0.0017857143
0.0074937617
0.0
0.0058171913
0.0
0.0040816327
0.0017857143
0.0
0.0
0.0
0.0023809524
0.0
0.0040178571
0.0
0.0
0.0000000000
0.0
0.0
0.0000000000
0.0000000000
0.0
0.0017857143
0.0
0.0017857143
0.0074507389
0.0
0.0
0.0
0.0000000000
0.0
0.0042328042
0.0000000000
0.0
0.0000000000
0.0
0.0
0.0040178571
0.0072321429
0.0
0.0108843537
0.0000000000
0.0
0.0060638566
0.0078359426
0.0017857143
0.0
0.0
0.0
0.0000000000
0.0
0.0
0.0
0.0
0.0
0.0094810576
0.0045918367
0.0040178571
0.0017857143
0.0032142857
0.0035714286
0.0
0.0017857143
0.0
0.0
0.0017857143
0.0
0.0017857143
0.0000000000
0.0
0.0028571429
0.0
0.0000000000
0.0
0.0017857143
0.0
0.0
0.0
0.0000000000
0.0000000000
0.0000000000
0.0061734694
0.0049689441
0.0
0.0000000000
0.0054582210
0.0
0.0060150376
0.0057142857
0.0053571429
0.0
0.0
0.0
0.0
0.0000000000
0.0
0.0037815126
0.0
0.0000000000
0.0000000000
0.0
0.0
0.0000000000
0.0023809524
0.0017857143
0.0
0.0000000000
0.0
0.0
0.0000000000
0.0017857143
0.0
0.0115172579
0.0
0.0017857143
0.0115172579
0.0000000000
0.0000000000
0.0
0.0096953188
0.0047619048
0.0017857143
0.0017857143
0.0
0.0000000000
0.0
0.0053571429
0.0
0.0
0.0000000000
0.0
0.0000000000
0.0000000000
0.0044096210
0.0081330399
0.0
0.0017857143
0.0
0.0017857143
0.0
0.0000000000
0.0000000000
0.0035714286
0.0089846672
0.0
0.0
0.0017857143
0.0037202381
0.0017857143
0.0000000000
0.0000000000
0.0065008026
0.0
0.0
0.0
0.0
0.0000000000
0.0000000000
0.0067226891
0.0023809524
0.0000000000
0.0056722689
0.0
0.0081632653
0.0023809524
0.0
0.0
0.0000000000
0.0
0.0112161531
0.0
0.0032142857
0.0116739553
0.0017857143
0.0035714286
0.0
0.0106588287
0.0073732719
0.0017857143
0.0000000000
0.0031746032
0.0
0.0069264069
0.0
0.0000000000
0.0000000000
0.0017857143
0.0
0.0
0.0000000000
0.0035714286
0.0071428571
0.0000000000
0.0023809524
0.0000000000
0.0
0.0023809524
0.0000000000
0.0017857143
0.0040584416
0.0
0.0000000000
0.0000000000
0.0055803571
0.0000000000
0.0097264438
0.0000000000
0.0
0.0000000000
0.0
0.0017857143
0.0000000000
0.0000000000
0.0
0.0057142857
0.0
0.0
0.0078185328
0.0000000000
0.0017857143
0.0000000000
0.0
0.0
0.0
0.0023809524
0.0035714286
0.0057142857
0.0053571429
0.0000000000
0.0017857143
0.0
0.0017857143
0.0000000000
0.0000000000
0.0
0.0
0.0017857143
0.0035714286
0.0
0.0098062954
0.0086353945
0.0000000000
0.0000000000
0.0000000000
0.0000000000
0.0104004329
0.0017857143
0.0000000000
0.0026785714
0.0000000000
0.0000000000
0.0000000000
0.0017857143
0.0017857143
0.0017857143
0.0
0.0000000000
0.0017857143
0.0017857143
0.0017857143
0.0076269841
0.0000000000
0.0000000000
0.0000000000
0.0017857143
0.0
0.0
0.0070329670
0.0093774395
0.0000000000
0.0000000000
0.0
0.0000000000
0.0000000000
0.0
0.0
0.0000000000
0.0040816327
0.0000000000
0.0035714286
0.0017857143
0.0056437390
0.0000000000
0.0
0.0099753695
0.0000000000
0.0047619048
0.0000000000
0.0023809524
0.0000000000
0.0
0.0000000000
0.0000000000
0.0000000000
0.0017857143
0.0000000000
0.0000000000
0.0035714286
0.0035714286
0.0000000000
0.0000000000
0.0
0.0000000000
0.0000000000
0.0
0.0000000000
0.0075597860
0.0093774395
0.0017857143
0.0000000000
0.0023809524
0.0000000000
0.0035714286
0.0017857143
0.0023809524
0.0000000000
0.0042857143
0.0017857143
0.0
0.0017857143
0.0000000000
0.0000000000
0.0
0.0000000000
0.0017857143
0.0017857143
0.0000000000
0.0017857143
0.0077142857
0.0000000000
0.0
0.0035714286
0.0000000000
0.0
0.0000000000
0.0000000000
0.0000000000
0.0000000000
0.0000000000
0.0000000000
0.0000000000
0.0000000000
0.0017857143
0.0000000000
0.0
0.0000000000
0.0
0.0000000000
0.0000000000
0.0031887755
0.0017857143
0.0
0.0000000000
0.0000000000
0.0000000000
0.0072321429
0.0032142857
0.0017857143
0.0000000000
0.0000000000
0.0084656085
0.0066773207
0.0000000000
0.0000000000
0.0017857143
0.0042328042
0.0017857143
0.0017857143
0.0049450549
0.0000000000
0.0000000000
0.0
0.0000000000
0.0000000000
0.0000000000
0.0052802198
0.0000000000
0.0023809524
0.0000000000
0.0000000000
0.0000000000
0.0
0.0000000000
0.0000000000
0.0000000000
0.0000000000
0.0017857143
0.0000000000
0.0
0.0057142857
0.0042857143
0.0000000000
0.0000000000
0.0
0.0000000000
0.0
0.0000000000
0.0000000000
0.0000000000
0.0023809524
0.0000000000
0.0000000000
0.0000000000
0.0000000000
0.0000000000
0.0
0.0017857143
0.0017857143
0.0000000000
0.0048015873
0.0017857143
0.0000000000
0.0017857143
0.0000000000
0.0
0.0000000000
0.0028571429
0.0063579278
0.0000000000
0.0000000000
0.0000000000
0.0000000000
0.0000000000
0.0
0.0017857143
0.0
0.0000000000
0.0017857143
0.0086428571
0.0000000000
0.0000000000
0.0000000000
0.0000000000
0.0000000000
0.0
0.0000000000
0.0000000000
0.0000000000
0.0
0.0000000000
0.0000000000
0.0077142857
0.0017857143
0.0000000000
0.0029761905
0.0035714286
0.0000000000
0.0000000000
0.0023809524
0.0031746032
0.0000000000
0.0000000000
0.0000000000
0.0000000000
0.0000000000
0.0000000000
0.0000000000
0.0
0.0000000000
0.0000000000
0.0000000000
0.0000000000
0.0
0.0000000000
0.0000000000
0.0000000000
0.0061734694
0.0000000000
0.0000000000
0.0
0.0000000000
0.0000000000
0.0000000000
0.0000000000
0.0000000000
0.0000000000
0.0000000000
0.0017857143
0.0000000000
0.0000000000
0.0032142857
0.0048120301
0.0000000000
0.0000000000
0.0000000000
0.0000000000
0.0000000000
0.0000000000
0.0000000000
0.0017857143
0.0000000000
0.0000000000
0.0000000000
0.0000000000
0.0000000000
0.0000000000
0.0000000000
0.0000000000
0.0000000000
0.0000000000
0.0000000000
0.0000000000
0.0029761905
0.0000000000
0.0062622309
0.0000000000
0.0000000000
0.0000000000
0.0000000000
0.0000000000
0.0000000000
0.0000000000
0.0000000000
0.0000000000
0.0000000000
0.0000000000
0.0000000000
0.0000000000
0.0000000000
0.0000000000
0.0000000000
0.0000000000
0.0000000000
0.0000000000
0.0000000000
0.0
0.0000000000
0.0000000000
0.0000000000
0.0023809524
0.0000000000
0.0000000000
0.0000000000
0.0000000000
0.0000000000
0.0017857143
0.0000000000
0.0000000000
0.0000000000
0.0000000000
0.0028571429
0.0000000000
0.0000000000
0.0000000000
0.0000000000
0.0017857143
0.0000000000
0.0000000000
0.0000000000
0.0000000000
0.0000000000
0.0000000000
0.0000000000
0.0000000000
0.0000000000
0.0000000000
0.0032142857
0.0000000000
0.0000000000
0.0000000000
0.0000000000
0.0000000000
