0.0
0.0
0.0
0.0
0.0
0.0
0.0
0.0
0.0
0.0
0.0
0.0
0.0
0.0
0.0
0.0
0.0
0.0
0.0
0.0
0.0
0.0
0.0
0.0
0.0
0.0
0.0
0.0
0.0
0.0
0.0
0.0
0.0
0.0
0.0
0.0
0.0
0.0
0.0
0.0
0.0
0.0
0.0
0.0
0.0
0.0
0.0
0.0
0.0
0.0
0.0
0.0
0.0
0.0
0.0
0.0
0.0
0.0
0.0
0.0
0.1144047619
0.0
0.0
0.0
0.0
0.0
0.0
0.0
0.0
0.0
0.0
0.0
0.0
0.0
0.0
0.1519367589
0.0
0.0
0.0
0.1397818182
0.0
0.0
0.0
0.0
0.0
0.0
0.1011578947
0.0
0.0
0.0
0.0
0.1664069264
0.0
0.0
0.0
0.0
0.0
0.0
0.0
0.0
0.0
0.0
0.0
0.0
0.0
0.0
0.0
0.0
0.0
0.1755251142
0.0
0.0
0.0
0.0
0.0
0.0
0.0
0.0
0.1628813559
0.1353521127
0.0
0.1140652819
0.0
0.0
0.0
0.0
0.0
0.0
0.0
0.0
0.0
0.0
0.0
0.1575409836
0.0
0.0
0.0
0.1615126050
0.1205015674
0.1796261682
0.0
0.1601666667
0.0
0.0
0.0
0.0
0.0
0.0
0.0
0.0
0.0000000000
0.0
0.1316438356
0.0
0.0
0.0
0.1575409836
0.0
0.1041734417
0.1285618729
0.0
0.0100000000
0.1133923304
0.0893953488
0.1739366516
0.0
0.0
0.1392753623
0.0
0.0
0.0
0.1484169884
0.0
0.1413235294
0.0
0.1456060606
0.1382733813
0.1316438356
0.0
0.1478461538
0.0
0.0
0.1628813559
0.1581893004
0.1064819945
0.0
0.1525396825
0.0
0.1507450980
0.1168389058
0.0133333333
0.1264473684
0.1495719844
0.0
0.0
0.0
0.0
0.1363120567
0.1114202899
0.0
0.0
0.0
0.0
0.0
0.0856124722
0.1281333333
0.1608368201
0.1478461538
0.0
0.0100000000
0.0
0.0
0.1575409836
0.1285618729
0.1556275304
0.1236012862
0.1240000000
0.1575409836
0.0000000000
0.0
0.0000000000
0.0
0.1114202899
0.1685964912
0.0
0.0000000000
0.0
0.1088951841
0.1382733813
0.1140652819
0.1537600000
0.0
0.1260327869
0.0000000000
0.0000000000
0.1397818182
0.0200000000
0.0990721649
0.0
0.0
0.0000000000
0.1033333333
0.0100000000
0.0000000000
0.0133333333
0.0000000000
0.0951485149
0.1133923304
0.1120699708
0.0000000000
0.0000000000
0.1224203822
0.1285618729
0.0100000000
0.0000000000
0.0000000000
0.0000000000
0.0000000000
0.0000000000
0.0000000000
0.0000000000
0.0000000000
0.0000000000
0.0000000000
0.0
0.0000000000
0.0000000000
0.0000000000
0.0000000000
0.0000000000
0.0000000000
0.0000000000
0.0000000000
0.0000000000
0.0000000000
