0.0
0.0
0.0
0.0
0.0
0.0
0.0
0.0
0.0
0.0
0.0
0.0
0.0
0.0
0.0
0.0
0.0
0.0
0.0
0.0
0.0
0.0
0.0
0.0
0.0
0.0
0.0
0.0
0.0
0.0
0.0
0.0
0.0
0.0
0.0
0.0
0.0
0.0
0.0
0.0
0.0
0.0
0.0000000000
0.0000000000
0.0
0.0
0.0
0.0
0.0
0.0000000000
0.0
0.0
0.0
0.0
0.0
0.0266666667
0.0
0.0
0.0
0.0
0.0833333333
0.0
0.0000000000
0.0
0.0
0.0
0.0
0.0
0.0
0.0
0.0
0.0500000000
0.0
0.0
0.0
0.0000000000
0.0
0.0000000000
0.0
0.0714285714
0.0
0.0
0.0000000000
0.0200000000
0.0
0.0000000000
0.0555555556
0.0
0.0
0.0
0.0
0.0500000000
0.0
0.0
0.0000000000
0.0
0.0
0.0
0.0
0.0
0.0
0.0555555556
0.0
0.0000000000
0.0000000000
0.0
0.0
0.0000000000
0.0
0.0266666667
0.0000000000
0.0200000000
0.0000000000
0.0500000000
0.0
0.0000000000
0.0000000000
0.0
0.0625000000
0.0000000000
0.0000000000
0.0454545455
0.0000000000
0.0416666667
0.0
0.0000000000
0.0
0.0
0.0200000000
0.0200000000
0.0000000000
0.0384615385
0.0384615385
0.0200000000
0.0000000000
0.0
0.0000000000
0.0200000000
0.0400000000
0.0000000000
0.0200000000
0.0200000000
0.0
0.0000000000
0.0
0.0000000000
0.0000000000
0.0000000000
