0.0
0.0
0.0
0.0
0.0
0.0
0.0
0.0
0.0
0.0
0.0
0.0
0.0
0.0
0.0
0.0
0.0
0.0
0.0
0.0
0.0
0.0
0.0
0.0
0.0
0.0
0.0
0.0
0.0
0.0
0.0
0.0
0.0
0.0
0.0
0.0
0.0
0.0
0.0
0.0
0.0
0.0
0.0000000000
0.0187793427
0.0
0.0
0.0
0.0
0.0
0.0
0.0
0.0
0.0
0.0
0.0
0.0
0.0
0.0
0.0
0.0
0.1161547599
0.0
0.0
0.0
0.0
0.0
0.0
0.0
0.0
0.0
0.0
0.0000000000
0.0
0.0
0.0
0.0187793427
0.0
0.0
0.0
0.1483206934
0.0
0.0
0.0
0.0
0.0
0.0
0.1175712813
0.0
0.0
0.0
0.0
0.1449751138
0.0
0.0
0.0
0.0
0.0
0.0
0.0
0.0
0.0
0.0000000000
0.0
0.0
0.0
0.0
0.0
0.1025621816
0.0
0.0901013558
0.0
0.0
0.0
0.0
0.0
0.0
0.0000000000
0.0
0.1025621816
0.1252057801
0.1311679601
0.0936004376
0.0
0.0
0.0
0.0
0.0
0.0
0.0000000000
0.0
0.0
0.0
0.0
0.1357865503
0.0
0.0
0.0
0.1268532246
0.1252057801
0.1854008667
0.0
0.1634041537
0.0
0.0
0.0
0.0
0.0
0.0
0.0
0.0
0.0000000000
0.0
0.0000000000
0.1268532246
0.0
0.1095550576
0.0927004334
0.1108143112
0.0909513686
0.1377263581
0.0
0.1397223923
0.0000000000
0.0000000000
0.0281690141
0.0
0.0
0.0000000000
0.0000000000
0.0
0.1460734102
0.1071205008
0.0901013558
0.0140845070
0.0973822734
0.1662214667
0.1121028497
0.1606807512
0.0824003852
0.0000000000
0.0
0.0
0.1606807512
0.0771267606
0.0000000000
0.0000000000
0.0771267606
0.0000000000
0.0796764055
0.0000000000
0.1320663708
0.0000000000
0.0000000000
0.0
0.0000000000
0.0
0.0000000000
0.1147719651
0.0000000000
0.0000000000
0.0
0.0140845070
0.1014825797
0.0000000000
0.0000000000
0.0000000000
0.0000000000
0.0000000000
0.0000000000
0.0000000000
0.1025621816
