0.0
0.0
0.0
0.0
0.0
0.0
0.0
0.0
0.0
0.0
0.0
0.0
0.0
0.0
0.0
0.1146962202
0.0
0.0
0.0
0.0
0.0
0.0
0.0
0.0
0.0
0.0
0.0
0.0
0.0
0.0807963931
0.0
0.1247279596
0.0
0.0
0.0
0.0
0.1380054521
0.1308308567
0.0
0.0
0.1210231687
0.0
0.0
0.0093896714
0.1185088370
0.0
0.0
0.0
0.0
0.1128804489
0.0
0.0
0.0872205711
0.0
0.1426056338
0.0
0.0
0.0
0.0
0.0
0.0
0.0
0.0
0.0
0.0
0.0
0.0
0.0
0.0
0.0
0.1127317263
0.1203423070
0.1211945896
0.0
0.0753198770
0.0
0.0925009517
0.0
0.1065546454
0.0
0.1304319821
0.1046007094
0.0
0.1140845070
0.1300355323
0.0823516653
0.0
0.1136299871
0.1038390537
0.0693382336
0.0
0.0
0.0
0.0
0.0
0.0
0.0000000000
0.0949649060
0.0
0.0
0.0
0.0811027301
0.0000000000
0.0957084791
0.0
0.0
0.0
0.0
0.0
0.1428437066
0.1125833951
0.1201732869
0.1095561847
0.1043455857
0.0150234742
0.1074916838
0.0951761738
0.0
0.0
0.0
0.0
0.0
0.1091369646
0.1101201805
0.0
0.0952821607
0.0
0.0
0.0
0.0
0.0
0.1087209406
0.1018611670
0.0
0.0
0.1003087694
0.1000741290
0.0
0.0
0.0125195618
0.0964637884
0.0
0.0913163077
0.0
0.0140845070
0.0
0.1137810908
0.0
0.1035876275
0.0973417296
0.0000000000
0.0807963931
0.0965726640
0.1014986717
0.0
0.0809492718
0.1076268934
0.0
0.1168898638
0.0626379065
0.1014986717
0.0
0.1115559065
0.0969007704
0.1160968525
0.1085829699
0.1065546454
0.0
0.0
0.0770147437
0.0
0.1404981614
0.0
0.0
0.0894079209
0.0873987541
0.0
0.0
0.0967911542
0.0046948357
0.0787151613
0.0
0.0934098038
0.0000000000
0.0046948357
0.0
0.0
0.0627297509
0.1151593274
0.0966817856
0.0
0.1278974294
0.0994923027
0.0
0.0062597809
0.1096966414
0.1211945896
0.1032127627
0.0
0.0945451716
0.0745975417
0.1060264935
0.0
0.1046007094
0.1240048990
0.0
0.0
0.0927013871
0.0000000000
0.0
0.0093896714
0.1007813666
0.0
0.0
0.1058952726
0.0
0.1095561847
0.0
0.1180184556
0.0
0.0
0.0687256067
0.0917078031
0.0978986044
0.1070880855
0.1018611670
0.0
0.0000000000
0.0
0.0774329233
0.1074916838
0.1191690533
0.0000000000
0.0046948357
0.0687256067
0.0770147437
0.0898775003
0.0917078031
0.0046948357
0.0571947729
0.0084507042
0.0
0.0
0.0992614620
0.0842988968
0.0853925951
0.0
0.0000000000
0.0
0.0814889336
0.0687256067
0.0
0.1290548722
0.0046948357
0.0000000000
0.0084507042
0.0
0.0062597809
0.0000000000
0.0000000000
0.0046948357
0.0093896714
0.0
0.0046948357
0.0943366927
0.0839679885
0.0
0.0000000000
0.0
0.0769454859
0.0000000000
0.0
0.1150045434
0.1022262608
0.0667942079
0.0958156554
0.1032127627
0.0046948357
0.0938194959
0.0000000000
0.0983487130
0.0046948357
0.0719624729
0.0883007020
0.0000000000
0.0
0.0908316139
0.0083463745
0.0000000000
0.0
0.0062597809
0.0062597809
0.0977867203
0.0570422535
0.0
0.0
0.0000000000
0.0700764785
0.0000000000
0.0000000000
0.0000000000
0.1134792842
0.0046948357
0.0000000000
0.0
0.0862534075
0.0
0.0000000000
0.0
0.0924010586
0.0093896714
0.0958156554
0.0000000000
0.0000000000
0.0000000000
0.0972311140
0.0524928713
0.0881188262
0.0000000000
0.0
0.0000000000
0.0062597809
0.0000000000
0.0000000000
0.0046948357
0.0093896714
0.0625463306
0.0000000000
0.0932062966
0.0866903549
0.1000741290
0.0763277255
0.0000000000
0.1109771469
0.0084507042
0.0000000000
0.0046948357
0.0000000000
0.0000000000
0.0775733275
0.0000000000
0.0000000000
0.0046948357
0.0062597809
0.0000000000
0.0913163077
0.0848001787
0.0000000000
0.0000000000
0.0000000000
0.0700764785
0.0046948357
0.0000000000
0.0000000000
0.0000000000
0.0000000000
0.0000000000
0.0000000000
