0.0
0.0
0.0
0.0
0.1427511895
0.0
0.1487459901
0.0
0.0
0.1279282669
0.0
0.1413272375
0.0
0.1178216678
0.0
0.1224022078
0.1045612956
0.1039857288
0.0
0.1527553160
0.0055555556
0.0055555556
0.0
0.0
0.0
0.1232004831
0.1030404040
0.1259382716
0.1273533084
0.1140286161
0.0
0.0
0.1180671296
0.1389025054
0.1395867542
0.1293886352
0.1299821611
0.1094058344
0.0125000000
0.0
0.0
0.1556929182
0.1154220412
0.0074074074
0.0
0.1299821611
0.0000000000
0.1203231894
0.0055555556
0.1161316029
0.1131182080
0.1166095107
0.0990773116
0.1096174511
0.1372208771
0.1156575964
0.1006611407
0.1754557964
0.0938281825
0.1218757467
0.0
0.1147210976
0.0000000000
0.1282176973
0.0
0.1282176973
0.0
0.1475839120
0.1158941150
0.1034164639
0.1267834949
0.1324117342
0.1175772245
0.1336609015
0.1156575964
0.1402777778
0.1124448854
0.1170913682
0.0994249513
0.0055555556
0.1124448854
0.1352559003
0.1213537949
0.0
0.1188096902
0.1168499427
0.1339768847
0.0125000000
0.0869205862
0.0000000000
0.1402777778
0.0
0.0083333333
0.1026670692
0.0000000000
0.1144893378
0.0898133474
0.1262187577
0.0074074074
0.1036055251
0.0952474323
0.1117795310
0.0999510092
0.1205791962
0.0918512516
0.1578613432
0.0853497323
0.1161316029
0.1279282669
0.1067273488
0.0946113894
0.0000000000
0.0000000000
0.0784933826
0.0000000000
0.1091950332
0.0055555556
0.0000000000
0.0000000000
0.0911128975
0.0787114198
0.0691124661
0.0000000000
0.0000000000
0.0741783013
0.0111111111
0.0000000000
0.1091950332
0.1221384100
0.0874571331
0.0
0.0
0.0000000000
0.0000000000
0.1198144233
0.0000000000
0.0074074074
0.0808448249
0.0000000000
0.0985603865
0.1001276011
0.0000000000
0.0944537037
0.0
0.1203231894
0.1183136163
0.0000000000
0.0000000000
0.1120004392
0.0965455234
0.0000000000
0.1091950332
0.0000000000
0.0111111111
0.0707518380
0.0000000000
0.0000000000
0.0000000000
0.1073337542
0.0000000000
0.0074074074
0.0000000000
0.0000000000
0.0000000000
0.0960546139
0.0824923176
0.0000000000
0.0083333333
0.0000000000
0.0000000000
0.0
0.0000000000
0.0000000000
0.0000000000
0.0000000000
0.0000000000
0.0
0.1106879340
0.0000000000
0.0000000000
0.0000000000
0.0000000000
0.0000000000
0.0000000000
0.0000000000
0.0055555556
0.0055555556
0.0000000000
0.1045612956
0.0000000000
0.0000000000
0.0939837848
0.0055555556
0.0000000000
0.1021121121
0.0000000000
0.0000000000
0.0000000000
0.0000000000
0.0871880342
0.0000000000
0.0000000000
0.0000000000
0.0
0.0000000000
0.0000000000
0.0000000000
0.0000000000
0.0000000000
0.0000000000
0.0000000000
