0.0
0.0
0.0
0.0
0.0
0.0
0.0
0.0
0.0
0.0
0.0
0.0
0.0
0.0
0.0
0.1190122044
0.0
0.0
0.0
0.0
0.0
0.0
0.0
0.0
0.0
0.0
0.0
0.0
0.0
0.1122078389
0.0
0.1096066034
0.0
0.0
0.0
0.0
0.0
0.1039127539
0.0
0.0
0.1298585102
0.0
0.0
0.0
0.1079011065
0.0
0.0
0.0
0.0
0.1144297763
0.0
0.0
0.0995374801
0.0
0.1392458724
0.0
0.0
0.0
0.0
0.0
0.0
0.0
0.0
0.0
0.0
0.0
0.0
0.0
0.0
0.0
0.1222287505
0.1194221202
0.1500962001
0.0
0.0897469083
0.0
0.1131846210
0.0
0.1168726592
0.0
0.1377704194
0.1229511426
0.0
0.1136794171
0.1052800270
0.0982215927
0.0
0.1044344043
0.1113668808
0.1020771999
0.0
0.0
0.0
0.0
0.0
0.0
0.0920501475
0.0997283477
0.0
0.0
0.0
0.1122078389
0.0000000000
0.0000000000
0.0
0.0
0.0
0.0
0.0
0.1511870155
0.1058155307
0.1166106129
0.1011835279
0.0940476190
0.0886002271
0.1103039943
0.1049613185
0.0
0.0
0.0
0.0
0.0
0.1166106129
0.1403733693
0.0
0.0901357597
0.0
0.0
0.0
0.0
0.0
0.1091465547
0.1052800270
0.0
0.0
0.0985939968
0.1212315462
0.0
0.0
0.1020771999
0.1074552342
0.0
0.0993473416
0.0
0.1062478720
0.0
0.1000160256
0.0
0.1136794171
0.1209496124
0.0000000000
0.0000000000
0.0868978001
0.0832799573
0.0
0.1175329567
0.1174003010
0.0
0.0974851609
0.0986875395
0.1198348694
0.0
0.1174003010
0.0962226334
0.1080131533
0.0940476190
0.0000000000
0.0
0.0
0.1094912281
0.0
0.1245708583
0.0
0.0
0.0130208333
0.0062500000
0.0
0.0
0.1101871469
0.0074404762
0.0130208333
0.0
0.1005963894
0.0000000000
0.0104166667
0.0
0.0
0.0948192039
0.1089179756
0.1241249006
0.0
0.1330136402
0.1020771999
0.0
0.0760355750
0.1139284410
0.1096066034
0.1011835279
0.0
0.1009870550
0.1347366149
0.1133079158
0.0
0.0982215927
0.1203896605
0.0
0.0
0.1282572955
0.0000000000
0.0
0.0801361068
0.0
0.0
0.0
0.0950792200
0.0
0.1116058655
0.0
0.0831468159
0.0
0.0
0.1031911376
0.0887514221
0.1048555108
0.1022779417
0.1356149500
0.0
0.0000000000
0.0
0.0000000000
0.1171358859
0.1183352294
0.0000000000
0.0856809445
0.0093750000
0.0093750000
0.1051735760
0.0000000000
0.0041666667
0.0965800062
0.0915639671
0.0
0.0
0.0993473416
0.1239769567
0.1036022576
0.0
0.0935401679
0.0
0.0928720238
0.1005963894
0.0
0.1260808081
0.0041666667
0.0000000000
0.0927064765
0.0
0.1230966469
0.0086805556
0.0000000000
0.0041666667
0.0858932012
0.0
0.1245708583
0.0945606061
0.1045393635
0.0
0.0000000000
0.0
0.1110103166
0.0985006313
0.0
0.0739805595
0.1229511426
0.1119662720
0.0000000000
0.1295350768
0.0840878469
0.0871891590
0.0000000000
0.0934561246
0.1048555108
0.1040166667
0.1151901071
0.0801361068
0.0
0.0
0.1157026326
0.0000000000
0.0
0.0
0.0
0.0972118380
0.0860352909
0.0
0.0
0.0000000000
0.0086805556
0.1045393635
0.0000000000
0.0041666667
0.1215147975
0.0863925803
0.0000000000
0.0
0.1031911376
0.0
0.0747246169
0.0
0.1114862451
0.1059232858
0.1154458010
0.0000000000
0.0000000000
0.1043296556
0.1008891044
0.1073443412
0.0
0.0000000000
0.0
0.0931214563
0.0986875395
0.0782668673
0.0970304726
0.0041666667
0.0781492612
0.0884495465
0.0041666667
0.1008891044
0.0827499337
0.0943889897
0.0735619991
0.0000000000
0.0855400219
0.1241249006
0.0000000000
0.0969400435
0.0000000000
0.0000000000
0.0000000000
0.0
0.0790400203
0.0758691952
0.0911627228
0.0000000000
0.1034991708
0.0847731595
0.0000000000
0.0
0.0000000000
0.0000000000
0.0845663957
0.0895923055
0.0000000000
0.0
0.0000000000
0.0991579282
0.0
0.0000000000
0.0000000000
0.0000000000
0.0000000000
0.0808210308
0.0062500000
0.0000000000
0.0000000000
0.0000000000
0.0761469009
0.0000000000
0.0000000000
0.0000000000
0.0671508500
0.1158314774
0.0000000000
0.0000000000
0.0000000000
0.0819028871
0.0000000000
0.0000000000
0.0000000000
0.0000000000
0.0000000000
0.0000000000
0.0000000000
0.0000000000
0.0000000000
0.0000000000
0.0000000000
0.0000000000
0.0000000000
0.0000000000
0.0000000000
0.0000000000
0.0000000000
0.0000000000
0.0000000000
