0.0
0.0
0.0
0.0
0.0
0.0
0.0
0.0
0.0
0.0
0.0
0.0
0.0
0.0
0.0
0.0
0.0
0.0
0.0
0.0
0.0
0.0
0.0
0.0
0.0
0.0
0.0
0.0
0.0
0.0
0.0
0.0000000000
0.0
0.0
0.0
0.0
0.0
0.0
0.0
0.0
0.0
0.0
0.0
0.0
0.0
0.0
0.0
0.0
0.0
0.0
0.0
0.0
0.0927672956
0.0
0.0
0.0
0.0
0.0
0.0
0.0
0.0
0.0835694051
0.0
0.0
0.0
0.0
0.0
0.0
0.0
0.0
0.0000000000
0.0
0.0
0.0
0.0
0.0
0.0
0.0
0.0
0.0
0.0
0.0
0.0
0.0
0.0
0.1305309735
0.0
0.0
0.0
0.0
0.0
0.1010273973
0.0
0.0
0.0
0.0
0.1305309735
0.0
0.0
0.0
0.0000000000
0.0
0.0084745763
0.0
0.0
0.0
0.0
0.0
0.0
0.0
0.0
0.0000000000
0.0
0.0
0.0
0.0
0.0
0.0
0.0
0.0
0.0776315789
0.0
0.1084558824
0.0793010753
0.1092592593
0.0
0.0084745763
0.0
0.0000000000
0.0
0.0
0.0
0.0
0.0
0.0
0.0
0.0000000000
0.0
0.0000000000
0.0
0.0
0.0000000000
0.0000000000
0.1038732394
0.0
0.0
0.1125954198
0.0
0.0
0.0
0.0726600985
0.0983333333
0.0
0.0
0.0
0.0
0.0
0.0
0.0752551020
0.1061151079
0.0
0.0000000000
0.0
0.0
0.0
0.0
0.0
0.0
0.0000000000
0.0
0.0
0.0
0.0
0.0
0.0
0.0
0.0
0.0
0.1038732394
0.0
0.0
0.1244725738
0.0
0.0550373134
0.0
0.0
0.0
0.0733830846
0.0617154812
0.0933544304
0.0
0.0
0.0000000000
0.0
0.0000000000
0.0
0.0
0.0127118644
0.0788770053
0.0
0.0933544304
0.0000000000
0.0824022346
0.0
0.0
0.0
0.0
0.0
0.0
0.0793010753
0.0
0.0933544304
0.0
0.1130268199
0.0970394737
0.0000000000
0.0842857143
0.0
0.1209016393
0.0000000000
0.0000000000
0.0000000000
0.0000000000
0.1042402827
0.0788770053
0.0112994350
0.1000000000
0.0899390244
0.0
0.0
0.0670454545
0.1010273973
0.0852601156
0.0
0.0
0.0768229167
0.0797297297
0.0699052133
0.0814917127
0.0000000000
0.0
0.0916149068
0.0
0.0000000000
0.0
0.0641304348
0.0000000000
0.0000000000
0.0847701149
0.0786666667
0.0000000000
0.0614583333
0.0
0.0824022346
0.0000000000
0.0930599369
0.0112994350
0.0
0.0190677966
0.0084745763
0.0084745763
0.1042402827
0.0
0.0169491525
0.0970394737
0.0893939394
0.0
0.0000000000
0.0686046512
0.0084745763
0.1189516129
0.0000000000
0.0
0.0689252336
0.0592369478
0.0000000000
0.0814917127
0.0983333333
0.0
0.0000000000
0.0000000000
0.0084745763
0.0190677966
0.0000000000
0.0000000000
0.0000000000
0.0000000000
0.0686046512
0.0000000000
0.0000000000
0.0883233533
0.0000000000
0.0000000000
0.0784574468
0.0000000000
0.0127118644
0.0000000000
0.0000000000
0.0000000000
0.0000000000
0.0000000000
0.0000000000
0.0000000000
