0.0
0.0
0.0
0.0
0.0
0.0
0.0
0.0
0.0
0.0
0.0
0.0
0.0
0.0
0.0
0.1225573399
0.0
0.0
0.0
0.0
0.0
0.0
0.0
0.0
0.0
0.0
0.0
0.0
0.0
0.1240473988
0.0
0.1218256543
0.0
0.0
0.0
0.0
0.0
0.1086377840
0.0
0.0
0.1418711270
0.0
0.0
0.0
0.1075876824
0.0
0.0
0.0
0.0
0.1305274868
0.0
0.0
0.1231738256
0.0
0.1455823812
0.0
0.0
0.0
0.0
0.0
0.0
0.0
0.0
0.0
0.0
0.0
0.0
0.0
0.0
0.0
0.1180663285
0.1290145233
0.1475117863
0.0
0.0931062986
0.0
0.1308063917
0.0
0.1241732075
0.0
0.1461035592
0.1110016161
0.0
0.1275362319
0.1089277425
0.0843795883
0.0
0.1130515075
0.1058209011
0.1100042970
0.0
0.0
0.0
0.0
0.0
0.0
0.0919180050
0.0973249464
0.0
0.0
0.0
0.1209829868
0.0000000000
0.0000000000
0.0
0.0
0.0
0.0
0.0
0.1520928977
0.1153956481
0.1174997914
0.1100042970
0.1037582903
0.0842634430
0.1242992717
0.0919180050
0.0
0.0
0.0
0.0
0.0
0.1241732075
0.1377219152
0.0
0.0997025917
0.0
0.0
0.0
0.0
0.0
0.1197992002
0.0818961757
0.0
0.0
0.1056382939
0.1234221599
0.0
0.0
0.0956521739
0.0
0.0
0.1054563158
0.0
0.1123254886
0.0
0.0963294906
0.0
0.1212225570
0.1280698563
0.0000000000
0.0
0.0846713573
0.0984994229
0.0
0.1115070880
0.1310864910
0.0
0.1044665381
0.1143181910
0.0
0.0
0.1130515075
0.1078720552
0.1115070880
0.0987377279
0.0000000000
0.0
0.0
0.1244255921
0.0
0.1323619271
0.0
0.0
0.0123517787
0.0830629461
0.0
0.0
0.1151785349
0.0070581592
0.0123517787
0.0
0.1070234114
0.0000000000
0.0098814229
0.0
0.0
0.0998652387
0.1199165354
0.1244255921
0.0
0.1389725115
0.1151785349
0.0
0.0796064906
0.1131559913
0.1117105681
0.1091219096
0.0
0.0923339235
0.1286079649
0.1176126634
0.0
0.1128431176
0.1299732299
0.0
0.0
0.1280698563
0.0000000000
0.0
0.0665044990
0.0
0.0
0.0
0.1074932244
0.0
0.1173871358
0.0
0.0931771557
0.0
0.0
0.1134706048
0.0952058963
0.1209829868
0.1100042970
0.1343960292
0.0
0.0000000000
0.0
0.0872664167
0.1177257525
0.1316503039
0.0000000000
0.0753908760
0.0964053406
0.0942531044
0.0979478261
0.0000000000
0.0
0.0977913599
0.0967863894
0.0
0.0
0.1054563158
0.1219469946
0.1072108429
0.0
0.1023702196
0.0
0.0981834664
0.1185235069
0.0
0.1078720552
0.0892381797
0.0
0.0999467613
0.0
0.1195652174
0.0082345191
0.0958018643
0.0000000000
0.0898274267
0.0
0.1240473988
0.1055472264
0.1056382939
0.0
0.0000000000
0.0
0.1151785349
0.1028863719
0.0
0.0864652420
0.1306667904
0.1086377840
0.0000000000
0.1323619271
0.0908269901
0.0949106842
0.0000000000
0.0983411909
0.1053655616
0.1267440814
0.1201518966
0.0665044990
0.0
0.0
0.1098069799
0.0000000000
0.0
0.0
0.0
0.1034951670
0.0984202433
0.0
0.0
0.1013532969
0.0082345191
0.1056382939
0.0000000000
0.1106005263
0.1159420290
0.0935330654
0.0000000000
0.0
0.1174997914
0.0
0.0840898232
0.0
0.1111023436
0.1047346301
0.1010187975
0.0000000000
0.1146393096
0.1039344504
0.1042885712
0.1077770974
0.0
0.0000000000
0.0
0.1088309179
0.1002741872
0.0838020415
0.1033204917
0.1022846973
0.0752056404
0.0950580610
0.1147467503
0.1097085866
0.0967099389
0.1120171845
0.0849651510
0.0000000000
0.0971704624
0.1305274868
0.0000000000
0.1122225322
0.0000000000
0.0000000000
0.0000000000
0.0
0.0821709950
0.0680571332
0.0734902657
0.0000000000
0.1249334516
0.0901581610
0.0000000000
0.0
0.0000000000
0.1100042970
0.0967099389
0.0929649071
0.0000000000
0.0
0.0000000000
0.0
0.0
0.0000000000
0.0000000000
0.0000000000
0.0000000000
0.0812440495
0.1050041017
0.0000000000
0.0000000000
0.0000000000
0.0862824402
0.0000000000
0.0000000000
0.0000000000
0.0820608463
0.1150702844
0.0000000000
0.0000000000
0.0000000000
0.0862216779
0.0000000000
0.0000000000
0.0000000000
0.0000000000
0.0000000000
0.0000000000
0.0000000000
0.0000000000
0.0000000000
0.0000000000
0.1102023246
0.0000000000
0.0000000000
0.1082535655
0.0000000000
0.1205066758
0.0943984446
0.0000000000
0.1013532969
0.0769546088
0.0000000000
0.0000000000
0.0000000000
0.0000000000
0.0000000000
0.0000000000
0.0000000000
0.0000000000
0.0825032228
0.1104010664
0.0000000000
0.0000000000
0.0000000000
0.0000000000
0.0000000000
0.0
0.0000000000
0.0000000000
0.0000000000
