0.0
0.0
0.0
0.0
0.0
0.0
0.1841043572
0.0
0.0
0.0
0.0
0.0
0.2632692308
0.0
0.0
0.2175778767
0.0
0.0
0.0
0.0
0.0
0.0
0.0
0.0
0.2056790865
0.0
0.0
0.1867157665
0.2089438339
0.2393356643
0.0
0.2329816201
0.1709540460
0.0
0.0
0.0
0.1655781326
0.0000000000
0.2056790865
0.0
0.1790947148
0.1964695752
0.2140400250
0.1950142450
0.2393356643
0.1803213909
0.0
0.0
0.0
0.1964695752
0.0
0.2329816201
0.1423076923
0.0
0.1766907589
0.0
0.2123138958
0.1766907589
0.2140400250
0.0000000000
0.2212346477
0.1994463869
0.0
0.2140400250
0.0000000000
0.0
0.2393356643
0.0000000000
0.1438629676
0.0
0.1803213909
0.1645432692
0.2991695804
0.1645432692
0.1894023243
0.0
0.2123138958
0.0000000000
0.0000000000
0.2581070890
0.0000000000
0.1828258547
0.0000000000
0.0000000000
0.1504395604
0.0000000000
0.0000000000
0.0000000000
0.0000000000
0.0000000000
0.0000000000
