0.0
0.0
0.0
0.0
0.0
0.0
0.0
0.0
0.0
0.0
0.0
0.0
0.0
0.0
0.0
0.0
0.0
0.0
0.0
0.0
0.0
0.0
0.0
0.0
0.0
0.0
0.0
0.0
0.0
0.0884871714
0.0
0.1151872136
0.0
0.0
0.0
0.0
0.0
0.0801848037
0.0
0.0
0.1133150519
0.0
0.0
0.0
0.0713329540
0.0
0.0
0.0
0.0
0.1065690230
0.0
0.0
0.1092046955
0.0
0.1038129276
0.0
0.0
0.0
0.0
0.0
0.0
0.0
0.0
0.0
0.0
0.0
0.0
0.0
0.0
0.0
0.1199866808
0.1009644022
0.0827908098
0.0
0.0527750182
0.0
0.1072593487
0.0
0.0836799088
0.0
0.0
0.0964787295
0.0
0.0
0.0976162827
0.1131215163
0.0
0.0961984718
0.0
0.1063978278
0.0
0.0
0.0
0.0
0.0
0.0
0.0000000000
0.0849136510
0.0
0.0
0.0
0.0915447793
0.0809690071
0.0778749533
0.0
0.0
0.0
0.0
0.0
0.1080467338
0.0928929142
0.0
0.0988546982
0.1036504661
0.0
0.1096567017
0.0
0.0
0.0
0.0
0.0
0.0
0.0990024631
0.1030858332
0.0
0.0838918908
0.0
0.0
0.0
0.0
0.0
0.0
0.0
0.0
0.0
0.0920537148
0.0954360920
0.0
0.0
0.1179566301
0.0
0.0
0.0960589526
0.0
0.0984872086
0.0
0.0034275921
0.0
0.1102040729
0.0980498117
0.0666995446
0.0
0.0
0.0
0.0
0.1100210097
0.1041393834
0.0
0.0953673835
0.1191234673
0.0
0.0
0.1093850501
0.0
0.0949572012
0.0041131105
0.0000000000
0.0
0.0
0.0888432566
0.0
0.0
0.0
0.0
0.0880168077
0.0998984130
0.0
0.0
0.0846423614
0.0000000000
0.0765253008
0.0
0.0942813492
0.0000000000
0.0812172260
0.0
0.0
0.1069130715
0.0941473316
0.1126405575
0.0
0.1071725693
0.0962683835
0.0
0.0
0.0892022193
0.0025706941
0.0861282806
0.0
0.0
0.1254406209
0.1156902145
0.0
0.0962683835
0.0911667554
0.0
0.0
0.0
0.0795587361
0.0
0.0635935169
0.0
0.0
0.0
0.0750937050
0.0
0.0
0.0
0.0000000000
0.0
0.0
0.0948891803
0.0642411715
0.0000000000
0.0
0.1123539403
0.0
0.0686348682
0.0
0.0827908098
0.0
0.0909164692
0.0
0.0948212567
0.0841049496
0.0944830925
0.1012731618
0.0000000000
0.0
0.1144903160
0.1055500364
0.0
0.0
0.0598848534
0.1178516865
0.0579970646
0.0
0.0862404268
0.0
0.0897461353
0.0
0.0
0.0
0.0
0.0
0.0966899968
0.0
0.1147879512
0.0900511867
0.0995979666
0.0025706941
0.0051413882
0.0
0.1031661181
0.0592685886
0.1005810901
0.0
0.0000000000
0.0
0.0
0.0082262211
0.0
0.0752216330
0.1047156487
0.1155892632
0.0896853728
0.1052146907
0.0797503285
0.0767469847
0.0636546351
0.0643035416
0.0878417080
0.1083117708
0.1071725693
0.0786611019
0.0
0.0
0.1219754103
0.0000000000
0.0
0.0
0.0
0.0849681178
0.0936812557
0.0
0.0
0.0000000000
0.0034275921
0.0834164330
0.0
0.0
0.0984140384
0.0923103105
0.0771492694
0.0
0.0
0.0
0.0
0.0
0.0
0.0751362993
0.1010414154
0.0
0.0960589526
0.1128324494
0.0000000000
0.1093850501
0.0
0.0000000000
0.0
0.1175379731
0.0990765113
0.0578956712
0.0000000000
0.0965490493
0.0025706941
0.1062271817
0.0907918407
0.1138996523
0.1073462687
0.0920537148
0.0
0.0837857657
0.1004285789
0.0984872086
0.0814669715
0.0914184235
0.0861843173
0.0946857010
0.1008107273
0.0
0.0
0.0
0.0908541122
0.0
0.0
0.0781967507
0.0058758722
0.0
0.0045701228
0.0943485012
0.0
0.0
0.0000000000
0.0
0.0763929041
0.0
0.0
0.0954360920
0.0000000000
0.0992993221
0.0725439735
0.0
0.0791782998
0.0
0.0817687010
0.0
0.0807715217
0.0000000000
0.0
0.0025706941
0.0000000000
0.0821235559
0.0
0.0742102497
0.0794156449
0.0720703458
0.0051413882
0.0000000000
0.0025706941
0.0761732580
0.0641789223
0.0000000000
0.0914184235
0.0877253613
0.0000000000
0.1024480245
0.0966899968
0.0051413882
0.0861282806
0.0829983055
0.0000000000
0.0895035781
0.0
0.0861843173
0.0034275921
0.0666659767
0.0997479636
0.1066548274
0.0000000000
0.0844265747
0.0068551842
0.0
0.0892623286
0.0025706941
0.0
0.0
0.0946180683
0.0657396008
0.0000000000
0.0
0.0826874505
0.0
0.0000000000
0.0000000000
0.0000000000
0.0791310010
0.0715255376
0.0635935169
0.0034275921
0.0777378495
0.0735509693
0.0000000000
0.0998984130
0.0025706941
0.1095660013
0.0816678765
0.0974009527
0.0857935853
0.0949572012
0.0687417206
0.0881926069
0.0815673003
0.0068551842
0.0000000000
0.0797503285
0.0733879754
0.0763488736
0.0777834971
0.0880168077
0.0000000000
0.0000000000
0.0025706941
0.0912295424
0.0000000000
0.0
0.1033270637
0.0000000000
0.0877834961
0.0808208027
0.0000000000
0.0
0.0025706941
0.0025706941
0.0874358387
0.0812172260
0.0950253197
0.0000000000
0.0
0.0000000000
0.0
0.0000000000
0.0051413882
0.0000000000
0.0730238675
0.0000000000
0.0000000000
0.1026862757
0.0716028625
0.0000000000
0.0051413882
0.0740443240
0.0000000000
0.0902352150
0.0659359361
0.0930887531
0.1066548274
0.0945505322
0.0725439735
0.0000000000
0.0
0.0820726739
0.0839450543
0.0861282806
0.0000000000
0.0000000000
0.0000000000
0.0000000000
0.0000000000
0.0000000000
0.0884281012
0.0777834971
0.0969731300
0.0786611019
0.0
0.0598848534
0.0720311559
0.0000000000
0.0025706941
0.0000000000
0.0000000000
0.0674123642
0.0902352150
0.0000000000
0.0000000000
0.0000000000
0.0851319381
0.0000000000
0.0000000000
0.0000000000
0.0000000000
0.0000000000
0.0000000000
0.0000000000
0.0000000000
0.0000000000
0.0899289176
0.0574188538
0.0000000000
0.0000000000
0.0034275921
0.0995979666
0.0733067491
0.0000000000
0.0000000000
0.0737968221
0.0849136510
0.0000000000
0.0000000000
0.0000000000
0.0000000000
0.0058758722
0.0025706941
0.0000000000
0.0877253613
0.0000000000
0.0000000000
0.0000000000
0.0000000000
0.0730238675
0.0000000000
0.0000000000
0.0000000000
0.0000000000
0.0927628121
0.0000000000
0.0658703608
0.0000000000
0.0000000000
0.0787546347
0.0000000000
0.0000000000
0.0000000000
0.0041131105
0.0000000000
0.0000000000
0.0000000000
0.0000000000
0.0000000000
0.0000000000
0.0000000000
0.0
0.0000000000
0.0846964806
0.0000000000
0.0000000000
0.0000000000
0.0697185766
0.0000000000
0.0000000000
0.0034275921
0.0740029585
0.0025706941
0.0000000000
0.0000000000
0.0025706941
0.0000000000
0.0000000000
0.0000000000
0.0000000000
0.0000000000
0.0000000000
0.0000000000
0.0000000000
0.0000000000
0.0000000000
0.0000000000
0.0000000000
0.0843190933
0.0000000000
0.0000000000
0.0000000000
0.0900511867
0.0000000000
0.0000000000
0.0000000000
0.0000000000
0.0000000000
0.0000000000
0.0000000000
0.0000000000
0.0000000000
0.0000000000
0.0000000000
0.0000000000
0.0000000000
