0.0
0.0
0.0
0.0
0.1163354923
0.0
0.1380418833
0.0
0.0
0.1141111043
0.0
0.1048859535
0.0
0.1279773571
0.0
0.1204847393
0.0
0.1324262741
0.0
0.0
0.1388986211
0.0932016255
0.0
0.0
0.0
0.1184912790
0.1181784307
0.1136042656
0.1260847342
0.1227144089
0.0
0.0
0.1359455752
0.1215480805
0.1306863668
0.1263516744
0.1367764114
0.1086409724
0.1217961378
0.0
0.0
0.1414220558
0.1354314089
0.1281605745
0.0
0.1327207729
0.1399846150
0.1241611114
0.1128879714
0.1108608809
0.1065716206
0.1045185771
0.1396570379
0.0
0.1267093578
0.0
0.1212189049
0.0
0.0988626850
0.1318411801
0.0
0.0
0.1195994139
0.1024258138
0.0
0.1304958619
0.0
0.0883277368
0.1103824430
0.1266197472
0.1316472960
0.1371956495
0.1109983401
0.1359455752
0.1085750895
0.1144027620
0.0
0.0827358237
0.0876789043
0.1132449858
0.1182564878
0.1247667753
0.1310690502
0.0
0.1273402010
0.1180226253
0.1214656191
0.0
0.0921937809
0.0917214767
0.1259073998
0.0
0.1185697501
0.1087069354
0.0765129584
0.0
0.0890747874
0.1229672545
0.1203227974
0.1197594131
0.1281605745
0.1226303579
0.0872941602
0.1026019041
0.1161845052
0.1304008176
0.0
0.0911610604
0.1334130571
0.0
0.1181004766
0.1284363864
0.1112051693
0.1138933350
0.1081814638
0.1078556160
0.1290845873
0.0
0.1087069354
0.1348195200
0.1153610326
0.1205658738
0.0938366471
0.1184912790
0.0026881720
0.1271593200
0.0
0.1034915159
0.0000000000
0.1277946628
0.0
0.0
0.1112742838
0.0020161290
0.1252906386
0.1028967371
0.1074671804
0.1174034902
0.1253783772
0.1249409090
0.1184129118
0.1245931264
0.1236466316
0.0
0.0880237574
0.1356366080
0.1239033374
0.0020161290
0.1339119840
0.0999108943
0.1201612903
0.1348195200
0.1161845052
0.1162599497
0.1216306539
0.1074027130
0.0000000000
0.0000000000
0.1117605010
0.1051940791
0.1230517681
0.0000000000
0.0020161290
0.0949312421
0.1134602805
0.0986448058
0.1181784307
0.0956923156
0.1056908634
0.1290845873
0.0
0.0
0.0727510453
0.0
0.1192806946
0.1036112978
0.0
0.1197594131
0.1123919162
0.0
0.0949312421
0.1107922788
0.1047632081
0.1280689003
0.1004152118
0.1102465041
0.1254662387
0.0
0.0947303294
0.1107922788
0.1122509859
0.1305910449
0.1120402519
0.0988081250
0.1259073998
0.1021919649
0.1065716206
0.1333137175
0.1133884247
0.0
0.0
0.1065716206
0.1230517681
0.0
0.1107237616
0.0026881720
0.0
0.1223788945
0.0
0.0990267271
0.1001904435
0.1255542234
0.0
0.1005844509
0.0857883673
0.1167146823
0.1034915159
0.1074027130
0.0
0.1277946628
0.0000000000
0.1245064830
0.1249409090
0.0026881720
0.0
0.1199198410
0.0040322581
0.0000000000
0.1094378500
0.1360488773
0.1004152118
0.1233060073
0.0
0.1395481860
0.1172497201
0.1013244610
0.0
0.0
0.1211368894
0.0
0.1213832695
0.0000000000
0.0903787595
0.0000000000
0.1126748411
0.0860770782
0.1181784307
0.0020161290
0.1184129118
0.1162599497
0.0890747874
0.0000000000
0.1089715901
0.1203227974
0.0820157227
0.0751008065
0.1227144089
0.1072097740
0.1318411801
0.0000000000
0.0
0.0000000000
0.0969357458
0.1008677874
0.1030744517
0.1036712928
0.1105187176
0.1078556160
0.0020161290
0.0000000000
0.0776747603
0.1364636605
0.0923840674
0.1076610479
0.0
0.0
0.1206471176
0.0000000000
0.0811974252
0.0
0.0932016255
0.1107237616
0.0999108943
0.0020161290
0.1252030228
0.1060665418
0.0
0.0020161290
0.0040322581
0.1237320819
0.0
0.0916745123
0.1056285089
0.0961548456
0.1091709284
0.1076610479
0.1138933350
0.0000000000
0.0936403361
0.1197594131
0.0000000000
0.0998551715
0.1027786008
0.1000225266
0.0957947151
0.0990815288
0.1192806946
0.0026881720
0.0910683228
0.0000000000
0.1010956085
0.1181784307
0.0000000000
0.0
0.0000000000
0.1217961378
0.0
0.0997439123
0.1033720107
0.1144759096
0.1050706118
0.1092375367
0.0791163600
0.0
0.0000000000
0.0040322581
0.0040322581
0.0026881720
0.0000000000
0.1046407496
0.0000000000
0.1020754405
0.1200002162
0.0000000000
0.1043966896
0.1000784363
0.1171729860
0.0000000000
0.1113434842
0.1121806532
0.1214656191
0.1005279745
0.0040322581
0.0
0.1012099054
0.0920515797
0.0000000000
0.0
0.0930563007
0.1180226253
0.0920515797
0.0000000000
0.1001904435
0.0020161290
0.1154354111
0.0954881720
0.0727510453
0.0020161290
0.0785954006
0.1034915159
0.0000000000
0.0
0.0999666793
0.1133166599
0.0858706583
0.0000000000
0.0959487259
0.1085750895
0.0000000000
0.1234760845
0.0848934673
0.0000000000
0.1013244610
0.0000000000
0.0000000000
0.0859118630
0.1107237616
0.0000000000
0.1098406887
0.0820157227
0.0000000000
0.0000000000
0.0878941201
0.0000000000
0.0799644138
0.0876359876
0.1146224856
0.0000000000
0.0820157227
0.0000000000
0.0000000000
0.0000000000
0.0857883673
0.0000000000
0.0000000000
0.0000000000
0.0020161290
0.1155098855
0.0020161290
0.0026881720
0.1195195745
0.0899248230
0.0883277368
0.1117605010
0.0000000000
0.0000000000
0.0921937809
0.0000000000
0.0
0.0000000000
0.0799644138
0.1259073998
0.0000000000
0.0000000000
0.0026881720
0.0866603691
0.0989173053
0.1193602151
0.0891635073
0.0000000000
0.0000000000
0.0892524041
0.0878941201
0.0026881720
0.0020161290
0.0000000000
0.0000000000
0.0000000000
0.0000000000
0.0040322581
0.0
0.0
0.0000000000
0.0000000000
0.0000000000
0.0000000000
0.0000000000
0.1076610479
0.1023087558
0.1014392762
0.0000000000
0.0026881720
0.0026881720
0.0020161290
0.0020161290
0.0850952104
0.0000000000
0.0020161290
0.1152867499
0.0905616199
0.0000000000
0.0902420981
0.0000000000
0.0801075269
0.0000000000
0.1137486166
0.1123214069
0.1101786600
0.0801075269
0.0000000000
0.0000000000
0.0000000000
0.0835076131
0.0020161290
0.0000000000
0.0000000000
0.0801075269
0.0000000000
0.0000000000
0.0026881720
0.0849740496
0.0000000000
0.0000000000
0.0000000000
0.0000000000
0.0020161290
0.0000000000
0.0000000000
0.0000000000
0.0000000000
0.0020161290
0.0000000000
0.0988081250
0.0000000000
0.0000000000
0.0000000000
0.0981042863
0.0000000000
0.0000000000
0.0000000000
0.0000000000
0.0000000000
0.0000000000
0.0000000000
0.0000000000
0.0000000000
0.0000000000
0.0000000000
0.0000000000
0.0000000000
0.0020161290
0.0000000000
0.0000000000
0.0000000000
0.0000000000
0.0026881720
0.0000000000
0.0000000000
0.0000000000
0.0000000000
0.0000000000
0.1000225266
0.0000000000
0.0000000000
0.0000000000
0.0000000000
0.0000000000
0.0000000000
0.0020161290
0.0000000000
0.0000000000
0.0000000000
0.0785954006
0.0000000000
0.0862014071
0.0020161290
0.0000000000
0.0000000000
0.0000000000
0.0020161290
0.0000000000
0.0000000000
0.0000000000
0.0000000000
0.0000000000
0.0000000000
0.0000000000
0.0000000000
0.0000000000
0.0000000000
0.0000000000
0.0000000000
0.0000000000
0.0000000000
0.0000000000
0.0000000000
0.0000000000
0.0000000000
0.0000000000
0.0000000000
0.0000000000
0.0000000000
0.0000000000
0.0000000000
0.0000000000
0.0000000000
0.0000000000
0.0000000000
0.0000000000
0.0000000000
0.0000000000
0.0000000000
0.0000000000
0.0000000000
0.0000000000
0.0000000000
0.0000000000
0.0000000000
0.0000000000
0.0000000000
