0.0
0.0
0.0
0.0
0.0
0.0
0.0
0.0
0.0
0.0
0.0
0.0
0.0
0.0
0.0
0.0
0.0
0.0
0.0
0.0
0.0
0.0
0.0
0.0
0.0
0.0
0.0
0.0
0.0
0.0
0.0
0.0
0.0
0.0
0.0
0.0
0.0
0.0
0.0
0.0
0.0
0.0
0.0000000000
0.0654277971
0.0
0.0
0.0
0.0
0.0
0.0
0.0
0.0
0.0
0.0
0.0
0.0
0.0
0.0
0.0
0.0
0.0966680967
0.0
0.0
0.0
0.0
0.0
0.0
0.0
0.0
0.0
0.0
0.0701317564
0.0
0.0
0.0
0.0662355477
0.0
0.0
0.0
0.1219336219
0.0
0.0
0.0
0.0
0.0
0.0
0.0158730159
0.0
0.0
0.0
0.0
0.0476190476
0.0
0.0
0.0
0.0
0.0
0.0
0.0
0.0
0.0
0.0000000000
0.0
0.0000000000
0.0
0.0
0.0
0.0800758114
0.0
0.0158730159
0.0
0.0000000000
0.0
0.0
0.0
0.0
0.0000000000
0.0
0.0000000000
0.0285714286
0.0909335486
0.0000000000
0.0
0.0
0.0
0.0
0.0
0.0
0.0285714286
0.0
0.0
0.0
0.0
0.0993533216
0.0
0.0
0.0
0.0909335486
0.0000000000
0.1277399849
0.0
0.1153780509
0.0
0.0
0.0
0.0
0.0
0.0
0.0
0.0
0.0158730159
0.0
0.0000000000
0.0984418232
0.0
0.0831795250
0.0687830688
0.0000000000
0.0696763554
0.0984418232
0.0
0.1021919879
0.0000000000
0.0158730159
0.0771953865
0.0
0.0000000000
0.0573805280
0.0000000000
0.0
0.0000000000
0.0800758114
0.0285714286
0.0696763554
0.0158730159
0.1041762984
0.0819096086
0.0788982260
0.0000000000
0.0000000000
0.0
0.0838293651
0.1262371615
0.0158730159
0.0000000000
0.0000000000
0.0000000000
0.0000000000
0.0000000000
0.0000000000
0.0894179894
0.0000000000
0.0000000000
0.0000000000
0.0000000000
0.0000000000
