0.0
0.0
0.0
0.0
0.0
0.1859716860
0.0
0.0270270270
0.0
0.0
0.0
0.0270270270
0.1394787645
0.0
0.0
0.0
0.0
0.0
0.0000000000
0.0
0.1816467630
0.0270270270
0.0270270270
0.1473737889
0.0
0.1775184275
0.1069974084
0.1346691519
0.1627252252
0.0000000000
0.0000000000
0.1905075808
0.1132001567
0.1323866239
0.0
0.0270270270
0.0
0.1370317686
0.0000000000
0.1001386001
0.0000000000
0.0000000000
0.0
0.0000000000
0.1627252252
0.1259808195
0.1301801802
0.1627252252
0.1370317686
0.0000000000
0.0000000000
0.0000000000
0.0000000000
0.0270270270
0.0000000000
0.0000000000
0.0000000000
