0.0
0.0
0.0
0.0
0.0
0.0
0.0
0.0
0.0
0.0
0.0
0.0
0.0
0.0
0.0
0.0
0.0
0.0
0.0
0.0
0.0
0.0
0.0
0.0
0.0
0.0
0.0
0.0
0.0
0.0
0.0
0.0
0.0
0.0
0.0
0.0
0.0
0.0
0.0
0.0
0.0
0.0
0.0
0.0
0.0
0.0
0.0
0.0
0.0
0.0
0.0
0.0
0.0771604938
0.0
0.0
0.0
0.0
0.0
0.0
0.0
0.0
0.0941619586
0.0
0.0
0.0
0.0
0.0
0.0
0.0
0.0
0.0
0.0
0.0
0.0
0.0
0.0
0.0
0.0
0.0
0.0
0.0
0.0
0.0
0.0
0.0
0.0000000000
0.0
0.0
0.0
0.0
0.0
0.0
0.0
0.0
0.0
0.0
0.0773395205
0.0
0.0
0.0
0.0
0.0
0.0
0.0
0.0
0.0
0.0
0.0
0.0
0.0
0.0
0.0068027211
0.0
0.0
0.0
0.0
0.0
0.0
0.0
0.0
0.1019367992
0.0
0.0090702948
0.0
0.0793650794
0.0
0.0000000000
0.0
0.0915750916
0.0
0.0
0.0
0.0
0.0
0.0
0.0
0.0661375661
0.0
0.0136054422
0.0
0.0
0.0825082508
0.0
0.0
0.0
0.0
0.0666666667
0.0
0.0
0.0
0.0068027211
0.0759301443
0.0
0.0
0.0
0.0
0.0
0.0
0.0000000000
0.0685871056
0.0
0.0000000000
0.0
0.0
0.0
0.0
0.0
0.0
0.0669344043
0.0
0.0
0.0
0.0
0.0
0.0
0.0
0.0
0.0
0.0
0.0
0.0
0.0
0.0
0.0
0.0
0.0
0.0
0.1007049345
0.0000000000
0.0
0.0
0.0
0.0090702948
0.0
0.0
0.0
0.0
0.0000000000
0.0
0.0
0.0665335995
0.0835421888
0.0
0.0
0.0
0.0
0.0
0.0
0.0
0.0000000000
0.0
0.0
0.0
0.0925925926
0.0777000777
0.0
0.0136054422
0.0
0.0795544948
0.0000000000
0.0068027211
0.0181405896
0.0492368291
0.1025641026
0.0546448087
0.0949667616
0.0683060109
0.0068027211
0.0
0.0
0.1111111111
0.0000000000
0.0661375661
0.0
0.0
0.0718390805
0.0000000000
0.0
0.0863557858
0.0684462697
0.0
0.0000000000
0.0
0.0000000000
0.0
0.0718390805
0.0627746390
0.0136054422
0.0707714084
0.0000000000
0.0000000000
0.0
0.0
0.0872600349
0.0000000000
0.0944287063
0.0068027211
0.0
0.0000000000
0.0068027211
0.0920810313
0.0683060109
0.0
0.0977517107
0.0
0.0
0.0
0.0
0.0
0.0
0.0
0.0807102502
0.0
0.0
0.0913242009
0.0068027211
0.0
0.0600600601
0.0
0.0
0.0481000481
0.0677506775
0.0000000000
0.0
0.0000000000
0.0718390805
0.0000000000
0.0846023689
0.0
0.0000000000
0.0
0.0
0.0
0.0609384522
0.0000000000
0.0068027211
0.0
0.0
0.0068027211
0.0797448166
0.0
0.0846023689
0.0
0.0598444045
0.0000000000
0.0000000000
0.0989119683
0.0795544948
0.0000000000
0.0
0.0
0.0
0.0000000000
0.0
0.0
0.0068027211
0.0000000000
0.0719942405
0.0000000000
0.0446827525
0.0
0.0068027211
0.0
0.0090702948
0.0000000000
0.0587889477
0.0000000000
0.0552791598
0.0841750842
0.0000000000
0.0541125541
0.0090702948
0.0868055556
0.0555555556
0.0490918017
0.0624219725
0.0000000000
0.0766283525
0.0217687075
0.0552791598
0.0000000000
0.0000000000
0.0739098300
0.0
0.0000000000
0.0
0.0000000000
0.0
0.0534188034
0.0
0.0813008130
0.0
0.0788022065
0.0949667616
0.0000000000
0.0683060109
0.0552791598
0.0136054422
0.0000000000
0.0900900901
0.0000000000
0.0068027211
0.0068027211
0.0719942405
0.0704721635
0.0000000000
0.0068027211
0.0000000000
0.0000000000
0.0000000000
0.0000000000
0.0120937264
0.0000000000
0.0000000000
0.0000000000
0.0000000000
0.0000000000
0.0000000000
0.0000000000
0.0000000000
0.0000000000
