0.0
0.0
0.0
0.0
0.0
0.0
0.0
0.0
0.0
0.0
0.0
0.0
0.0
0.0
0.0
0.0
0.0
0.0
0.0
0.0
0.0
0.0
0.0
0.0
0.0
0.0
0.0
0.0
0.0
0.0
0.0
0.0
0.0
0.0
0.0
0.0
0.0
0.0
0.0
0.0
0.0
0.0
0.0
0.0
0.0
0.0
0.0
0.0
0.0
0.0
0.0
0.0
0.0
0.0
0.0
0.0
0.0
0.0
0.0
0.0
0.1066919192
0.0
0.0
0.0
0.0
0.0
0.0
0.0
0.0
0.0
0.0
0.0
0.0
0.0
0.0
0.1066919192
0.0
0.0
0.0
0.1035539216
0.0
0.0
0.0
0.0
0.0
0.0
0.0872033024
0.0
0.0
0.0
0.0
0.1144986450
0.0
0.0
0.0
0.0
0.0
0.0
0.0
0.0
0.0
0.0
0.0
0.0
0.0
0.0
0.0
0.0
0.0
0.1316199377
0.0
0.0
0.0
0.0
0.0
0.0
0.0
0.0
0.1341269841
0.0998817967
0.0
0.0773809524
0.0
0.0
0.0
0.0
0.0
0.0
0.0
0.0
0.0
0.0
0.0
0.1367313916
0.0
0.0
0.0
0.1298003072
0.0
0.1274509804
0.0
0.1066919192
0.0
0.0
0.0
0.0
0.0
0.0
0.0
0.0
0.1268768769
0.0
0.0104166667
0.0
0.0
0.0
0.1193502825
0.0
0.0104166667
0.0
0.0
0.0104166667
0.0
0.0104166667
0.1027980535
0.0
0.0
0.0899893504
0.0
0.0
0.0
0.0998817967
0.0
0.0
0.0
0.0000000000
0.0
0.0
0.0
0.0000000000
0.0
0.0
0.1354166667
0.0981416957
0.0138888889
0.0
0.0
0.0
0.1050995025
0.0
0.0
0.0833333333
0.0971264368
0.0
0.0
0.0
0.0
0.0
0.0856129686
0.0
0.0
0.0
0.0
0.0
0.0104166667
0.0208333333
0.1219336219
0.0
0.0
0.0773809524
0.0
0.0
0.0
0.0000000000
0.0899893504
0.1079182631
0.0
0.1020531401
0.0872033024
0.0
0.0104166667
0.0
0.0899893504
0.0929592959
0.0
0.0104166667
0.0
0.0104166667
0.1208869814
0.0753119430
0.1183473389
0.0
0.0656565657
0.1292048930
0.0
0.1328616352
0.0104166667
0.0
0.0
0.0
0.0869341564
0.0902777778
0.0899893504
0.0000000000
0.0208333333
0.0
0.0000000000
0.0
0.0138888889
0.0753119430
0.0773809524
0.0
0.0104166667
0.0000000000
0.0866666667
0.0
0.0
0.0104166667
0.0000000000
0.0664308176
0.0
0.0751111111
0.0974625144
0.0104166667
0.0
0.1050995025
0.0
0.0000000000
0.1009557945
0.0853535354
0.0000000000
0.0138888889
0.0000000000
0.0104166667
0.1066919192
0.0745149912
0.0104166667
0.0000000000
0.0000000000
0.0000000000
0.0000000000
0.0755138517
0.0000000000
0.0000000000
0.0138888889
0.0000000000
0.0000000000
0.0000000000
0.0000000000
0.0000000000
0.0000000000
0.0000000000
0.0000000000
