0.0
0.0
0.0
0.0
0.0
0.0
0.0
0.0
0.0
0.0
0.0
0.0
0.0
0.0
0.0
0.0
0.0
0.0
0.0
0.0
0.0
0.0
0.0
0.0
0.0
0.0
0.0
0.0
0.0
0.0798240232
0.0
0.1030179240
0.0
0.0
0.0
0.0
0.0
0.0844271724
0.0
0.0
0.1066372341
0.0
0.0
0.0
0.0842556887
0.0
0.0
0.0
0.0
0.1141703231
0.0
0.0
0.1050174280
0.0
0.1100315227
0.0
0.0
0.0
0.0
0.0
0.0
0.0
0.0
0.0
0.0
0.0
0.0
0.0
0.0
0.0
0.1166313516
0.0986880668
0.0986880668
0.0
0.0915041560
0.0
0.1001171779
0.0
0.0794672108
0.0
0.0
0.0924559080
0.0
0.0
0.0919775700
0.1156558106
0.0
0.0906377656
0.0
0.1010931374
0.0
0.0
0.0
0.0
0.0
0.0
0.0000000000
0.0808613724
0.0
0.0
0.0
0.0934978604
0.0751029886
0.0811249362
0.0
0.0
0.0
0.0
0.0
0.1134417978
0.0916389191
0.0
0.0901127098
0.0924559080
0.1075589042
0.0996362307
0.0
0.0
0.0
0.0
0.0
0.0
0.0906377656
0.0949966810
0.0
0.0897228927
0.0
0.0
0.0
0.0
0.0
0.0
0.0
0.0
0.0
0.0890169186
0.0939212469
0.0
0.0
0.1248201125
0.0
0.0
0.0912358154
0.0
0.1047522325
0.0
0.0027173913
0.0
0.1061822971
0.0894648829
0.0081521739
0.0
0.0
0.0
0.0
0.1168503776
0.0993974858
0.0
0.0952147300
0.1114106107
0.0
0.0
0.1131324111
0.0
0.0880719407
0.0749221265
0.0000000000
0.0
0.0
0.0901127098
0.0
0.0899173787
0.0
0.0
0.0890806386
0.0949966810
0.0
0.0
0.0777785326
0.0652915279
0.0772954361
0.0
0.0839714252
0.0000000000
0.0735059966
0.0
0.0
0.1044007149
0.1001171779
0.1123155706
0.0
0.1144854206
0.1129270891
0.0
0.0
0.0934978604
0.0854122527
0.0844271724
0.0
0.0
0.1300372541
0.0997960322
0.0
0.1040515486
0.0882593278
0.0
0.0
0.0
0.0000000000
0.0
0.0886365044
0.0
0.0
0.0
0.0048913043
0.0
0.0
0.0
0.0000000000
0.0
0.0
0.0855296579
0.0027173913
0.0000000000
0.0
0.1081195935
0.0
0.0711524598
0.0
0.0947796285
0.0
0.0918418097
0.0
0.0968448655
0.0783169617
0.0838582562
0.1011753270
0.0000000000
0.0
0.1158711845
0.1100315227
0.0
0.0
0.0048913043
0.1233356315
0.0804432141
0.0
0.0855296579
0.0
0.0858245877
0.0
0.0
0.0
0.0
0.0
0.1076519482
0.0
0.1255758347
0.0861811996
0.0943484853
0.0027173913
0.0054347826
0.0
0.1082136106
0.0036231884
0.0801324225
0.0
0.0000000000
0.0
0.0
0.0086956522
0.0
0.0631383319
0.1034460949
0.1167407619
0.0940632292
0.1113109590
0.0774397338
0.0815502308
0.0737237276
0.0739427523
0.0929392473
0.1111121894
0.1103241597
0.0844844889
0.0
0.0
0.1285595580
0.0000000000
0.0
0.0
0.0
0.0889532896
0.0860025240
0.0
0.0
0.0000000000
0.0036231884
0.0835205719
0.0
0.0
0.0899173787
0.0892723473
0.0780713000
0.0
0.0
0.0
0.0
0.0
0.0
0.0630743295
0.0975279406
0.0
0.1002785271
0.1154412358
0.0908362425
0.1046641313
0.0
0.0000000000
0.0
0.1117106393
0.1051949723
0.0027173913
0.0000000000
0.1149082661
0.0969958318
0.1021721282
0.0826332352
0.1039646217
0.1083077913
0.0913697887
0.0
0.0027173913
0.1025932829
0.1044007149
0.0810193048
0.0933575785
0.0835766636
0.0969202899
0.0903088913
0.0
0.1071883309
0.0831855964
0.0987663906
0.1021721282
0.0
0.0873302822
0.0027173913
0.0
0.0048309179
0.0999563471
0.0
0.0
0.0000000000
0.0
0.0859431300
0.0
0.0
0.0928698897
0.0000000000
0.0938504164
0.0815502308
0.0
0.0805995157
0.0
0.0000000000
0.0
0.0749672603
0.0000000000
0.0
0.0027173913
0.0000000000
0.0819800080
0.0
0.0036231884
0.0949242198
0.0729458688
0.0027173913
0.0000000000
0.0027173913
0.0620367159
0.0648492195
0.0000000000
0.0835766636
0.0913027529
0.0000000000
0.0784651023
0.0781693795
0.0000000000
0.0844271724
0.0689449597
0.0000000000
0.0939212469
0.0
0.0707077569
0.0036231884
0.0569806100
0.1040515486
0.0905059289
0.0000000000
0.0889532896
0.0072463768
0.0
0.0944200699
0.0027173913
0.0
0.0
0.0963947732
0.0614850060
0.0000000000
0.0
0.0977577786
0.0
0.0000000000
0.0000000000
0.0000000000
0.0836890734
0.0711524598
0.0736364806
0.0000000000
0.0810193048
0.0690597404
0.0000000000
0.1014226994
0.0000000000
0.0928006355
0.0000000000
0.0992389571
0.0817108681
0.0901780088
0.0712339165
0.0925934912
0.0764408183
0.0027173913
0.0000000000
0.0774397338
0.0777785326
0.0000000000
0.0810193048
0.0840849001
0.0000000000
0.0000000000
0.0027173913
0.0949966810
0.0000000000
0.0
0.1063638053
0.0728178187
0.0817108681
0.0800808573
0.0000000000
0.0
0.0027173913
0.0027173913
0.0693290541
0.0734192638
0.1001977876
0.0000000000
0.0
0.0000000000
0.0000000000
0.0000000000
0.0054347826
0.0000000000
0.0869641175
0.0000000000
0.0000000000
0.0885734179
0.0675967692
0.0000000000
0.0054347826
0.0687165390
0.0000000000
0.0783662797
0.0054347826
0.0829637681
0.0888897516
0.0912358154
0.0844271724
0.0000000000
0.0
0.0809139481
0.0799779256
0.0844271724
0.0000000000
0.0000000000
0.0000000000
0.0000000000
0.0000000000
0.0000000000
0.0849458377
0.0810193048
0.0974515679
0.0844844889
0.0869641175
0.0048913043
0.0718923467
0.0000000000
0.0027173913
0.0000000000
0.0000000000
0.0560818622
0.0000000000
0.0000000000
0.0000000000
0.0000000000
0.0000000000
0.0000000000
0.0000000000
0.0000000000
0.0000000000
0.0000000000
0.0000000000
0.0000000000
0.0000000000
0.0000000000
0.0000000000
0.0654632573
0.0000000000
0.0000000000
0.0000000000
0.0000000000
0.0027173913
0.0000000000
0.0000000000
0.0771995361
0.0808613724
0.0000000000
0.0000000000
0.0000000000
0.0000000000
0.0664064313
0.0000000000
0.0000000000
0.0913027529
0.0000000000
0.0000000000
0.0000000000
0.0000000000
0.0000000000
0.0000000000
0.0000000000
0.0000000000
0.0000000000
0.0000000000
0.0000000000
0.0000000000
0.0000000000
0.0000000000
0.0747421334
0.0000000000
0.0000000000
0.0000000000
0.0000000000
0.0000000000
0.0000000000
0.0000000000
0.0000000000
0.0000000000
0.0000000000
0.0000000000
0.0000000000
0.0000000000
0.0027173913
0.0000000000
0.0000000000
0.0000000000
0.0732033248
0.0000000000
0.0000000000
0.0000000000
0.0027173913
0.0000000000
0.0000000000
0.0000000000
0.0000000000
0.0000000000
