0.0
0.0
0.0
0.0
0.0
0.0
0.2067307692
0.0
0.0
0.0
0.0
0.0
0.3119095816
0.0
0.0
0.2486551910
0.0
0.0
0.0
0.0
0.0
0.0
0.0
0.0
0.0
0.0
0.0
0.1661574407
0.0
0.2354814060
0.0
0.2222355769
0.2693764569
0.0
0.0
0.0
0.2208552317
0.0000000000
0.2735207101
0.0
0.2142029657
0.2386422303
0.2194919278
0.1901480872
0.2614536199
0.1881359381
0.0
0.0
0.0
0.2279339250
0.0
0.2633903134
0.1943043296
0.0
0.1760281797
0.0
0.2043545535
0.2452254642
0.2576644370
0.0
0.2595451993
0.2279339250
0.0
0.0
0.1709504438
0.0
0.2418890633
0.0000000000
0.1709504438
0.0
0.1997623163
0.1814167975
0.3065318302
0.0
0.2168151970
0.0
0.2308941059
0.0000000000
0.2279339250
0.2735207101
0.2486551910
0.2370512821
0.2008909170
0.1986463257
0.2043545535
0.1580341880
0.2008909170
0.0000000000
0.1580341880
0.1623638918
0.0
0.1997623163
0.0
0.0000000000
0.0000000000
0.0000000000
0.0000000000
0.0000000000
