0.0
0.0
0.0
0.0
0.0
0.0
0.0
0.0
0.0
0.0
0.0
0.0
0.0
0.0
0.0
0.0
0.0
0.0
0.0
0.0
0.0
0.0
0.0
0.0
0.0
0.0
0.0
0.0
0.0
0.0
0.0
0.0158730159
0.0
0.0
0.0
0.0
0.0
0.0
0.0
0.0
0.0
0.0
0.0
0.0119047619
0.0
0.0
0.0
0.0
0.0
0.0
0.0
0.0
0.0000000000
0.0
0.0
0.0
0.0
0.0
0.0
0.0
0.0
0.0214285714
0.0
0.0
0.0178571429
0.0
0.0
0.0
0.0
0.0
0.0732600733
0.0
0.0
0.0
0.0
0.0
0.0
0.0
0.0238095238
0.0
0.0
0.0
0.0
0.0
0.0
0.0119047619
0.0
0.0
0.0
0.0
0.0
0.0000000000
0.0
0.0
0.0
0.0
0.0000000000
0.0
0.0
0.0
0.0214285714
0.0
0.0466853408
0.0
0.0
0.0
0.0
0.0
0.0
0.0
0.0178571429
0.0267857143
0.0
0.0
0.0
0.0
0.0
0.0
0.0
0.0
0.0000000000
0.0
0.0700280112
0.0587889477
0.0476190476
0.0821018062
0.0000000000
0.0
0.0119047619
0.0
0.0
0.0
0.0
0.0380952381
0.0267857143
0.0
0.0267857143
0.0
0.0587889477
0.0
0.0
0.0317460317
0.0476190476
0.0547345375
0.0
0.0
0.0000000000
0.0158730159
0.0
0.0
0.0643500644
0.0000000000
0.0211640212
0.0
0.0
0.0
0.0
0.0
0.0573723465
0.0238095238
0.0
0.0158730159
0.0
0.0
0.0
0.0
0.0
0.0
0.0000000000
0.0
0.0
0.0
0.0178571429
0.0214285714
0.0
0.0
0.0
0.0
0.0449236298
0.0
0.0
0.0744047619
0.0
0.0000000000
0.0457875458
0.0238095238
0.0
0.0267857143
0.0178571429
0.0000000000
0.0
0.0547345375
0.0000000000
0.0
0.0000000000
0.0
0.0119047619
0.0000000000
0.0000000000
0.0
0.0238095238
0.0000000000
0.0000000000
0.0
0.0
0.0119047619
0.0
0.0000000000
0.0700280112
0.0000000000
0.0000000000
0.0387146729
0.0
0.0512032770
0.0000000000
0.0000000000
0.0357142857
0.0
0.0547345375
0.0119047619
0.0000000000
0.0119047619
0.0119047619
0.0700280112
0.0000000000
0.0000000000
0.0898472597
0.0000000000
0.0158730159
0.0000000000
0.0119047619
0.0000000000
0.0000000000
0.0000000000
0.0119047619
0.0000000000
0.0000000000
