0.0
0.0
0.0
0.0
0.1425632753
0.0
0.1689638818
0.0
0.0
0.1325069447
0.0
0.1462633909
0.0
0.1339895399
0.0
0.1415103708
0.1072816585
0.1148711283
0.0
0.1570533131
0.0989695465
0.0799020192
0.0
0.0
0.0
0.1279072377
0.1064472456
0.1404729047
0.1478433966
0.1358901007
0.0
0.0
0.1530391709
0.1388442333
0.1444985234
0.1455965365
0.1315968695
0.1034584460
0.0771978413
0.0
0.0
0.1634855307
0.1358901007
0.1062112206
0.0
0.1347433488
0.1005273043
0.1312363301
0.0856909848
0.1185674765
0.1268907563
0.1289401359
0.1315968695
0.1197531513
0.1410935508
0.1471620906
0.1242574851
0.1677802469
0.1032354752
0.1508701118
0.0
0.1128416031
0.0000000000
0.1455965365
0.0
0.1380439784
0.0
0.1432025725
0.1250685653
0.1165480791
0.1392478503
0.1386433010
0.1303435660
0.1353142952
0.1303435660
0.1415103708
0.1158434353
0.1175491055
0.1026822304
0.1076432820
0.1231394872
0.1527950893
0.1268907563
0.0
0.1421402389
0.1191573644
0.1400621652
0.0873313774
0.0936486031
0.0000000000
0.1610126404
0.0
0.0690717527
0.1094885954
0.1155639578
0.1165480791
0.0000000000
0.1287668293
0.0988674107
0.1287668293
0.1091144886
0.1178382792
0.1058591392
0.1217312846
0.1010575116
0.1557764569
0.0
0.1010575116
0.1390457489
0.0
0.1107543595
0.1164064654
0.0000000000
0.1029028153
0.0042016807
0.1232979678
0.1029028153
0.1045879050
0.0000000000
0.1220414280
0.1024625893
0.0000000000
0.0042016807
0.0000000000
0.0000000000
0.1169749951
0.0056022409
0.1232979678
0.1301664688
0.0985622644
0.0
0.0
0.0042016807
0.0000000000
0.1402672343
0.0000000000
0.1223531558
0.0963808058
0.0000000000
0.1191573644
0.1069224565
0.1270590464
0.1019175755
0.0
0.1260559487
0.1444985234
0.0945730711
0.0000000000
0.1178382792
0.1092389065
0.0000000000
0.1425632753
0.0856909848
0.1169749951
0.0837434624
0.0872518406
0.0000000000
0.0000000000
0.1139150071
0.0000000000
0.1270590464
0.0000000000
0.0000000000
0.0084033613
0.1240965298
0.1084966263
0.1110110325
0.1003167759
0.0778249561
0.1232979678
0.0
0.0
0.0000000000
0.0000000000
0.0000000000
0.0000000000
0.0
0.1182747173
0.1071616566
0.0
0.1257250932
0.0000000000
0.0985622644
0.0000000000
0.0000000000
0.0913274747
0.1062112206
0.0816730784
0.0000000000
0.0872518406
0.0084033613
0.1132417506
0.0910670352
0.0000000000
0.1270590464
0.0000000000
0.1029028153
0.1128416031
0.0000000000
0.0912404962
0.0000000000
0.0568560956
0.0056022409
0.0
0.0042016807
0.0000000000
0.0000000000
0.0000000000
0.1045879050
0.0056022409
0.0000000000
0.0889531300
0.0
0.0000000000
0.0932838569
0.0927420339
0.0056022409
0.0000000000
0.0886239787
0.0887882493
0.0000000000
0.0782061396
0.1200532845
0.0000000000
0.0000000000
0.0042016807
0.0000000000
0.0000000000
0.0624120658
0.1091144886
0.0042016807
0.0921178087
0.0
0.1107543595
0.1039072896
0.0000000000
0.0000000000
0.0000000000
0.0779516037
0.0000000000
0.0000000000
0.0000000000
0.0000000000
0.0000000000
0.0696745607
0.0042016807
0.1063291021
0.0000000000
0.0958984194
0.0000000000
0.1252320536
0.0000000000
0.0000000000
0.0042016807
0.1050466239
0.0000000000
0.0000000000
0.0000000000
0.0000000000
0.0000000000
0.0000000000
0.0000000000
0.0000000000
0.0000000000
0.0000000000
0.0000000000
0.0000000000
0.0000000000
0.0000000000
0.0000000000
0.0000000000
0.0000000000
0.0000000000
0.0000000000
0.0000000000
