0.0
0.0
0.0
0.0
0.1232721889
0.0
0.1548552232
0.0
0.0
0.1173902498
0.0
0.1175482448
0.0
0.1310402789
0.0
0.1235337282
0.0
0.1370013268
0.0
0.0
0.1482824208
0.1000439242
0.0
0.0
0.0
0.1253060916
0.1086297834
0.1203007519
0.1181045921
0.1256666847
0.0
0.0
0.1503241753
0.1331377224
0.1418982061
0.1371088632
0.1381935852
0.1242366229
0.1290078964
0.0
0.0
0.1528230024
0.1548552232
0.1366797275
0.0
0.1413241842
0.1474064909
0.1243250475
0.1212190782
0.1207999251
0.1275012348
0.1163735455
0.1503241753
0.1385223566
0.1307460267
0.0
0.1267610245
0.0
0.1125494148
0.1505833549
0.0
0.1067053706
0.1341602855
0.1428264037
0.0
0.1413241842
0.0
0.0958708517
0.1288176193
0.1353034018
0.1472822021
0.1460507456
0.1149188761
0.1601069585
0.1278745913
0.1298711463
0.1181045921
0.0819693532
0.0910248524
0.1346774801
0.1355133373
0.1479057508
0.1288176193
0.0
0.1430603536
0.1341602855
0.1350941158
0.0
0.0930120829
0.0999866581
0.1408682998
0.0
0.1334428508
0.1081589422
0.1093780161
0.0
0.0990230679
0.1297746595
0.1319310360
0.1465408488
0.1363596344
0.1315336534
0.1116144995
0.1054810940
0.1250370020
0.1466638889
0.0
0.1147678658
0.1455639098
0.0
0.1224083334
0.1246800084
0.1149945304
0.1218108032
0.1105548682
0.1245022749
0.1308439638
0.0
0.1243250475
0.1491688230
0.1219809300
0.1240601504
0.0947784545
0.1168405965
0.0000000000
0.1420135705
0.1167624945
0.1209672380
0.0000000000
0.1331377224
0.0
0.0
0.1219809300
0.0025062657
0.1401899613
0.0075187970
0.1134264232
0.1198879147
0.1160642470
0.1425932177
0.1267610245
0.1078917182
0.1245910783
0.0
0.1109058360
0.1399652979
0.1095151672
0.0947784545
0.1494240306
0.1186662308
0.1198879147
0.1264856566
0.1261203550
0.1298711463
0.1300645508
0.0978580906
0.0000000000
0.0000000000
0.1197235721
0.1243250475
0.1429432829
0.0000000000
0.1062510290
0.1124045635
0.1269452702
0.1116858643
0.1210510684
0.0934099956
0.1015562161
0.1491688230
0.0
0.0
0.0729643658
0.0
0.1068358971
0.0025062657
0.0
0.1544444666
0.1085622696
0.0
0.0050125313
0.1035427930
0.1124045635
0.1405283119
0.1041602217
0.1177860362
0.1143920705
0.0
0.0000000000
0.1105548682
0.1061864387
0.1275012348
0.0975847440
0.1068358971
0.1379752699
0.1060574935
0.1152981464
0.1471581228
0.1259384944
0.0
0.0
0.1197235721
0.1262114825
0.0
0.1169188030
0.0872510948
0.0
0.1278745913
0.0
0.0915496288
0.0965598075
0.1337493811
0.0
0.1045342260
0.1007943980
0.1212190782
0.1120440614
0.1169188030
0.0
0.1340573229
0.0000000000
0.1286279026
0.1375407021
0.0000000000
0.0
0.1268530804
0.0000000000
0.0000000000
0.1256666847
0.1389631597
0.1116858643
0.1335448714
0.0
0.1513662840
0.1285332537
0.1116144995
0.1416680387
0.0
0.1288176193
0.0
0.1276876402
0.0000000000
0.1111882188
0.0000000000
0.1274082361
0.1074933488
0.1146925093
0.0000000000
0.1285332537
0.1289126876
0.0956084793
0.0000000000
0.1045342260
0.1317320450
0.0033416876
0.0875133726
0.1252162665
0.1201352763
0.1374324876
0.0000000000
0.0
0.0000000000
0.1030540954
0.1048479542
0.0871205445
0.1159102135
0.1170755306
0.1142424406
0.0872075346
0.0000000000
0.0000000000
0.1479057508
0.1047222372
0.0000000000
0.0808314168
0.0
0.0000000000
0.0000000000
0.0000000000
0.1173902498
0.1002736462
0.1156033698
0.0000000000
0.0770859187
0.1282501408
0.0952435615
0.1015562161
0.0025062657
0.0050125313
0.1435305602
0.0
0.0025062657
0.1159871791
0.0958708517
0.0932106146
0.1117573204
0.1190706828
0.0000000000
0.0790034788
0.1296783161
0.0000000000
0.0997582477
0.0940132894
0.1254861291
0.0000000000
0.1076921651
0.0000000000
0.0033416876
0.1001586535
0.0000000000
0.1122600847
0.1161414174
0.0000000000
0.1138700728
0.0920319767
0.1183446421
0.1002161169
0.0907411386
0.1006782085
0.1279682723
0.1137218045
0.1193962349
0.0870337278
0.0
0.0000000000
0.0000000000
0.0771881095
0.0691515011
0.0000000000
0.0995308785
0.0000000000
0.1125494148
0.1128402401
0.0000000000
0.0000000000
0.0964531705
0.1191519043
0.0000000000
0.0000000000
0.0988549472
0.1183446421
0.0045112782
0.0000000000
0.0000000000
0.1122600847
0.1046594917
0.0000000000
0.0896697596
0.0930120829
0.1080920122
0.0000000000
0.0000000000
0.1015562161
0.0000000000
0.1362532697
0.1065751627
0.0000000000
0.0000000000
0.0952435615
0.1173902498
0.0000000000
0.0
0.1083602306
0.1084274933
0.0000000000
0.0000000000
0.0997582477
0.1051635712
0.0000000000
0.0770179417
0.0000000000
0.0000000000
0.0000000000
0.0000000000
0.0000000000
0.0843034226
0.1156033698
0.0000000000
0.0000000000
0.0033416876
0.0000000000
0.0000000000
0.0045112782
0.0000000000
0.0000000000
0.0939121999
0.1334428508
0.0000000000
0.0000000000
0.0000000000
0.0000000000
0.0000000000
0.1055448288
0.0000000000
0.0000000000
0.0000000000
0.0000000000
0.1223226133
0.0000000000
0.0033416876
0.1051002959
0.0905529765
0.0000000000
0.0000000000
0.0000000000
0.0000000000
0.0000000000
0.0000000000
0.1069667433
0.0000000000
0.0000000000
0.0000000000
0.0000000000
0.0000000000
0.0000000000
0.0000000000
0.0000000000
0.1225801345
0.0000000000
0.0000000000
0.0000000000
0.0000000000
0.0045112782
0.0000000000
0.1072952652
0.0000000000
0.0000000000
0.0000000000
0.0000000000
0.0000000000
0.0000000000
0.0000000000
0.0000000000
0.0000000000
0.0000000000
0.0000000000
0.0000000000
0.0000000000
0.0000000000
0.0000000000
0.0000000000
0.0000000000
0.0000000000
0.0000000000
0.0000000000
0.0000000000
0.0000000000
0.0000000000
0.0000000000
0.0000000000
0.0000000000
0.0000000000
0.0000000000
0.0000000000
0.0000000000
0.1290078964
0.0000000000
0.0000000000
