0.0
0.0
0.0
0.0
0.1218272293
0.0
0.1467910591
0.0
0.0
0.1209031290
0.0
0.1104323037
0.0
0.1341295582
0.0
0.1255044291
0.0
0.1281962131
0.0
0.0
0.1444628021
0.0983892747
0.0
0.0
0.0
0.1234788573
0.1202948113
0.1190963574
0.1290612348
0.1272579840
0.0
0.0
0.1415756847
0.1255868352
0.1371102151
0.1318185734
0.1394087099
0.1144636445
0.1256693495
0.0
0.0
0.1475839120
0.1374057112
0.1349814749
0.0
0.1401236264
0.1455622146
0.1278534425
0.1176314576
0.1150834838
0.1121153283
0.1091093839
0.1408459131
0.0
0.1336609015
0.0
0.1274275483
0.0
0.1044043395
0.1391045455
0.0
0.0
0.1266680464
0.1304698158
0.0
0.1381999639
0.0
0.0912106581
0.1181400556
0.1323659170
0.1344123331
0.1413664080
0.1133108709
0.1375044932
0.1246050489
0.1183593750
0.0
0.0867431973
0.0912541746
0.1182861781
0.1250122549
0.1312757378
0.1363284034
0.0
0.1332883275
0.1297617028
0.1289742077
0.0
0.0961632730
0.1053242015
0.1312757378
0.0
0.1239590084
0.1132437833
0.0924897244
0.0
0.0930748175
0.1281962131
0.1209031290
0.1229233612
0.1330102573
0.1285408266
0.0905199953
0.1066158027
0.1217496817
0.1339417017
0.0
0.0963085347
0.1378016931
0.0
0.1237985437
0.1343179424
0.1146695144
0.1188004658
0.1133108709
0.1133780379
0.1353635881
0.0
0.1134452847
0.1398163377
0.1202192018
0.1257519724
0.0961149497
0.1242004870
0.0027777778
0.1406387868
0.0
0.1088609846
0.0000000000
0.1346963028
0.0
0.0
0.1156401149
0.0020833333
0.1321829648
0.1044043395
0.1112674520
0.1239590084
0.1322743776
0.1313658997
0.1232401740
0.1304698158
0.1228444123
0.0
0.1035004058
0.1421015973
0.1299380095
0.0000000000
0.1406387868
0.1117876973
0.1218272293
0.1415756847
0.1211328372
0.1184326625
0.1305588737
0.1135800178
0.0000000000
0.0000000000
0.1155702417
0.1094841156
0.1388017054
0.0000000000
0.1158502423
0.0940820216
0.1190963574
0.1035004058
0.1270044821
0.1002982433
0.1095468213
0.1325493763
0.0
0.0
0.0762938771
0.0
0.1225296284
0.1090471779
0.0
0.1306480533
0.1123128303
0.0
0.0955865817
0.1195429687
0.1096095989
0.1341295582
0.1047473987
0.1164852314
0.1310957848
0.0
0.0953958853
0.1161316029
0.1164852314
0.1331028184
0.1174148250
0.1044043395
0.1327333449
0.1066752649
0.1125110294
0.1427378731
0.1152221386
0.0
0.0
0.1129095336
0.1282821932
0.0
0.1156401149
0.0822307610
0.0
0.1237184670
0.0
0.1000883046
0.1049773600
0.1322743776
0.0
0.1049197751
0.0951112631
0.1224511844
0.1065564067
0.1127099293
0.0
0.1314561856
0.0000000000
0.1315465956
0.1306480533
0.0000000000
0.0
0.1256693495
0.0041666667
0.0000000000
0.1153611279
0.1380005411
0.1042336512
0.1287138291
0.0
0.1446813540
0.1222164537
0.1073940202
0.1342236842
0.0
0.1252578585
0.0
0.1278534425
0.0000000000
0.0951112631
0.0000000000
0.1209796015
0.0895033926
0.1247676125
0.0020833333
0.1260004941
0.1220604659
0.0933929443
0.0000000000
0.1137827186
0.1246050489
0.0830519974
0.0826929313
0.1265842158
0.1105599711
0.1376034173
0.0000000000
0.0
0.0000000000
0.1011468800
0.1048622533
0.1237184670
0.1086137138
0.1158502423
0.1131098462
0.0853878348
0.0000000000
0.0812181529
0.1414709689
0.0964056200
0.1121810850
0.0
0.0
0.1191705607
0.0000000000
0.0000000000
0.1128429204
0.0985921392
0.1160611347
0.1039504076
0.0752434107
0.1309163244
0.1116571804
0.1182130717
0.0020833333
0.0041666667
0.1284544997
0.0
0.0930295477
0.1106879340
0.0993088006
0.1150142814
0.1137150713
0.1193937266
0.0000000000
0.0973873473
0.1243619961
0.0000000000
0.1055567053
0.1078177847
0.1084289966
0.1004562763
0.1050927198
0.1245239258
0.0027777778
0.1094214817
0.0000000000
0.1071533613
0.1191705607
0.0000000000
0.0
0.0000000000
0.1281962131
0.0943139793
0.1037249187
0.1096095989
0.1187267225
0.1104323037
0.1131767751
0.0933018293
0.0
0.0000000000
0.0020833333
0.0728365385
0.0653240266
0.0000000000
0.1092964286
0.0000000000
0.1056149917
0.1256693495
0.0000000000
0.1076357625
0.1048622533
0.1219048757
0.0000000000
0.1131767751
0.1002982433
0.1159204545
0.1033885135
0.0020833333
0.0
0.1072735558
0.0969431069
0.0000000000
0.0
0.0972882757
0.1265842158
0.0969431069
0.0000000000
0.1021734776
0.0020833333
0.1212864616
0.1002456761
0.0762938771
0.0000000000
0.0826929313
0.1087990614
0.0000000000
0.0
0.0916916347
0.1187267225
0.0900512006
0.0000000000
0.1015226911
0.1139861442
0.0000000000
0.1337543706
0.0896292174
0.0000000000
0.0000000000
0.0000000000
0.0000000000
0.0900512006
0.1162021567
0.0000000000
0.1147383023
0.0830519974
0.0000000000
0.0000000000
0.0896292174
0.0000000000
0.0834870144
0.1083062005
0.1196177298
0.0000000000
0.0000000000
0.0000000000
0.0000000000
0.0000000000
0.0925792594
0.0000000000
0.0000000000
0.0000000000
0.0020833333
0.1200682674
0.0020833333
0.0027777778
0.1240393969
0.0931654895
0.0928940019
0.1155702417
0.0000000000
0.0000000000
0.0961632730
0.0000000000
0.0
0.0000000000
0.0834870144
0.1129762256
0.0000000000
0.0000000000
0.0020833333
0.0917356115
0.1059073920
0.1230815637
0.0931654895
0.0000000000
0.0000000000
0.0934385686
0.0896292174
0.0020833333
0.0020833333
0.0000000000
0.0000000000
0.0000000000
0.0000000000
0.0041666667
0.0
0.0
0.0000000000
0.0000000000
0.0000000000
0.0000000000
0.0000000000
0.0000000000
0.1081225269
0.1058487825
0.0000000000
0.0027777778
0.0027777778
0.0020833333
0.0020833333
0.0000000000
0.0000000000
0.0020833333
0.1096095989
0.0000000000
0.0000000000
0.0924450217
0.0981872433
0.0836696194
0.0000000000
0.1152221386
0.1191705607
0.1157100726
0.0836696194
0.0000000000
0.0000000000
0.0000000000
0.0872178523
0.0000000000
0.0000000000
0.0000000000
0.0000000000
0.0000000000
0.0000000000
0.0000000000
0.0907347011
0.0000000000
0.0000000000
0.0000000000
0.0000000000
0.0000000000
0.0000000000
0.0000000000
0.0000000000
0.0000000000
0.0020833333
0.0000000000
0.1002982433
0.0000000000
0.0000000000
0.0000000000
0.1022280866
0.0000000000
0.0000000000
0.0000000000
0.0000000000
0.0000000000
0.0000000000
0.0000000000
0.0996191406
0.0000000000
0.0000000000
0.0000000000
0.0000000000
0.0000000000
0.0020833333
0.0000000000
0.0000000000
0.0000000000
0.0000000000
0.0027777778
0.0000000000
0.0000000000
0.0000000000
0.0000000000
0.0000000000
0.1048622533
0.0000000000
0.0000000000
0.0000000000
0.0000000000
0.0000000000
0.0000000000
0.0000000000
0.0000000000
0.0000000000
0.0000000000
0.0826929313
0.0000000000
0.0000000000
0.0979358679
0.0000000000
0.0000000000
0.0000000000
0.0000000000
0.0000000000
0.0000000000
0.0000000000
0.0000000000
0.0000000000
0.0000000000
0.0000000000
0.0000000000
0.0000000000
0.0000000000
0.0000000000
0.0000000000
0.0000000000
0.0000000000
0.0000000000
0.0000000000
0.0000000000
0.0000000000
0.0000000000
0.0000000000
