0.0
0.0
0.0
0.0
0.1375631668
0.0
0.1465837023
0.0
0.0
0.1380942987
0.0
0.1370361048
0.0
0.1220697043
0.0
0.1058178206
0.0752977334
0.1375631668
0.0
0.1471869274
0.0072992701
0.0000000000
0.0
0.0
0.0
0.1286561991
0.1107319609
0.1344602382
0.1051953628
0.1087125330
0.0
0.0
0.1402604838
0.1436402544
0.1319794220
0.1490267640
0.1263831214
0.1286561991
0.0145985401
0.0
0.0
0.1655852933
0.1172669618
0.0164233577
0.0
0.0072992701
0.0000000000
0.1146359723
0.0072992701
0.1124730294
0.1083831011
0.0657471018
0.0072992701
0.1128278339
0.1391689625
0.0072992701
0.0878781901
0.1687095441
0.0000000000
0.1045801853
0.0
0.1259381104
0.0000000000
0.1319794220
0.0
0.1184318654
0.0
0.1196201450
0.1310125398
0.1074066767
0.1380942987
0.0982594048
0.0072992701
0.1233324943
0.1064476886
0.1310125398
0.0097323601
0.0971913678
0.0863923270
0.0097323601
0.1300597213
0.0943705102
0.1117700730
0.0
0.0000000000
0.1131848840
0.1300597213
0.0097323601
0.1314942035
0.0000000000
0.1153755592
0.0
0.0097323601
0.1168837365
0.0000000000
0.1087125330
0.0749820196
0.1146359723
0.0000000000
0.1161247512
0.0000000000
0.1097129551
0.0000000000
0.1036707923
0.1064476886
0.1471869274
0.0851581509
0.1036707923
0.1083831011
0.0876628023
0.0996279202
0.0000000000
0.0000000000
0.0000000000
0.0000000000
0.0000000000
0.0145985401
0.0000000000
0.0109489051
0.0000000000
0.0000000000
0.0000000000
0.1030732662
0.0000000000
0.0000000000
0.0109489051
0.0000000000
0.0000000000
0.0000000000
0.0889712024
0.0000000000
0.0000000000
0.0000000000
0.0000000000
0.0000000000
0.0000000000
0.0000000000
0.0072992701
0.0000000000
0.0000000000
0.1018986420
0.0000000000
0.1048868720
0.0164233577
0.1146359723
0.0896401588
0.0000000000
0.0000000000
0.0000000000
0.0000000000
0.0000000000
0.0000000000
0.0000000000
0.0000000000
0.0072992701
0.0000000000
0.0000000000
0.0000000000
0.0000000000
0.0000000000
0.0000000000
0.0000000000
