0.0
0.0
0.0
0.0
0.0
0.0
0.0
0.2064307246
0.0
0.0
0.0
0.0
0.0
0.0
0.0
0.0
0.0
0.0
0.0
0.0
0.1344385066
0.0
0.0
0.2153505707
0.0
0.0
0.0
0.0
0.0
0.0
0.0
0.1954442154
0.2016577598
0.1999243121
0.0
0.0
0.0
0.1880689620
0.0
0.0
0.0
0.0
0.0
0.0
0.0
0.0
0.0
0.0
0.0
0.0
0.0
0.0
0.0
0.2208024839
0.0
0.0
0.0
0.2004988072
0.0
0.1155191803
0.0
0.0
0.0
0.2357215706
0.1987851422
0.1798288271
0.0
0.0
0.1855680450
0.0
0.2208024839
0.2491913747
0.2341395467
0.0
0.0
0.2070432787
0.2389506332
0.2010766136
0.0
0.0
0.0
0.0
0.2389506332
0.0
0.0
0.1901187600
0.1472016559
0.0
0.2302758578
0.2089029488
0.0
0.0
0.2325786164
0.1793665422
0.0
0.0
0.1677249637
0.0
0.2040163301
0.1880689620
0.1744339623
0.0
0.1615129280
0.1589375510
0.0
0.0
0.0
0.1714338695
0.0
0.0
0.1714338695
0.1850758220
0.0
0.1845862035
0.1954442154
0.0
0.1954442154
0.1468917577
0.0
0.0
0.1753105148
0.0
0.0
0.0
0.1845862035
0.1701794754
0.2146879536
0.1789066280
0.0
0.2133748774
0.2243523630
0.0
0.2028301887
0.2272755209
0.0
0.1870605493
0.1697654134
0.1817020440
0.2082793579
0.0
0.1585763293
0.1938155136
0.0
0.0000000000
0.2040163301
0.0
0.2405985686
0.1954442154
0.1916856728
0.0
0.1665240690
0.0
0.0
0.1779938390
0.0
0.1802935010
0.1600311580
0.0
0.0000000000
0.0
0.1965453096
0.1444587679
0.2318059299
0.2082793579
0.0000000000
0.1578587894
0.0000000000
0.0
0.1789066280
0.0000000000
0.0
0.0
0.2208024839
0.1481392461
0.0
0.1831327688
0.1653402486
0.1753105148
0.2064307246
0.1523440718
0.0
0.0000000000
0.1626423891
0.0000000000
0.1392686325
0.1731354464
0.0000000000
0.0000000000
0.0000000000
0.0000000000
0.0
0.0000000000
0.0000000000
0.1761959215
0.1429786576
0.1564430155
0.1693533614
0.1916856728
0.1807605827
0.1392686325
0.0000000000
0.1395471698
0.0000000000
0.0
0.0000000000
0.0
0.0000000000
0.0000000000
0.0000000000
0.0000000000
