0.0
0.0
0.0
0.0
0.0
0.0
0.0
0.0
0.0
0.0
0.0
0.0
0.0
0.0
0.0
0.1137244382
0.0
0.0
0.0
0.0
0.0
0.0
0.0
0.0
0.0
0.0
0.0
0.0
0.0
0.1115808228
0.0
0.1100523184
0.0
0.0
0.0
0.0
0.0
0.1007826787
0.0
0.0
0.1298769854
0.0
0.0
0.0
0.1001544696
0.0
0.0
0.0
0.0
0.1148860770
0.0
0.0
0.0980588225
0.0
0.1355102041
0.0
0.0
0.0
0.0
0.0
0.0
0.0
0.0
0.0
0.0
0.0
0.0
0.0
0.0
0.0
0.1084604334
0.1214616300
0.1464498299
0.0
0.0874599295
0.0
0.1139548829
0.0
0.1155945215
0.0
0.1373302435
0.1083559435
0.0
0.1219885785
0.1027154972
0.0895489406
0.0
0.1032814228
0.1022486085
0.0804531255
0.0
0.0
0.0
0.0
0.0
0.0
0.0871212001
0.0938060629
0.0
0.0
0.0
0.1043353148
0.0000000000
0.0000000000
0.0
0.0
0.0
0.0
0.0
0.1466407684
0.1055098212
0.1133805135
0.1034714530
0.0947543971
0.0855311554
0.1103763193
0.0997105225
0.0
0.0
0.0
0.0
0.0
0.1166737234
0.1342165506
0.0
0.0882144858
0.0
0.0
0.0
0.0
0.0
0.1096232645
0.0781065760
0.0
0.0
0.0901952441
0.1180204296
0.0
0.0
0.0976332200
0.1043353148
0.0
0.0988343316
0.0
0.1036621838
0.0
0.0903401361
0.0
0.1129251701
0.1182686324
0.0000000000
0.0000000000
0.0797684180
0.0848856373
0.0
0.1039496020
0.1190195443
0.0
0.0938060629
0.0844395416
0.0700769280
0.0
0.1087751155
0.1022486085
0.1049192811
0.0919652244
0.0000000000
0.0
0.0
0.1098373724
0.0
0.1226537289
0.0
0.0
0.0127551020
0.0682070766
0.0
0.0
0.1072197039
0.0072886297
0.0127551020
0.0
0.1009636170
0.0000000000
0.0102040816
0.0
0.0
0.0841237617
0.1082516548
0.1166737234
0.0
0.1244175546
0.1091975431
0.0
0.0750323345
0.1121370582
0.1084604334
0.1030920893
0.0
0.0876644344
0.1262328500
0.1041421013
0.0
0.0953164995
0.1190195443
0.0
0.0
0.1186429002
0.0000000000
0.0
0.0636882613
0.0
0.0
0.0
0.0961311704
0.0
0.1074245171
0.0
0.0842497898
0.0
0.0
0.1032814228
0.0886315756
0.1049192811
0.1016939145
0.1334204856
0.0
0.0000000000
0.0
0.0000000000
0.1116916280
0.1191456244
0.0000000000
0.0792624872
0.0682899025
0.0757907476
0.0949944843
0.0000000000
0.0040816327
0.0931843160
0.0899787755
0.0
0.0
0.0988343316
0.1169162883
0.1001544696
0.0
0.0934165028
0.0
0.0923427499
0.1006023876
0.0
0.1259501337
0.0040816327
0.0000000000
0.0922669970
0.0
0.1153574045
0.0085034014
0.0000000000
0.0040816327
0.0843129456
0.0
0.1225201192
0.0949944843
0.0996222049
0.0
0.0000000000
0.0
0.1051153920
0.0960490772
0.0
0.0754855499
0.1199077499
0.1065089672
0.0000000000
0.1273765225
0.0831904359
0.0858576102
0.0000000000
0.0908509446
0.1038536190
0.0950747839
0.1113598707
0.0636882613
0.0
0.0
0.1098373724
0.0000000000
0.0
0.0
0.0
0.0970435456
0.0752330899
0.0
0.0
0.0000000000
0.0085034014
0.0996222049
0.0000000000
0.0879386000
0.1052137225
0.0859232004
0.0000000000
0.0
0.1006924525
0.0
0.0742399138
0.0
0.1047239007
0.1019705072
0.0935719379
0.0000000000
0.0000000000
0.0982301043
0.0974640116
0.1056088914
0.0
0.0000000000
0.0
0.0989212572
0.0965437505
0.0784333817
0.0968763733
0.0040816327
0.0759955874
0.0719599932
0.1009636170
0.1018781426
0.0835612700
0.0950747839
0.0744364457
0.0000000000
0.0836233973
0.1197800526
0.0000000000
0.0909979526
0.0000000000
0.0000000000
0.0000000000
0.0
0.0775144517
0.0710059781
0.0702520109
0.0000000000
0.1034714530
0.0849497503
0.0000000000
0.0
0.0000000000
0.0000000000
0.0802808490
0.0873241222
0.0000000000
0.0
0.0000000000
0.0996222049
0.0
0.0000000000
0.0000000000
0.0000000000
0.0000000000
0.0772482619
0.0620714511
0.0000000000
0.0000000000
0.0000000000
0.0677551020
0.0000000000
0.0000000000
0.0000000000
0.0669484937
0.1121370582
0.0000000000
0.0000000000
0.0000000000
0.0801664073
0.0000000000
0.0000000000
0.0000000000
0.0000000000
0.0000000000
0.0000000000
0.0000000000
0.0000000000
0.0000000000
0.0000000000
0.0976332200
0.0000000000
0.0000000000
0.1007826787
0.0000000000
0.0000000000
0.0000000000
0.0000000000
0.0000000000
0.0000000000
0.0000000000
0.0000000000
0.0000000000
0.0000000000
