0.0
0.0
0.0
0.0
0.0
0.0
0.0
0.0
0.0
0.0
0.0
0.0
0.0
0.0
0.0
0.0
0.0
0.0
0.0
0.0
0.0
0.0
0.0
0.0
0.0
0.0
0.1598060652
0.0
0.0
0.0
0.0
0.0268656716
0.0
0.0
0.0
0.0
0.0
0.0
0.0
0.0
0.0
0.0
0.0
0.0740104786
0.0
0.0
0.0
0.0
0.0
0.0953975370
0.0
0.0
0.1484588890
0.0
0.0
0.0
0.0
0.0
0.0
0.0
0.0
0.1166955918
0.0
0.0
0.1273581332
0.0
0.0
0.0
0.0
0.0
0.0000000000
0.0822608270
0.0
0.0
0.0
0.0
0.0
0.0
0.1095613635
0.0
0.0
0.0
0.0
0.0
0.0
0.0953975370
0.0
0.0
0.0
0.0
0.0
0.0817249259
0.0
0.0
0.0268656716
0.0
0.0341151386
0.0
0.0
0.0
0.1417488827
0.0
0.1260781520
0.1558357282
0.0
0.0
0.0
0.0
0.0
0.0828038028
0.0149253731
0.1086127803
0.0
0.0
0.0
0.1248236430
0.0983904009
0.0
0.0000000000
0.0791468525
0.0000000000
0.0447761194
0.0828038028
0.0833539941
0.1386163107
0.0149253731
0.1015771346
0.0
0.0905760009
0.1105266618
0.0
0.0
0.0
0.1115091211
0.1248236430
0.0661993463
0.0946775556
0.0
0.1386163107
0.0946775556
0.0
0.0833539941
0.1095613635
0.1212055664
0.0
0.0932697109
0.0000000000
0.1313589122
0.0
0.0791468525
0.1015771346
0.0341151386
0.1049772060
0.0000000000
0.0
0.0000000000
0.0905760009
0.0
0.0735763995
0.0000000000
0.0939683604
0.0946775556
0.0268656716
0.0000000000
0.0
0.0000000000
0.0597014925
0.0341151386
0.0341151386
0.0000000000
0.0000000000
0.0000000000
0.0000000000
0.0000000000
0.0000000000
