0.0
0.0
0.0
0.0
0.1440205015
0.0
0.1704984975
0.0
0.0
0.1340947642
0.0
0.1474444659
0.0
0.1348235401
0.0
0.1427771590
0.1082116963
0.1159230438
0.0
0.1582617632
0.0999296330
0.0807405415
0.0
0.0
0.0
0.1287031459
0.1073919107
0.1415551006
0.1492182339
0.1374378470
0.0
0.0
0.1543236789
0.1397607402
0.1459266552
0.1463571173
0.1330162541
0.1042333251
0.0786916142
0.0
0.0
0.1653835425
0.1370581844
0.1070443641
0.0
0.1364926073
0.1013586573
0.1323068340
0.0865882422
0.1195543681
0.1278738731
0.1298823633
0.1331947994
0.1220542749
0.1423674685
0.1483260471
0.1254489577
0.1693346852
0.1045628298
0.1524272281
0.0
0.1141888671
0.0000000000
0.1472257055
0.0
0.1393681538
0.0
0.1444397751
0.1267306839
0.1175712388
0.1411523834
0.1399578639
0.1319549542
0.1366806137
0.1314306298
0.1431892143
0.1172932926
0.1192669778
0.1036887414
0.1106244432
0.1246609617
0.1538451558
0.1278738731
0.0
0.1433961351
0.1204249096
0.1413534552
0.0889158831
0.0945048815
0.0000000000
0.1618762243
0.0
0.0703759755
0.1103783376
0.1167413241
0.1178505054
0.0000000000
0.1298823633
0.0998291001
0.1309104558
0.1105012534
0.1189809659
0.1068139134
0.1228095613
0.1029358149
0.1570096923
0.0
0.1053398360
0.1403537843
0.0
0.1117456369
0.1174321012
0.0000000000
0.1045628298
0.0041841004
0.1243485282
0.1056763850
0.1060150914
0.0701768922
0.1240376569
0.1041239512
0.0000000000
0.0041841004
0.0000000000
0.0000000000
0.1181311018
0.0055788006
0.1243485282
0.1317797152
0.0995287117
0.0
0.0
0.0083682008
0.0000000000
0.1415551006
0.0000000000
0.1234205541
0.0973799073
0.0000000000
0.1207179143
0.1079761975
0.1280388716
0.1028291456
0.0
0.1272181096
0.1457123723
0.0954135822
0.0000000000
0.1191238001
0.1108716486
0.0000000000
0.1436036549
0.0865882422
0.1179906368
0.0846673426
0.0945048815
0.0000000000
0.0000000000
0.1151161549
0.0000000000
0.1283701494
0.0000000000
0.0000000000
0.0083682008
0.1251325669
0.1098893970
0.1118716184
0.1019836850
0.0786916142
0.1243485282
0.0
0.0
0.0000000000
0.0000000000
0.0000000000
0.0000000000
0.0
0.1198431468
0.1082116963
0.0
0.1268927436
0.0000000000
0.0995287117
0.0000000000
0.0000000000
0.0922213062
0.1072758114
0.0824855574
0.0000000000
0.0888362807
0.0083682008
0.1143204211
0.0920502092
0.0000000000
0.1282042965
0.0000000000
0.1039058906
0.1141888671
0.0000000000
0.0921356783
0.0000000000
0.0578938889
0.0055788006
0.0
0.0041841004
0.0000000000
0.0000000000
0.0000000000
0.1060150914
0.0055788006
0.0000000000
0.0898823601
0.0
0.0000000000
0.0948662768
0.0939679219
0.0055788006
0.0000000000
0.0895578750
0.0902092050
0.0000000000
0.0790678291
0.1208649519
0.0000000000
0.0
0.0041841004
0.0000000000
0.0000000000
0.0635683059
0.1103783376
0.0041841004
0.0968098786
0.0
0.1118716184
0.1048944244
0.0000000000
0.0000000000
0.0000000000
0.0791940347
0.0000000000
0.0000000000
0.0000000000
0.0000000000
0.0000000000
0.0704759414
0.0055788006
0.1072758114
0.0000000000
0.0970940563
0.0000000000
0.1264078032
0.0000000000
0.0000000000
0.0041841004
0.1061284765
0.0827607386
0.0000000000
0.0000000000
0.0000000000
0.0000000000
0.0000000000
0.0000000000
0.0000000000
0.0000000000
0.0000000000
0.0000000000
0.0000000000
0.0000000000
0.0000000000
0.0055788006
0.0000000000
0.1317797152
0.0000000000
0.0000000000
0.0000000000
0.0000000000
0.0000000000
