0.0
0.0
0.0
0.0
0.0
0.0
0.0
0.0
0.0
0.0
0.0
0.0
0.0
0.0
0.0
0.0
0.0
0.0
0.0
0.0
0.0
0.0
0.0
0.0
0.0
0.0
0.0
0.0
0.0
0.0902719349
0.0
0.1165918223
0.0
0.0
0.0
0.0
0.0
0.0817098427
0.0
0.0
0.1155301418
0.0
0.0
0.0
0.0722362377
0.0
0.0
0.0
0.0
0.1070248553
0.0
0.0
0.1112035150
0.0
0.1036083232
0.0
0.0
0.0
0.0
0.0
0.0
0.0
0.0
0.0
0.0
0.0
0.0
0.0
0.0
0.0
0.1224214134
0.1032251563
0.0843775159
0.0
0.0538219866
0.0
0.1092021998
0.0
0.0856198842
0.0
0.0
0.0990492628
0.0
0.0
0.0991196103
0.1159139629
0.0
0.0975946932
0.0
0.1073541625
0.0
0.0
0.0
0.0
0.0
0.0
0.0000000000
0.0859891629
0.0
0.0
0.0
0.0859891629
0.0825312900
0.0788031684
0.0
0.0
0.0
0.0
0.0
0.1094591461
0.0945531242
0.0
0.1003309930
0.1054081656
0.0
0.1112035150
0.0
0.0
0.0
0.0
0.0
0.0
0.0997572633
0.1058880207
0.0
0.0855673889
0.0
0.0
0.0
0.0
0.0
0.0
0.0
0.0
0.0
0.0938536727
0.0980059068
0.0
0.0
0.1201036242
0.0
0.0
0.0966484843
0.0
0.1003309930
0.0
0.0034275921
0.0
0.1112921940
0.1007656399
0.0082262211
0.0
0.0
0.0
0.0
0.1125487188
0.1060489448
0.0
0.0969169523
0.1191805391
0.0
0.0
0.1119169297
0.0
0.0971869160
0.0752753028
0.0000000000
0.0
0.0
0.0910374503
0.0
0.0
0.0
0.0
0.0890621642
0.0992606055
0.0
0.0
0.0869535273
0.0000000000
0.0775766600
0.0
0.0951332047
0.0000000000
0.0821426788
0.0
0.0
0.1086073240
0.0959837767
0.1146757694
0.0
0.1060489448
0.0979371307
0.0
0.0
0.0903303633
0.0025706941
0.0881063203
0.0
0.0
0.1267578668
0.1164945003
0.0
0.0980059068
0.0931644935
0.0
0.0
0.0
0.0815189318
0.0
0.0644918721
0.0
0.0
0.0
0.0068551842
0.0
0.0
0.0
0.0000000000
0.0
0.0
0.0967825321
0.0654291661
0.0000000000
0.0
0.1136485434
0.0
0.0691235321
0.0
0.0843265325
0.0
0.0933514457
0.0
0.0971869160
0.0843775159
0.0946172280
0.1036083232
0.0000000000
0.0
0.1165918223
0.1078519407
0.0
0.0
0.0051413882
0.1190788492
0.0591107206
0.0
0.0878843900
0.0
0.0912159551
0.0
0.0
0.0
0.0
0.0
0.0981437492
0.0
0.1165918223
0.0910968742
0.0999000797
0.0025706941
0.0051413882
0.0
0.1044613857
0.0608636770
0.1023170171
0.0
0.0000000000
0.0
0.0
0.0082262211
0.0
0.0766815447
0.1066160514
0.1165918223
0.0906825285
0.1062912500
0.0813763331
0.0783607026
0.0645515316
0.0654905731
0.0891190366
0.1001869428
0.1092021998
0.0785813127
0.0
0.0
0.1238335504
0.0000000000
0.0
0.0
0.0
0.0860421771
0.0951332047
0.0
0.0
0.0000000000
0.0034275921
0.0845308367
0.0
0.0
0.1004031736
0.0941068181
0.0790710546
0.0
0.0
0.0
0.0
0.0
0.0
0.0765973717
0.1031488628
0.0
0.0980747796
0.1155301418
0.0025706941
0.1109383238
0.0
0.0000000000
0.0
0.1171791867
0.1013510612
0.0590107447
0.0000000000
0.0976629890
0.0025706941
0.1084385480
0.0933514457
0.1144876221
0.1099766835
0.0942975752
0.0
0.0852017163
0.1018689134
0.0975264929
0.0822879784
0.0858833300
0.0880507327
0.0959178085
0.1024672623
0.0
0.0
0.0
0.0903888674
0.0
0.0
0.0796123282
0.0549883417
0.0
0.0045701228
0.0950684001
0.0
0.0
0.0000000000
0.0
0.0776198061
0.0
0.0
0.0969843025
0.0000000000
0.1000433056
0.0739588825
0.0
0.0752347231
0.0
0.0822394881
0.0
0.0821426788
0.0000000000
0.0
0.0912159551
0.0000000000
0.0835691086
0.0
0.0762208691
0.0809515147
0.0733370527
0.0051413882
0.0000000000
0.0792056818
0.0777062424
0.0653678742
0.0000000000
0.0935391497
0.0890053644
0.0000000000
0.1043052401
0.0980747796
0.0051413882
0.0881063203
0.0843265325
0.0000000000
0.0896341755
0.0
0.0877738436
0.0034275921
0.0680118964
0.1014984810
0.1086073240
0.0000000000
0.0860952568
0.0068551842
0.0
0.0908005279
0.0025706941
0.0
0.0
0.0969169523
0.0675183412
0.0000000000
0.0
0.0842756107
0.0
0.0000000000
0.0000000000
0.0000000000
0.0794310821
0.0723861055
0.0644918721
0.0034275921
0.0780976001
0.0739980972
0.0000000000
0.1023920846
0.0753159262
0.1102372917
0.0833694213
0.0984900574
0.0045701228
0.0969169523
0.0
0.0883853143
0.0829235956
0.0604681158
0.0000000000
0.0813763331
0.0749116540
0.0784047255
0.0788031684
0.0896917810
0.0000000000
0.0000000000
0.0025706941
0.0926081031
0.0000000000
0.0
0.1046964826
0.0000000000
0.0901553045
0.0817098427
0.0000000000
0.0
0.0025706941
0.0025706941
0.0891190366
0.0821426788
0.0952630794
0.0000000000
0.0
0.0000000000
0.0
0.0000000000
0.0051413882
0.0883853143
0.0741159911
0.0000000000
0.0000000000
0.1048538026
0.0728774994
0.0000000000
0.0051413882
0.0760547201
0.0000000000
0.0919976344
0.0677149012
0.0939168313
0.1089464569
0.0970517464
0.0739980972
0.0025706941
0.0
0.0842756107
0.0854625911
0.0881063203
0.0000000000
0.0000000000
0.0000000000
0.0000000000
0.0000000000
0.0000000000
0.0901553045
0.0788031684
0.0980747796
0.0785813127
0.0
0.0051413882
0.0733756106
0.0000000000
0.0025706941
0.0000000000
0.0971869160
0.0688167709
0.0919976344
0.0000000000
0.0000000000
0.0000000000
0.0856724440
0.0000000000
0.0000000000
0.0000000000
0.0000000000
0.0000000000
0.0000000000
0.0000000000
0.0000000000
0.0000000000
0.0918765051
0.0582959112
0.0000000000
0.0000000000
0.0034275921
0.1017204164
0.0746312360
0.0000000000
0.0000000000
0.0753159262
0.0857777574
0.0000000000
0.0000000000
0.0
0.0000000000
0.0670963516
0.0669354491
0.0000000000
0.0890053644
0.0000000000
0.0000000000
0.0000000000
0.0000000000
0.0741159911
0.0000000000
0.0000000000
0.0000000000
0.0000000000
0.0939168313
0.0000000000
0.0676492541
0.0000000000
0.0000000000
0.0802071329
0.0000000000
0.0000000000
0.0000000000
0.0503828200
0.0000000000
0.0000000000
0.0000000000
0.0000000000
0.0000000000
0.0000000000
0.0000000000
0.0
0.0000000000
0.0860952568
0.0000000000
0.0000000000
0.0000000000
0.0701661193
0.0000000000
0.0000000000
0.0034275921
0.0753159262
0.0025706941
0.0000000000
0.0000000000
0.0025706941
0.0000000000
0.0000000000
0.0000000000
0.0000000000
0.0000000000
0.0000000000
0.0000000000
0.0000000000
0.0000000000
0.0
0.0000000000
0.0000000000
0.0839208727
0.0000000000
0.0000000000
0.0000000000
0.0910968742
0.0000000000
0.0000000000
0.0000000000
0.0000000000
0.0000000000
0.0000000000
0.0000000000
0.0000000000
0.0808108925
0.0000000000
0.0000000000
0.0000000000
0.0000000000
0.0000000000
0.0000000000
0.0000000000
