0.0
0.0
0.0
0.0
0.0
0.0
0.0
0.0
0.0
0.0
0.0
0.0
0.0
0.0
0.0
0.0
0.0
0.0
0.0
0.0
0.0
0.0
0.0
0.0
0.0
0.0
0.0
0.0
0.0
0.0887554325
0.0
0.1149645716
0.0
0.0
0.0
0.0
0.0
0.0803282582
0.0
0.0
0.1136772852
0.0
0.0
0.0
0.0713787605
0.0
0.0
0.0
0.0
0.1065208460
0.0
0.0
0.1088040628
0.0
0.1041667941
0.0
0.0
0.0
0.0
0.0
0.0
0.0
0.0
0.0
0.0
0.0
0.0
0.0
0.0
0.0
0.1190075096
0.1009016270
0.0830058668
0.0
0.0528339985
0.0
0.1073875738
0.0
0.0836901257
0.0
0.0
0.0967590382
0.0
0.0
0.0976178463
0.1124185078
0.0
0.0963352760
0.0
0.1064349421
0.0
0.0
0.0
0.0
0.0
0.0
0.0000000000
0.0849834695
0.0
0.0
0.0
0.0917160029
0.0811680985
0.0779098750
0.0
0.0
0.0
0.0
0.0
0.1084464488
0.0930742794
0.0
0.0989350286
0.1033510792
0.0
0.1097997738
0.0
0.0
0.0
0.0
0.0
0.0
0.0974736545
0.1034320754
0.0
0.0841168440
0.0
0.0
0.0
0.0
0.0
0.0
0.0
0.0
0.0
0.0917797831
0.0958455542
0.0
0.0
0.1178386859
0.0
0.0
0.0962650096
0.0
0.0987869223
0.0
0.0034453058
0.0
0.1102584195
0.0981989049
0.0667236239
0.0
0.0
0.0
0.0
0.1103506088
0.1044140254
0.0
0.0954987903
0.1192225187
0.0
0.0
0.1086249615
0.0
0.0951545264
0.0038759690
0.0000000000
0.0
0.0
0.0886957851
0.0
0.0
0.0
0.0
0.0882214760
0.0999086511
0.0
0.0
0.0847651433
0.0000000000
0.0766875817
0.0
0.0895990008
0.0000000000
0.0777263417
0.0
0.0
0.1070391956
0.0944733917
0.1118468883
0.0
0.1073875738
0.0961948456
0.0
0.0
0.0892355160
0.0025839793
0.0860921906
0.0
0.0
0.1258144215
0.1154674787
0.0
0.0965466921
0.0913984267
0.0
0.0
0.0
0.0798423038
0.0
0.0636351630
0.0
0.0
0.0
0.0751162938
0.0
0.0
0.0
0.0000000000
0.0
0.0
0.0952919337
0.0643174114
0.0000000000
0.0
0.1126103483
0.0
0.0688109115
0.0
0.0827456603
0.0
0.0908948541
0.0
0.0943383332
0.0841704899
0.0945410660
0.1015225601
0.0000000000
0.0
0.1147646332
0.1057526668
0.0
0.0
0.0599089097
0.1179439930
0.0580639367
0.0
0.0865438217
0.0
0.0876939058
0.0
0.0
0.0
0.0
0.0
0.0969723205
0.0
0.1146649246
0.0900882786
0.0996070401
0.0025839793
0.0051679587
0.0
0.1034320754
0.0593432231
0.1008245441
0.0
0.0000000000
0.0
0.0
0.0082687339
0.0
0.0753736883
0.1050790829
0.1156698757
0.0897208213
0.1052466732
0.0795535432
0.0769558765
0.0636965870
0.0643801601
0.0880449154
0.1085356317
0.1075626146
0.0787936288
0.0
0.0
0.1224298035
0.0000000000
0.0
0.0
0.0
0.0850382269
0.0938019390
0.0
0.0
0.0000000000
0.0034453058
0.0832677149
0.0
0.0
0.0987130353
0.0920357937
0.0770457257
0.0
0.0
0.0
0.0
0.0
0.0
0.0752876943
0.0992325776
0.0
0.0964056451
0.1130928262
0.0000000000
0.1097085022
0.0
0.0000000000
0.0
0.1175238897
0.0993072447
0.0579619360
0.0000000000
0.0966173705
0.0025839793
0.1067793917
0.0908948541
0.1135794563
0.1078262485
0.0924224987
0.0
0.0837963988
0.1006707309
0.0987869223
0.0816198690
0.0915887080
0.0848741660
0.0950175149
0.1009788280
0.0
0.0
0.0
0.0910202263
0.0
0.0
0.0782795541
0.0038759690
0.0
0.0045937410
0.0943383332
0.0
0.0
0.0000000000
0.0
0.0765541347
0.0
0.0
0.0950859713
0.0000000000
0.0993820242
0.0725161144
0.0
0.0793145001
0.0
0.0820256856
0.0
0.0808696864
0.0000000000
0.0
0.0025839793
0.0000000000
0.0822301110
0.0
0.0743126848
0.0795056194
0.0721592828
0.0051679587
0.0000000000
0.0025839793
0.0763327520
0.0642547849
0.0000000000
0.0848741660
0.0879276004
0.0000000000
0.1027076484
0.0966881525
0.0051679587
0.0860921906
0.0830058668
0.0000000000
0.0897818559
0.0
0.0863739059
0.0034453058
0.0667911580
0.0999086511
0.1068658528
0.0000000000
0.0846564004
0.0068906115
0.0
0.0894775106
0.0025839793
0.0
0.0
0.0948127358
0.0658251013
0.0000000000
0.0
0.0829015880
0.0
0.0000000000
0.0000000000
0.0000000000
0.0793621937
0.0716500153
0.0636351630
0.0034453058
0.0779558938
0.0736081027
0.0000000000
0.0996822720
0.0025839793
0.1096173822
0.0819747380
0.0974736545
0.0858123070
0.0952231805
0.0687750538
0.0884579947
0.0816703763
0.0058139535
0.0000000000
0.0795535432
0.0735670726
0.0765541347
0.0778180001
0.0881625439
0.0000000000
0.0000000000
0.0025839793
0.0915251929
0.0000000000
0.0
0.1035944491
0.0000000000
0.0880449154
0.0808696864
0.0000000000
0.0
0.0025839793
0.0025839793
0.0876356761
0.0777263417
0.0953607862
0.0000000000
0.0
0.0000000000
0.0
0.0000000000
0.0051679587
0.0000000000
0.0000000000
0.0000000000
0.0000000000
0.1024684225
0.0716889344
0.0000000000
0.0051679587
0.0741456900
0.0000000000
0.0903968001
0.0660226754
0.0931399634
0.1068658528
0.0949491570
0.0727158833
0.0000000000
0.0
0.0823841000
0.0840632663
0.0860921906
0.0000000000
0.0000000000
0.0000000000
0.0000000000
0.0000000000
0.0000000000
0.0886362177
0.0778180001
0.0969011220
0.0787936288
0.0
0.0599089097
0.0721198515
0.0000000000
0.0025839793
0.0000000000
0.0000000000
0.0675431567
0.0903968001
0.0000000000
0.0000000000
0.0000000000
0.0851479537
0.0000000000
0.0000000000
0.0000000000
0.0000000000
0.0000000000
0.0000000000
0.0000000000
0.0000000000
0.0000000000
0.0903349269
0.0574572608
0.0000000000
0.0000000000
0.0034453058
0.0989350286
0.0733218490
0.0000000000
0.0000000000
0.0739794440
0.0849834695
0.0000000000
0.0000000000
0.0000000000
0.0000000000
0.0058139535
0.0025839793
0.0000000000
0.0879276004
0.0000000000
0.0000000000
0.0000000000
0.0000000000
0.0729167559
0.0000000000
0.0000000000
0.0000000000
0.0000000000
0.0928124671
0.0000000000
0.0659566857
0.0000000000
0.0000000000
0.0788878232
0.0000000000
0.0000000000
0.0000000000
0.0000000000
0.0000000000
0.0000000000
0.0000000000
0.0000000000
0.1012888167
0.0000000000
0.0000000000
0.0
0.0000000000
0.0847651433
0.0000000000
0.0000000000
0.0000000000
0.0699043052
0.0000000000
0.0000000000
0.0034453058
0.0740624737
0.0025839793
0.0000000000
0.0000000000
0.0025839793
0.0000000000
0.0000000000
0.0000000000
0.0000000000
0.0000000000
0.0000000000
0.0000000000
0.0000000000
0.0000000000
0.0000000000
0.0000000000
0.0000000000
0.0845479360
0.0000000000
0.0000000000
0.0000000000
0.0000000000
0.0000000000
0.0000000000
0.0000000000
0.0000000000
0.0000000000
0.0000000000
0.0000000000
0.0000000000
0.0000000000
0.0000000000
0.0000000000
