0.0
0.0
0.0
0.0
0.0
0.0
0.0
0.0
0.0
0.0
0.0
0.0
0.0
0.0
0.0
0.0
0.0
0.0
0.0
0.0
0.0
0.0
0.0
0.0
0.0
0.0
0.0
0.0
0.0
0.0
0.0
0.0000000000
0.0
0.0
0.0
0.0
0.0
0.0
0.0
0.0
0.0
0.0
0.0
0.0
0.0
0.0
0.0
0.0
0.0
0.0
0.0
0.0
0.0601072080
0.0
0.0
0.0
0.0
0.0
0.0
0.0
0.0
0.0757232963
0.0
0.0
0.0
0.0
0.0
0.0
0.0
0.0
0.0174825175
0.0
0.0
0.0
0.0
0.0
0.0
0.0
0.0
0.0
0.0
0.0
0.0
0.0
0.0
0.0159840160
0.0
0.0
0.0
0.0
0.0
0.0
0.0
0.0
0.0
0.0
0.0139860140
0.0
0.0
0.0
0.0
0.0
0.0
0.0
0.0
0.0
0.0
0.0
0.0
0.0
0.0
0.0218531469
0.0
0.0
0.0
0.0
0.0
0.0
0.0
0.0
0.0760963175
0.0
0.0125874126
0.0
0.0000000000
0.0
0.0000000000
0.0
0.0591860247
0.0
0.0
0.0
0.0
0.0
0.0
0.0
0.0000000000
0.0
0.0000000000
0.0
0.0
0.0000000000
0.0
0.0000000000
0.0
0.0
0.0093240093
0.0
0.0
0.0
0.0069930070
0.0671632715
0.0
0.0
0.0
0.0
0.0
0.0
0.0630512345
0.0555667354
0.0
0.0093240093
0.0
0.0
0.0
0.0
0.0
0.0
0.0093240093
0.0
0.0
0.0
0.0
0.0
0.0
0.0
0.0
0.0
0.0
0.0
0.0
0.0000000000
0.0
0.0
0.0
0.0
0.0
0.0000000000
0.0069930070
0.0576401211
0.0
0.0
0.0000000000
0.0
0.0
0.0
0.0
0.0000000000
0.0357582233
0.0
0.0534517386
0.0504821975
0.0
0.0
0.0
0.0
0.0
0.0
0.0
0.0000000000
0.0
0.0
0.0
0.0279720280
0.0400195659
0.0
0.0209790210
0.0
0.0683520020
0.0000000000
0.0093240093
0.0069930070
0.0341005573
0.0635701747
0.0379546743
0.0534517386
0.0567924722
0.0069930070
0.0
0.0
0.0776258917
0.0377690769
0.0000000000
0.0
0.0
0.0388129458
0.0000000000
0.0
0.0449056757
0.0429098679
0.0
0.0069930070
0.0
0.0000000000
0.0
0.0438850922
0.0501543911
0.0093240093
0.0000000000
0.0000000000
0.0000000000
0.0145687646
0.0
0.0671632715
0.0069930070
0.0159840160
0.0069930070
0.0
0.0000000000
0.0000000000
0.0159840160
0.0478252398
0.0
0.0615440337
0.0
0.0
0.0
0.0
0.0000000000
0.0
0.0
0.0357582233
0.0
0.0
0.0680508918
0.0218531469
0.0000000000
0.0485772090
0.0
0.0
0.0145687646
0.0000000000
0.0124875125
0.0
0.0093240093
0.0436371538
0.0420914236
0.0572131572
0.0
0.0000000000
0.0
0.0
0.0
0.0425552409
0.0139860140
0.0069930070
0.0
0.0000000000
0.0000000000
0.0380481587
0.0380481587
0.0620383632
0.0
0.0069930070
0.0000000000
0.0000000000
0.0718490812
0.0643648019
0.0374032747
0.0000000000
0.0
0.0
0.0000000000
0.0
0.0
0.0139860140
0.0069930070
0.0000000000
0.0069930070
0.0000000000
0.0
0.0000000000
0.0
0.0069930070
0.0000000000
0.0000000000
0.0000000000
0.0461120969
0.0000000000
0.0093240093
0.0000000000
0.0125874126
0.0654557307
0.0000000000
0.0125874126
0.0139860140
0.0069930070
0.0407587136
0.0069930070
0.0093240093
0.0000000000
0.0396091088
0.0534517386
0.0
0.0000000000
0.0
0.0000000000
0.0000000000
0.0069930070
0.0000000000
0.0461120969
0.0
0.0000000000
0.0159840160
0.0000000000
0.0069930070
0.0000000000
0.0000000000
0.0000000000
0.0463890464
0.0000000000
0.0000000000
0.0000000000
