0.0
0.0
0.0
0.0
0.0
0.0
0.0
0.0
0.0
0.0
0.0
0.0
0.0
0.0
0.0
0.0899344910
0.0
0.0
0.0
0.0
0.0
0.0
0.0
0.0
0.0
0.0
0.0
0.0
0.0
0.0000000000
0.0
0.1184405127
0.0
0.0
0.0
0.0
0.1044514758
0.0061349693
0.0823934001
0.0
0.1103146563
0.0
0.0
0.0900871811
0.0751577191
0.0
0.0
0.0
0.0
0.0961256335
0.0
0.0
0.0950920245
0.0
0.0911707039
0.0
0.0
0.1112397268
0.0
0.0
0.0
0.0
0.0
0.0
0.0
0.0
0.0
0.0
0.0
0.0
0.0864191363
0.0950920245
0.0902403906
0.0
0.0868434529
0.0
0.1074116391
0.0
0.0061349693
0.0
0.1061226994
0.1059108776
0.0
0.1173923666
0.1112397268
0.0816328457
0.0
0.1080679220
0.0940804073
0.0755859682
0.0
0.0
0.0
0.0
0.0
0.0
0.0000000000
0.0780313966
0.0
0.0
0.0
0.0643948419
0.0000000000
0.0081799591
0.0
0.0061349693
0.0
0.0
0.0
0.1065488950
0.0000000000
0.0000000000
0.1208686781
0.0982617587
0.0781463177
0.1166183510
0.1012621177
0.0000000000
0.0
0.0
0.0
0.0
0.0877047102
0.1044514758
0.0
0.0751577191
0.0
0.0
0.0
0.0
0.0
0.1061226994
0.0061349693
0.0
0.0061349693
0.1016500952
0.1112397268
0.0
0.0
0.0688214652
0.0864191363
0.0
0.0061349693
0.0
0.0061349693
0.0
0.0743156158
0.0
0.1239751161
0.0061349693
0.0000000000
0.0000000000
0.0853076362
0.0875599830
0.0
0.0643948419
0.0905483783
0.0993658234
0.0775750727
0.0668278963
0.0061349693
0.0
0.0896306583
0.1085099176
0.0932536901
0.0000000000
0.0000000000
0.0846273520
0.0
0.0954340822
0.0
0.0794331582
0.0778025655
0.0
0.0061349693
0.0874157326
0.0
0.0
0.1003050089
0.0000000000
0.0061349693
0.0
0.0765676042
0.0000000000
0.0000000000
0.0760191256
0.0984440625
0.0668278963
0.0698175654
0.0755859682
0.0
0.0988107071
0.1126567934
0.0
0.0061349693
0.0624251173
0.0700017806
0.0945835110
0.0
0.0000000000
0.0122699387
0.0755859682
0.0061349693
0.0600241512
0.0000000000
0.0
0.0922806082
0.0724881826
0.0000000000
0.0
0.0000000000
0.0864191363
0.0854450076
0.0
0.1028320730
0.0
0.0669966537
0.0
0.0995522508
0.0982617587
0.1034334302
0.0000000000
0.0000000000
0.0000000000
0.0000000000
0.0780313966
0.0000000000
0.0000000000
0.0896306583
0.0000000000
0.0000000000
0.1014557356
0.0675940760
0.0737988174
0.0794331582
0.0921203988
0.0000000000
0.0882884354
0.0000000000
0.0061349693
0.0743156158
0.0000000000
0.0884355828
0.0000000000
0.0668278963
0.0000000000
0.0000000000
0.0000000000
0.0
0.0675940760
0.0000000000
0.0
0.0061349693
0.0081799591
0.0000000000
0.0000000000
0.0
0.0000000000
0.0000000000
0.0000000000
0.0000000000
0.0000000000
0.0
0.0000000000
0.0816328457
0.0000000000
0.0061349693
0.0000000000
0.0905483783
0.0000000000
0.0000000000
0.0
0.0000000000
0.0000000000
0.0000000000
0.0000000000
0.0000000000
0.0000000000
