0.0
0.0
0.0
0.0
0.0
0.0
0.0
0.0
0.0
0.0
0.0
0.0
0.0
0.0
0.0
0.0
0.0
0.0
0.0
0.0
0.0
0.0
0.0
0.0
0.0
0.0
0.0
0.0
0.0
0.0
0.0
0.0070921986
0.0
0.0
0.0
0.0
0.0
0.0
0.0
0.0
0.0
0.0
0.0
0.0
0.0
0.0
0.0
0.0
0.0
0.0
0.0
0.0
0.0853414835
0.0
0.0
0.0
0.0
0.0
0.0
0.0
0.0
0.0496681946
0.0
0.0
0.0
0.0
0.0
0.0
0.0
0.0
0.0965425532
0.0
0.0
0.0
0.0
0.0
0.0
0.0
0.0
0.0
0.0
0.0
0.0
0.0
0.0
0.0252167061
0.0
0.0
0.0
0.0
0.0
0.0
0.0
0.0
0.0
0.0
0.0635671132
0.0
0.0
0.0
0.0
0.0
0.0181560284
0.0
0.0
0.0
0.0
0.0
0.0
0.0
0.0
0.0587331122
0.0
0.0
0.0
0.0
0.0
0.0
0.0
0.0
0.0000000000
0.0
0.0708569198
0.0
0.0798284678
0.0
0.0000000000
0.0
0.0000000000
0.0
0.0
0.0
0.0
0.0
0.0
0.0
0.0000000000
0.0
0.0070921986
0.0
0.0
0.0846400466
0.1029787234
0.0267000417
0.0
0.0
0.0730345556
0.0
0.0
0.0
0.0892879105
0.0800352773
0.0
0.0
0.0
0.0
0.0
0.0
0.0000000000
0.0562725265
0.0
0.0579617580
0.0
0.0
0.0
0.0
0.0
0.0
0.0560682705
0.0
0.0
0.0
0.0
0.0
0.0
0.0
0.0
0.0
0.0000000000
0.0
0.0
0.0000000000
0.0
0.0
0.0
0.0
0.0
0.0617872340
0.0000000000
0.0162107396
0.0
0.0
0.0070921986
0.0
0.0
0.0
0.0
0.0070921986
0.0804521277
0.0
0.0723503912
0.0710198092
0.0113475177
0.0
0.0
0.0
0.0
0.0
0.0
0.0683487102
0.0
0.0710198092
0.0
0.0216143195
0.0944758930
0.0000000000
0.0681978301
0.0
0.0733815131
0.0472379465
0.0762805359
0.0608142067
0.0553649051
0.0898070262
0.0626645376
0.0753502854
0.0635671132
0.0686524823
0.0
0.0
0.1083986562
0.0594108020
0.0070921986
0.0
0.0
0.0000000000
0.0552658623
0.0
0.0812989922
0.0706947758
0.0
0.0070921986
0.0
0.0000000000
0.0
0.0162107396
0.0189125296
0.0493508259
0.1099416976
0.0137545669
0.0000000000
0.0141843972
0.0
0.0880160029
0.0694238585
0.0174577196
0.0000000000
0.0
0.0000000000
0.0000000000
0.0226950355
0.0715130024
0.0
0.0661533555
0.0
0.0
0.0
0.0
0.0000000000
0.0
0.0
0.0788102475
0.0
0.0070921986
0.0953506698
0.0000000000
0.0000000000
0.0638297872
0.0
0.0
0.0524509627
0.0000000000
0.0870242733
0.0
0.0000000000
0.0000000000
0.0788102475
0.0625376863
0.0
0.0189125296
0.0620353755
0.0880160029
0.0
0.0766590993
0.0550688360
0.0739081747
0.0817291456
0.0000000000
0.0000000000
0.0000000000
0.0522734637
0.0000000000
0.0553649051
0.0000000000
0.0000000000
0.0000000000
0.0962417976
0.0000000000
0.0678980594
0.0000000000
0.0
0.0000000000
0.0723503912
0.0070921986
0.0
0.0660120022
0.0846400466
0.0697372845
0.0000000000
0.0539155620
0.0
0.0000000000
0.0
0.0070921986
0.0113475177
0.0000000000
0.0000000000
0.0000000000
0.0000000000
0.0000000000
0.0000000000
0.0000000000
0.0554643034
0.0000000000
0.0000000000
0.0070921986
0.0000000000
0.0000000000
0.0000000000
0.0000000000
0.0000000000
0.0000000000
0.0000000000
0.0000000000
0.0000000000
