0.0
0.0
0.0
0.0
0.0
0.0
0.0
0.0
0.0
0.0
0.0
0.0
0.0
0.0
0.0
0.0
0.0
0.0
0.0
0.0
0.0
0.0
0.0
0.0
0.0
0.0
0.0
0.0
0.0
0.0785902522
0.0
0.1104100429
0.0
0.0
0.0
0.0
0.0
0.0876199939
0.0
0.0
0.1119173472
0.0
0.0
0.0
0.0874447539
0.0
0.0
0.0
0.0
0.1198968290
0.0
0.0
0.1115366760
0.0
0.1150588868
0.0
0.0
0.0
0.0
0.0
0.0
0.0
0.0
0.0
0.0
0.0
0.0
0.0
0.0
0.0
0.1251594761
0.1059508327
0.1140583747
0.0
0.0972328621
0.0
0.1051018677
0.0
0.0828075321
0.0
0.0
0.1036075284
0.0
0.0
0.1088523908
0.1232773787
0.0
0.0927631760
0.0
0.1033625933
0.0
0.0
0.0
0.0
0.0
0.0
0.0000000000
0.0830697473
0.0
0.0
0.0
0.0966596396
0.0696585932
0.0872702135
0.0
0.0
0.0
0.0
0.0
0.1216763738
0.0947055097
0.0
0.0931584737
0.1032812054
0.1125898119
0.1031188136
0.0
0.0
0.0
0.0
0.0
0.0
0.0954637052
0.1153624722
0.0
0.0965173885
0.0
0.0
0.0
0.0
0.0
0.0
0.0
0.0
0.0
0.0942292607
0.1076905837
0.0
0.0
0.1314299909
0.0
0.0
0.0958824056
0.0
0.1104100429
0.0
0.0027855153
0.0
0.1096715141
0.1056096062
0.0083565460
0.0
0.0
0.0
0.0
0.1216763738
0.1045156422
0.0
0.0998988050
0.1141576422
0.0
0.0
0.1201164203
0.0
0.1019962138
0.0774761553
0.0000000000
0.0
0.0
0.1028761811
0.0
0.0953942770
0.0
0.0
0.0945008148
0.0988448613
0.0
0.0
0.0902112317
0.0679622440
0.0817750193
0.0
0.0874447539
0.0000000000
0.0765269142
0.0
0.0
0.1082237054
0.1054398159
0.1200065242
0.0
0.1192428463
0.1182751406
0.0
0.0
0.1011311726
0.0897790082
0.0902112317
0.0
0.0
0.1367749019
0.1069006772
0.0
0.1130751129
0.0900254845
0.0
0.0
0.0
0.0000000000
0.0
0.0919825603
0.0
0.0
0.0
0.0050139276
0.0
0.0
0.0
0.0000000000
0.0
0.0
0.0899020774
0.0027855153
0.0000000000
0.0
0.1136630251
0.0
0.0740638797
0.0
0.0995953917
0.0
0.0989194049
0.0
0.1027955571
0.0814196964
0.0870963685
0.1051861515
0.0000000000
0.0
0.1223573982
0.1135646155
0.0
0.0
0.0050139276
0.1316939065
0.0851181901
0.0
0.0899020774
0.0
0.0886863630
0.1078677063
0.0
0.0
0.0
0.0
0.1159744747
0.0
0.1322249304
0.0883280343
0.0983261851
0.0917252664
0.0055710306
0.0
0.1205580247
0.0037140204
0.0852842204
0.0
0.0000000000
0.0
0.0
0.0089136490
0.0
0.0668537874
0.1078677063
0.1212265535
0.1017588293
0.1213386965
0.0817750193
0.0865789643
0.0765269142
0.0776136869
0.1023144547
0.1147568949
0.1161799211
0.0878547427
0.0
0.0
0.1353633962
0.0000000000
0.0
0.0
0.0
0.0915971585
0.0890476109
0.0
0.0
0.0915971585
0.0705958724
0.1084025875
0.0
0.0
0.0994443752
0.0945008148
0.0879725895
0.0
0.0
0.0
0.0
0.0
0.0
0.0667857082
0.1041008976
0.0
0.1062082032
0.1188108070
0.0949798196
0.1130751129
0.0
0.0000000000
0.0
0.1162829175
0.1097632895
0.0027855153
0.0000000000
0.1206689337
0.1015225472
0.1064668270
0.0965884616
0.1099473017
0.1132704067
0.0954637052
0.0
0.0027855153
0.1096715141
0.1116316008
0.0848978194
0.0965173885
0.0888666199
0.1028761811
0.0995198262
0.0
0.1143566965
0.0880316315
0.1027150595
0.1085820620
0.0
0.0905225196
0.0027855153
0.0
0.0049520272
0.1045989880
0.0
0.0
0.0000000000
0.0
0.0926976190
0.0
0.0
0.0956028651
0.0000000000
0.0962341386
0.0000000000
0.0
0.0833866058
0.0
0.0000000000
0.0
0.0776596394
0.0000000000
0.0
0.0027855153
0.0000000000
0.0858985795
0.0
0.0037140204
0.0987704299
0.0759069045
0.0027855153
0.0000000000
0.0027855153
0.0027855153
0.0674728040
0.0000000000
0.0888666199
0.1005882906
0.0000000000
0.0822880370
0.0808675283
0.0000000000
0.0902112317
0.0713640538
0.0000000000
0.0978129239
0.0
0.0750384044
0.0918537331
0.0602236597
0.1093059424
0.0969454035
0.0000000000
0.0935571547
0.0074280409
0.0
0.0996710721
0.0796884149
0.0
0.0
0.0993690386
0.0696216194
0.0000000000
0.0
0.1056947066
0.0
0.0000000000
0.0000000000
0.0000000000
0.0869808560
0.0744844582
0.0764377220
0.0000000000
0.0843518527
0.0717937225
0.0000000000
0.1106895620
0.0000000000
0.0973772316
0.0000000000
0.1027150595
0.0850078619
0.0945008148
0.0763043228
0.0967309225
0.0791594031
0.0027855153
0.0000000000
0.0817750193
0.0832807180
0.0000000000
0.0871542398
0.0872121881
0.0000000000
0.0000000000
0.0027855153
0.1013656344
0.0000000000
0.0
0.1116316008
0.0768857743
0.0969454035
0.0828598427
0.0915971585
0.0
0.0027855153
0.0027855153
0.0724680281
0.0764377220
0.1123968560
0.0000000000
0.0
0.0000000000
0.0000000000
0.0000000000
0.0798825401
0.0000000000
0.0921117492
0.0000000000
0.0000000000
0.0918537331
0.0700305024
0.0000000000
0.0055710306
0.0786373687
0.0000000000
0.0835991912
0.0055710306
0.0864078596
0.1019962138
0.1035257545
0.0960227898
0.0000000000
0.0000000000
0.0914694079
0.0804706325
0.0902112317
0.0000000000
0.0000000000
0.0000000000
0.0000000000
0.0000000000
0.0000000000
0.0891686818
0.0871542398
0.0919825603
0.0878547427
0.0921117492
0.0050139276
0.0752536609
0.0000000000
0.0027855153
0.0000000000
0.0000000000
0.0027855153
0.0000000000
0.0000000000
0.0000000000
0.0000000000
0.0000000000
0.0000000000
0.0000000000
0.0000000000
0.0000000000
0.0000000000
0.0000000000
0.0000000000
0.0000000000
0.0000000000
0.0000000000
0.0679622440
0.0000000000
0.0000000000
0.0000000000
0.0000000000
0.0027855153
0.0000000000
0.0000000000
0.0810674480
0.0000000000
0.0000000000
0.0000000000
0.0000000000
0.0000000000
0.0687098643
0.0000000000
0.0000000000
0.1005882906
0.0000000000
0.0000000000
0.0000000000
0.0000000000
0.0000000000
0.0000000000
0.0000000000
0.0000000000
0.0000000000
0.0000000000
0.0000000000
0.0000000000
0.0000000000
0.0000000000
0.0624902958
0.0000000000
0.0000000000
0.0000000000
0.0000000000
0.0000000000
0.0000000000
0.0000000000
0.0000000000
0.0000000000
0.0000000000
0.0000000000
0.0000000000
0.0000000000
0.0000000000
0.0000000000
0.0000000000
