0.0
0.0
0.0
0.0
0.0
0.0
0.0
0.0
0.0
0.0
0.0
0.0
0.0
0.0
0.0
0.0
0.0
0.0
0.0
0.0
0.0
0.0
0.0
0.0
0.0
0.0
0.0
0.0
0.0
0.0
0.0
0.0000000000
0.0
0.0
0.0
0.0
0.0
0.0
0.0
0.0
0.0
0.0
0.0
0.0888296691
0.0
0.0
0.0
0.0
0.0
0.0
0.0
0.0
0.0666222518
0.0
0.0
0.0
0.0
0.0
0.0
0.0
0.0
0.0253164557
0.0
0.0
0.0189873418
0.0
0.0
0.0
0.0
0.0
0.0000000000
0.0
0.0
0.0
0.0
0.0
0.0
0.0
0.1033324722
0.0
0.0
0.0
0.0
0.0
0.0
0.0000000000
0.0
0.0
0.0
0.0
0.0
0.0511443549
0.0
0.0
0.0000000000
0.0
0.0610035077
0.0
0.0
0.0
0.0000000000
0.0
0.0816659861
0.0
0.0
0.0
0.0
0.0
0.0
0.0
0.0284810127
0.0284810127
0.0
0.0
0.0
0.0126582278
0.0
0.0
0.0227848101
0.0
0.0168776371
0.0
0.0126582278
0.0803697006
0.0268056590
0.0000000000
0.0168776371
0.0
0.0973709834
0.0
0.0
0.0
0.0
0.1033324722
0.0189873418
0.0
0.0617474529
0.0
0.0379746835
0.0
0.0
0.0791139241
0.0744601638
0.0767165324
0.0
0.0684228532
0.0303797468
0.0767165324
0.0
0.0
0.0791139241
0.0126582278
0.0610035077
0.0126582278
0.0
0.0
0.0
0.0
0.0000000000
0.0744601638
0.0
0.0379746835
0.0
0.0
0.0
0.0
0.0
0.0284810127
0.0000000000
0.0168776371
0.0
0.0000000000
0.0189873418
0.0189873418
0.0
0.0
0.0
0.0414269275
0.0268056590
0.0
0.0
0.0617474529
0.0
0.0632911392
0.0000000000
0.0610035077
0.0253164557
0.0284810127
0.0126582278
0.0000000000
0.0168776371
0.0000000000
0.0000000000
0.0126582278
0.0000000000
0.0000000000
0.0000000000
0.0000000000
0.0000000000
0.0000000000
0.0000000000
0.0000000000
0.0000000000
0.0000000000
0.0000000000
0.0000000000
0.0000000000
0.0000000000
0.0000000000
0.0000000000
0.0000000000
0.0000000000
0.0000000000
