0.0
0.0
0.0
0.0
0.0
0.0
0.0
0.0
0.0
0.0
0.0
0.0
0.0
0.0
0.0
0.0
0.0
0.0
0.0
0.0
0.0
0.0
0.0
0.0
0.0
0.0
0.0
0.0
0.0
0.0
0.0
0.0
0.0
0.0
0.0
0.0
0.0
0.0
0.0
0.0
0.0
0.0
0.0000000000
0.0236842105
0.0
0.0
0.0
0.0
0.0
0.0
0.0
0.0
0.0
0.0
0.0
0.0
0.0
0.0
0.0
0.0
0.0691387560
0.0
0.0
0.0
0.0
0.0
0.0
0.0
0.0
0.0
0.0
0.0
0.0
0.0
0.0
0.0236842105
0.0
0.0
0.0
0.0813397129
0.0
0.0
0.0
0.0
0.0
0.0
0.0000000000
0.0
0.0
0.0
0.0
0.0987696514
0.0
0.0
0.0
0.0
0.0
0.0
0.0
0.0
0.0
0.0131578947
0.0
0.0
0.0
0.0
0.0
0.0000000000
0.0
0.0394736842
0.0
0.0
0.0
0.0
0.0
0.0
0.0000000000
0.0
0.0580554440
0.1000692521
0.0
0.0000000000
0.0
0.0
0.0
0.0
0.0
0.0
0.0000000000
0.0
0.0
0.0
0.0
0.0849750074
0.0
0.0
0.0
0.0664215123
0.0650022492
0.1078760732
0.0
0.0752996352
0.0
0.0
0.0
0.0
0.0
0.0
0.0
0.0
0.0000000000
0.0
0.0610864511
0.0
0.0
0.0921850080
0.0000000000
0.0749287011
0.1014035088
0.0894736842
0.0
0.0894736842
0.0724310777
0.0000000000
0.0394736842
0.0
0.0
0.0000000000
0.0776047261
0.0
0.0
0.0526315789
0.0473684211
0.0131578947
0.0
0.1086466165
0.0741976893
0.0927471117
0.0
0.0000000000
0.0
0.0
0.0927471117
0.0278637771
0.0585020243
0.0
0.0315789474
0.0000000000
0.0874168179
0.0000000000
0.1102212052
0.0000000000
0.1063673169
0.0
0.0647256439
0.0
0.0000000000
0.0000000000
0.0000000000
0.0000000000
0.0
0.0
0.0000000000
0.0
0.0131578947
0.0704191033
0.0338345865
0.0756742603
0.0822190612
0.0749287011
0.0864234450
0.0610864511
0.0000000000
0.0519130591
0.0131578947
0.0625947585
0.0000000000
0.0000000000
0.0000000000
0.0315789474
0.0000000000
0.0000000000
0.0000000000
0.0236842105
0.0000000000
