0.0
0.0
0.0
0.0
0.0
0.0
0.0
0.2524179037
0.0
0.0
0.0
0.0
0.0
0.0
0.0
0.0
0.0
0.0
0.0
0.0
0.1579299184
0.0
0.0
0.1301008579
0.0
0.0
0.0
0.0
0.0
0.0
0.0
0.2101985391
0.1506780344
0.2002230152
0.0
0.0
0.0
0.1631651643
0.0
0.1014876108
0.0
0.0
0.0
0.0
0.0
0.2245847509
0.0
0.0
0.0
0.0
0.0
0.0
0.0
0.2171536378
0.0
0.0
0.0
0.1845805921
0.0
0.1893134278
0.0
0.1289646058
0.0
0.2163582032
0.1795312750
0.1955820843
0.0000000000
0.0
0.2094531542
0.0
0.2220518401
0.1306765254
0.2362631579
0.0
0.0
0.1851592147
0.2461074561
0.1627156735
0.0
0.0
0.0
0.0000000000
0.1530201800
0.0
0.1348534006
0.2481755860
0.1144685843
0.0
0.2481755860
0.1800786264
0.0
0.1988747120
0.2307257401
0.2535012424
0.0
0.2109492481
0.2043798944
0.1014876108
0.2502787690
0.1800786264
0.2220518401
0.0
0.1823018194
0.1995465861
0.0
0.0
0.0
0.1386520880
0.2289371685
0.0
0.2009040458
0.1955820843
0.0
0.2109492481
0.0000000000
0.0
0.1707103742
0.1613819385
0.0
0.1968859649
0.1631651643
0.0
0.0
0.2254419446
0.1538171601
0.1757910401
0.1546224855
0.1499131713
0.2147846890
0.1789872408
0.1863274116
0.1640716374
0.0000000000
0.1502946297
0.1171940267
0.1312573099
0.1640716374
0.0000000000
0.1845805921
0.0000000000
0.1795312750
0.1975444464
0.1779090044
0.0000000000
0.1806293256
0.0
0.1605048627
0.0000000000
0.0000000000
