0.0
0.0
0.0
0.0
0.1286864198
0.0
0.1594156331
0.0
0.0
0.0932499655
0.0
0.1352857234
0.0
0.1421029014
0.0
0.1384931749
0.0
0.1417334832
0.0
0.0
0.1424742505
0.0943255130
0.0
0.0
0.0
0.1253336702
0.1092588107
0.1349508577
0.1476177252
0.1308483516
0.0
0.0
0.1514448514
0.1308483516
0.1379093082
0.1389638399
0.1421029014
0.1275822461
0.1155087850
0.0
0.0
0.1530032175
0.1560691217
0.1355098919
0.0
0.1421029014
0.1429724122
0.1300162477
0.1175847876
0.1180941802
0.1293990819
0.1217873712
0.1500554491
0.1359604651
0.1323304527
0.1443604939
0.1290926911
0.0
0.1153458671
0.1544480071
0.0
0.1063461896
0.1138207652
0.1439792602
0.0
0.1434740698
0.0
0.0950380241
0.1363003663
0.1360735770
0.1486913087
0.1387281082
0.0000000000
0.1551806827
0.1328679444
0.1274828056
0.1071824637
0.0861297733
0.1095515335
0.1273835199
0.1392003741
0.1528602239
0.1381422631
0.0
0.1503312864
0.1316911752
0.1352857234
0.0
0.0980578175
0.0975897611
0.1484214515
0.0
0.1213356377
0.1147792558
0.1107382800
0.0
0.1031276416
0.1287877477
0.1290926911
0.1439792602
0.1388458740
0.1268894023
0.1147792558
0.1118744457
0.1275822461
0.1446157733
0.0
0.1132690025
0.1484214515
0.0
0.1244752204
0.1287877477
0.0993684323
0.1278815008
0.1017166913
0.1285852512
0.1289908829
0.0
0.0987087746
0.1473517474
0.1210662025
0.1254297849
0.0883632845
0.1316911752
0.0000000000
0.1373303439
0.0984710654
0.1245700225
0.0000000000
0.1346176457
0.0
0.0
0.1227010049
0.0027472527
0.1451290502
0.0027472527
0.1348396039
0.1225171832
0.1182649599
0.1384931749
0.1259125786
0.1308483516
0.1195617248
0.0
0.1121813714
0.1482868899
0.1142980011
0.0970109369
0.1357348046
0.1241916777
0.1227931228
0.1357348046
0.1219690079
0.1348396039
0.1323304527
0.0969534319
0.0000000000
0.0000000000
0.1150214062
0.1195617248
0.1387281082
0.0000000000
0.1129561047
0.1057958859
0.1388458740
0.1224254787
0.1277815934
0.0986492398
0.1038478981
0.1480184973
0.0
0.0
0.0763587486
0.0
0.1082464855
0.0027472527
0.0
0.1423502520
0.1081033969
0.0
0.1105138105
0.0036630037
0.1131906156
0.1387281082
0.1148598592
0.1096984839
0.1221511871
0.0
0.0000000000
0.1133474980
0.1078894720
0.1317972922
0.1280817851
0.1159181003
0.1352857234
0.0000000000
0.1177540962
0.1403952271
0.1256224574
0.0940002526
0.0
0.1134261023
0.1282826977
0.0
0.1188665985
0.0970685101
0.0
0.1292967902
0.0
0.0929849003
0.0972416406
0.1365279128
0.0
0.1057274981
0.1049810267
0.1230703082
0.1106633556
0.1144579703
0.0
0.1365279128
0.0000000000
0.1285852512
0.1389638399
0.0000000000
0.0
0.1286864198
0.0000000000
0.0000000000
0.1242860483
0.1423502520
0.1033230825
0.1334098202
0.0
0.1476177252
0.1303270435
0.0973574045
0.1272843888
0.0
0.1286864198
0.0758277420
0.1287877477
0.0000000000
0.0000000000
0.0000000000
0.1155904167
0.1069721645
0.1193871822
0.0000000000
0.1163303269
0.1227010049
0.1255260472
0.0000000000
0.1057274981
0.1164131242
0.0949277072
0.0908164573
0.1269879189
0.1190396212
0.1319035803
0.0000000000
0.0
0.1035848256
0.1026100625
0.1015272747
0.0854547751
0.1177540962
0.1126449308
0.1126449308
0.0054945055
0.0000000000
0.0000000000
0.1484214515
0.0860844419
0.0000000000
0.0808904251
0.0
0.0000000000
0.0000000000
0.0000000000
0.1138207652
0.0036630037
0.1215159284
0.0000000000
0.0036630037
0.1288892353
0.0000000000
0.1036504687
0.0027472527
0.0027472527
0.1345069404
0.0
0.0027472527
0.1150214062
0.0950380241
0.0984118168
0.1133474980
0.0991876529
0.0000000000
0.0036630037
0.1140588839
0.0000000000
0.0000000000
0.0977063558
0.1176693810
0.0000000000
0.0000000000
0.0000000000
0.0027472527
0.0977647577
0.0000000000
0.1126449308
0.0865857277
0.0000000000
0.0000000000
0.0919395388
0.1240974503
0.1131123372
0.0000000000
0.1048464356
0.1121044822
0.0984118168
0.1216062748
0.0853655739
0.1086058696
0.0000000000
0.0000000000
0.0849223466
0.0754082248
0.0000000000
0.0000000000
0.0000000000
0.0000000000
0.1135048158
0.0935165463
0.0000000000
0.0000000000
0.1223339114
0.0000000000
0.0000000000
0.0000000000
0.1213356377
0.0027472527
0.0000000000
0.0000000000
0.1126449308
0.0000000000
0.0000000000
0.0054945055
0.1170797706
0.1108884336
0.0000000000
0.0000000000
0.0000000000
0.0000000000
0.1175003158
0.1152645804
0.0000000000
0.0000000000
0.0000000000
0.1148598592
0.0000000000
0.0980578175
0.1086058696
0.1152645804
0.0000000000
0.0000000000
0.0000000000
0.1014013884
0.0000000000
0.0000000000
0.0000000000
0.0000000000
0.0000000000
0.0000000000
0.0000000000
0.0849664621
0.1215159284
0.0000000000
0.0000000000
0.0949277072
0.0000000000
0.0000000000
0.0000000000
0.0000000000
0.0000000000
0.0950932788
0.1186080055
0.0000000000
0.0000000000
0.0000000000
0.0000000000
0.0000000000
0.1001594853
0.0000000000
0.0000000000
0.0000000000
0.0000000000
0.0000000000
0.0000000000
0.0000000000
0.0000000000
0.0000000000
0.0000000000
0.0000000000
0.0000000000
0.0000000000
0.0000000000
0.0000000000
0.0000000000
0.0000000000
0.0000000000
0.0000000000
0.0000000000
0.0000000000
0.0000000000
0.0000000000
0.0000000000
0.0000000000
