0.0
0.0
0.0
0.0
0.0
0.0
0.1657250471
0.0
0.0
0.0
0.0
0.0
0.2263004091
0.0
0.0
0.2025528353
0.0
0.0
0.0
0.0
0.0
0.0
0.0
0.0
0.0
0.0
0.0
0.0
0.0
0.1864406780
0.0
0.2343825666
0.2063745869
0.0
0.0
0.0
0.2232214920
0.0000000000
0.1764169856
0.0
0.2063745869
0.1432906521
0.1907765077
0.2090035626
0.2395150315
0.1907765077
0.0
0.0
0.0
0.2294654498
0.0
0.0
0.1570026762
0.0
0.2076807552
0.0
0.2263004091
0.1864406780
0.2173083399
0.0
0.1875060533
0.0
0.0
0.0
0.1624433630
0.0
0.2038109275
0.0000000000
0.1451927404
0.0
0.1822975518
0.1793090673
0.2294654498
0.0
0.1822975518
0.0
0.1964883792
0.1640677966
0.1918921598
0.2448773084
0.2038109275
0.1736167160
0.1505209143
0.1505209143
0.1657250471
0.1302125370
0.0
0.0000000000
0.1307313120
0.0000000000
0.0
0.1822975518
0.0
0.1896737533
0.0000000000
0.0
0.1307313120
0.1350352235
0.0000000000
0.0000000000
0.0000000000
0.0000000000
0.1875060533
0.0000000000
0.1822975518
0.0000000000
0.0000000000
0.0000000000
0.0000000000
0.0000000000
