0.0
0.0
0.0
0.0
0.0
0.0
0.0000000000
0.0
0.0
0.0000000000
0.0
0.0
0.0
0.0
0.0
0.0
0.0
0.0
0.0
0.0
0.0
0.0
0.0
0.0000000000
0.0
0.0
0.0
0.0
0.0
0.0
0.0
0.0
0.0
0.0
0.0
0.0
0.0
0.0
0.0
0.0
0.0
0.0
0.0000000000
0.0
0.0
0.0
0.0
0.0
0.0
0.0
0.0
0.0
0.0000000000
0.0
0.0030303030
0.0
0.0
0.0
0.0040404040
0.0
0.0
0.0000000000
0.0
0.0
0.0
0.0000000000
0.0
0.0069264069
0.0000000000
0.0
0.0000000000
0.0167969286
0.0
0.0
0.0249135652
0.0
0.0
0.0
0.0
0.0
0.0
0.0
0.0
0.0000000000
0.0
0.0233466743
0.0
0.0
0.0
0.0
0.0
0.0
0.0000000000
0.0
0.0060606061
0.0
0.0
0.0
0.0118345618
0.0
0.0
0.0
0.0
0.0
0.0
0.0
0.0
0.0
0.0
0.0
0.0
0.0000000000
0.0
0.0
0.0
0.0
0.0
0.0000000000
0.0
0.0
0.0
0.0285547786
0.0
0.0000000000
0.0
0.0096969697
0.0
0.0
0.0104256854
0.0
0.0
0.0
0.0
0.0
0.0121632997
0.0060606061
0.0
0.0
0.0
0.0292293009
0.0094696970
0.0
0.0
0.0
0.0198509156
0.0
0.0270957753
0.0040404040
0.0000000000
0.0000000000
0.0000000000
0.0
0.0099517906
0.0
0.0000000000
0.0
0.0
0.0
0.0121212121
0.0
0.0
0.0208546136
0.0
0.0
0.0
0.0
0.0080808081
0.0082491582
0.0311942959
0.0
0.0136837121
0.0
0.0
0.0
0.0030303030
0.0
0.0
0.0090909091
0.0
0.0068870523
0.0
0.0000000000
0.0
0.0
0.0
0.0
0.0
0.0
0.0000000000
0.0030303030
0.0000000000
0.0220959596
0.0190382082
0.0
0.0000000000
0.0
0.0
0.0
0.0082491582
0.0
0.0126262626
0.0086580087
0.0
0.0
0.0
0.0175100057
0.0000000000
0.0030303030
0.0
0.0
0.0202848154
0.0
0.0
0.0233466743
0.0000000000
0.0
0.0
0.0040404040
0.0060606061
0.0000000000
0.0
0.0
0.0
0.0
0.0
0.0000000000
0.0
0.0
0.0030303030
0.0
0.0
0.0
0.0226348854
0.0
0.0000000000
0.0
0.0030303030
0.0030303030
0.0
0.0
0.0000000000
0.0156385281
0.0
0.0
0.0
0.0304272231
0.0
0.0068181818
0.0
0.0000000000
0.0
0.0141251222
0.0194351896
0.0
0.0
0.0000000000
0.0030303030
0.0
0.0
0.0000000000
0.0
0.0069264069
0.0
0.0
0.0
0.0
0.0000000000
0.0141251222
0.0000000000
0.0000000000
0.0
0.0053030303
0.0068870523
0.0000000000
0.0
0.0
0.0
0.0
0.0000000000
0.0
0.0
0.0
0.0000000000
0.0060606061
0.0060606061
0.0
0.0104256854
0.0000000000
0.0
0.0030303030
0.0
0.0000000000
0.0000000000
0.0108225108
0.0040404040
0.0
0.0
0.0000000000
0.0030303030
0.0
0.0081900082
0.0
0.0
0.0
0.0
0.0000000000
0.0
0.0080808081
0.0040404040
0.0
0.0
0.0
0.0
0.0
0.0067493113
0.0
0.0141251222
0.0068181818
0.0
0.0000000000
0.0000000000
0.0000000000
0.0
0.0277023971
0.0
0.0173463608
0.0000000000
0.0
0.0146724159
0.0
0.0206228956
0.0
0.0108225108
0.0164983165
0.0
0.0030303030
0.0
0.0
0.0045454545
0.0060606061
0.0
0.0000000000
0.0247474747
0.0
0.0
0.0
0.0
0.0
0.0000000000
0.0045454545
0.0
0.0
0.0040404040
0.0030303030
0.0108225108
0.0000000000
0.0
0.0053872054
0.0
0.0
0.0040404040
0.0
0.0060606061
0.0
0.0000000000
0.0
0.0
0.0
0.0000000000
0.0
0.0
0.0000000000
0.0030303030
0.0000000000
0.0
0.0000000000
0.0000000000
0.0101832276
0.0090909091
0.0
0.0000000000
0.0030303030
0.0156385281
0.0030303030
0.0
0.0202848154
0.0192337887
0.0040404040
0.0000000000
0.0030303030
0.0048484848
0.0040404040
0.0000000000
0.0203962704
0.0
0.0
0.0
0.0000000000
0.0060606061
0.0
0.0000000000
0.0192337887
0.0
0.0092803030
0.0000000000
0.0000000000
0.0
0.0000000000
0.0
0.0048484848
0.0
0.0000000000
0.0000000000
0.0000000000
0.0000000000
0.0000000000
0.0067493113
0.0054545455
0.0030303030
0.0030303030
0.0000000000
0.0073909830
0.0068870523
0.0000000000
0.0030303030
0.0
0.0
0.0030303030
0.0176767677
0.0000000000
0.0000000000
0.0
0.0000000000
0.0
0.0000000000
0.0000000000
0.0171857464
0.0030303030
0.0054545455
0.0
0.0000000000
0.0000000000
0.0030303030
0.0000000000
0.0
0.0152136115
0.0150992685
0.0092803030
0.0000000000
0.0000000000
0.0030303030
0.0087575758
0.0
0.0000000000
0.0000000000
0.0000000000
0.0128787879
0.0068870523
0.0
0.0000000000
0.0000000000
0.0000000000
0.0000000000
0.0000000000
0.0
0.0000000000
0.0060606061
0.0000000000
0.0
0.0000000000
0.0
0.0030303030
0.0000000000
0.0233466743
0.0000000000
0.0000000000
0.0000000000
0.0
0.0040404040
0.0000000000
0.0
0.0175151515
0.0
0.0000000000
0.0301798473
0.0
0.0169503252
0.0
0.0000000000
0.0054545455
0.0000000000
0.0
0.0000000000
0.0
0.0000000000
0.0000000000
0.0000000000
0.0173463608
0.0054545455
0.0000000000
0.0040404040
0.0094696970
0.0030303030
0.0000000000
0.0030303030
0.0053030303
0.0237956488
0.0242622301
0.0
0.0
0.0040404040
0.0
0.0000000000
0.0030303030
0.0000000000
0.0000000000
0.0217083112
0.0000000000
0.0000000000
0.0040404040
0.0000000000
0.0000000000
0.0000000000
0.0121212121
0.0060606061
0.0000000000
0.0000000000
0.0030303030
0.0030303030
0.0000000000
0.0073909830
0.0000000000
0.0000000000
0.0000000000
0.0000000000
0.0000000000
0.0040404040
0.0030303030
0.0000000000
0.0000000000
0.0000000000
0.0000000000
0.0000000000
0.0000000000
0.0
0.0000000000
0.0000000000
0.0000000000
0.0000000000
0.0054545455
0.0030303030
0.0000000000
0.0000000000
0.0
0.0030303030
0.0000000000
0.0000000000
0.0000000000
0.0000000000
0.0030303030
0.0000000000
0.0040404040
0.0000000000
0.0068870523
0.0000000000
0.0000000000
0.0000000000
0.0000000000
0.0000000000
0.0000000000
0.0000000000
0.0000000000
0.0000000000
0.0000000000
0.0054545455
0.0000000000
0.0000000000
0.0000000000
0.0000000000
0.0000000000
0.0000000000
0.0000000000
0.0030303030
0.0000000000
0.0000000000
0.0000000000
0.0000000000
0.0000000000
0.0000000000
0.0000000000
0.0000000000
0.0000000000
0.0000000000
0.0000000000
0.0075496343
0.0040404040
0.0000000000
0.0000000000
0.0000000000
0.0000000000
0.0000000000
