0.0
0.0
0.0
0.0
0.0
0.0
0.0
0.0
0.0
0.2408844978
0.2117452440
0.0
0.0
0.0
0.0
0.1562881563
0.0
0.0
0.2083842084
0.0
0.0
0.0
0.0
0.0
0.2365442365
0.0
0.2365442365
0.0
0.0
0.0
0.2477019836
0.1944919278
0.0
0.0
0.0
0.2477019836
0.2365442365
0.0
0.0
0.0
0.0
0.0
0.0
0.2083842084
0.0
0.0
0.2599644580
0.0
0.0
0.2524654832
0.0
0.0
0.1974166185
0.2500610501
0.0
0.0
0.2524654832
0.0
0.2188034188
0.1875457875
0.2823269920
0.2365442365
0.0
0.0
0.2885319808
0.0
0.0
0.0
0.0
0.0000000000
0.2735042735
0.2524654832
0.0
0.0
0.2763832659
0.0
0.0
0.2083842084
0.1944919278
0.0
0.1916526296
0.0
0.2263483643
0.0
0.0
0.1672382819
0.1786150358
0.0
0.0000000000
0.0000000000
0.2917378917
0.2344322344
0.2117452440
0.0000000000
0.0000000000
0.0
0.0000000000
0.0000000000
