0.0
0.0
0.0
0.0
0.1186607385
0.0
0.1405591194
0.0
0.0
0.1170301725
0.0
0.1086175688
0.0
0.1306592093
0.0
0.1237551560
0.0
0.1346015130
0.0
0.0
0.1423748527
0.0951092924
0.0
0.0
0.0
0.1208029053
0.1214292327
0.1173232975
0.1290394670
0.1250769734
0.0
0.0
0.1387891156
0.1238369505
0.1341197610
0.1285966411
0.1393050603
0.1109326857
0.1241652128
0.0
0.0
0.1444605290
0.1380731806
0.1303864343
0.0
0.1354774448
0.1425915572
0.1271135048
0.1158005600
0.1134172555
0.1101500918
0.1065786724
0.1425915572
0.0
0.1295749005
0.0
0.1248269861
0.0
0.1010055559
0.1343120474
0.0
0.0
0.1218239962
0.1049665581
0.0
0.1331665289
0.0
0.0902965331
0.1127348412
0.1302957623
0.1343120474
0.1403485439
0.1133486425
0.1386863850
0.1107359965
0.1168112881
0.0
0.0848190612
0.0901661723
0.1153727254
0.1206473317
0.1270273262
0.1334510727
0.0
0.1302957623
0.1203373835
0.1244125539
0.0
0.0941534202
0.0940588886
0.1281568441
0.0
0.1212720428
0.1108670450
0.0784940537
0.0
0.0909540321
0.1260870162
0.1229431143
0.1220620887
0.1308416942
0.1250769734
0.0892640810
0.1054984832
0.1184357182
0.1330719504
0.0
0.0932629697
0.1361666469
0.0
0.1206473317
0.1313001444
0.1138306842
0.1164482947
0.1106705884
0.1100207317
0.1325072886
0.0
0.1112620583
0.1377686074
0.1179882280
0.1228624958
0.0960355234
0.1210370195
0.0027210884
0.1296645717
0.0
0.1055579189
0.0000000000
0.1312081976
0.0
0.0
0.1136235938
0.0020408163
0.1275461580
0.1054391143
0.1096986570
0.1197222403
0.1285084404
0.1276330423
0.1208808427
0.1269412643
0.1265981798
0.0
0.0902095841
0.1384813792
0.1260870162
0.0020408163
0.1370631354
0.1021064339
0.1227015757
0.1373645939
0.1191133542
0.1186607385
0.1241652128
0.1097629210
0.0000000000
0.0000000000
0.1144565095
0.1078051244
0.1260022234
0.0000000000
0.0020408163
0.0968796826
0.1161595202
0.1008967723
0.1206473317
0.0980456861
0.1082410781
0.1317618187
0.0
0.0
0.0746178041
0.0
0.1224609844
0.1059159447
0.0
0.1222213347
0.1150892544
0.0
0.0972820904
0.1133486425
0.1078051244
0.1307503881
0.1031747280
0.1123293202
0.1278071665
0.0
0.0970804695
0.1127348412
0.1146666500
0.1328831958
0.1141079818
0.1022178429
0.1285084404
0.1046149113
0.1093146477
0.1367629972
0.1159438776
0.0
0.0
0.1088067980
0.1258329793
0.0
0.1127348412
0.0807957336
0.0
0.1253279640
0.0
0.1011691718
0.1029479704
0.1280692455
0.0
0.1026659212
0.0877589256
0.1192649943
0.1056769916
0.1102797564
0.0
0.1304772327
0.0000000000
0.1271135048
0.1273727438
0.0027210884
0.0
0.1222213347
0.0040816327
0.0000000000
0.1118598843
0.1386863850
0.1025535337
0.1255799639
0.0
0.1427001570
0.1201830059
0.1035739669
0.0
0.0
0.1240829842
0.0
0.1244952200
0.0000000000
0.0922527357
0.0000000000
0.1149480406
0.0880062499
0.1205696951
0.0020408163
0.1219826212
0.1190376786
0.0910866826
0.0000000000
0.1112620583
0.1227015757
0.0840957388
0.0768835889
0.1251605251
0.1095703545
0.1347951843
0.0000000000
0.0
0.0000000000
0.0992400986
0.1031747280
0.1055579189
0.1056769916
0.1132116653
0.1101500918
0.0020408163
0.0000000000
0.0793920789
0.1390982228
0.0946289425
0.1098272603
0.0
0.0
0.1231856056
0.0000000000
0.0831625859
0.0
0.0951092924
0.1132116653
0.1022736387
0.0020408163
0.1281568441
0.1081161605
0.0
0.0020408163
0.0040816327
0.1267694899
0.0
0.0937295178
0.1079915309
0.0985096247
0.1120605898
0.1110642004
0.1171765517
0.0000000000
0.0958880789
0.1224609844
0.0000000000
0.1023854132
0.1047904397
0.1022178429
0.0985614446
0.1020508203
0.1215868307
0.0027210884
0.0932629697
0.0000000000
0.1036312534
0.1211152593
0.0000000000
0.0
0.0000000000
0.1247438789
0.0927092064
0.1019397748
0.1056174217
0.1176917752
0.1071271047
0.1116598964
0.0810754245
0.0
0.0000000000
0.0040816327
0.0715407813
0.0641442335
0.0000000000
0.1070658892
0.0000000000
0.1042656128
0.1232666488
0.0000000000
0.1069436679
0.1028349649
0.1194170211
0.0000000000
0.1137615702
0.1147368684
0.1237551560
0.1032884819
0.0020408163
0.0
0.1037460167
0.0941061306
0.0000000000
0.0
0.0950128327
0.1208029053
0.0941061306
0.0000000000
0.1024413921
0.0020408163
0.1176917752
0.0978408909
0.0746178041
0.0020408163
0.0803108899
0.1058561052
0.0000000000
0.0
0.1021064339
0.1160156694
0.0876767928
0.0000000000
0.0984578592
0.1106705884
0.0000000000
0.1263420810
0.0877589256
0.0000000000
0.1034595837
0.0000000000
0.0000000000
0.0882965627
0.1132116653
0.0000000000
0.1118598843
0.0840957388
0.0000000000
0.0000000000
0.0901228024
0.0000000000
0.0817475158
0.0898634562
0.1169571199
0.0000000000
0.0837948596
0.0000000000
0.0000000000
0.0000000000
0.0877589256
0.0000000000
0.0000000000
0.0000000000
0.0020408163
0.1180625747
0.0020408163
0.0027210884
0.1219826212
0.0919810045
0.0902095841
0.1144565095
0.0000000000
0.0000000000
0.0941534202
0.0000000000
0.0
0.0000000000
0.0817475158
0.1285966411
0.0000000000
0.0000000000
0.0020408163
0.0888829725
0.1011145743
0.1219032571
0.0910424228
0.0000000000
0.0000000000
0.0918457383
0.0901228024
0.0027210884
0.0020408163
0.0000000000
0.0000000000
0.0000000000
0.0000000000
0.0040816327
0.0
0.0
0.0000000000
0.0000000000
0.0000000000
0.0000000000
0.0000000000
0.1098272603
0.1048490801
0.1042656128
0.0000000000
0.0027210884
0.0027210884
0.0020408163
0.0020408163
0.0876357840
0.0000000000
0.0020408163
0.1179139749
0.0929391399
0.0000000000
0.0924804078
0.0000000000
0.0821057433
0.0000000000
0.1162315795
0.1145965175
0.1124641693
0.0821057433
0.0000000000
0.0000000000
0.0000000000
0.0855549343
0.0020408163
0.0000000000
0.0000000000
0.0821057433
0.0000000000
0.0000000000
0.0000000000
0.0869444576
0.0000000000
0.0000000000
0.0000000000
0.0000000000
0.0020408163
0.0000000000
0.0000000000
0.0000000000
0.0000000000
0.0020408163
0.0000000000
0.1013333186
0.0000000000
0.0000000000
0.0000000000
0.1001417991
0.0000000000
0.0000000000
0.0000000000
0.0000000000
0.0000000000
0.0000000000
0.0000000000
0.0000000000
0.0000000000
0.0000000000
0.0000000000
0.0000000000
0.0000000000
0.0020408163
0.0000000000
0.0000000000
0.0000000000
0.0000000000
0.0027210884
0.0000000000
0.0000000000
0.0000000000
0.0000000000
0.1059758519
0.1021064339
0.0000000000
0.0000000000
0.0000000000
0.0000000000
0.0000000000
0.0000000000
0.0020408163
0.0000000000
0.0000000000
0.0000000000
0.0803108899
0.0000000000
0.0880890015
0.0020408163
0.0000000000
0.0000000000
0.0000000000
0.0020408163
0.0000000000
0.0000000000
0.0000000000
0.0000000000
0.0000000000
0.0000000000
0.0000000000
0.0000000000
0.0000000000
0.0000000000
0.0000000000
0.0000000000
0.0000000000
0.0000000000
0.0000000000
0.0000000000
0.0000000000
0.0000000000
0.0000000000
0.0000000000
0.0000000000
0.0000000000
0.0000000000
0.0000000000
0.0000000000
0.0000000000
0.0000000000
0.0000000000
0.0000000000
0.0000000000
0.0000000000
0.0000000000
0.0000000000
