0.0
0.0
0.0
0.0
0.0
0.0
0.0
0.2166818035
0.0
0.0
0.0
0.0
0.0
0.0
0.0
0.0
0.0
0.0
0.0
0.0
0.1776902193
0.0
0.0
0.2173631929
0.0
0.0
0.0
0.0
0.0
0.0
0.0
0.2051082947
0.1991973929
0.2057187361
0.0
0.0
0.0
0.1828610987
0.0
0.0
0.0
0.0
0.0
0.0
0.0
0.0
0.0
0.0
0.0
0.0
0.0
0.0
0.0
0.2081972751
0.0
0.0
0.0
0.2081972751
0.0
0.2133379485
0.0
0.0
0.0
0.2451116856
0.2003521604
0.2038982163
0.1622570313
0.0
0.1741095600
0.0
0.2215432543
0.2495360842
0.2391747243
0.0
0.0
0.2359095404
0.2327323075
0.2063328219
0.0
0.0
0.0
0.0
0.2251514506
0.0
0.0
0.1952584614
0.1936176340
0.0
0.2351071270
0.2408414471
0.0
0.2375309118
0.2513508921
0.2187389093
0.0
0.0
0.1991973929
0.0
0.2194333185
0.1790712314
0.1991973929
0.0
0.1509202955
0.1848168324
0.0
0.0
0.0
0.1786085151
0.0
0.0
0.1963678845
0.1838337642
0.0
0.1719440182
0.2015203945
0.0
0.2038982163
0.0000000000
0.0
0.0
0.2063328219
0.0
0.0
0.2296395194
0.1848168324
0.1795363515
0.2088262699
0.1786085151
0.0
0.2236941596
0.2133379485
0.1914722862
0.1804738781
0.2531922906
0.2236941596
0.2015203945
0.1685890130
0.1741095600
0.2126815241
0.0
0.1574521534
0.2027023323
0.0
0.0000000000
0.2113807197
0.0
0.2531922906
0.1786085151
0.1754352673
0.0
0.2173631929
0.0
0.0
0.1936176340
0.0
0.1804738781
0.1657589816
0.0
0.0000000000
0.0
0.2229725656
0.0000000000
0.2288791236
0.2113807197
0.1352671141
0.1723728063
0.0093457944
0.0
0.1930768026
0.1549809312
0.0
0.1630223946
0.2311755697
0.0000000000
0.0
0.1763303452
0.0000000000
0.0000000000
0.2100957305
0.1614988209
0.0000000000
0.0000000000
0.1476955028
0.1352671141
0.1898942179
0.1669601336
0.1657589816
0.0000000000
0.0000000000
0.0000000000
0.0000000000
0.0000000000
0.0000000000
0.0093457944
0.0000000000
0.1419332553
0.1754352673
0.1464438460
0.0000000000
0.0000000000
0.0000000000
