0.0
0.0
0.0
0.0
0.0
0.0
0.0
0.0
0.0
0.0
0.0
0.0
0.0
0.0
0.0
0.0950658745
0.0
0.0
0.0
0.0
0.0
0.0
0.0
0.0
0.0
0.0
0.0
0.0
0.0
0.0000000000
0.0
0.1186713963
0.0
0.0
0.0
0.0
0.1053535643
0.0062111801
0.0820147092
0.0
0.1092961093
0.0
0.0
0.0895595035
0.0770842061
0.0
0.0
0.0
0.0
0.0954109411
0.0
0.0
0.0945529291
0.0
0.0932117528
0.0
0.0
0.1155416013
0.0
0.0
0.0
0.0
0.0
0.0
0.0
0.0
0.0
0.0
0.0
0.0
0.0889533478
0.0943831752
0.0900195695
0.0
0.0900195695
0.0
0.1070701193
0.0
0.0062111801
0.0
0.1049329912
0.1051428571
0.0
0.1186713963
0.1116166212
0.0812541400
0.0
0.1142857143
0.0980810235
0.0775389802
0.0
0.0
0.0
0.0
0.0
0.0
0.0000000000
0.0795331748
0.0
0.0
0.0
0.0641897785
0.0000000000
0.0082815735
0.0
0.0062111801
0.0
0.0
0.0
0.1062049062
0.0000000000
0.0000000000
0.1234071093
0.0984483681
0.0777683855
0.1231180997
0.1072886297
0.0000000000
0.0
0.0
0.0
0.0
0.0895595035
0.1043083900
0.0
0.0784648188
0.0
0.0
0.0
0.0
0.0
0.1066357578
0.0062111801
0.0
0.0062111801
0.1010989011
0.1120925982
0.0
0.0
0.0685416279
0.0907969405
0.0
0.0062111801
0.0
0.0062111801
0.0
0.0744637798
0.0
0.1279110184
0.0062111801
0.0000000000
0.0000000000
0.0854819977
0.0948942754
0.0
0.0641897785
0.0903289151
0.0995670996
0.0790547798
0.0683633662
0.0062111801
0.0
0.0915878547
0.1135452021
0.1070701193
0.0000000000
0.0717209121
0.0843843155
0.0
0.0954109411
0.0
0.0861826698
0.0818869604
0.0
0.0062111801
0.0882070949
0.0
0.0
0.1020804438
0.0000000000
0.0062111801
0.0
0.0779991522
0.0000000000
0.0000000000
0.0815060908
0.0993788820
0.0683633662
0.0749949052
0.0775389802
0.0
0.0988184748
0.1125726522
0.0
0.0062111801
0.0868949233
0.0835793777
0.0943831752
0.0
0.0000000000
0.0124223602
0.0775389802
0.0062111801
0.0612720613
0.0000000000
0.0
0.0935434672
0.0722135008
0.0000000000
0.0
0.0000000000
0.0876190476
0.0867515323
0.0
0.1086186541
0.0
0.0685416279
0.0
0.1024784183
0.0982643525
0.1041018388
0.0000000000
0.0000000000
0.0000000000
0.0000000000
0.0778835979
0.0000000000
0.0000000000
0.0888030888
0.0000000000
0.0000000000
0.1020804438
0.0687208217
0.0000000000
0.0797745502
0.0925553320
0.0000000000
0.0886533365
0.0000000000
0.0062111801
0.0744637798
0.0000000000
0.0000000000
0.0000000000
0.0683633662
0.0000000000
0.0000000000
0.0000000000
0.0
0.0687208217
0.0000000000
0.0
0.0062111801
0.0082815735
0.0000000000
0.0000000000
0.0
0.0000000000
0.0000000000
0.0000000000
0.0000000000
0.0000000000
0.0
0.0000000000
0.0811287478
0.0000000000
0.0062111801
0.0000000000
0.0903289151
0.0000000000
0.0000000000
0.0
0.0000000000
0.0000000000
0.0000000000
0.0000000000
