0.0
0.0
0.0
0.0
0.0
0.0
0.0027434842
0.0
0.0
0.0066374618
0.0
0.0
0.0
0.0
0.0
0.0
0.0
0.0
0.0
0.0
0.0
0.0
0.0
0.0092592593
0.0
0.0
0.0
0.0
0.0
0.0
0.0
0.0
0.0
0.0
0.0
0.0
0.0
0.0
0.0
0.0
0.0
0.0
0.0000000000
0.0
0.0
0.0
0.0
0.0
0.0
0.0
0.0
0.0
0.0079138968
0.0
0.0020576132
0.0
0.0
0.0
0.0000000000
0.0
0.0
0.0000000000
0.0
0.0
0.0
0.0020576132
0.0
0.0046296296
0.0020576132
0.0
0.0037037037
0.0020576132
0.0
0.0
0.0
0.0
0.0
0.0
0.0
0.0
0.0
0.0
0.0
0.0000000000
0.0
0.0061728395
0.0
0.0
0.0
0.0
0.0
0.0
0.0000000000
0.0
0.0000000000
0.0
0.0
0.0
0.0046763936
0.0
0.0
0.0
0.0
0.0
0.0
0.0
0.0
0.0
0.0
0.0
0.0
0.0000000000
0.0
0.0
0.0
0.0
0.0
0.0057155921
0.0
0.0
0.0
0.0076207895
0.0
0.0000000000
0.0
0.0046296296
0.0
0.0
0.0000000000
0.0
0.0
0.0
0.0
0.0
0.0
0.0041152263
0.0
0.0
0.0
0.0102880658
0.0000000000
0.0
0.0
0.0
0.0
0.0
0.0037037037
0.0000000000
0.0077803498
0.0000000000
0.0027434842
0.0
0.0000000000
0.0
0.0
0.0
0.0
0.0
0.0000000000
0.0
0.0
0.0
0.0
0.0
0.0
0.0
0.0
0.0095758151
0.0108295430
0.0
0.0057155921
0.0
0.0
0.0
0.0027434842
0.0
0.0
0.0054124172
0.0
0.0
0.0
0.0000000000
0.0
0.0
0.0
0.0
0.0
0.0
0.0000000000
0.0
0.0000000000
0.0
0.0
0.0
0.0000000000
0.0
0.0
0.0
0.0020576132
0.0
0.0000000000
0.0065843621
0.0
0.0
0.0
0.0
0.0000000000
0.0046296296
0.0
0.0
0.0000000000
0.0
0.0
0.0000000000
0.0054498943
0.0
0.0
0.0027434842
0.0060518034
0.0041152263
0.0
0.0
0.0
0.0
0.0
0.0000000000
0.0
0.0
0.0000000000
0.0
0.0
0.0
0.0057155921
0.0
0.0020576132
0.0
0.0
0.0000000000
0.0
0.0
0.0030864198
0.0057155921
0.0
0.0
0.0
0.0065518735
0.0
0.0
0.0
0.0027434842
0.0
0.0065047126
0.0027434842
0.0
0.0
0.0020576132
0.0000000000
0.0
0.0
0.0037037037
0.0
0.0000000000
0.0
0.0
0.0
0.0
0.0000000000
0.0
0.0000000000
0.0000000000
0.0
0.0043895748
0.0000000000
0.0089620485
0.0
0.0
0.0
0.0
0.0
0.0
0.0
0.0
0.0
0.0030864198
0.0
0.0
0.0084019204
0.0
0.0
0.0041152263
0.0
0.0
0.0000000000
0.0
0.0027434842
0.0
0.0
0.0020576132
0.0
0.0
0.0057155921
0.0
0.0
0.0
0.0
0.0000000000
0.0
0.0030864198
0.0027434842
0.0
0.0
0.0
0.0
0.0
0.0037037037
0.0
0.0000000000
0.0027434842
0.0
0.0041152263
0.0000000000
0.0036579790
0.0
0.0000000000
0.0
0.0020576132
0.0000000000
0.0
0.0
0.0
0.0020576132
0.0
0.0047031158
0.0041152263
0.0
0.0000000000
0.0
0.0
0.0000000000
0.0020576132
0.0
0.0000000000
0.0
0.0
0.0
0.0
0.0
0.0
0.0088918283
0.0041152263
0.0
0.0
0.0070952178
0.0
0.0000000000
0.0027434842
0.0
0.0
0.0
0.0
0.0050185687
0.0
0.0041152263
0.0
0.0020576132
0.0
0.0
0.0
0.0000000000
0.0
0.0
0.0000000000
0.0000000000
0.0
0.0
0.0030864198
0.0
0.0034293553
0.0093527871
0.0
0.0000000000
0.0
0.0100823045
0.0000000000
0.0
0.0000000000
0.0000000000
0.0
0.0043895748
0.0102880658
0.0046296296
0.0020576132
0.0000000000
0.0
0.0
0.0
0.0
0.0027434842
0.0000000000
0.0
0.0
0.0057155921
0.0
0.0041152263
0.0
0.0
0.0
0.0
0.0
0.0000000000
0.0
0.0020576132
0.0
0.0030864198
0.0000000000
0.0020576132
0.0069158665
0.0020576132
0.0000000000
0.0
0.0000000000
0.0
0.0069158665
0.0000000000
0.0
0.0
0.0
0.0020576132
0.0
0.0046296296
0.0
0.0
0.0000000000
0.0
0.0
0.0000000000
0.0000000000
0.0
0.0020576132
0.0
0.0020576132
0.0000000000
0.0
0.0
0.0
0.0000000000
0.0
0.0088918283
0.0000000000
0.0
0.0000000000
0.0
0.0
0.0020576132
0.0056980057
0.0
0.0108997887
0.0000000000
0.0
0.0041152263
0.0000000000
0.0000000000
0.0
0.0
0.0
0.0000000000
0.0
0.0037624927
0.0
0.0
0.0
0.0062351914
0.0030864198
0.0076207895
0.0020576132
0.0037037037
0.0020576132
0.0
0.0020576132
0.0
0.0
0.0046763936
0.0
0.0000000000
0.0073486185
0.0
0.0054124172
0.0
0.0000000000
0.0066374618
0.0000000000
0.0
0.0
0.0
0.0000000000
0.0000000000
0.0000000000
0.0020576132
0.0044459142
0.0
0.0000000000
0.0000000000
0.0
0.0000000000
0.0041152263
0.0061728395
0.0
0.0
0.0
0.0
0.0063014403
0.0
0.0030864198
0.0
0.0027434842
0.0000000000
0.0
0.0
0.0065047126
0.0020576132
0.0000000000
0.0
0.0000000000
0.0
0.0
0.0000000000
0.0000000000
0.0000000000
0.0058788948
0.0
0.0020576132
0.0054869684
0.0000000000
0.0000000000
0.0
0.0032921811
0.0046296296
0.0020576132
0.0020576132
0.0
0.0000000000
0.0
0.0046296296
0.0
0.0
0.0020576132
0.0057155921
0.0000000000
0.0000000000
0.0066374618
0.0048990790
0.0077556189
0.0020576132
0.0
0.0020576132
0.0
0.0000000000
0.0000000000
0.0027434842
0.0065843621
0.0000000000
0.0
0.0000000000
0.0041152263
0.0027434842
0.0000000000
0.0000000000
0.0046296296
0.0
0.0
0.0
0.0000000000
0.0000000000
0.0000000000
0.0065518735
0.0027434842
0.0041152263
0.0057155921
0.0
0.0082304527
0.0000000000
0.0
0.0069309075
0.0000000000
0.0
0.0079138968
0.0
0.0037037037
0.0047031158
0.0020576132
0.0041152263
0.0020576132
0.0057255323
0.0079076898
0.0000000000
0.0027434842
0.0057155921
0.0000000000
0.0066113472
0.0
0.0000000000
0.0000000000
0.0020576132
0.0
0.0
0.0000000000
0.0057255323
0.0046296296
0.0000000000
0.0054498943
0.0000000000
0.0
0.0027434842
0.0000000000
0.0034293553
0.0027434842
0.0
0.0027434842
0.0000000000
0.0054869684
0.0027434842
0.0100823045
0.0000000000
0.0
0.0000000000
0.0000000000
0.0041152263
0.0000000000
0.0000000000
0.0020576132
0.0027434842
0.0
0.0
0.0067340067
0.0020576132
0.0020576132
0.0000000000
0.0
0.0000000000
0.0
0.0047031158
0.0066113472
0.0041152263
0.0000000000
0.0000000000
0.0000000000
0.0
0.0020576132
0.0000000000
0.0000000000
0.0
0.0
0.0000000000
0.0020576132
0.0
0.0000000000
0.0000000000
0.0000000000
0.0000000000
0.0000000000
0.0000000000
0.0082304527
0.0000000000
0.0000000000
0.0020576132
0.0000000000
0.0000000000
0.0020576132
0.0000000000
0.0020576132
0.0020576132
0.0
0.0000000000
0.0020576132
0.0020576132
0.0000000000
0.0000000000
0.0000000000
0.0000000000
0.0000000000
0.0000000000
0.0
0.0041152263
0.0041152263
0.0032921811
0.0000000000
0.0000000000
0.0
0.0000000000
0.0000000000
0.0020576132
0.0
0.0000000000
0.0065518735
0.0000000000
0.0027434842
0.0020576132
0.0000000000
0.0000000000
0.0
0.0067340067
0.0000000000
0.0027434842
0.0000000000
0.0000000000
0.0000000000
0.0
0.0000000000
0.0000000000
0.0000000000
0.0000000000
0.0000000000
0.0000000000
0.0020576132
0.0000000000
0.0000000000
0.0000000000
0.0
0.0000000000
0.0000000000
0.0
0.0030864198
0.0020576132
0.0058788948
0.0000000000
0.0000000000
0.0065843621
0.0000000000
0.0000000000
0.0000000000
0.0020576132
0.0000000000
0.0000000000
0.0000000000
0.0000000000
0.0000000000
0.0000000000
0.0000000000
0.0
0.0000000000
0.0020576132
0.0027434842
0.0000000000
0.0000000000
0.0046296296
0.0000000000
0.0
0.0000000000
0.0027434842
0.0000000000
0.0000000000
0.0027434842
0.0000000000
0.0000000000
0.0000000000
0.0000000000
0.0000000000
0.0000000000
0.0000000000
0.0000000000
0.0
0.0000000000
0.0
0.0000000000
0.0000000000
0.0000000000
0.0000000000
0.0
0.0000000000
0.0020576132
0.0000000000
0.0056980057
0.0000000000
0.0000000000
0.0000000000
0.0000000000
0.0000000000
0.0020576132
0.0000000000
0.0000000000
0.0020576132
0.0000000000
0.0000000000
0.0000000000
0.0000000000
0.0000000000
0.0000000000
0.0
0.0020576132
0.0000000000
0.0000000000
0.0000000000
0.0000000000
0.0000000000
0.0000000000
0.0000000000
0.0000000000
0.0000000000
0.0000000000
0.0000000000
0.0000000000
0.0000000000
0.0020576132
0.0000000000
0.0
0.0000000000
0.0000000000
0.0020576132
0.0000000000
0.0000000000
0.0000000000
0.0
0.0000000000
0.0000000000
0.0000000000
0.0000000000
0.0000000000
0.0000000000
0.0000000000
0.0000000000
0.0000000000
0.0
0.0000000000
0.0020576132
0.0000000000
0.0000000000
0.0000000000
0.0027434842
0.0000000000
0.0000000000
0.0000000000
0.0000000000
0.0000000000
0.0000000000
0.0000000000
0.0000000000
0.0000000000
0.0000000000
0.0000000000
0.0000000000
0.0000000000
0.0
0.0000000000
0.0000000000
0.0000000000
0.0000000000
0.0000000000
0.0000000000
0.0000000000
0.0000000000
0.0000000000
0.0000000000
0.0000000000
0.0000000000
0.0000000000
0.0000000000
0.0027434842
0.0000000000
0.0000000000
0.0000000000
0.0000000000
0.0000000000
0.0000000000
0.0000000000
0.0000000000
0.0000000000
0.0000000000
