0.0
0.0
0.0
0.0
0.0
0.0
0.1953290870
0.0
0.0
0.0
0.0
0.0
0.2190476190
0.0
0.0
0.1869918699
0.0
0.0
0.0
0.0
0.0
0.0
0.0
0.0
0.0
0.0
0.0
0.0
0.0
0.1722846442
0.0
0.2159624413
0.2004357298
0.0
0.0
0.0
0.1978494624
0.1657657658
0.1675774135
0.0
0.1847389558
0.0144927536
0.1657657658
0.1881390593
0.2190476190
0.0
0.0
0.0
0.0
0.2044444444
0.0
0.0
0.1256830601
0.0
0.1953290870
0.0
0.1916666667
0.1858585859
0.0
0.0
0.1978494624
0.0
0.0
0.0
0.0
0.0
0.0
0.0000000000
0.1375186846
0.0
0.1742424242
0.1588946459
0.2271604938
0.0
0.1858585859
0.0
0.1762452107
0.1467304625
0.1639928699
0.2254901961
0.1825396825
0.1991341991
0.1369047619
0.1881390593
0.1541038526
0.1510673235
0.0
0.0289855072
0.0923694779
0.1782945736
0.0
0.0
0.0
0.1639928699
0.0
0.0
0.1068524971
0.1207349081
0.1345029240
0.0
0.1684981685
0.1631205674
0.1713221601
0.0000000000
0.1940928270
0.1675774135
0.0144927536
0.0
0.0193236715
0.0000000000
0.0000000000
0.1742424242
0.1858585859
0.0000000000
0.0000000000
0.0000000000
0.0193236715
0.0000000000
0.0000000000
0.0
0.0000000000
0.0000000000
0.0000000000
0.0000000000
0.0
0.0000000000
0.0000000000
0.0000000000
0.0000000000
0.0000000000
