0.0
0.0
0.0
0.0
0.0
0.0
0.0000000000
0.0
0.0
0.0000000000
0.0
0.0
0.0
0.0
0.0
0.0
0.0
0.0
0.0
0.0
0.0
0.0
0.0
0.0000000000
0.0
0.0
0.0
0.0
0.0
0.0
0.0
0.0
0.0
0.0
0.0
0.0
0.0
0.0
0.0
0.0
0.0
0.0
0.0000000000
0.0
0.0
0.0
0.0
0.0
0.0
0.0
0.0
0.0
0.0000000000
0.0
0.0056179775
0.0
0.0
0.0
0.0064205457
0.0
0.0
0.0000000000
0.0
0.0
0.0
0.0000000000
0.0
0.0056179775
0.0000000000
0.0
0.0000000000
0.0209802402
0.0
0.0
0.0336767694
0.0
0.0
0.0
0.0
0.0
0.0
0.0
0.0
0.0000000000
0.0
0.0275722190
0.0
0.0
0.0
0.0
0.0
0.0
0.0000000000
0.0
0.0000000000
0.0
0.0
0.0
0.0109037091
0.0
0.0
0.0
0.0
0.0
0.0
0.0
0.0
0.0
0.0
0.0
0.0
0.0037453184
0.0
0.0
0.0
0.0
0.0
0.0000000000
0.0
0.0
0.0
0.0324783078
0.0
0.0000000000
0.0
0.0208842208
0.0
0.0
0.0000000000
0.0
0.0
0.0
0.0
0.0
0.0119299405
0.0188952474
0.0
0.0
0.0
0.0344392622
0.0170587000
0.0
0.0
0.0
0.0240802229
0.0
0.0313622148
0.0037453184
0.0042134831
0.0000000000
0.0000000000
0.0
0.0100400489
0.0
0.0
0.0
0.0
0.0
0.0239538176
0.0
0.0
0.0
0.0
0.0
0.0
0.0
0.0000000000
0.0206947948
0.0357898215
0.0
0.0125190734
0.0
0.0
0.0
0.0028089888
0.0
0.0
0.0063202247
0.0
0.0070224719
0.0
0.0000000000
0.0
0.0
0.0
0.0
0.0
0.0
0.0000000000
0.0
0.0000000000
0.0242079695
0.0171872024
0.0
0.0000000000
0.0
0.0
0.0
0.0237049467
0.0
0.0212736702
0.0311481382
0.0
0.0
0.0
0.0
0.0000000000
0.0063202247
0.0
0.0
0.0280812446
0.0
0.0
0.0028089888
0.0000000000
0.0
0.0
0.0037453184
0.0056179775
0.0000000000
0.0
0.0
0.0
0.0
0.0
0.0000000000
0.0
0.0
0.0028089888
0.0
0.0
0.0
0.0270813190
0.0
0.0174501042
0.0
0.0028089888
0.0037453184
0.0
0.0
0.0042134831
0.0142823232
0.0
0.0
0.0
0.0303202807
0.0
0.0098450965
0.0
0.0000000000
0.0
0.0000000000
0.0238287324
0.0
0.0
0.0000000000
0.0000000000
0.0
0.0
0.0000000000
0.0
0.0000000000
0.0
0.0
0.0
0.0
0.0000000000
0.0151349992
0.0000000000
0.0028089888
0.0
0.0037453184
0.0058520599
0.0028089888
0.0
0.0
0.0
0.0
0.0000000000
0.0
0.0
0.0
0.0056179775
0.0028089888
0.0239538176
0.0
0.0037453184
0.0
0.0
0.0028089888
0.0
0.0000000000
0.0028089888
0.0272429985
0.0037453184
0.0
0.0
0.0000000000
0.0
0.0
0.0233411880
0.0
0.0
0.0
0.0
0.0000000000
0.0
0.0037453184
0.0212736702
0.0
0.0
0.0
0.0
0.0
0.0207890763
0.0
0.0131694149
0.0113937634
0.0
0.0000000000
0.0000000000
0.0000000000
0.0
0.0279094939
0.0
0.0194592846
0.0000000000
0.0
0.0187400503
0.0
0.0220978317
0.0
0.0117041199
0.0208842208
0.0
0.0037453184
0.0
0.0
0.0083805367
0.0056179775
0.0
0.0000000000
0.0248675872
0.0
0.0
0.0
0.0
0.0
0.0255641582
0.0131694149
0.0
0.0
0.0037453184
0.0
0.0087780899
0.0000000000
0.0
0.0000000000
0.0
0.0
0.0037453184
0.0
0.0056179775
0.0
0.0083805367
0.0
0.0
0.0
0.0000000000
0.0
0.0
0.0000000000
0.0000000000
0.0000000000
0.0
0.0000000000
0.0000000000
0.0091355400
0.0117041199
0.0
0.0000000000
0.0
0.0037453184
0.0028089888
0.0
0.0194592846
0.0028089888
0.0037453184
0.0037453184
0.0064205457
0.0037453184
0.0037453184
0.0000000000
0.0216779204
0.0
0.0
0.0
0.0000000000
0.0044943820
0.0
0.0
0.0243370787
0.0
0.0272429985
0.0000000000
0.0000000000
0.0
0.0000000000
0.0
0.0000000000
0.0
0.0000000000
0.0070224719
0.0000000000
0.0000000000
0.0000000000
0.0183629869
0.0028089888
0.0037453184
0.0028089888
0.0000000000
0.0154947445
0.0187400503
0.0000000000
0.0
0.0
0.0
0.0028089888
0.0
0.0063202247
0.0000000000
0.0
0.0000000000
0.0
0.0000000000
0.0000000000
0.0191329235
0.0028089888
0.0070224719
0.0
0.0000000000
0.0000000000
0.0
0.0028089888
0.0
0.0000000000
0.0142823232
0.0235824406
0.0000000000
0.0
0.0000000000
0.0
0.0
0.0000000000
0.0000000000
0.0
0.0056179775
0.0070224719
0.0
0.0000000000
0.0000000000
0.0000000000
0.0000000000
0.0085213861
0.0
0.0000000000
0.0000000000
0.0000000000
0.0
0.0
0.0
0.0028089888
0.0000000000
0.0286094185
0.0000000000
0.0000000000
0.0000000000
0.0
0.0000000000
0.0194592846
0.0
0.0160959515
0.0
0.0000000000
0.0293453521
0.0
0.0211749524
0.0
0.0000000000
0.0070224719
0.0028089888
0.0
0.0
0.0
0.0000000000
0.0000000000
0.0000000000
0.0195426220
0.0042134831
0.0
0.0000000000
0.0171227101
0.0000000000
0.0000000000
0.0042134831
0.0184371808
0.0255641582
0.0000000000
0.0
0.0
0.0037453184
0.0
0.0028089888
0.0000000000
0.0000000000
0.0000000000
0.0263008775
0.0000000000
0.0000000000
0.0000000000
0.0000000000
0.0000000000
0.0185119767
0.0190530365
0.0056179775
0.0000000000
0.0000000000
0.0028089888
0.0056179775
0.0000000000
0.0000000000
0.0070224719
0.0000000000
0.0000000000
0.0
0.0028089888
0.0028089888
0.0000000000
0.0079846059
0.0000000000
0.0000000000
0.0000000000
0.0028089888
0.0
0.0
0.0000000000
0.0044943820
0.0000000000
0.0000000000
0.0087780899
0.0028089888
0.0028089888
0.0000000000
0.0
0.0028089888
0.0000000000
0.0000000000
0.0000000000
0.0037453184
0.0028089888
0.0000000000
0.0000000000
0.0000000000
0.0261501561
0.0169321048
0.0000000000
0.0000000000
0.0000000000
0.0000000000
0.0
0.0
0.0000000000
0.0000000000
0.0000000000
0.0063202247
0.0037453184
0.0000000000
0.0000000000
0.0
0.0000000000
0.0000000000
0.0
0.0028089888
0.0000000000
0.0000000000
0.0037453184
0.0239538176
0.0000000000
0.0028089888
0.0028089888
0.0056179775
0.0000000000
0.0056179775
0.0056179775
0.0000000000
0.0037453184
0.0074906367
0.0000000000
0.0000000000
0.0000000000
0.0000000000
0.0000000000
0.0206947948
0.0
0.0000000000
0.0000000000
0.0000000000
0.0000000000
0.0000000000
0.0000000000
0.0000000000
0.0
0.0037453184
0.0000000000
0.0125190734
0.0000000000
0.0000000000
0.0093031646
0.0000000000
0.0058520599
0.0000000000
0.0037453184
0.0000000000
0.0000000000
0.0000000000
0.0000000000
0.0000000000
0.0000000000
0.0000000000
0.0000000000
0.0000000000
0.0000000000
0.0000000000
0.0000000000
0.0000000000
0.0000000000
0.0000000000
0.0000000000
0.0000000000
0.0000000000
0.0000000000
0.0000000000
0.0000000000
0.0000000000
0.0000000000
0.0000000000
0.0000000000
0.0000000000
0.0000000000
0.0000000000
0.0000000000
0.0000000000
0.0000000000
