0.0775862069
0.0
0.0
0.0
0.0000000000
0.0
0.0284090909
0.0
0.0
0.0730519481
0.0
0.0750000000
0.0
0.0
0.0
0.0
0.0125000000
0.0839552239
0.0
0.0
0.0
0.0
0.0
0.0852272727
0.0
0.0
0.0551470588
0.0775862069
0.0
0.0
0.0250000000
0.0
0.0
0.0
0.0
0.0750000000
0.0
0.0
0.0698757764
0.0
0.0
0.0
0.0611413043
0.0125000000
0.0
0.0
0.0
0.0
0.0
0.0
0.0730519481
0.0614754098
0.0284090909
0.0000000000
0.0000000000
0.0
0.0885826772
0.0
0.0000000000
0.0
0.0815217391
0.0000000000
0.0
0.0929752066
0.0642857143
0.0446428571
0.0
0.0284090909
0.0125000000
0.0
0.0797872340
0.0725806452
0.0543478261
0.1004464286
0.0858778626
0.0000000000
0.0
0.0
0.0
0.0
0.0284090909
0.0
0.0
0.0833333333
0.0125000000
0.0125000000
0.0878906250
0.0
0.0681818182
0.0579896907
0.0000000000
0.0000000000
0.0000000000
0.0000000000
0.0000000000
0.0000000000
0.0
0.0000000000
0.0000000000
0.0166666667
0.0625000000
0.0000000000
0.0446428571
0.0
0.0000000000
0.0
0.0476694915
0.0000000000
0.0
0.0
0.0
0.0000000000
0.0166666667
0.0000000000
0.0
0.0
0.0
0.0721153846
0.0000000000
0.0000000000
0.0929752066
0.0000000000
0.0000000000
0.0000000000
0.0000000000
0.0000000000
0.0000000000
0.0125000000
0.0000000000
0.0000000000
0.0000000000
0.0000000000
0.0646551724
0.0000000000
0.0000000000
0.0551470588
0.0000000000
0.0000000000
