0.0
0.0
0.0
0.0
0.0
0.0
0.0
0.0
0.0
0.0
0.0
0.0
0.0
0.0
0.0
0.0
0.0
0.0
0.0
0.0
0.0
0.0
0.0
0.0
0.0
0.0
0.0
0.0
0.0
0.0958335481
0.0
0.1182017767
0.0
0.0
0.0
0.0
0.0
0.0943943517
0.0
0.0
0.1306288583
0.0
0.0
0.0
0.0905545815
0.0
0.0
0.0
0.0
0.1107299545
0.0
0.0
0.0970521400
0.0
0.1254159696
0.0
0.0
0.0
0.0
0.0
0.0
0.0
0.0
0.0
0.0
0.0
0.0
0.0
0.0
0.0
0.0998639310
0.1218408280
0.1278162753
0.0
0.0955763919
0.0
0.1128346422
0.0
0.1102728649
0.0
0.1317563577
0.1212876347
0.0
0.1128346422
0.1003327757
0.0754621512
0.0
0.1047592217
0.0
0.1249759136
0.0
0.0
0.0
0.0
0.0
0.0
0.0927555609
0.0922749621
0.0
0.0
0.0
0.1215636020
0.0000000000
0.0000000000
0.0
0.0
0.0
0.0
0.0
0.1349171795
0.1012837973
0.1067476585
0.1071759339
0.0998639310
0.0753557166
0.1193903979
0.0000000000
0.0
0.0
0.0
0.0
0.0
0.1188591837
0.1327383927
0.0
0.0887495068
0.0
0.0
0.0
0.0
0.0
0.0
0.0678440674
0.0
0.0
0.0850074830
0.1189915436
0.0
0.0
0.0852108502
0.0
0.0
0.0941448512
0.0
0.0985741754
0.0
0.0925948060
0.0
0.1167807717
0.1125968452
0.0000000000
0.0
0.0809503077
0.0153256705
0.0
0.1074994025
0.1160199849
0.0
0.1018631136
0.1307887468
0.0
0.0
0.0983021216
0.1069613675
0.0930787510
0.0891939951
0.0737944794
0.0
0.0
0.1005215486
0.0
0.1147737982
0.0
0.0
0.0119731801
0.0091954023
0.0
0.0
0.1035410912
0.0068418172
0.0119731801
0.0
0.1068544061
0.0000000000
0.0095785441
0.0
0.0
0.1136749001
0.1017661011
0.1115390461
0.0
0.1238173883
0.1135540979
0.0
0.0732381125
0.1130734456
0.1061116248
0.1024490950
0.0
0.0755154814
0.1131932268
0.0865919012
0.0
0.0986651949
0.1040451861
0.0
0.0
0.1249759136
0.0000000000
0.0
0.0561505024
0.0
0.0
0.0
0.0098522167
0.0
0.1067476585
0.0
0.0000000000
0.0
0.0
0.0945614214
0.0789759099
0.0756223681
0.0898691389
0.0962652307
0.0
0.0000000000
0.0
0.0948973411
0.1115390461
0.1148972109
0.0000000000
0.0676293710
0.0091954023
0.0137931034
0.1044520099
0.0000000000
0.0
0.1038429603
0.0854835249
0.0
0.0
0.0000000000
0.1084816306
0.1117723913
0.0
0.0878736893
0.0
0.0948973411
0.0960920918
0.0
0.0960057557
0.0769290181
0.0
0.0896429582
0.0
0.1009012334
0.0079821201
0.1079337436
0.0000000000
0.0826406853
0.0
0.1099325166
0.1007110331
0.0952356561
0.0
0.0000000000
0.0
0.0
0.0946451781
0.0
0.0114942529
0.1182017767
0.0962652307
0.1001447105
0.1185953453
0.0886023268
0.0890453384
0.0000000000
0.0973173098
0.0938966662
0.1309490271
0.1105009371
0.0561505024
0.0
0.0
0.0973173098
0.0000000000
0.0
0.0
0.0
0.0992148618
0.1187271179
0.0
0.0
0.0836106464
0.0079821201
0.0000000000
0.0000000000
0.0835452745
0.1139172773
0.0866621299
0.1001447105
0.0
0.0856891789
0.0
0.0852108502
0.0
0.0
0.0908625902
0.0864517849
0.0000000000
0.1021552640
0.0966133871
0.0000000000
0.1012837973
0.0
0.0000000000
0.0
0.1208760250
0.0907853918
0.0703452312
0.0988477393
0.0873707327
0.0674585897
0.1200611305
0.0960057557
0.1133132621
0.0969640709
0.1139172773
0.0842700364
0.0000000000
0.1004270734
0.1140388539
0.0000000000
0.1090351083
0.0000000000
0.0000000000
0.0813199438
0.0
0.0833497708
0.0611995453
0.0615166414
0.0000000000
0.1032409721
0.0861034699
0.0000000000
0.0
0.0000000000
0.0944778127
0.0000000000
0.0952356561
0.0000000000
0.0
0.0000000000
0.0
0.0
0.0000000000
0.0000000000
0.0000000000
0.0000000000
0.0810731458
0.1022530202
0.0
0.0000000000
0.0
0.1002386549
0.0000000000
0.0000000000
0.0000000000
0.0872993514
0.0038314176
0.0000000000
0.0000000000
0.0759448515
0.0846706863
0.0809503077
0.0000000000
0.0000000000
0.0000000000
0.0748280155
0.0000000000
0.0000000000
0.0000000000
0.0000000000
0.0829614954
0.0960057557
0.0000000000
0.0000000000
0.0958335481
0.0809503077
0.1049650355
0.0
0.0000000000
0.0836106464
0.0081135903
0.0879460133
0.0000000000
0.0000000000
0.0000000000
0.0000000000
0.0000000000
0.0000000000
0.0000000000
0.0
0.0
0.0000000000
0.0000000000
0.0000000000
0.0932411921
0.0000000000
0.0
0.0000000000
0.0000000000
0.0000000000
0.0782243090
0.0000000000
0.0000000000
0.0000000000
0.0000000000
0.0000000000
0.0000000000
0.0763245758
0.0000000000
0.0000000000
0.0038314176
0.0000000000
0.0000000000
0.0000000000
0.0000000000
0.0000000000
0.0000000000
0.0000000000
