0.0
0.0
0.0
0.0
0.0
0.0
0.0
0.0
0.0
0.0
0.0
0.0
0.0
0.0
0.0
0.0
0.0
0.0
0.0
0.0
0.0
0.0
0.0
0.0
0.0
0.0
0.0
0.0
0.0
0.0
0.0
0.0143369176
0.0
0.0
0.0
0.0
0.0
0.0
0.0
0.0
0.0
0.0
0.0
0.0
0.0
0.0
0.0
0.0
0.0
0.0
0.0
0.0
0.0558475293
0.0
0.0
0.0
0.0
0.0
0.0
0.0
0.0
0.1004127294
0.0
0.0
0.0
0.0
0.0
0.0
0.0
0.0
0.0730945604
0.0
0.0
0.0
0.0
0.0
0.0
0.0
0.0107526882
0.0
0.0
0.0
0.0
0.0
0.0
0.0705025547
0.0
0.0
0.0
0.0
0.0
0.0730945604
0.0
0.0
0.0
0.0
0.0000000000
0.0
0.0
0.0
0.0000000000
0.0
0.0000000000
0.0
0.0
0.0
0.0
0.0
0.0
0.0
0.0000000000
0.0937817001
0.0
0.0
0.0
0.0
0.0
0.0
0.0
0.0
0.0107526882
0.0
0.1014373491
0.1035506272
0.0764681555
0.0864422627
0.0000000000
0.0
0.0000000000
0.0
0.0
0.0
0.0
0.0241935484
0.0654003962
0.0
0.0747433099
0.0
0.0662724014
0.0
0.0
0.0241935484
0.0515070477
0.0795268817
0.0
0.0
0.0499540714
0.0568049155
0.0
0.0
0.0107526882
0.0000000000
0.0161290323
0.0
0.0
0.0
0.0
0.0
0.0107526882
0.0161290323
0.0
0.0000000000
0.0
0.0
0.0
0.0
0.0
0.0
0.0633175810
0.0
0.0
0.0
0.0
0.0
0.0
0.0
0.0
0.0
0.0613633347
0.0
0.0
0.1197694002
0.0
0.0879722143
0.0107526882
0.0
0.0
0.1080528284
0.0107526882
0.0903714565
0.0
0.0
0.0000000000
0.0
0.0000000000
0.0
0.0
0.0143369176
0.0955851944
0.0
0.0641345820
0.0747433099
0.0625211334
0.0
0.0
0.0
0.0
0.0000000000
0.0107526882
0.0107526882
0.0215053763
0.0107526882
0.0
0.0658335114
0.0000000000
0.0000000000
0.0835366405
0.0
0.0887576805
0.0000000000
0.0507186746
0.0107526882
0.0000000000
0.0937817001
0.0000000000
0.0685576567
0.1169512966
0.0801682275
0.0
0.0
0.0000000000
0.0753095471
0.0955851944
0.0
0.0
0.0828405018
0.0000000000
0.0107526882
0.0000000000
0.0581336855
0.0
0.0000000000
0.0
0.0000000000
0.0000000000
0.0879722143
0.0000000000
0.0577956989
0.0649729426
0.0000000000
0.0710061444
0.0107526882
0.0000000000
0.0499540714
0.0000000000
0.0000000000
0.0000000000
0.0000000000
0.0000000000
0.0000000000
