0.0
0.0
0.0
0.0
0.0
0.0
0.0
0.0
0.0
0.0
0.0
0.0
0.0
0.0
0.0
0.0
0.0
0.0
0.0
0.0
0.0
0.0
0.0
0.0
0.0
0.0
0.0
0.0
0.0
0.0
0.0
0.0
0.0
0.0
0.0
0.0
0.0
0.0
0.0
0.0
0.0
0.0
0.0
0.0
0.0
0.0
0.0
0.0
0.0
0.0
0.0
0.0
0.0
0.0
0.0
0.0
0.0
0.0
0.0
0.0
0.0514144212
0.0
0.0
0.0
0.0
0.0
0.0
0.0
0.0
0.0
0.0
0.0
0.0
0.0
0.0
0.0784351389
0.0
0.0
0.0
0.0453401436
0.0
0.0
0.0
0.0
0.0
0.0
0.0087719298
0.0
0.0
0.0
0.0
0.0
0.0
0.0
0.0
0.0
0.0
0.0
0.0
0.0
0.0
0.0
0.0
0.0
0.0
0.0
0.0
0.0
0.0
0.0552631579
0.0
0.0
0.0
0.0
0.0
0.0
0.0
0.0
0.0
0.0580844002
0.0
0.0667429443
0.0
0.0
0.0
0.0
0.0
0.0
0.0
0.0
0.0
0.0
0.0
0.0449816401
0.0
0.0
0.0
0.0
0.0
0.0840961098
0.0
0.0
0.0
0.0
0.0
0.0
0.0
0.0
0.0
0.0
0.0
0.0
0.0
0.0
0.0
0.0
0.0396517123
0.0
0.0490667308
0.0
0.0
0.0000000000
0.0
0.0
0.0635835150
0.0
0.0
0.0711630069
0.0
0.0
0.0
0.0
0.0
0.0
0.0
0.0087719298
0.0
0.0
0.0
0.0315789474
0.0
0.0
0.0623938879
0.0
0.0364945382
0.0
0.0
0.0
0.0587192024
0.0
0.0
0.0000000000
0.0659240125
0.0
0.0
0.0
0.0
0.0
0.0621133759
0.0
0.0
0.0
0.0
0.0
0.0
0.0
0.0
0.0
0.0
0.0000000000
0.0
0.0
0.0
0.0
0.0
0.0537280702
0.0
0.0529340593
0.0693265422
0.0
0.0635835150
0.0
0.0490667308
0.0
0.0
0.0315789474
0.0
0.0483552632
0.0
0.0
0.0087719298
0.0
0.0
0.0471758665
0.0
0.0604440789
0.0000000000
0.0
0.0
0.0
0.0
0.0690789474
0.0000000000
0.0628398482
0.0741076830
0.0
0.0
0.0
0.0846111341
0.0087719298
0.0675824782
0.0
0.0354640727
0.0
0.0242914980
0.0
0.0
0.0399465206
0.0
0.0556767567
0.0
0.0429824561
0.0087719298
0.0
0.0
0.0175438596
0.0
0.0000000000
0.0529340593
0.0000000000
0.0263157895
0.0087719298
0.0364945382
0.0529340593
0.0762100286
0.0351674641
0.0
0.0
0.0486226879
0.0460526316
0.0000000000
0.0587192024
0.0
0.0087719298
0.0
0.0471758665
0.0000000000
0.0000000000
0.0
0.0690789474
0.0000000000
0.0000000000
0.0
0.0087719298
0.0000000000
0.0
0.0000000000
0.0087719298
0.0529340593
0.0580844002
0.0
0.0000000000
0.0000000000
0.0
0.0509002770
0.0509002770
0.0000000000
0.0473375068
0.0087719298
0.0702327715
0.0000000000
0.0000000000
0.0242914980
0.0684434015
0.0644736842
0.0000000000
0.0574631767
0.0495951417
0.0000000000
0.0000000000
0.0000000000
0.0000000000
0.0000000000
0.0509002770
0.0
0.0175438596
0.0568551007
0.0000000000
0.0000000000
0.0
0.0000000000
0.0490667308
0.0000000000
0.0000000000
0.0
0.0
0.0
0.0394736842
0.0000000000
0.0000000000
0.0000000000
0.0000000000
0.0000000000
0.0000000000
0.0000000000
0.0000000000
0.0000000000
0.0000000000
