0.0
0.0
0.0
0.0
0.0
0.1617161716
0.0
0.1266149871
0.0
0.0
0.0
0.1445427729
0.1218905473
0.0
0.0
0.0
0.0
0.0
0.1349862259
0.0
0.1142191142
0.0
0.0
0.1218905473
0.0
0.0
0.0520833333
0.0
0.0
0.0
0.0
0.1166666667
0.1103603604
0.1384180791
0.0
0.0
0.0
0.0441176471
0.0
0.0651041667
0.0
0.0
0.0
0.1633333333
0.0
0.1794871795
0.0
0.1814814815
0.0944123314
0.0
0.0
0.1276041667
0.0625000000
0.1601307190
0.1200980392
0.0
0.0434027778
0.1471471471
0.0
0.1327913279
0.0
0.1349862259
0.0
0.1756272401
0.0750000000
0.0651041667
0.0372023810
0.0
0.0434027778
0.0500000000
0.1118721461
0.0208333333
0.1666666667
0.0960784314
0.0000000000
0.0972222222
0.1361111111
0.0000000000
0.0
0.0
0.0208333333
0.0837606838
0.0833333333
0.0500000000
0.0535714286
0.1142191142
0.0000000000
0.0978043912
0.0000000000
0.0000000000
