0.0
0.0
0.0
0.0
0.0
0.0
0.0
0.0
0.0
0.1923923924
0.2278330963
0.0
0.0
0.0
0.0
0.1803678679
0.0
0.0
0.2045115982
0.0
0.0
0.1298648649
0.0
0.0
0.2650303365
0.0
0.2278330963
0.0
0.0
0.0
0.2918311570
0.2319015444
0.0
0.0
0.0
0.2077837838
0.2239049394
0.0
0.0
0.0
0.0
0.2427380652
0.0
0.1829082604
0.0
0.0
0.2951474201
0.0
0.0
0.2278330963
0.2497401247
0.0
0.1501327918
0.2201099404
0.2677626080
0.0
0.2951474201
0.0
0.1527821940
0.0270270270
0.2201099404
0.0000000000
0.2219912220
0.0
0.1803678679
0.0
0.1816291816
0.0
0.0270270270
0.2045115982
0.2521647861
0.0000000000
0.2258519389
0.0
0.2427380652
0.0
0.2258519389
0.0000000000
0.1574119574
0.1766868910
0.0000000000
