0.0
0.0
0.0
0.0
0.0
0.0
0.0
0.0
0.0
0.0
0.0
0.0
0.0
0.0
0.0
0.0
0.0
0.0
0.0
0.0
0.0
0.0
0.0
0.0
0.0
0.0
0.0
0.0
0.0
0.0
0.0
0.0
0.0
0.0
0.0
0.0
0.0
0.0
0.0
0.0
0.0
0.0
0.0675100402
0.0304761905
0.0
0.0
0.0
0.0
0.0
0.0
0.0
0.0
0.0
0.0
0.0
0.0
0.0
0.0
0.0
0.0
0.0806235012
0.0
0.0
0.0
0.0
0.0
0.0
0.0
0.0
0.0
0.0
0.0
0.0
0.0
0.0
0.0304761905
0.0
0.0
0.0
0.0941736695
0.0
0.0
0.0
0.0
0.0
0.0
0.0000000000
0.0
0.0
0.0
0.0
0.1088025890
0.0
0.0
0.0
0.0
0.0
0.0
0.0
0.0
0.0
0.0
0.0
0.0
0.0
0.0
0.0
0.0000000000
0.0
0.0953758865
0.0
0.0
0.0
0.0
0.0
0.0
0.0000000000
0.0
0.0644061303
0.1088025890
0.0
0.0000000000
0.0
0.0
0.0
0.0
0.0
0.0
0.0000000000
0.0
0.0
0.0
0.0
0.0918579235
0.0
0.0
0.0
0.0727705628
0.0767579909
0.1218115942
0.0
0.0818004866
0.0
0.0
0.0
0.0
0.0
0.0
0.0
0.0
0.0000000000
0.0
0.0713800425
0.0
0.0
0.0991740413
0.0806235012
0.0903763441
0.1067301587
0.1028134557
0.0
0.1009609610
0.0723010753
0.0000000000
0.0533333333
0.0
0.0
0.0000000000
0.0644061303
0.0
0.0
0.0839450687
0.0739713971
0.0133333333
0.0
0.1266290019
0.0812077295
0.1067301587
0.0
0.0000000000
0.0
0.0
0.1057232704
0.1093333333
0.0647784200
0.0
0.0653449951
0.0000000000
0.1000595238
0.0000000000
0.1218115942
0.0000000000
0.1143537415
0.0
0.0713800425
0.0
0.0000000000
0.0000000000
0.0000000000
0.0000000000
0.0
0.0
0.0000000000
0.0
0.0000000000
0.0818004866
0.0730076004
0.0882414698
0.0133333333
0.0133333333
0.0577663230
0.0713800425
0.0000000000
0.0580656304
0.0133333333
0.0640380952
0.0000000000
0.0304761905
0.0000000000
0.0653449951
0.0000000000
0.0000000000
0.0000000000
0.0304761905
0.0000000000
