0.0
0.0
0.0
0.0
0.0
0.0
0.0
0.1745949314
0.0
0.0
0.0
0.0
0.0
0.0
0.0
0.0
0.0
0.0
0.0
0.0
0.1800171343
0.0
0.0
0.1789059174
0.0
0.0
0.0
0.0
0.0
0.0
0.0
0.1783554377
0.1778083351
0.1486295314
0.0
0.0
0.0
0.1840175151
0.0
0.0
0.0
0.0
0.0
0.0
0.0
0.0
0.0
0.0
0.0
0.0
0.0
0.0
0.0
0.1817100854
0.0
0.0
0.0
0.1745949314
0.0
0.1549880140
0.0
0.0
0.0
0.1900508762
0.1894297949
0.1699868541
0.0
0.0
0.0
0.0
0.1694898165
0.2062829795
0.1900508762
0.0
0.0
0.1822815008
0.1675303967
0.1486295314
0.0
0.0
0.0
0.0
0.1945151585
0.0
0.0
0.1704868154
0.0086206897
0.0
0.1735494528
0.1900508762
0.0
0.0
0.1714956131
0.0
0.0
0.0
0.1525408348
0.0
0.1938646062
0.1685044106
0.1482494047
0.0
0.0
0.1651439238
0.0
0.0
0.0
0.1694898165
0.0
0.0
0.1656157635
0.0
0.0
0.1805779353
0.1588096363
0.0
0.1660903073
0.1230690387
0.0
0.0
0.1529433173
0.0
0.0
0.0
0.1945151585
0.1588096363
0.1817100854
0.1605692998
0.0
0.1789059174
0.2019704433
0.0
0.1932183908
0.1863842998
0.0
0.1614638363
0.1497816983
0.1474949548
0.1913053374
0.0
0.1632831472
0.1725164204
0.0
0.1136578769
0.1478712175
0.0
0.2070197044
0.1772645787
0.0
0.0
0.1501697338
0.0
0.0
0.1783554377
0.0
0.1761869825
0.1958294501
0.0
0.0000000000
0.0
0.1704868154
0.2019704433
0.1881997313
0.1583757302
0.0000000000
0.1685044106
0.1427722100
0.0
0.1486295314
0.0
0.0
0.0
0.1985120453
0.1351177558
0.0
0.0
0.1467481449
0.1740706223
0.1714956131
0.1317398119
0.0
0.0000000000
0.1596846205
0.0000000000
0.1257386491
0.1714956131
0.0086206897
0.1570881226
0.0000000000
0.0000000000
0.0
0.0086206897
0.0000000000
0.1656157635
0.0
0.1449137931
0.1431247339
0.1311437042
0.1490116124
0.1257386491
0.0000000000
0.1205104309
0.0086206897
0.0
0.0000000000
0.0
0.0000000000
0.0000000000
0.0000000000
0.0000000000
0.0000000000
0.1575149925
0.0000000000
0.0000000000
0.0000000000
0.0000000000
0.0000000000
0.0000000000
0.0000000000
0.0000000000
0.0000000000
0.0000000000
0.0000000000
0.0000000000
0.0000000000
0.0000000000
0.0000000000
0.0000000000
