0.0
0.0
0.0
0.0
0.0
0.0
0.0088362992
0.0
0.0
0.0000000000
0.0
0.0
0.0
0.0
0.0
0.0
0.0
0.0
0.0
0.0
0.0
0.0
0.0
0.0054347826
0.0
0.0
0.0
0.0
0.0
0.0
0.0
0.0
0.0
0.0
0.0
0.0
0.0
0.0
0.0
0.0
0.0
0.0
0.0000000000
0.0
0.0
0.0
0.0
0.0
0.0
0.0
0.0
0.0
0.0024154589
0.0
0.0048309179
0.0
0.0
0.0
0.0055210490
0.0
0.0
0.0000000000
0.0
0.0
0.0
0.0057255323
0.0
0.0048309179
0.0000000000
0.0
0.0000000000
0.0047342995
0.0
0.0
0.0
0.0
0.0
0.0
0.0
0.0
0.0
0.0
0.0
0.0024154589
0.0
0.0155829165
0.0
0.0
0.0
0.0
0.0
0.0
0.0024154589
0.0
0.0000000000
0.0
0.0
0.0
0.0088362992
0.0
0.0
0.0
0.0
0.0
0.0
0.0
0.0
0.0
0.0
0.0
0.0
0.0032206119
0.0
0.0
0.0
0.0
0.0
0.0000000000
0.0
0.0
0.0
0.0130434783
0.0
0.0000000000
0.0
0.0000000000
0.0
0.0
0.0000000000
0.0
0.0
0.0
0.0
0.0
0.0064412238
0.0048309179
0.0
0.0
0.0
0.0158636898
0.0032206119
0.0
0.0
0.0
0.0138651147
0.0
0.0174343521
0.0032206119
0.0036231884
0.0000000000
0.0000000000
0.0
0.0042941492
0.0
0.0
0.0
0.0
0.0
0.0000000000
0.0
0.0
0.0
0.0
0.0
0.0
0.0
0.0000000000
0.0048309179
0.0189340813
0.0
0.0101169222
0.0
0.0
0.0
0.0116613878
0.0
0.0
0.0054347826
0.0
0.0000000000
0.0
0.0000000000
0.0
0.0
0.0
0.0
0.0
0.0
0.0000000000
0.0
0.0000000000
0.0
0.0131710874
0.0
0.0000000000
0.0
0.0
0.0
0.0100644122
0.0
0.0032206119
0.0086266391
0.0
0.0
0.0
0.0
0.0000000000
0.0081362827
0.0
0.0
0.0000000000
0.0
0.0
0.0024154589
0.0048309179
0.0
0.0
0.0024154589
0.0072463768
0.0000000000
0.0
0.0
0.0
0.0
0.0
0.0000000000
0.0
0.0
0.0032206119
0.0
0.0
0.0
0.0109370780
0.0
0.0096222381
0.0
0.0024154589
0.0055210490
0.0
0.0
0.0049867539
0.0114437317
0.0
0.0
0.0
0.0077294686
0.0
0.0082125604
0.0
0.0032206119
0.0
0.0032206119
0.0032206119
0.0
0.0
0.0000000000
0.0101784368
0.0
0.0
0.0000000000
0.0
0.0000000000
0.0
0.0
0.0
0.0
0.0024154589
0.0122468006
0.0000000000
0.0036231884
0.0
0.0048309179
0.0048309179
0.0042941492
0.0
0.0
0.0
0.0
0.0024154589
0.0
0.0
0.0
0.0070267896
0.0024154589
0.0177865613
0.0
0.0078904992
0.0
0.0
0.0099484156
0.0
0.0000000000
0.0024154589
0.0069013112
0.0032206119
0.0
0.0
0.0000000000
0.0
0.0
0.0054896794
0.0
0.0
0.0
0.0
0.0000000000
0.0
0.0032206119
0.0032206119
0.0
0.0
0.0
0.0
0.0
0.0089461442
0.0
0.0101169222
0.0095625703
0.0
0.0024154589
0.0000000000
0.0000000000
0.0
0.0164567249
0.0
0.0110746514
0.0000000000
0.0
0.0101784368
0.0
0.0132396208
0.0
0.0055210490
0.0048309179
0.0
0.0000000000
0.0
0.0
0.0069115607
0.0048309179
0.0
0.0000000000
0.0150501672
0.0
0.0
0.0
0.0
0.0
0.0048309179
0.0110804386
0.0
0.0
0.0043478261
0.0
0.0032206119
0.0000000000
0.0
0.0
0.0
0.0
0.0043478261
0.0
0.0024154589
0.0
0.0069115607
0.0
0.0
0.0
0.0000000000
0.0
0.0
0.0000000000
0.0000000000
0.0
0.0
0.0059457451
0.0
0.0073480803
0.0100644122
0.0
0.0000000000
0.0
0.0062293415
0.0024154589
0.0
0.0110746514
0.0024154589
0.0032206119
0.0048309179
0.0055210490
0.0032206119
0.0032206119
0.0000000000
0.0124884366
0.0
0.0
0.0
0.0000000000
0.0038647343
0.0
0.0
0.0109370780
0.0
0.0096618357
0.0000000000
0.0
0.0
0.0
0.0
0.0000000000
0.0
0.0032206119
0.0060386473
0.0024154589
0.0000000000
0.0000000000
0.0032206119
0.0024154589
0.0000000000
0.0
0.0000000000
0.0
0.0101784368
0.0000000000
0.0
0.0
0.0
0.0048309179
0.0
0.0064412238
0.0000000000
0.0
0.0000000000
0.0
0.0000000000
0.0000000000
0.0105441291
0.0000000000
0.0075483092
0.0
0.0000000000
0.0000000000
0.0
0.0054347826
0.0
0.0000000000
0.0101169222
0.0032206119
0.0000000000
0.0
0.0000000000
0.0
0.0
0.0000000000
0.0000000000
0.0
0.0091044221
0.0038647343
0.0
0.0024154589
0.0024154589
0.0000000000
0.0000000000
0.0
0.0
0.0000000000
0.0024154589
0.0000000000
0.0
0.0
0.0
0.0054347826
0.0000000000
0.0130434783
0.0000000000
0.0061934845
0.0000000000
0.0
0.0000000000
0.0110746514
0.0
0.0126921388
0.0
0.0024154589
0.0147972232
0.0
0.0119787045
0.0
0.0024154589
0.0060386473
0.0000000000
0.0
0.0
0.0
0.0000000000
0.0000000000
0.0000000000
0.0112157297
0.0036231884
0.0
0.0000000000
0.0000000000
0.0024154589
0.0000000000
0.0085882984
0.0075483092
0.0
0.0000000000
0.0
0.0
0.0047342995
0.0
0.0024154589
0.0038647343
0.0000000000
0.0000000000
0.0138651147
0.0050322061
0.0032206119
0.0000000000
0.0000000000
0.0
0.0000000000
0.0048309179
0.0
0.0000000000
0.0000000000
0.0024154589
0.0064412238
0.0000000000
0.0000000000
0.0064412238
0.0000000000
0.0000000000
0.0
0.0038647343
0.0024154589
0.0000000000
0.0064042902
0.0
0.0024154589
0.0000000000
0.0024154589
0.0
0.0
0.0000000000
0.0038647343
0.0000000000
0.0000000000
0.0060386473
0.0036231884
0.0064412238
0.0000000000
0.0
0.0024154589
0.0
0.0000000000
0.0000000000
0.0081362827
0.0064412238
0.0000000000
0.0000000000
0.0000000000
0.0065282674
0.0032206119
0.0000000000
0.0000000000
0.0036231884
0.0000000000
0.0
0.0
0.0000000000
0.0000000000
0.0000000000
0.0054347826
0.0032206119
0.0048309179
0.0000000000
0.0
0.0048309179
0.0000000000
0.0
0.0042941492
0.0000000000
0.0000000000
0.0055210490
0.0
0.0000000000
0.0055210490
0.0024154589
0.0048309179
0.0000000000
0.0077294686
0.0062293415
0.0000000000
0.0000000000
0.0064412238
0.0000000000
0.0000000000
0.0
0.0000000000
0.0000000000
0.0073195725
0.0
0.0024154589
0.0000000000
0.0000000000
0.0024154589
0.0000000000
0.0000000000
0.0000000000
0.0
0.0032206119
0.0000000000
0.0098319385
0.0000000000
0.0000000000
0.0075061036
0.0000000000
0.0000000000
0.0000000000
0.0078904992
0.0000000000
0.0000000000
0.0000000000
0.0000000000
0.0048309179
0.0000000000
0.0000000000
0.0000000000
0.0024154589
0.0
0.0000000000
0.0054347826
0.0024154589
0.0045467462
0.0000000000
0.0000000000
0.0000000000
0.0000000000
0.0000000000
0.0077294686
0.0000000000
0.0024154589
0.0000000000
0.0000000000
0.0000000000
0.0000000000
0.0000000000
0.0000000000
0.0000000000
0.0
0.0000000000
0.0032206119
0.0000000000
0.0000000000
0.0000000000
0.0000000000
0.0000000000
0.0000000000
0.0000000000
0.0024154589
0.0000000000
0.0000000000
0.0000000000
0.0043478261
0.0000000000
0.0000000000
0.0000000000
0.0000000000
0.0050322061
0.0
0.0000000000
0.0000000000
0.0062293415
0.0048309179
0.0000000000
0.0000000000
0.0000000000
0.0024154589
0.0032206119
0.0000000000
0.0000000000
0.0000000000
0.0000000000
0.0000000000
0.0000000000
0.0000000000
0.0000000000
0.0000000000
0.0000000000
0.0000000000
0.0000000000
0.0000000000
0.0000000000
0.0000000000
0.0000000000
0.0000000000
0.0000000000
0.0000000000
0.0036231884
0.0000000000
0.0000000000
0.0000000000
0.0000000000
0.0000000000
0.0000000000
0.0000000000
0.0000000000
0.0000000000
0.0000000000
0.0000000000
0.0000000000
0.0000000000
0.0000000000
0.0000000000
0.0000000000
0.0
0.0000000000
0.0000000000
0.0000000000
0.0000000000
0.0000000000
0.0038647343
0.0000000000
0.0000000000
0.0000000000
0.0000000000
0.0000000000
0.0000000000
0.0000000000
0.0000000000
