0.0
0.0
0.0
0.0
0.0
0.0
0.0
0.0
0.0
0.0000000000
0.1474201474
0.0
0.0
0.0
0.0
0.1600284495
0.0
0.0
0.0000000000
0.0
0.0
0.0000000000
0.0
0.0
0.2587694077
0.0
0.1977587343
0.0
0.0
0.0
0.2930641485
0.2171814672
0.0
0.0
0.0
0.1762632197
0.2231589388
0.0
0.0
0.0
0.0
0.1977587343
0.0
0.1788553259
0.0
0.0
0.2482073911
0.0
0.0
0.2115158637
0.2587694077
0.0
0.1643535427
0.0270270270
0.0
0.0
0.2733070149
0.0
0.1474201474
0.1492289836
0.1788553259
0.0270270270
0.2482073911
0.0
0.1600284495
0.0
0.2044060868
0.0
0.1266891892
0.1945945946
0.2764127764
0.0000000000
0.2361584886
0.0
0.2482073911
0.0
0.2252252252
0.1579501580
0.1266891892
0.1915301128
0.1977587343
0.0000000000
