0.0
0.0
0.0
0.0
0.1446864925
0.0
0.1697247098
0.0
0.0
0.1351015829
0.0
0.1316409891
0.0
0.1377080443
0.0
0.1335567623
0.1086065979
0.1341144106
0.0
0.1628410714
0.1308366653
0.0827312333
0.0
0.0
0.0
0.1299106222
0.1061831449
0.1251038027
0.1448496114
0.1186349080
0.0
0.0
0.1488778741
0.1418119264
0.1455057818
0.1433946488
0.1458361014
0.1217835122
0.1332796736
0.0
0.0
0.1683900463
0.1465012604
0.1235400051
0.0
0.1399581758
0.1295177473
0.1383009745
0.1091602424
0.1224800814
0.1198522438
0.1300421107
0.1363923624
0.1430752844
0.1511548298
0.1513328685
0.1270836848
0.1692774774
0.1084232957
0.1497454608
0.0
0.1159581276
0.0828379145
0.1520492371
0.0
0.1408789532
0.0
0.1430752844
0.1263339286
0.1214381903
0.1499201929
0.1495711354
0.1359593707
0.1430752844
0.1308366653
0.1499201929
0.1221308036
0.1258389866
0.1054857187
0.1206400050
0.1297793993
0.1626349435
0.1308366653
0.0
0.1443613543
0.1220148199
0.1418119264
0.1289975957
0.0940568121
0.0824657287
0.1612065312
0.0
0.1338350056
0.1095324854
0.1229489046
0.0
0.1086065979
0.1356722337
0.1080585411
0.1378557997
0.1130005324
0.1458361014
0.1091602424
0.1079677356
0.1260859719
0.1594064583
0.0
0.1213235178
0.1518695099
0.0
0.1140031991
0.1153335775
0.0000000000
0.1115291713
0.0805022590
0.1307035660
0.1100956344
0.0
0.1108555698
0.1265828624
0.1063589448
0.1200762667
0.0717373564
0.1092530658
0.0000000000
0.1228313627
0.0915763402
0.1304381780
0.0000000000
0.1186349080
0.0
0.0
0.0033444816
0.0793586197
0.1427573393
0.0000000000
0.1309700360
0.1139021324
0.0911863771
0.1253479077
0.1147157191
0.1301738656
0.0914459825
0.0
0.1339745624
0.1478499486
0.1100013744
0.0000000000
0.1247394227
0.1127031626
0.1190747038
0.1485336478
0.1166953727
0.1292571482
0.1133994752
0.1161678168
0.0000000000
0.0000000000
0.1218990563
0.0000000000
0.1305707371
0.0000000000
0.1212090617
0.1060079252
0.1374134817
0.1149209350
0.1212090617
0.1201885925
0.0000000000
0.1432347886
0.0
0.0
0.0000000000
0.0
0.0000000000
0.0000000000
0.0
0.1207533885
0.1125057840
0.0
0.1098133379
0.0000000000
0.1025391902
0.1247394227
0.0000000000
0.0946109023
0.1103793860
0.0823072424
0.0000000000
0.1103793860
0.0897217914
0.1315062491
0.1092530658
0.0033444816
0.1273355851
0.0000000000
0.1207533885
0.1183071872
0.1130005324
0.1222470079
0.0
0.1016468397
0.1036978251
0.0
0.1091602424
0.0000000000
0.0
0.0000000000
0.1060079252
0.0789684114
0.0000000000
0.1451769552
0.0
0.1015664864
0.0963853003
0.1098133379
0.1255929671
0.0000000000
0.0
0.1058332828
0.0000000000
0.1288682100
0.1384500058
0.0000000000
0.0
0.1133994752
0.0000000000
0.0000000000
0.1201885925
0.1359593707
0.0033444816
0.1284816054
0.0
0.1225969517
0.1238974015
0.0735862574
0.1035307054
0.0000000000
0.1129012349
0.0000000000
0.0033444816
0.0000000000
0.0000000000
0.0000000000
0.1086984817
0.0033444816
0.1099072757
0.0000000000
0.1002978964
0.0000000000
0.1269581081
0.0000000000
0.1015664864
0.0033444816
0.0941257182
0.0840848203
0.1218990563
0.1283532521
0.1091602424
0.1177649912
0.0
0.0000000000
0.0915763402
0.0000000000
0.0660913608
0.1090675767
0.0033444816
0.1067122968
0.0033444816
0.0000000000
0.0000000000
0.1421256696
0.0000000000
0.0000000000
0.0033444816
0.1043717346
0.0000000000
0.0000000000
0.0000000000
0.0938506978
0.0033444816
0.1238974015
0.0000000000
0.0000000000
0.1008489838
0.0000000000
0.0000000000
0.0902258465
0.0000000000
0.1051404299
0.1073363453
0.0000000000
0.1089750682
0.0000000000
0.0000000000
0.0033444816
0.0000000000
0.0000000000
0.0000000000
0.0000000000
0.0000000000
0.0000000000
0.0000000000
0.1020505205
0.0000000000
0.0000000000
0.0000000000
0.0000000000
0.0734600374
0.0000000000
0.0000000000
0.0000000000
0.0000000000
0.0000000000
0.0033444816
0.0967481968
0.0000000000
0.0000000000
0.0962409029
0.0000000000
0.0000000000
0.0000000000
0.0660913608
0.0000000000
0.0000000000
0.0000000000
0.0000000000
0.0000000000
0.0000000000
0.0000000000
0.0000000000
0.0000000000
0.1025391902
0.0000000000
0.0000000000
0.0000000000
0.0000000000
0.0000000000
0.0000000000
0.0000000000
0.0000000000
0.0000000000
0.0000000000
0.0000000000
