0.0
0.0
0.0
0.0
0.0
0.0
0.0093560815
0.0
0.0
0.0000000000
0.0
0.0
0.0
0.0
0.0
0.0
0.0
0.0
0.0
0.0
0.0
0.0
0.0
0.0034100597
0.0
0.0
0.0
0.0
0.0
0.0
0.0
0.0
0.0
0.0
0.0
0.0
0.0
0.0
0.0
0.0
0.0
0.0
0.0000000000
0.0
0.0
0.0
0.0
0.0
0.0
0.0
0.0
0.0
0.0000000000
0.0
0.0057544757
0.0
0.0
0.0
0.0058458166
0.0
0.0
0.0000000000
0.0
0.0
0.0
0.0071434871
0.0
0.0051150895
0.0046035806
0.0
0.0000000000
0.0193719373
0.0
0.0
0.0384503604
0.0
0.0
0.0
0.0
0.0
0.0
0.0
0.0
0.0025575448
0.0
0.0295084161
0.0
0.0
0.0
0.0
0.0
0.0
0.0025575448
0.0
0.0000000000
0.0
0.0
0.0
0.0093560815
0.0
0.0
0.0
0.0
0.0
0.0
0.0
0.0
0.0
0.0
0.0
0.0
0.0038363171
0.0
0.0
0.0
0.0
0.0
0.0000000000
0.0
0.0
0.0
0.0300322341
0.0
0.0000000000
0.0
0.0286748450
0.0
0.0
0.0000000000
0.0
0.0
0.0
0.0
0.0
0.0226582481
0.0076726343
0.0
0.0
0.0
0.0347633395
0.0173223467
0.0
0.0
0.0
0.0257636933
0.0
0.0342935647
0.0025575448
0.0038363171
0.0000000000
0.0199037160
0.0
0.0199037160
0.0
0.0
0.0
0.0
0.0
0.0250022048
0.0
0.0
0.0
0.0
0.0
0.0
0.0
0.0000000000
0.0051150895
0.0402813299
0.0
0.0107120353
0.0
0.0
0.0
0.0223587999
0.0
0.0
0.0057544757
0.0
0.0000000000
0.0
0.0000000000
0.0
0.0
0.0
0.0
0.0
0.0
0.0000000000
0.0
0.0000000000
0.0
0.0139458573
0.0
0.0000000000
0.0
0.0
0.0
0.0253772379
0.0
0.0218769292
0.0340634065
0.0
0.0
0.0
0.0
0.0000000000
0.0090070054
0.0
0.0
0.0329574518
0.0
0.0
0.0025575448
0.0000000000
0.0
0.0
0.0025575448
0.0051150895
0.0000000000
0.0
0.0
0.0
0.0
0.0
0.0000000000
0.0
0.0
0.0034100597
0.0
0.0
0.0
0.0253772379
0.0
0.0182570056
0.0
0.0025575448
0.0057544757
0.0
0.0
0.0055989493
0.0121168924
0.0
0.0
0.0
0.0261621009
0.0
0.0086956522
0.0
0.0000000000
0.0
0.0000000000
0.0034100597
0.0
0.0
0.0000000000
0.0198259671
0.0
0.0
0.0000000000
0.0
0.0000000000
0.0
0.0
0.0
0.0
0.0000000000
0.0129672006
0.0000000000
0.0038363171
0.0
0.0051150895
0.0051150895
0.0034100597
0.0
0.0
0.0
0.0
0.0025575448
0.0
0.0
0.0
0.0090070054
0.0025575448
0.0347633395
0.0
0.0252509829
0.0
0.0
0.0196722774
0.0
0.0000000000
0.0025575448
0.0290025575
0.0034100597
0.0
0.0
0.0000000000
0.0
0.0
0.0246380950
0.0
0.0
0.0
0.0
0.0000000000
0.0
0.0034100597
0.0046035806
0.0
0.0
0.0
0.0
0.0
0.0222607350
0.0
0.0107120353
0.0101250744
0.0
0.0000000000
0.0000000000
0.0000000000
0.0
0.0302109974
0.0
0.0204655144
0.0000000000
0.0
0.0198259671
0.0
0.0233891593
0.0
0.0058458166
0.0051150895
0.0
0.0066826169
0.0
0.0
0.0073181231
0.0051150895
0.0
0.0000000000
0.0265730239
0.0
0.0
0.0
0.0
0.0
0.0225575448
0.0117322291
0.0
0.0
0.0034100597
0.0
0.0034100597
0.0000000000
0.0
0.0
0.0
0.0
0.0034100597
0.0
0.0025575448
0.0
0.0073181231
0.0
0.0
0.0
0.0000000000
0.0
0.0
0.0000000000
0.0000000000
0.0
0.0
0.0066826169
0.0000000000
0.0077803204
0.0106564365
0.0
0.0000000000
0.0
0.0195963227
0.0025575448
0.0
0.0204655144
0.0025575448
0.0034100597
0.0051150895
0.0058458166
0.0034100597
0.0034100597
0.0000000000
0.0229658261
0.0
0.0
0.0
0.0000000000
0.0040920716
0.0
0.0
0.0245190704
0.0
0.0291692389
0.0000000000
0.0
0.0
0.0000000000
0.0
0.0000000000
0.0
0.0057544757
0.0063938619
0.0000000000
0.0000000000
0.0000000000
0.0034100597
0.0025575448
0.0000000000
0.0
0.0000000000
0.0
0.0198259671
0.0000000000
0.0
0.0
0.0
0.0051150895
0.0
0.0071434871
0.0000000000
0.0
0.0000000000
0.0
0.0000000000
0.0000000000
0.0201406650
0.0000000000
0.0063938619
0.0
0.0000000000
0.0000000000
0.0
0.0057544757
0.0
0.0000000000
0.0107120353
0.0034100597
0.0000000000
0.0
0.0000000000
0.0
0.0
0.0000000000
0.0000000000
0.0
0.0222607350
0.0040920716
0.0
0.0025575448
0.0025575448
0.0000000000
0.0000000000
0.0000000000
0.0
0.0000000000
0.0025575448
0.0000000000
0.0
0.0
0.0
0.0057544757
0.0000000000
0.0288377703
0.0000000000
0.0176844863
0.0000000000
0.0
0.0000000000
0.0204655144
0.0
0.0134387352
0.0
0.0025575448
0.0323276915
0.0
0.0225575448
0.0
0.0025575448
0.0063938619
0.0025575448
0.0
0.0
0.0
0.0000000000
0.0000000000
0.0000000000
0.0205483707
0.0038363171
0.0
0.0000000000
0.0000000000
0.0025575448
0.0000000000
0.0098648155
0.0197488232
0.0226582481
0.0000000000
0.0
0.0
0.0159605270
0.0
0.0325349203
0.0038363171
0.0000000000
0.0000000000
0.0283544557
0.0159605270
0.0000000000
0.0000000000
0.0000000000
0.0
0.0000000000
0.0193719373
0.0
0.0000000000
0.0000000000
0.0025575448
0.0057544757
0.0000000000
0.0000000000
0.0068201194
0.0000000000
0.0000000000
0.0
0.0040920716
0.0025575448
0.0000000000
0.0067810132
0.0
0.0025575448
0.0000000000
0.0271414309
0.0
0.0
0.0000000000
0.0040920716
0.0000000000
0.0000000000
0.0079923274
0.0038363171
0.0051150895
0.0000000000
0.0
0.0025575448
0.0000000000
0.0000000000
0.0000000000
0.0098648155
0.0068201194
0.0000000000
0.0000000000
0.0000000000
0.0281969309
0.0046035806
0.0000000000
0.0000000000
0.0034100597
0.0000000000
0.0
0.0
0.0000000000
0.0000000000
0.0000000000
0.0057544757
0.0034100597
0.0025575448
0.0000000000
0.0
0.0000000000
0.0000000000
0.0
0.0045467462
0.0000000000
0.0000000000
0.0038363171
0.0286748450
0.0000000000
0.0058458166
0.0025575448
0.0051150895
0.0000000000
0.0081841432
0.0176844863
0.0000000000
0.0038363171
0.0068201194
0.0000000000
0.0000000000
0.0
0.0000000000
0.0000000000
0.0219716345
0.0
0.0000000000
0.0000000000
0.0000000000
0.0000000000
0.0000000000
0.0000000000
0.0000000000
0.0
0.0034100597
0.0000000000
0.0104102878
0.0000000000
0.0000000000
0.0079476391
0.0000000000
0.0053282182
0.0000000000
0.0197488232
0.0000000000
0.0000000000
0.0000000000
0.0000000000
0.0225575448
0.0000000000
0.0000000000
0.0000000000
0.0025575448
0.0
0.0000000000
0.0051150895
0.0025575448
0.0055989493
0.0000000000
0.0000000000
0.0000000000
0.0000000000
0.0000000000
0.0034100597
0.0000000000
0.0025575448
0.0000000000
0.0000000000
0.0000000000
0.0000000000
0.0000000000
0.0000000000
0.0000000000
0.0
0.0000000000
0.0034100597
0.0000000000
0.0000000000
0.0000000000
0.0000000000
0.0000000000
0.0000000000
0.0000000000
0.0000000000
0.0000000000
0.0000000000
0.0000000000
0.0000000000
0.0000000000
0.0000000000
0.0000000000
0.0000000000
0.0000000000
0.0
0.0000000000
0.0000000000
0.0219716345
0.0000000000
0.0000000000
0.0000000000
0.0000000000
0.0025575448
0.0034100597
0.0000000000
0.0000000000
0.0000000000
0.0000000000
0.0000000000
0.0000000000
0.0000000000
0.0000000000
0.0000000000
0.0000000000
0.0000000000
0.0000000000
0.0000000000
0.0000000000
0.0000000000
0.0000000000
0.0000000000
0.0000000000
0.0000000000
0.0000000000
