0.0
0.0
0.0
0.0
0.0
0.0
0.0
0.0
0.0
0.0285714286
0.1750700280
0.0
0.0
0.0
0.0
0.1733703190
0.0
0.0
0.1750700280
0.0
0.0
0.1231527094
0.0
0.0
0.2319109462
0.0
0.2260397830
0.0
0.0
0.0
0.1463700234
0.1785714286
0.0
0.0
0.0
0.1785714286
0.2260397830
0.0
0.0
0.0
0.0
0.2319109462
0.0
0.1803751804
0.0
0.1803751804
0.2705627706
0.0
0.0
0.2232142857
0.2587991718
0.0
0.0000000000
0.2052545156
0.2289377289
0.0
0.2480158730
0.0
0.1475796930
0.1451800232
0.1733703190
0.0285714286
0.0285714286
0.0
0.1733703190
0.0
0.0000000000
0.0
0.0000000000
0.1451800232
0.1768033946
0.0000000000
0.0000000000
0.0000000000
0.0285714286
0.0
0.1223091977
