0.0
0.0
0.0
0.0
0.0
0.0
0.0
0.0
0.0
0.0
0.0
0.0
0.0
0.0
0.0
0.0
0.0
0.0
0.0
0.0
0.0
0.0
0.0
0.0
0.0
0.0
0.0
0.0
0.0
0.0
0.0
0.0823020597
0.0
0.0
0.0
0.0
0.0
0.0
0.0
0.0
0.0
0.0
0.0
0.0
0.0
0.0
0.0
0.0
0.0
0.0
0.0
0.0
0.0872763600
0.0
0.0
0.0
0.0
0.0
0.0
0.0
0.0
0.0853994490
0.0
0.0
0.0
0.0
0.0
0.0
0.0
0.0
0.0880016483
0.0
0.0
0.0
0.0
0.0
0.0
0.0
0.0
0.0
0.0
0.0
0.0
0.0
0.0
0.1055435051
0.0
0.0
0.0
0.0
0.0
0.0867994400
0.0
0.0
0.0
0.0
0.0675927554
0.0
0.0
0.0
0.0000000000
0.0
0.0082644628
0.0
0.0
0.0
0.0
0.0
0.0
0.0
0.0
0.0000000000
0.0
0.0
0.0
0.0
0.0
0.0
0.0
0.0
0.0836015659
0.0
0.1045019574
0.0614479595
0.1296677349
0.0
0.0082644628
0.0
0.0000000000
0.0
0.0
0.0
0.0
0.0
0.0
0.0
0.0000000000
0.0
0.0000000000
0.0
0.0
0.0082644628
0.0082644628
0.0877585498
0.0
0.0
0.0776738265
0.0
0.0
0.0
0.0897417939
0.1031447891
0.0
0.0
0.0
0.0
0.0
0.0
0.0650995800
0.0863277039
0.0
0.0000000000
0.0
0.0
0.0
0.0
0.0
0.0
0.0000000000
0.0
0.0
0.0
0.0
0.0
0.0
0.0
0.0
0.0
0.0877585498
0.0
0.0
0.0954011863
0.0
0.0
0.0
0.0
0.0
0.0761836812
0.0831638614
0.0690621631
0.0
0.0
0.0000000000
0.0
0.0000000000
0.0
0.0
0.0000000000
0.0185950413
0.0
0.0681729507
0.0000000000
0.0977495232
0.0
0.0
0.0
0.0
0.0
0.0
0.0614479595
0.0
0.0185950413
0.0
0.1203355873
0.0889876612
0.0756395120
0.0931630353
0.0
0.1236132103
0.0498722057
0.0000000000
0.0747496354
0.0000000000
0.0743995200
0.0123966942
0.0082644628
0.1021498233
0.1110790036
0.0
0.0
0.0589398795
0.0959776285
0.0892376265
0.0
0.0
0.0661845730
0.0912890662
0.0836015659
0.0760014235
0.0000000000
0.0
0.0995880722
0.0
0.0000000000
0.0
0.0000000000
0.0000000000
0.0000000000
0.1084252390
0.0897417939
0.0000000000
0.0720376305
0.0
0.0920828842
0.0000000000
0.1084252390
0.0123966942
0.0
0.0000000000
0.0082644628
0.0082644628
0.0889876612
0.0
0.0082644628
0.1002163881
0.0751030616
0.0
0.0000000000
0.0551538108
0.0
0.0962684698
0.0000000000
0.0
0.0856296362
0.0529476584
0.0000000000
0.0840439022
0.1095468795
0.0
0.0000000000
0.0000000000
0.0000000000
0.1058953168
0.0000000000
0.0082644628
0.0000000000
0.0858610677
0.0549629672
0.0
0.0000000000
0.0743995200
0.0000000000
0.0082644628
0.0747496354
0.0000000000
0.0884919082
0.0000000000
0.0000000000
0.0000000000
0.0000000000
0.0000000000
0.0000000000
0.0000000000
0.0000000000
0.0000000000
0.0082644628
0.0082644628
0.0000000000
0.0000000000
