0.0
0.0
0.0
0.0
0.0
0.0
0.0
0.0
0.0
0.0
0.0
0.0
0.0
0.0
0.0
0.0
0.0
0.0
0.0
0.0
0.0
0.0
0.0
0.0
0.0
0.0
0.0
0.0
0.0
0.0
0.0
0.0
0.0
0.0
0.0
0.0
0.0
0.0
0.0
0.0
0.0
0.0
0.0000000000
0.0217391304
0.0
0.0
0.0
0.0
0.0
0.0000000000
0.0
0.0
0.0
0.0
0.0
0.1148097826
0.0
0.0
0.0
0.0
0.1530797101
0.0
0.0217391304
0.0
0.0
0.0
0.0
0.0
0.0
0.0
0.0
0.1020531401
0.0
0.0
0.0
0.0000000000
0.0
0.0000000000
0.0
0.1530797101
0.0
0.0
0.0217391304
0.0
0.0
0.0000000000
0.1020531401
0.0
0.0
0.0
0.0
0.1080562660
0.0
0.0
0.0000000000
0.0
0.0
0.0
0.0
0.0
0.0
0.1020531401
0.0
0.0000000000
0.0000000000
0.0
0.0
0.0000000000
0.0
0.0680354267
0.0
0.0000000000
0.0217391304
0.1020531401
0.0
0.0000000000
0.0798676749
0.0
0.1080562660
0.0000000000
0.0000000000
0.1020531401
0.0000000000
0.0798676749
0.0
0.0000000000
0.0
0.0
0.0217391304
0.0217391304
0.0000000000
0.0000000000
0.0
0.0217391304
0.0000000000
0.0
0.0000000000
0.0217391304
0.0874741201
0.0000000000
0.0217391304
0.0217391304
0.0
0.0000000000
0.0
0.0
0.0000000000
0.0000000000
