0.0
0.0
0.0
0.0
0.0
0.0
0.0
0.0
0.0
0.0
0.0
0.0
0.0
0.0
0.0
0.0
0.0
0.0
0.0
0.0
0.0
0.0
0.0
0.0
0.0
0.0
0.0
0.0
0.0
0.0
0.0
0.0371900826
0.0
0.0
0.0
0.0
0.0
0.0
0.0
0.0
0.0
0.0
0.0
0.0718557758
0.0
0.0
0.0
0.0
0.0
0.0
0.0
0.0
0.0255681818
0.0
0.0
0.0
0.0
0.0
0.0
0.0
0.0
0.0893160578
0.0
0.0
0.0
0.0
0.0
0.0
0.0
0.0
0.0729528105
0.0
0.0
0.0
0.0
0.0
0.0
0.0
0.0000000000
0.0
0.0
0.0
0.0
0.0
0.0
0.0511059796
0.0
0.0
0.0
0.0
0.0
0.0382775120
0.0
0.0
0.0
0.0
0.0000000000
0.0
0.0
0.0
0.0000000000
0.0
0.0113636364
0.0
0.0
0.0
0.0
0.0
0.0
0.0
0.0000000000
0.0876772310
0.0
0.0
0.0
0.0
0.0
0.0
0.0
0.0
0.0511059796
0.0
0.0965335170
0.0789819684
0.0718557758
0.0927846425
0.0000000000
0.0
0.0444503171
0.0
0.0
0.0
0.0
0.0511363636
0.0632901866
0.0
0.0764545455
0.0
0.0608714534
0.0
0.0
0.0371900826
0.0314685315
0.0586307864
0.0
0.0
0.0170454545
0.0269360269
0.0
0.0
0.0113636364
0.0000000000
0.0255681818
0.0
0.0
0.0
0.0
0.0
0.0113636364
0.0314685315
0.0
0.0000000000
0.0
0.0
0.0
0.0
0.0
0.0
0.0000000000
0.0
0.0
0.0
0.0
0.0
0.0
0.0
0.0
0.0
0.0444503171
0.0
0.0
0.0927846425
0.0
0.0113636364
0.0113636364
0.0
0.0
0.0279720280
0.0000000000
0.0677788524
0.0
0.0
0.0000000000
0.0
0.0113636364
0.0
0.0
0.0000000000
0.0000000000
0.0
0.0330578512
0.0677788524
0.0255681818
0.0
0.0
0.0
0.0
0.0000000000
0.0113636364
0.0000000000
0.0255681818
0.0113636364
0.0
0.0593591191
0.0000000000
0.0113636364
0.0404040404
0.0
0.0845736122
0.0113636364
0.0213903743
0.0601057747
0.0452929772
0.0831027668
0.0624628639
0.0234604106
0.1098484848
0.0303030303
0.0000000000
0.0
0.0113636364
0.0677788524
0.0382775120
0.0
0.0
0.0707912458
0.0000000000
0.0000000000
0.0170454545
0.0522230502
0.0
0.0000000000
0.0
0.0000000000
0.0000000000
0.0000000000
0.0000000000
0.0533900457
0.0000000000
0.0000000000
0.0113636364
0.0000000000
0.0000000000
