0.0
0.0
0.0
0.0
0.1702807895
0.0
0.1586376586
0.0
0.0
0.1072867402
0.0
0.1152832675
0.0
0.1751000572
0.0
0.1427738928
0.1461465044
0.1245678259
0.0
0.1559714795
0.1473063973
0.1014240768
0.0
0.0
0.0
0.1767676768
0.1325757576
0.1438806671
0.0000000000
0.1316355040
0.0
0.0
0.1307084934
0.1802000588
0.1354788764
0.1496823069
0.1628123339
0.1427738928
0.0202020202
0.0
0.0303030303
0.1316355040
0.1014240768
0.0000000000
0.0
0.0151515152
0.0202020202
0.0000000000
0.0000000000
0.1374859708
0.0951825952
0.1245678259
0.0000000000
0.0000000000
0.0896647636
0.0000000000
0.1205234160
0.1461465044
0.0151515152
0.0000000000
0.1060606061
0.0000000000
0.0000000000
0.0000000000
0.1145716423
0.1297944480
0.0
0.1271274388
0.0000000000
0.1098260714
0.0000000000
0.0000000000
0.0151515152
0.0000000000
0.0151515152
0.0000000000
0.0000000000
0.1031144781
0.0000000000
0.0000000000
0.0000000000
0.0000000000
0.0000000000
0.0000000000
0.0000000000
0.1014240768
