0.0
0.0
0.0
0.0
0.0
0.0
0.0
0.2400348432
0.0
0.0
0.0
0.0
0.0
0.0
0.0
0.0
0.0
0.0
0.0
0.0
0.1841978610
0.0
0.0
0.2008454810
0.0
0.0
0.0
0.0
0.0
0.0
0.0
0.2186984127
0.2014327485
0.2132817337
0.0
0.0
0.0
0.1775515464
0.0
0.0
0.0
0.0
0.0
0.0
0.0
0.0
0.0
0.0
0.0
0.0
0.0
0.0
0.0
0.2266118421
0.0
0.0
0.0
0.2319528620
0.0
0.2208012821
0.0
0.0
0.0
0.2542066421
0.2087575758
0.2081268882
0.1680243902
0.0
0.1822486772
0.0
0.2258688525
0.2570522388
0.2505090909
0.0
0.0
0.2243973941
0.2609469697
0.2243973941
0.0
0.0
0.0
0.1640238095
0.1973925501
0.0
0.0
0.2392013889
0.1620941176
0.0
0.2701568627
0.2496014493
0.0
0.2523443223
0.2589849624
0.2367353952
0.0
0.0
0.2193949045
0.0
0.2619391635
0.1918941504
0.2251307190
0.0
0.1996811594
0.1887397260
0.0
0.0
0.0
0.1897796143
0.0
0.0
0.2222258065
0.1940563380
0.0
0.2487003610
0.2075000000
0.0
0.2304013378
0.0000000000
0.0
0.2139440994
0.2008454810
0.0
0.0
0.2327364865
0.2038165680
0.2200958466
0.1973925501
0.1680243902
0.0
0.2026176471
0.2173186120
0.2087575758
0.1832180851
0.2744621514
0.2400348432
0.2126234568
0.1775515464
0.1837066667
0.2392013889
0.0
0.1565681818
0.2139440994
0.0
0.0100000000
0.2146105919
0.0
0.2487003610
0.1856873315
0.1832180851
0.0
0.2251307190
0.0
0.0
0.1996811594
0.0
0.1827320955
0.1757397959
0.0
0.0000000000
0.0
0.2229449838
0.1709429280
0.2383737024
0.2343197279
0.1400203252
0.2296333333
0.1417489712
0.0
0.2068768769
0.1973925501
0.0
0.1808136483
0.2469175627
0.0000000000
0.0100000000
0.1507439825
0.0000000000
0.0000000000
0.1991040462
0.1705198020
0.0000000000
0.0000000000
0.0000000000
0.0000000000
0.0000000000
0.1609579439
0.0000000000
0.0000000000
0.0000000000
0.0000000000
0.0000000000
