0.0
0.0
0.0
0.0
0.0
0.0
0.0
0.2361530362
0.0
0.0
0.0
0.0
0.0
0.0
0.0
0.0
0.0
0.0
0.0
0.0
0.1418451678
0.0
0.0
0.0233766234
0.0
0.0
0.0
0.0
0.0
0.0
0.0
0.1899491813
0.1300247372
0.1543756597
0.0
0.0
0.0
0.1480959718
0.0
0.0233766234
0.0
0.0
0.0
0.0
0.0
0.2051094445
0.0
0.0
0.0
0.0
0.0
0.0
0.0
0.2041509892
0.0
0.0
0.0
0.1699934307
0.0
0.1713267125
0.0
0.1111661875
0.0
0.2041509892
0.1618085618
0.1686807401
0.0000000000
0.0
0.1875034836
0.0
0.1916154021
0.1248237477
0.2090349842
0.0
0.0
0.1606187930
0.2275432900
0.1470986926
0.0
0.0
0.0
0.0000000000
0.1491068658
0.0
0.1203534757
0.2336273352
0.0389610390
0.0
0.2336273352
0.1612114822
0.0
0.1820346320
0.2060769419
0.2361530362
0.0
0.1654860291
0.1667492813
0.0233766234
0.2361530362
0.1554744188
0.2032014497
0.0
0.1994900077
0.1835643348
0.0
0.0
0.0
0.0000000000
0.2070536099
0.0
0.1284950344
0.1805302136
0.0
0.1985832349
0.0000000000
0.0
0.1577195368
0.1470986926
0.0
0.1820346320
0.1480959718
0.0
0.0
0.2041509892
0.1180765181
0.1361006595
0.1642417733
0.0000000000
0.1941702742
0.1661152536
0.1522240825
0.1480959718
0.0000000000
0.0000000000
0.1040197897
0.1023145473
0.0000000000
0.0000000000
0.1386930530
0.0000000000
0.1618085618
0.1805302136
0.0000000000
0.0000000000
0.1618085618
0.0000000000
0.1382541509
0.0000000000
0.0000000000
