0.0
0.0
0.0
0.0
0.0
0.0
0.0
0.0
0.0
0.0
0.0
0.0
0.0
0.0
0.0
0.0
0.0
0.0
0.0
0.0
0.0
0.0
0.0
0.0
0.0
0.0
0.0
0.0
0.0
0.0
0.0
0.0000000000
0.0
0.0
0.0
0.0
0.0
0.0
0.0
0.0
0.0
0.0
0.0
0.0767896275
0.0
0.0
0.0
0.0
0.0
0.0
0.0
0.0
0.0697230973
0.0
0.0
0.0
0.0
0.0
0.0
0.0
0.0
0.0270270270
0.0
0.0
0.0135135135
0.0
0.0
0.0
0.0
0.0
0.0733217088
0.0
0.0
0.0
0.0
0.0
0.0
0.0
0.1276951108
0.0
0.0
0.0
0.0
0.0
0.0
0.1042648153
0.0
0.0
0.0
0.0
0.0
0.0486486486
0.0
0.0
0.0000000000
0.0
0.0135135135
0.0
0.0
0.0
0.0000000000
0.0
0.1403069736
0.0
0.0
0.0
0.0
0.0
0.0
0.0000000000
0.1082368082
0.1147966148
0.0
0.0
0.0
0.0180180180
0.0
0.0
0.0374220374
0.0
0.0000000000
0.0
0.0841841842
0.1125234145
0.0135135135
0.0854501118
0.0180180180
0.0
0.1438590489
0.0
0.0
0.0
0.0
0.1072157063
0.0256045519
0.0
0.0894871249
0.0
0.0135135135
0.0
0.0
0.1005740254
0.0971355971
0.1147966148
0.0
0.0947072072
0.0270270270
0.1092775468
0.0
0.0
0.0909189189
0.0270270270
0.1114202438
0.0955030661
0.0
0.0
0.0180180180
0.0
0.0806018785
0.0971355971
0.0000000000
0.0000000000
0.0
0.0
0.0
0.0
0.0
0.0135135135
0.0000000000
0.0887880068
0.0
0.0000000000
0.1248886249
0.0000000000
0.0
0.0
0.0347490347
0.0000000000
0.0000000000
0.0
0.0
0.0880997276
0.0
0.0442260442
0.0931546300
0.0742801625
0.0874220374
0.0135135135
0.0000000000
0.0000000000
0.0180180180
0.0000000000
0.0000000000
0.0000000000
0.0324324324
0.0000000000
0.0000000000
0.0000000000
0.0000000000
0.0000000000
0.0000000000
0.0000000000
0.0000000000
0.0000000000
