0.0
0.0
0.0
0.0
0.0
0.0
0.0
0.2286487401
0.0
0.0
0.0
0.0
0.0
0.0
0.0
0.0
0.0
0.0
0.0
0.0
0.1739018586
0.0
0.0
0.1361804996
0.0
0.0
0.0
0.0
0.0
0.0
0.0
0.1668517833
0.1691374242
0.1214462160
0.0
0.0
0.0
0.1487594212
0.0
0.0000000000
0.0
0.0
0.0
0.1870762419
0.0
0.1929223744
0.0
0.0
0.0
0.0
0.0
0.0
0.0
0.2258603408
0.2166145959
0.0
0.1789424922
0.1706962944
0.0
0.1683686177
0.0
0.1789424922
0.0
0.2013103038
0.1899543379
0.1206550355
0.0000000000
0.0
0.1842840592
0.0136986301
0.1446917808
0.0273972603
0.1991456768
0.0
0.0
0.0000000000
0.1668517833
0.0000000000
0.0
0.0
0.0
0.1487594212
0.0182648402
0.0
0.1458310862
0.1408406688
0.1493592576
0.0
0.1435701391
0.0000000000
0.0
0.1646270928
0.2057838661
0.2128798614
0.0
0.1562915438
0.1668517833
0.1238832638
0.1899543379
0.1668517833
0.1518077700
0.1255630369
0.1683686177
0.1187214612
0.0
0.0000000000
0.1332413521
0.0000000000
0.2057838661
0.1356816699
0.1040480222
0.1638986544
0.1661035690
0.1505735605
0.1206550355
0.0
0.0000000000
0.1327637846
0.0
0.1556348567
0.0000000000
0.0
0.1536974933
0.1247174946
0.0182648402
0.0000000000
0.0000000000
0.0136986301
0.1562915438
0.0000000000
0.0000000000
0.1020415865
0.0000000000
0.0000000000
0.0000000000
