0.0
0.0
0.0
0.0
0.0
0.0
0.0
0.0736383442
0.0
0.0
0.0
0.0
0.0
0.0
0.0
0.0
0.0
0.0
0.1080882353
0.0
0.1104575163
0.0
0.0
0.0864705882
0.0
0.0
0.0392156863
0.0
0.0
0.0
0.0
0.0895601484
0.1351102941
0.1274509804
0.0
0.0
0.0
0.1417550627
0.0
0.0971579643
0.0
0.0
0.0
0.1879795396
0.0
0.1879795396
0.0
0.0
0.1183473389
0.0
0.0
0.0
0.1490872211
0.1004159239
0.1004159239
0.0
0.1253196931
0.1104575163
0.0
0.1310160428
0.0
0.1351102941
0.0
0.0920479303
0.1695501730
0.0261437908
0.0261437908
0.0
0.0000000000
0.1041814316
0.1274509804
0.1290605795
0.1394686907
0.0
0.0196078431
0.0982620321
0.1729411765
0.0000000000
0.0
0.0
0.0000000000
0.1310160428
0.1417550627
0.0
0.1035539216
0.1271626298
0.0872033024
0.1372549020
0.1544117647
0.0000000000
0.0828431373
0.0000000000
0.0000000000
0.0000000000
0.0000000000
0.0000000000
0.0196078431
0.0662745098
0.0000000000
0.0000000000
