0.0
0.0
0.0
0.0
0.0
0.0
0.0
0.2131076973
0.0
0.0
0.0
0.0
0.0
0.0
0.0
0.0
0.0
0.0
0.0
0.0
0.1311727884
0.0
0.0
0.2118650868
0.0
0.0
0.0
0.0
0.0
0.0
0.0
0.1794314192
0.1868116318
0.1932705446
0.0
0.0
0.0
0.1932705446
0.0
0.0
0.0
0.0
0.0
0.0
0.0
0.0
0.0
0.0
0.0
0.0
0.0
0.0
0.0
0.1969369235
0.0
0.0
0.0
0.1996421010
0.0
0.1131927177
0.0
0.0
0.0
0.2367092012
0.1948249994
0.1474030928
0.1651584654
0.0
0.1803218977
0.0
0.2143649698
0.2229132662
0.2112491999
0.0
0.0
0.2367092012
0.2208806224
0.2070362529
0.0
0.0
0.0
0.0
0.2076277851
0.0
0.0
0.1892440749
0.1863326276
0.0
0.2235991531
0.2013011766
0.0
0.0
0.2263854354
0.2035566520
0.0
0.0
0.1651584654
0.0
0.1974720782
0.1849102411
0.2082227071
0.0
0.1477026926
0.1794314192
0.0
0.0
0.0
0.1670568386
0.0
0.0
0.2007450961
0.0000000000
0.0
0.1576349778
0.2188847132
0.0
0.1887525319
0.1439004451
0.0
0.0
0.2100281063
0.0
0.0
0.0
0.1794314192
0.1755307362
0.1932705446
0.1772432311
0.0
0.2162789428
0.1902348816
0.1552771897
0.1969369235
0.2195459963
0.0
0.1768119824
0.1674417621
0.1709875877
0.2052817084
0.0
0.1562789780
0.2007450961
0.0
0.0000000000
0.1974720782
0.0
0.2235991531
0.1686072500
0.1887525319
0.0
0.1618479394
0.0
0.0
0.2007450961
0.0
0.1821296360
0.1552771897
0.0
0.0000000000
0.0
0.2024226317
0.0000000000
0.2118650868
0.2118650868
0.1376320545
0.1738510162
0.1307009438
0.0
0.1742679251
0.1307009438
0.0
0.0
0.2082227071
0.1622092071
0.0
0.1678284637
0.1389478485
0.0000000000
0.1907341857
0.1456307110
0.0000000000
0.0000000000
0.1604188185
0.1376320545
0.1376320545
0.1633027523
0.1607737274
0.0000000000
0.0000000000
0.0000000000
0.1674417621
0.0000000000
0.0000000000
0.1552771897
0.1355778447
0.1328514164
0.1713908603
0.1459231421
0.0000000000
0.0000000000
0.0000000000
0.1144405114
0.0000000000
0.0
0.0000000000
0.0000000000
0.0000000000
0.0000000000
