0.0
0.0
0.0
0.0
0.0
0.0
0.1315023989
0.0
0.0
0.0
0.0
0.0
0.0
0.0
0.0
0.1242504283
0.0
0.0
0.0
0.0
0.0
0.0
0.0
0.0
0.0
0.0
0.0
0.0
0.0
0.1005836801
0.0
0.1664833325
0.1706874571
0.0
0.0
0.0
0.1617039067
0.0000000000
0.0000000000
0.0
0.1508755201
0.0952003282
0.0
0.0877821208
0.1469396370
0.0
0.0
0.0
0.0
0.1111714359
0.0
0.0
0.1579257781
0.0
0.0000000000
0.0
0.1027237584
0.1320160801
0.0
0.0
0.0
0.0
0.0
0.0
0.0
0.0
0.0
0.0000000000
0.0
0.0
0.1261049123
0.1224496975
0.0000000000
0.0
0.1137916381
0.0
0.1215687644
0.0
0.0000000000
0.1104448252
0.1198443848
0.1515520920
0.1202708772
0.1390786687
0.1228949691
0.1242504283
0.0
0.1043090016
0.1043090016
0.1165383328
0.0
0.0
0.0
0.1402328486
0.0
0.0
0.0884715092
0.0000000000
0.0
0.0
0.0
0.1220076408
0.0996935590
0.0000000000
0.0
0.1024124743
0.0
0.0
0.0884715092
0.0000000000
0.1011859776
0.1385086742
0.1502049622
0.1122794568
0.0910946537
0.0000000000
0.1237952986
0.1265772154
0.0896448714
0.0
0.0
0.0928464739
0.0952003282
0.1215687644
0.0
0.1207004161
0.1362746633
0.0000000000
0.0
0.0000000000
0.1594156439
0.1304869363
0.1033520382
0.0
0.1228949691
0.1242504283
0.1104448252
0.0
0.0894077156
0.1079748131
0.1522347590
0.1066123549
0.0000000000
0.0000000000
0.1137916381
0.0097087379
0.0000000000
0.0
0.0000000000
0.0097087379
0.0000000000
0.0000000000
0.0000000000
0.0097087379
0.0000000000
0.0000000000
0.0000000000
0.0000000000
0.0000000000
0.0971152773
0.0097087379
0.0000000000
0.0000000000
0.0000000000
0.0000000000
0.0000000000
0.0000000000
0.0000000000
0.0000000000
0.0000000000
0.0762892020
0.0000000000
0.0000000000
0.0000000000
0.0000000000
0.0000000000
0.0000000000
0.0000000000
