0.0
0.0
0.0
0.0
0.0
0.0
0.0097035221
0.0
0.0
0.0000000000
0.0
0.0
0.0
0.0
0.0
0.0
0.0
0.0
0.0
0.0
0.0
0.0
0.0
0.0000000000
0.0
0.0
0.0
0.0
0.0
0.0
0.0
0.0
0.0
0.0
0.0
0.0
0.0
0.0
0.0
0.0
0.0
0.0
0.0000000000
0.0
0.0
0.0
0.0
0.0
0.0
0.0
0.0
0.0
0.0000000000
0.0
0.0079575597
0.0
0.0
0.0
0.0060629026
0.0
0.0
0.0000000000
0.0
0.0
0.0
0.0074087625
0.0
0.0053050398
0.0047745358
0.0
0.0000000000
0.0189209462
0.0
0.0
0.0372315393
0.0
0.0
0.0
0.0
0.0
0.0
0.0
0.0
0.0026525199
0.0
0.0278115113
0.0
0.0
0.0
0.0
0.0
0.0
0.0026525199
0.0
0.0000000000
0.0
0.0
0.0
0.0097035221
0.0
0.0
0.0
0.0
0.0
0.0
0.0
0.0
0.0
0.0
0.0
0.0
0.0047745358
0.0
0.0
0.0
0.0
0.0
0.0000000000
0.0
0.0
0.0
0.0290359175
0.0
0.0000000000
0.0
0.0276449753
0.0
0.0
0.0000000000
0.0
0.0
0.0
0.0
0.0
0.0219843375
0.0079575597
0.0
0.0
0.0
0.0334544266
0.0169110288
0.0
0.0
0.0
0.0241712611
0.0
0.0325120484
0.0026525199
0.0039787798
0.0000000000
0.0193167819
0.0
0.0193167819
0.0
0.0
0.0
0.0
0.0
0.0244270417
0.0
0.0
0.0
0.0
0.0
0.0
0.0
0.0000000000
0.0053050398
0.0384725906
0.0
0.0111098297
0.0
0.0
0.0
0.0026525199
0.0
0.0
0.0059681698
0.0
0.0055260831
0.0
0.0000000000
0.0
0.0
0.0
0.0
0.0
0.0
0.0000000000
0.0
0.0000000000
0.0
0.0144637406
0.0
0.0000000000
0.0
0.0
0.0
0.0248210262
0.0
0.0213736615
0.0332137473
0.0
0.0
0.0
0.0
0.0000000000
0.0093414831
0.0
0.0
0.0320604922
0.0
0.0
0.0026525199
0.0000000000
0.0
0.0
0.0026525199
0.0053050398
0.0000000000
0.0
0.0
0.0
0.0
0.0
0.0000000000
0.0
0.0
0.0035366932
0.0
0.0
0.0
0.0245569727
0.0
0.0177565803
0.0
0.0026525199
0.0035366932
0.0
0.0
0.0058068679
0.0125668565
0.0
0.0
0.0
0.0253665433
0.0
0.0090185676
0.0
0.0000000000
0.0
0.0000000000
0.0035366932
0.0
0.0
0.0000000000
0.0187671174
0.0
0.0
0.0000000000
0.0
0.0000000000
0.0
0.0
0.0
0.0
0.0000000000
0.0134487412
0.0000000000
0.0039787798
0.0
0.0053050398
0.0026525199
0.0035366932
0.0
0.0
0.0
0.0
0.0000000000
0.0
0.0
0.0
0.0093414831
0.0026525199
0.0334544266
0.0
0.0246882935
0.0
0.0
0.0026525199
0.0
0.0000000000
0.0026525199
0.0283233796
0.0035366932
0.0
0.0
0.0000000000
0.0
0.0
0.0240453691
0.0
0.0
0.0
0.0
0.0000000000
0.0
0.0035366932
0.0047745358
0.0
0.0
0.0
0.0
0.0
0.0217769381
0.0
0.0111098297
0.0105010719
0.0
0.0000000000
0.0000000000
0.0000000000
0.0
0.0292196891
0.0
0.0198996158
0.0000000000
0.0
0.0187671174
0.0
0.0227424181
0.0
0.0082891247
0.0053050398
0.0
0.0069307778
0.0
0.0
0.0075898837
0.0053050398
0.0
0.0000000000
0.0257916809
0.0
0.0
0.0
0.0
0.0
0.0218801463
0.0121679087
0.0
0.0
0.0035366932
0.0
0.0026525199
0.0000000000
0.0
0.0
0.0
0.0
0.0035366932
0.0
0.0026525199
0.0
0.0075898837
0.0
0.0
0.0
0.0000000000
0.0
0.0
0.0000000000
0.0000000000
0.0000000000
0.0
0.0069307778
0.0000000000
0.0080692447
0.0110521662
0.0
0.0000000000
0.0
0.0191564767
0.0026525199
0.0
0.0198996158
0.0026525199
0.0035366932
0.0053050398
0.0060629026
0.0035366932
0.0035366932
0.0000000000
0.0223029511
0.0
0.0
0.0
0.0000000000
0.0042440318
0.0
0.0
0.0236754404
0.0
0.0284982153
0.0000000000
0.0
0.0
0.0000000000
0.0
0.0000000000
0.0
0.0047745358
0.0066312997
0.0000000000
0.0000000000
0.0000000000
0.0035366932
0.0026525199
0.0047745358
0.0
0.0000000000
0.0
0.0187671174
0.0000000000
0.0
0.0
0.0
0.0053050398
0.0
0.0074087625
0.0000000000
0.0
0.0000000000
0.0
0.0000000000
0.0000000000
0.0195623342
0.0000000000
0.0066312997
0.0
0.0000000000
0.0000000000
0.0
0.0059681698
0.0
0.0000000000
0.0111098297
0.0035366932
0.0000000000
0.0
0.0000000000
0.0
0.0
0.0000000000
0.0000000000
0.0
0.0217769381
0.0055260831
0.0
0.0000000000
0.0026525199
0.0000000000
0.0000000000
0.0000000000
0.0
0.0000000000
0.0026525199
0.0000000000
0.0
0.0
0.0
0.0059681698
0.0000000000
0.0278115113
0.0000000000
0.0172910520
0.0000000000
0.0
0.0000000000
0.0198996158
0.0
0.0139377864
0.0
0.0026525199
0.0309846367
0.0
0.0212751653
0.0
0.0026525199
0.0066312997
0.0026525199
0.0
0.0
0.0
0.0000000000
0.0000000000
0.0000000000
0.0199857614
0.0039787798
0.0
0.0000000000
0.0000000000
0.0026525199
0.0000000000
0.0102311482
0.0193167819
0.0219843375
0.0000000000
0.0
0.0
0.0155969962
0.0
0.0026525199
0.0000000000
0.0000000000
0.0000000000
0.0269983092
0.0155969962
0.0000000000
0.0000000000
0.0000000000
0.0
0.0000000000
0.0189209462
0.0
0.0000000000
0.0000000000
0.0026525199
0.0053050398
0.0000000000
0.0000000000
0.0082891247
0.0000000000
0.0000000000
0.0
0.0047366427
0.0026525199
0.0000000000
0.0070328280
0.0
0.0000000000
0.0000000000
0.0026525199
0.0
0.0
0.0000000000
0.0042440318
0.0000000000
0.0000000000
0.0082891247
0.0039787798
0.0053050398
0.0000000000
0.0
0.0026525199
0.0000000000
0.0000000000
0.0000000000
0.0102311482
0.0070733864
0.0000000000
0.0000000000
0.0000000000
0.0274804219
0.0047745358
0.0000000000
0.0000000000
0.0026525199
0.0000000000
0.0
0.0
0.0000000000
0.0000000000
0.0000000000
0.0059681698
0.0035366932
0.0026525199
0.0000000000
0.0
0.0000000000
0.0000000000
0.0
0.0047155909
0.0000000000
0.0000000000
0.0035366932
0.0279800659
0.0000000000
0.0066312997
0.0026525199
0.0053050398
0.0000000000
0.0084880637
0.0172910520
0.0000000000
0.0000000000
0.0070733864
0.0000000000
0.0000000000
0.0
0.0000000000
0.0000000000
0.0214730738
0.0
0.0000000000
0.0000000000
0.0000000000
0.0000000000
0.0000000000
0.0000000000
0.0000000000
0.0
0.0035366932
0.0000000000
0.0107968768
0.0000000000
0.0000000000
0.0082427769
0.0000000000
0.0055260831
0.0000000000
0.0193167819
0.0000000000
0.0000000000
0.0000000000
0.0000000000
0.0218801463
0.0000000000
0.0000000000
0.0000000000
0.0026525199
0.0
0.0000000000
0.0026525199
0.0026525199
0.0058068679
0.0000000000
0.0000000000
0.0000000000
0.0000000000
0.0000000000
0.0035366932
0.0000000000
0.0026525199
0.0000000000
0.0000000000
0.0000000000
0.0000000000
0.0000000000
0.0000000000
0.0000000000
0.0
0.0000000000
0.0035366932
0.0000000000
0.0000000000
0.0000000000
0.0000000000
0.0000000000
0.0000000000
0.0000000000
0.0000000000
0.0000000000
0.0000000000
0.0000000000
0.0000000000
0.0000000000
0.0000000000
0.0000000000
0.0000000000
0.0000000000
0.0
0.0000000000
0.0000000000
0.0214730738
0.0000000000
0.0000000000
0.0000000000
0.0000000000
0.0000000000
0.0000000000
0.0000000000
0.0000000000
0.0000000000
0.0000000000
0.0000000000
