0.0
0.0
0.0
0.0
0.1240507330
0.0
0.1446292425
0.0
0.0
0.1121400648
0.0
0.1129586055
0.0
0.1319857480
0.0
0.1248849680
0.0
0.1305017199
0.0
0.0
0.1502459121
0.0986213210
0.0
0.0
0.0
0.1228200710
0.1189647325
0.1227388945
0.1312395388
0.1279834234
0.0
0.0
0.1427393908
0.1261575729
0.1353527313
0.1295910310
0.1337924693
0.1218529838
0.1320796212
0.0
0.0
0.1459936693
0.1389999606
0.1338889311
0.0
0.1359472528
0.1388959965
0.1230642461
0.1216932814
0.1183581564
0.1113333018
0.1088534275
0.1369498137
0.1395221242
0.1352541496
0.0
0.1235555205
0.0
0.1031115754
0.1407914688
0.0
0.0021929825
0.1276315789
0.1381725799
0.0
0.1420841219
0.0
0.0922981846
0.1198863443
0.1354514569
0.1371521029
0.1440682291
0.1118024969
0.1398373098
0.1231458537
0.1248010399
0.1158477526
0.0871440391
0.0914797770
0.1225768629
0.1229013550
0.1324564532
0.1357484995
0.0
0.1322677688
0.1307774277
0.1278072590
0.0
0.1183581564
0.0999483032
0.1305934932
0.0
0.1293202976
0.1165749827
0.0021929825
0.0
0.0930380498
0.1295006606
0.1237201515
0.1287822104
0.1325509974
0.1306853958
0.1152009599
0.1067264065
0.1308695894
0.1350574163
0.0
0.1160649671
0.1394173779
0.0
0.1237201515
0.1358478035
0.1142793522
0.1180571821
0.1149158090
0.1149158090
0.1339855320
0.0
0.1266739068
0.1387921879
0.1201967297
0.1253909165
0.0974312421
0.1222540799
0.0021929825
0.1397320898
0.0
0.1098839925
0.0000000000
0.1293202976
0.0
0.0
0.1144907197
0.1119372799
0.1334080082
0.0899728427
0.1111999685
0.1241336547
0.1300447811
0.1316115857
0.1208223470
0.1120047933
0.1234733693
0.0
0.1025422128
0.1411124220
0.1176085797
0.0000000000
0.1399426883
0.1120047933
0.1205087264
0.1362464764
0.1261575729
0.1201967297
0.1277193586
0.1168684376
0.0000000000
0.0826820781
0.1176085797
0.1115339023
0.1400482258
0.0000000000
0.1123435858
0.1014221449
0.1212958507
0.1043867045
0.1208223470
0.1006525460
0.1104066274
0.1307774277
0.0
0.0
0.0767054719
0.0
0.1039193886
0.1102755032
0.0
0.1303185596
0.1142793522
0.0
0.0971763199
0.0994664956
0.1118024969
0.1307774277
0.1045041910
0.1165749827
0.1271944845
0.0
0.0969733407
0.1158477526
0.1179821775
0.1328354416
0.1200413364
0.1059349386
0.1344706353
0.1072193692
0.1118698478
0.1470340043
0.1128213532
0.0
0.0
0.1152724689
0.1287822104
0.0
0.1165018490
0.0838771217
0.0
0.1196546053
0.0
0.1055735915
0.1068492217
0.1307774277
0.0
0.1048582424
0.0954285444
0.1245499312
0.1078420136
0.1117352271
0.0
0.1320796212
0.0000000000
0.1330257503
0.1308695894
0.0000000000
0.0
0.1253909165
0.0021929825
0.0000000000
0.1189647325
0.1354514569
0.1047990674
0.1253909165
0.0
0.1466855824
0.1272816637
0.1064206002
0.1337924693
0.0
0.1295910310
0.0
0.1251374308
0.0000000000
0.0946985963
0.0000000000
0.1230642461
0.0900601103
0.1242166872
0.0021929825
0.1288715804
0.1232275696
0.0897554120
0.0000000000
0.1141388736
0.1251374308
0.0843725340
0.0830518548
0.1247172246
0.1115339023
0.1421929153
0.0000000000
0.0
0.0000000000
0.1013114825
0.1002721098
0.1220933250
0.1144907197
0.1150582078
0.1148447417
0.0856963301
0.0000000000
0.0813064568
0.1394173779
0.1058745424
0.1120047933
0.0
0.0
0.0000000000
0.0000000000
0.0000000000
0.1122756635
0.0988312652
0.1156313495
0.1049174844
0.0755815822
0.1251374308
0.1110005663
0.1205087264
0.0952816559
0.0043859649
0.1319857480
0.0
0.0940749480
0.1085987996
0.0922981846
0.1165018490
0.1138589499
0.1197317520
0.0000000000
0.1020912300
0.1254756401
0.0000000000
0.0954285444
0.0993600574
0.1084086091
0.0000000000
0.1072813099
0.0960206553
0.0029239766
0.1089811898
0.0000000000
0.1065427122
0.1179072682
0.0981003420
0.0
0.0021929825
0.1140687637
0.0963194748
0.1056336447
0.1093019113
0.1239679221
0.1107358064
0.1144907197
0.0931313678
0.0
0.0000000000
0.0021929825
0.0742222012
0.0665128751
0.1120723883
0.1093662823
0.0000000000
0.1124796774
0.1280716878
0.0000000000
0.0000000000
0.1067264065
0.1197317520
0.0000000000
0.1144907197
0.0995731621
0.1154875295
0.1043280603
0.0021929825
0.0000000000
0.1065427122
0.1023726281
0.0000000000
0.0952816559
0.0987261815
0.1253909165
0.0000000000
0.0000000000
0.1014221449
0.0000000000
0.1229013550
0.1019791034
0.0767054719
0.0000000000
0.0824984218
0.1091733965
0.0000000000
0.0
0.1073433222
0.1189647325
0.0855384373
0.0000000000
0.0954285444
0.1104723066
0.0000000000
0.1309618811
0.0000000000
0.0000000000
0.0000000000
0.0000000000
0.0000000000
0.0915699938
0.1156313495
0.0000000000
0.0995731621
0.0843725340
0.0000000000
0.0000000000
0.0788886777
0.0000000000
0.0998945387
0.0021929825
0.1217730802
0.0000000000
0.0000000000
0.0000000000
0.0000000000
0.0000000000
0.0927129043
0.0000000000
0.0000000000
0.0000000000
0.0000000000
0.1148447417
0.0000000000
0.0029239766
0.1265013265
0.0866965207
0.0937898724
0.1176085797
0.0000000000
0.0000000000
0.0987261815
0.0000000000
0.0949406684
0.0000000000
0.0855384373
0.0000000000
0.0000000000
0.0000000000
0.0021929825
0.0000000000
0.0000000000
0.1129586055
0.0931313678
0.0000000000
0.0000000000
0.0000000000
0.0788886777
0.0021929825
0.1038612681
0.0000000000
0.0000000000
0.0000000000
0.0000000000
0.0021929825
0.0
0.0
0.0000000000
0.0000000000
0.0000000000
0.0000000000
0.0000000000
0.0000000000
0.0000000000
0.1008712370
0.0000000000
0.0021929825
0.0000000000
0.0000000000
0.0021929825
0.0000000000
0.0000000000
0.0021929825
0.0000000000
0.0000000000
0.0000000000
0.0788886777
0.0000000000
0.0000000000
0.0000000000
0.1170895002
0.0000000000
0.1123435858
0.0908532032
0.0000000000
0.0000000000
0.0000000000
0.0874724199
0.0000000000
0.0000000000
0.0000000000
0.0000000000
0.0000000000
0.0000000000
0.0000000000
0.0000000000
0.0000000000
0.0000000000
0.0000000000
0.0000000000
0.0000000000
0.0000000000
0.0000000000
0.0000000000
0.0000000000
0.0021929825
0.0000000000
0.0995731621
0.0000000000
0.0000000000
0.0000000000
0.0000000000
0.0000000000
0.0000000000
0.0000000000
0.0000000000
0.0000000000
0.0000000000
0.0000000000
0.0000000000
0.0000000000
0.0000000000
0.0000000000
0.0000000000
0.0000000000
0.0000000000
0.0000000000
0.0000000000
0.0000000000
0.0000000000
0.0000000000
0.0000000000
0.0000000000
0.0000000000
0.0000000000
0.0000000000
0.0000000000
0.0000000000
0.0000000000
0.0000000000
0.0000000000
0.0000000000
0.0000000000
0.0000000000
0.0000000000
