0.0
0.0
0.0
0.0
0.0
0.0
0.0
0.0
0.0
0.0
0.0
0.0
0.0
0.0
0.0
0.0
0.0
0.0
0.0
0.0
0.0
0.0
0.0
0.0
0.0
0.0
0.0
0.0
0.0
0.0
0.0
0.0
0.0
0.0
0.0
0.0
0.0
0.0
0.0
0.0
0.0
0.0
0.0914285714
0.0222222222
0.0
0.0
0.0
0.0
0.0
0.0744186047
0.0
0.0
0.0
0.0
0.0
0.0222222222
0.0
0.0
0.0
0.0
0.0793650794
0.0
0.0000000000
0.0842105263
0.0966183575
0.0
0.0
0.0941176471
0.0000000000
0.0
0.0000000000
0.0569800570
0.0711111111
0.0603773585
0.0603773585
0.1010101010
0.0
0.0569800570
0.0
0.0761904762
0.0
0.0
0.0864864865
0.0000000000
0.0
0.0740740741
0.0640000000
0.0740740741
0.0
0.0000000000
0.0
0.0600600601
0.0600600601
0.0
0.0000000000
0.0000000000
0.0966183575
0.0000000000
0.0
0.0457142857
0.0694444444
0.0603773585
0.0000000000
0.0000000000
0.0000000000
0.0542372881
0.0000000000
0.0000000000
0.0000000000
0.0000000000
0.0000000000
0.0000000000
0.0000000000
0.0000000000
0.0000000000
