0.0
0.0
0.0
0.0
0.0
0.0
0.0
0.0
0.0
0.0
0.0
0.0
0.0
0.0
0.0
0.1054048684
0.0
0.0
0.0
0.0
0.0
0.0
0.0
0.0
0.0
0.0
0.0
0.0
0.0
0.0000000000
0.0
0.1048330517
0.0
0.0
0.0
0.0
0.1022445813
0.0886432379
0.1029710082
0.0
0.1050229667
0.0
0.0
0.0894640086
0.0802945673
0.0
0.0
0.0
0.0
0.0723753778
0.0
0.0
0.0936553758
0.0
0.1108464199
0.0
0.0
0.0
0.0
0.0
0.0
0.0
0.0
0.0
0.0
0.0
0.0
0.0
0.0
0.0
0.0935043187
0.0951932309
0.0980925171
0.0
0.0905823087
0.0
0.0791976470
0.0
0.0688511610
0.0
0.1112719340
0.1054048684
0.0
0.0951932309
0.1087667497
0.0000000000
0.0
0.1065674221
0.1073568104
0.0157505625
0.0
0.0
0.0
0.0
0.0
0.0
0.0000000000
0.0802945673
0.0
0.0
0.0
0.0761796026
0.0000000000
0.0098360656
0.0
0.0
0.0
0.0
0.0
0.1180706265
0.0000000000
0.0000000000
0.1033381062
0.0885079047
0.0775035797
0.1073568104
0.1097967379
0.0000000000
0.0
0.0
0.0
0.0
0.0787672250
0.0914395546
0.0
0.0798521730
0.0
0.0
0.0
0.0
0.0
0.0927562842
0.0521337029
0.0
0.0477534412
0.0817668231
0.0977616823
0.0
0.0
0.0682031501
0.0926081112
0.0
0.0614117347
0.0
0.0081967213
0.0
0.0081967213
0.0
0.1093824106
0.0708712440
0.0000000000
0.0000000000
0.0122950820
0.0841403158
0.0
0.0761796026
0.0695116038
0.0
0.0802945673
0.0116417201
0.0800727591
0.0
0.0935043187
0.0885079047
0.0912955553
0.0000000000
0.0581471190
0.0583813470
0.0
0.0900196857
0.0
0.1071583689
0.0761796026
0.0
0.0688511610
0.0717483634
0.0
0.0
0.0634274372
0.0000000000
0.0614117347
0.0
0.0695116038
0.0000000000
0.0000000000
0.0732903636
0.0797423351
0.0178506375
0.0901596852
0.0805176078
0.0
0.0647739414
0.0850039261
0.0
0.0054644809
0.0894640086
0.0956644845
0.0870460625
0.0
0.0000000000
0.0163934426
0.0809674268
0.0
0.0638465612
0.0744193551
0.0
0.0
0.0879706792
0.0000000000
0.0
0.0000000000
0.0816516586
0.0
0.0
0.0984255986
0.0
0.0719263990
0.0
0.0958226076
0.0
0.0
0.0000000000
0.0000000000
0.0054644809
0.0000000000
0.0836546574
0.0
0.0000000000
0.1038936874
0.0000000000
0.0572852545
0.0856317247
0.0619366214
0.0529430846
0.0573986907
0.0638465612
0.0889151497
0.0826999680
0.0054644809
0.0178506375
0.0122950820
0.0
0.0000000000
0.0889151497
0.0705263718
0.0783414562
0.0054644809
0.0000000000
0.0
0.0619366214
0.0000000000
0.0
0.0879706792
0.0098360656
0.0000000000
0.0000000000
0.0
0.0000000000
0.0000000000
0.0000000000
0.0054644809
0.0054644809
0.0
0.0000000000
0.0815368180
0.0000000000
0.0157505625
0.0819981296
0.0695116038
0.0116417201
0.0000000000
0.0
0.0000000000
0.0127504554
0.0098360656
0.0802945673
0.0781302933
0.0000000000
0.0700153111
0.0529430846
0.0688511610
0.0000000000
0.0000000000
0.0099170208
0.0000000000
0.0701848397
0.0000000000
0.0000000000
0.0000000000
0.0000000000
0.0000000000
0.0000000000
0.0719263990
0.0000000000
0.0000000000
0.0
0.0000000000
0.0000000000
0.0000000000
0.0000000000
0.0000000000
0.0000000000
0.0000000000
0.0000000000
0.0000000000
0.0000000000
0.0000000000
0.0000000000
0.0000000000
