0.0
0.0
0.0
0.0
0.0
0.0
0.0
0.0
0.0
0.0
0.0
0.0
0.0
0.0
0.0
0.0
0.0
0.0
0.0
0.0
0.0
0.0
0.0
0.0
0.0
0.0
0.0
0.0
0.0
0.0795554918
0.0
0.1101260922
0.0
0.0
0.0
0.0
0.0
0.0876885947
0.0
0.0
0.1134073166
0.0
0.0
0.0
0.0863825943
0.0
0.0
0.0
0.0
0.1137249841
0.0
0.0
0.1067479912
0.0
0.1099273087
0.0
0.0
0.0
0.0
0.0
0.0
0.0
0.0
0.0
0.0
0.0
0.0
0.0
0.0
0.0
0.1171148635
0.0989435077
0.0982253694
0.0
0.0908273363
0.0
0.1034829720
0.0
0.0817995017
0.0
0.0
0.0953047402
0.0
0.0
0.0953047402
0.1154497232
0.0
0.0924825042
0.0
0.1004946023
0.0
0.0
0.0
0.0
0.0
0.0
0.0000000000
0.0806618927
0.0
0.0
0.0
0.0927642483
0.0757930666
0.0803426504
0.0
0.0
0.0
0.0
0.0
0.1128817961
0.0955289867
0.0
0.0968969435
0.1013306639
0.1057286962
0.1017539332
0.0
0.0
0.0
0.0
0.0
0.0
0.0928349527
0.0996722242
0.0
0.0891650498
0.0
0.0
0.0
0.0
0.0
0.0
0.0
0.0
0.0
0.0900883565
0.0954541207
0.0
0.0
0.1234037062
0.0
0.0
0.0908273363
0.0
0.1041911531
0.0
0.0036133695
0.0
0.1085556667
0.0966662365
0.0081300813
0.0
0.0
0.0
0.0
0.1156690009
0.1044592264
0.0
0.0956039702
0.1115379652
0.0
0.0
0.1127772759
0.0
0.0906920759
0.0027100271
0.0000000000
0.0
0.0
0.0909630007
0.0
0.0896903225
0.0
0.0
0.0884527654
0.0963603307
0.0
0.0
0.0830262154
0.0000000000
0.0766999106
0.0
0.0848185641
0.0000000000
0.0739523121
0.0
0.0
0.1036591132
0.0970513610
0.1124648735
0.0
0.1140444363
0.1137249841
0.0
0.0
0.0926231620
0.0850554874
0.0844656435
0.0
0.0
0.1298501684
0.0999995550
0.0
0.1034829720
0.0878783968
0.0
0.0
0.0
0.0000000000
0.0
0.0895584250
0.0
0.0
0.0
0.0048780488
0.0
0.0
0.0
0.0000000000
0.0
0.0
0.0831395618
0.0027100271
0.0000000000
0.0
0.1077871310
0.0
0.0708136384
0.0
0.0951558266
0.0
0.0924123354
0.0
0.0965130412
0.0779766056
0.0842902823
0.1010783884
0.0000000000
0.0
0.1151223611
0.1097292414
0.0
0.0
0.0048780488
0.1232788036
0.0798161586
0.0
0.0831395618
0.0
0.0851744462
0.0
0.0
0.0
0.0
0.0
0.1069354328
0.0
0.1249225210
0.0855934350
0.0956790715
0.0027100271
0.0054200542
0.0
0.1075966943
0.0040650407
0.0955289867
0.0
0.0000000000
0.0
0.0
0.0086720867
0.0
0.0721133558
0.1072178327
0.1172275823
0.0931900979
0.1103255960
0.0781266568
0.0810915166
0.0752312897
0.0735060097
0.0923422729
0.1103255960
0.1111308923
0.0842319903
0.0
0.0
0.1276723878
0.0000000000
0.0
0.0
0.0
0.0887751152
0.0874367968
0.0
0.0
0.0000000000
0.0036133695
0.0834814654
0.0
0.0
0.0904899391
0.0903556810
0.0785802955
0.0
0.0
0.0
0.0
0.0
0.0
0.0720280650
0.0976739840
0.0
0.1003290428
0.1145808636
0.0893613045
0.1060047502
0.0
0.0000000000
0.0
0.1138312692
0.1045488910
0.0027100271
0.0000000000
0.1139377530
0.0913039415
0.1055454575
0.0876255093
0.1082661849
0.1095318867
0.0920630824
0.0
0.0027100271
0.1020095963
0.1042803579
0.0803426504
0.0926231620
0.0835387229
0.0975957195
0.0910990711
0.0
0.1064680577
0.0828004473
0.0986230429
0.1019242326
0.0
0.0875625147
0.0027100271
0.0
0.0048178260
0.0999175209
0.0
0.0
0.0000000000
0.0
0.0855333272
0.0
0.0
0.0933329180
0.0000000000
0.0937640169
0.0816897773
0.0
0.0799209042
0.0
0.0000000000
0.0
0.0759348242
0.0000000000
0.0
0.0027100271
0.0000000000
0.0821304504
0.0
0.0060975610
0.0965130412
0.0731089184
0.0054200542
0.0000000000
0.0027100271
0.0755579764
0.0648904944
0.0000000000
0.0835387229
0.0906920759
0.0000000000
0.1018390117
0.0940536355
0.0027100271
0.0844656435
0.0808761341
0.0000000000
0.0936918908
0.0
0.0822969311
0.0036133695
0.0641049779
0.1033951256
0.0972062713
0.0000000000
0.0883885762
0.0072267389
0.0
0.0945647966
0.0027100271
0.0
0.0
0.0956039702
0.0645466126
0.0000000000
0.0
0.0969740908
0.0
0.0000000000
0.0000000000
0.0000000000
0.0834242863
0.0705266115
0.0751384688
0.0036133695
0.0807153466
0.0686968178
0.0000000000
0.1019242326
0.0027100271
0.0924123354
0.0000000000
0.0994281290
0.0825759037
0.0947855704
0.0705266115
0.0923422729
0.0774805712
0.0027100271
0.0000000000
0.0781266568
0.0772349131
0.0741775018
0.0802367971
0.0937640169
0.0000000000
0.0000000000
0.0027100271
0.0944181845
0.0000000000
0.0
0.1060047502
0.0724134709
0.0851149252
0.0808761341
0.0000000000
0.0
0.0027100271
0.0027100271
0.0868135837
0.0739523121
0.0996722242
0.0000000000
0.0
0.0000000000
0.0000000000
0.0000000000
0.0054200542
0.0000000000
0.0866283485
0.0000000000
0.0000000000
0.0878783968
0.0683115300
0.0000000000
0.0054200542
0.0726727076
0.0000000000
0.0831963511
0.0060975610
0.0825199580
0.0910309850
0.0936198755
0.0839417354
0.0000000000
0.0
0.0819095212
0.0813623634
0.0844656435
0.0000000000
0.0000000000
0.0000000000
0.0000000000
0.0000000000
0.0000000000
0.0884527654
0.0802367971
0.0975957195
0.0842319903
0.0866283485
0.0048780488
0.0719005065
0.0000000000
0.0027100271
0.0000000000
0.0000000000
0.0668126484
0.0000000000
0.0000000000
0.0000000000
0.0000000000
0.0000000000
0.0000000000
0.0000000000
0.0000000000
0.0000000000
0.0000000000
0.0000000000
0.0000000000
0.0000000000
0.0000000000
0.0000000000
0.0665570809
0.0000000000
0.0000000000
0.0027100271
0.0000000000
0.0027100271
0.0000000000
0.0000000000
0.0766516413
0.0806618927
0.0000000000
0.0000000000
0.0000000000
0.0000000000
0.0027100271
0.0027100271
0.0000000000
0.0906920759
0.0000000000
0.0000000000
0.0000000000
0.0000000000
0.0000000000
0.0000000000
0.0000000000
0.0000000000
0.0000000000
0.0000000000
0.0000000000
0.0040650407
0.0000000000
0.0000000000
0.0760771131
0.0000000000
0.0000000000
0.0000000000
0.0000000000
0.0000000000
0.0000000000
0.0000000000
0.0000000000
0.0000000000
0.0000000000
0.0000000000
0.0000000000
0.0000000000
0.0027100271
0.0000000000
0.0000000000
0.0000000000
0.0728901604
0.0000000000
0.0000000000
0.0000000000
0.0027100271
0.0000000000
0.0000000000
0.0000000000
0.0000000000
0.0000000000
0.0000000000
