0.0
0.0
0.0
0.0
0.0
0.0
0.0772946860
0.0
0.0
0.0
0.0
0.0
0.0892531876
0.0
0.0
0.0633074935
0.0
0.0922787194
0.0
0.0
0.0
0.0
0.0
0.0
0.0888888889
0.0
0.0
0.1111111111
0.1367521368
0.0000000000
0.0
0.0634920635
0.1088888889
0.0
0.0
0.0
0.0640522876
0.0735735736
0.1067538126
0.0
0.0000000000
0.1008230453
0.0772946860
0.0846560847
0.0725925926
0.0277777778
0.0
0.0
0.0
0.0549943883
0.0
0.0000000000
0.0277777778
0.0
0.0277777778
0.0
0.1111111111
0.1067538126
0.0756172840
0.0000000000
0.1008230453
0.0888888889
0.0
0.0000000000
0.0000000000
0.0
0.0277777778
0.0000000000
0.0000000000
0.0812603648
0.0824915825
0.0000000000
