0.0053763441
0.0
0.0
0.0
0.0
0.0
0.0000000000
0.0
0.0
0.0000000000
0.0
0.0
0.0
0.0
0.0
0.0
0.0
0.0161290323
0.0
0.0
0.0
0.0
0.0
0.0000000000
0.0
0.0
0.0053763441
0.0
0.0
0.0
0.0
0.0
0.0
0.0
0.0
0.0
0.0
0.0
0.0
0.0
0.0
0.0
0.0146356033
0.0000000000
0.0
0.0
0.0
0.0
0.0
0.0
0.0
0.0
0.0000000000
0.0000000000
0.0000000000
0.0
0.0080645161
0.0
0.0000000000
0.0
0.0
0.0000000000
0.0
0.0
0.0053763441
0.0107526882
0.0
0.0000000000
0.0071684588
0.0
0.0120967742
0.0215053763
0.0188172043
0.0
0.0080645161
0.0188172043
0.0
0.0
0.0
0.0
0.0109767025
0.0
0.0
0.0080645161
0.0
0.0206782465
0.0
0.0
0.0000000000
0.0164650538
0.0
0.0
0.0120967742
0.0071684588
0.0000000000
0.0000000000
0.0
0.0
0.0153609831
0.0
0.0107526882
0.0000000000
0.0
0.0
0.0
0.0
0.0
0.0
0.0
0.0
0.0
0.0107526882
0.0
0.0
0.0
0.0
0.0
0.0107526882
0.0113851992
0.0053763441
0.0
0.0071684588
0.0
0.0071684588
0.0
0.0188172043
0.0
0.0053763441
0.0053763441
0.0
0.0193548387
0.0071684588
0.0
0.0
0.0199123855
0.0000000000
0.0
0.0071684588
0.0000000000
0.0000000000
0.0071684588
0.0
0.0
0.0053763441
0.0000000000
0.0158127767
0.0107526882
0.0000000000
0.0188172043
0.0053763441
0.0000000000
0.0
0.0000000000
0.0053763441
0.0000000000
0.0
0.0
0.0
0.0107526882
0.0
0.0
0.0000000000
0.0
0.0
0.0
0.0
0.0146356033
0.0000000000
0.0071684588
0.0
0.0000000000
0.0
0.0101323408
0.0000000000
0.0000000000
0.0
0.0101323408
0.0000000000
0.0
0.0000000000
0.0
0.0053763441
0.0
0.0071684588
0.0053763441
0.0
0.0215053763
0.0000000000
0.0000000000
0.0000000000
0.0164650538
0.0000000000
0.0053763441
0.0107526882
0.0199123855
0.0
0.0
0.0
0.0131720430
0.0131720430
0.0071684588
0.0053763441
0.0
0.0129032258
0.0071684588
0.0131720430
0.0071684588
0.0158127767
0.0107526882
0.0107526882
0.0120967742
0.0053763441
0.0
0.0129032258
0.0071684588
0.0
0.0000000000
0.0120967742
0.0053763441
0.0000000000
0.0
0.0
0.0
0.0
0.0000000000
0.0138248848
0.0298685783
0.0071684588
0.0071684588
0.0
0.0215053763
0.0053763441
0.0053763441
0.0000000000
0.0000000000
0.0000000000
0.0000000000
0.0000000000
0.0
0.0000000000
0.0053763441
0.0000000000
0.0053763441
0.0
0.0
0.0071684588
0.0000000000
0.0000000000
0.0109767025
0.0000000000
0.0000000000
0.0000000000
0.0282965478
0.0053763441
0.0131720430
0.0053763441
0.0000000000
0.0
0.0000000000
0.0298685783
0.0000000000
0.0000000000
0.0
0.0000000000
0.0
0.0
0.0000000000
0.0000000000
0.0000000000
0.0000000000
0.0000000000
0.0000000000
0.0000000000
0.0000000000
0.0000000000
0.0053763441
0.0000000000
0.0053763441
0.0000000000
0.0000000000
0.0080645161
0.0000000000
0.0053763441
0.0000000000
0.0000000000
0.0
0.0000000000
0.0000000000
0.0000000000
0.0000000000
0.0000000000
0.0000000000
0.0000000000
0.0000000000
0.0000000000
0.0000000000
0.0071684588
0.0000000000
0.0071684588
0.0000000000
0.0000000000
0.0000000000
0.0000000000
0.0000000000
0.0000000000
0.0000000000
0.0000000000
0.0000000000
0.0000000000
0.0000000000
0.0000000000
0.0000000000
0.0000000000
0.0000000000
