0.0
0.0
0.0
0.0
0.0
0.0
0.0
0.0
0.0
0.0
0.0
0.0
0.0
0.0
0.0
0.0
0.0
0.0
0.0
0.0
0.0
0.0
0.0
0.0
0.0
0.0
0.0
0.0
0.0
0.0871700836
0.0
0.0
0.0
0.0
0.0
0.0
0.0
0.0763374763
0.0
0.0
0.0977846721
0.0
0.0
0.0
0.0
0.0
0.0
0.0
0.0
0.0893927039
0.0
0.0
0.0984544301
0.0
0.0869065707
0.0
0.0
0.0
0.0
0.0
0.0
0.0
0.0
0.0
0.0
0.0
0.0
0.0
0.0
0.0
0.1031158307
0.1008018709
0.0
0.0
0.0000000000
0.0
0.0996143229
0.0
0.0850553065
0.0
0.0
0.0
0.0
0.0
0.0794162806
0.0892816571
0.0
0.0915563490
0.0
0.1022357524
0.0
0.0
0.0
0.0
0.0
0.0
0.0000000000
0.0596941312
0.0
0.0
0.0
0.0788067258
0.0781639304
0.0
0.0
0.0
0.0
0.0
0.0
0.0766631829
0.0877554749
0.0
0.0844060293
0.0720879980
0.0
0.1012991317
0.0
0.0
0.0
0.0
0.0
0.0
0.0656662713
0.0
0.0
0.0730032849
0.0
0.0
0.0
0.0
0.0
0.0
0.0
0.0
0.0
0.0843070193
0.0711601326
0.0
0.0
0.1069519851
0.0
0.0
0.0864362405
0.0
0.0908618634
0.0
0.0
0.0
0.0969274902
0.0742476591
0.0725977111
0.0
0.0
0.0
0.0
0.0990651054
0.0958289786
0.0
0.0816260465
0.1022357524
0.0
0.0
0.0975193134
0.0
0.0813488783
0.0871172533
0.0000000000
0.0
0.0
0.0822331052
0.0
0.0
0.0
0.0
0.0865924506
0.0702558494
0.0
0.0
0.0849045883
0.0000000000
0.0755351907
0.0
0.0737902813
0.0000000000
0.0712306580
0.0
0.0
0.1048457097
0.0808455950
0.0964721261
0.0
0.0901212965
0.0884575187
0.0
0.0
0.0831848773
0.0654271588
0.0860224225
0.0
0.0
0.1088141317
0.1008726091
0.0
0.0831848773
0.0839132913
0.0
0.0
0.0
0.0772814344
0.0
0.0000000000
0.0
0.0
0.0
0.0646038058
0.0
0.0
0.0
0.0000000000
0.0
0.0
0.0711601326
0.0551375021
0.0
0.0
0.0977181971
0.0
0.0708444889
0.0
0.0769504646
0.0
0.0926779290
0.0
0.0
0.0770329410
0.0797246078
0.0893371460
0.0023752969
0.0
0.1093938112
0.0930981010
0.0
0.0
0.0646038058
0.0879702986
0.0431402965
0.0
0.0711249223
0.0
0.0776571950
0.0
0.0
0.0
0.0
0.0
0.0940729502
0.0
0.1038608872
0.0921432487
0.0757341770
0.0575434219
0.0492609554
0.0
0.0
0.0593981272
0.0941962437
0.0
0.0000000000
0.0
0.0
0.0537760823
0.0
0.0690079059
0.0891156032
0.1000999080
0.0524802731
0.0808910906
0.0733385040
0.0649247823
0.0764186432
0.0465641296
0.0824690005
0.0909193346
0.0866446461
0.0690079059
0.0
0.0
0.1111705088
0.0000000000
0.0
0.0
0.0
0.0960852058
0.0863842956
0.0
0.0
0.0000000000
0.0606001130
0.0071258907
0.0
0.0
0.0860224225
0.0651897814
0.0721241686
0.0
0.0
0.0
0.0
0.0
0.0
0.0758140654
0.0878090824
0.0
0.0881321079
0.0986571503
0.0707747257
0.1028943937
0.0
0.0000000000
0.0
0.0
0.0844556216
0.0
0.0000000000
0.0855106888
0.0
0.0948175910
0.0659071380
0.0591050444
0.1001696641
0.0890052433
0.0
0.0700163020
0.0961494769
0.0851056649
0.0816260465
0.0787204096
0.0763780382
0.0769092926
0.0882945135
0.0
0.0
0.0
0.0782064570
0.0
0.0
0.0892262371
0.0606768543
0.0
0.0654867735
0.0819518061
0.0
0.0
0.0023752969
0.0
0.0723055674
0.0
0.0
0.0854090719
0.0
0.0663329340
0.0680281438
0.0
0.0694748516
0.0
0.0667023053
0.0
0.0000000000
0.0023752969
0.0
0.0994764484
0.0000000000
0.0717282774
0.0
0.0744013809
0.0816260465
0.0505427102
0.0023752969
0.0000000000
0.0958289786
0.0735636990
0.0465339812
0.0031670625
0.0676121674
0.0000000000
0.0000000000
0.0976518125
0.0766223177
0.0031670625
0.0861255051
0.0677715549
0.0000000000
0.0932793432
0.0
0.0870644869
0.0602950788
0.0617985675
0.0910344952
0.1008726091
0.0000000000
0.0819051099
0.0591050444
0.0
0.0860224225
0.0637443317
0.0
0.0
0.0844556216
0.0661497782
0.0000000000
0.0
0.0729292075
0.0
0.0671071279
0.0000000000
0.0688756435
0.0805736928
0.0780366275
0.0000000000
0.0023752969
0.0805736928
0.0725977111
0.0818584669
0.0803485008
0.0542223568
0.0916147023
0.0634628997
0.0855106888
0.0
0.0840113781
0.0
0.0756942959
0.0465339812
0.0676121674
0.0000000000
0.0
0.0649247823
0.0023752969
0.0481714035
0.0855106888
0.0648661859
0.0000000000
0.0746331609
0.0678035226
0.0000000000
0.0
0.0926182139
0.0023752969
0.0023752969
0.0736390717
0.0000000000
0.0
0.0631561810
0.0
0.0880241690
0.0655464970
0.0752583602
0.0000000000
0.0
0.0000000000
0.0
0.0000000000
0.0672012473
0.0757741001
0.0042755344
0.0000000000
0.0863842956
0.0989287460
0.0
0.0831848773
0.0492609554
0.0745557406
0.0000000000
0.0860739329
0.0660889508
0.0841096945
0.0000000000
0.0679959640
0.0763374763
0.0666713673
0.0
0.0634628997
0.0813949422
0.0860224225
0.0000000000
0.0000000000
0.0524037433
0.0721241686
0.0536957295
0.0831367657
0.0823744802
0.0575895304
0.0042755344
0.0000000000
0.0
0.0646619289
0.0639143921
0.0000000000
0.0662107176
0.0000000000
0.0774897401
0.0653676525
0.0860739329
0.0758941225
0.0031670625
0.0000000000
0.0738661192
0.0000000000
0.0000000000
0.0023752969
0.0023752969
0.0000000000
0.0000000000
0.0000000000
0.0047505938
0.0000000000
0.0000000000
0.0676121674
0.0023752969
0.0000000000
0.0047505938
0.0
0.0625515526
0.0000000000
0.0000000000
0.0000000000
0.0000000000
0.0000000000
0.0000000000
0.0
0.0031670625
0.0761756587
0.0496351754
0.0877019328
0.0000000000
0.0000000000
0.0582428962
0.0669196778
0.0
0.0042755344
0.0000000000
0.0
0.0
0.0791975030
0.0832812676
0.0000000000
0.0660282352
0.0000000000
0.0000000000
0.0767040917
0.0023752969
0.0000000000
0.0000000000
0.0549898500
0.0000000000
0.0000000000
0.0047505938
0.0536957295
0.0000000000
0.0
0.0000000000
0.0
0.0000000000
0.0031670625
0.0606256718
0.0000000000
0.0000000000
0.0
0.0000000000
0.0776152635
0.0000000000
0.0047505938
0.0023752969
0.0000000000
0.0728552803
0.0023752969
0.0000000000
0.0000000000
0.0000000000
0.0000000000
0.0000000000
0.0000000000
0.0000000000
0.0000000000
0.0000000000
0.0
0.0000000000
0.0000000000
0.0743244405
0.0786773224
0.0729292075
0.0000000000
0.0871700836
0.0000000000
0.0000000000
0.0000000000
0.0000000000
0.0023752969
0.0000000000
0.0000000000
0.0031670625
0.0800353385
0.0559095558
0.0031670625
0.0000000000
0.0000000000
0.0000000000
0.0000000000
0.0000000000
0.0775733772
0.0627426748
0.0000000000
0.0000000000
0.0000000000
0.0000000000
0.0000000000
0.0031670625
0.0000000000
0.0000000000
0.0000000000
0.0751010804
0.0000000000
0.0000000000
0.0708444889
0.0
0.0000000000
0.0000000000
0.0000000000
0.0023752969
0.0000000000
0.0000000000
0.0000000000
0.0000000000
0.0000000000
0.0023752969
0.0000000000
0.0000000000
0.0000000000
0.0000000000
0.0000000000
0.0000000000
0.0023752969
0.0000000000
0.0000000000
0.0000000000
0.0000000000
0.0000000000
0.0000000000
0.0000000000
0.0000000000
0.0000000000
0.0000000000
0.0000000000
0.0000000000
0.0000000000
0.0000000000
0.0000000000
0.0000000000
0.0000000000
0.0000000000
0.0000000000
0.0000000000
0.0000000000
0.0000000000
0.0000000000
0.0000000000
