0.0
0.0
0.0
0.0
0.0
0.0
0.0
0.0
0.0
0.0
0.0
0.0
0.0
0.0
0.0
0.1238970633
0.0
0.0
0.0
0.0
0.0
0.0
0.0
0.0
0.0
0.0
0.0
0.0
0.0
0.1209265043
0.0
0.1235177866
0.0
0.0
0.0
0.0
0.0
0.1081746477
0.0
0.0
0.1439327358
0.0
0.0
0.0
0.1075021588
0.0
0.0
0.0
0.0
0.1258289302
0.0
0.0
0.1060888964
0.0
0.1434211266
0.0
0.0
0.0
0.0
0.0
0.0
0.0
0.0
0.0
0.0
0.0
0.0
0.0
0.0
0.0
0.1186739518
0.1340503110
0.1467241586
0.0
0.1012949212
0.0
0.1236439539
0.0
0.1202059889
0.0
0.1467241586
0.1108492956
0.0
0.1236439539
0.1109508990
0.0840607159
0.0
0.1112568298
0.1058106913
0.1246626476
0.0
0.0
0.0
0.0
0.0
0.0
0.0924732092
0.0972268521
0.0
0.0
0.0
0.1260910738
0.0000000000
0.0000000000
0.0
0.0
0.0
0.0
0.0
0.1518788342
0.1146282489
0.1166160220
0.1118737808
0.1048937875
0.0839441268
0.1180950545
0.0918417533
0.0
0.0
0.0
0.0
0.0
0.1274183482
0.1396164139
0.0
0.1015498581
0.0
0.0
0.0
0.0
0.0
0.0
0.0738544422
0.0
0.0
0.0927566520
0.1236439539
0.0
0.0
0.0953129377
0.0
0.0
0.1024957077
0.0
0.1110526888
0.0
0.0980935420
0.0
0.1190240224
0.1282282106
0.0000000000
0.0
0.0859711867
0.0942003353
0.0
0.1139806317
0.1302986338
0.0
0.1030190901
0.1283641896
0.0
0.0
0.1130228112
0.1115644524
0.1132342664
0.0993005995
0.0000000000
0.0
0.0
0.1107478782
0.0
0.1283641896
0.0
0.0
0.0123517787
0.0810766449
0.0
0.0
0.1167284772
0.0070581592
0.0123517787
0.0
0.1093472727
0.0000000000
0.0098814229
0.0
0.0
0.1088556033
0.1113591820
0.1255678743
0.0
0.1381819987
0.1194940087
0.0
0.0799520679
0.1121848293
0.1087577995
0.1126022612
0.0
0.0822892120
0.1282282106
0.1176359872
0.0
0.1111546656
0.1232662228
0.0
0.0
0.1315732944
0.0000000000
0.0
0.0610425773
0.0
0.0
0.0
0.1025825685
0.0
0.1156135920
0.0
0.0000000000
0.0
0.0
0.1024957077
0.0914255520
0.1169540394
0.1050758948
0.1337540672
0.0
0.0000000000
0.0
0.0987336304
0.1202059889
0.1250489988
0.0000000000
0.0750914583
0.0957653725
0.0917721234
0.0983326002
0.0000000000
0.0
0.1032827908
0.0957653725
0.0
0.0
0.1024957077
0.1219007360
0.1183259343
0.0
0.0959932045
0.0
0.0998741178
0.1069323594
0.0
0.1049847622
0.0890054638
0.0
0.0988142292
0.0
0.1193761645
0.0082345191
0.1101432492
0.0000000000
0.0903339036
0.0
0.1231408249
0.1009569898
0.1063685684
0.0
0.0000000000
0.0
0.1134465144
0.1036364990
0.0
0.0830799113
0.1322922741
0.1082714050
0.0000000000
0.1311456455
0.0920512782
0.1007888683
0.0000000000
0.1067437662
0.1046218071
0.1327274461
0.1212900109
0.0610425773
0.0
0.0
0.1094461400
0.0000000000
0.0
0.0
0.0
0.1018060814
0.1085627182
0.0
0.0
0.0926856285
0.0082345191
0.1063685684
0.0000000000
0.1105455989
0.1263543119
0.0926147137
0.0000000000
0.0
0.1148457598
0.0
0.0886794365
0.0
0.1135529370
0.1047123104
0.1013797578
0.0000000000
0.1098434037
0.1056260304
0.1051671858
0.1088556033
0.0
0.0000000000
0.0
0.1219007360
0.1010412611
0.0808060286
0.1016351224
0.1020636010
0.0749055884
0.1286370147
0.1148457598
0.1186739518
0.0993005995
0.1156135920
0.0868969353
0.0000000000
0.0958411962
0.1290484337
0.0000000000
0.1118737808
0.0000000000
0.0000000000
0.0000000000
0.0
0.0884203293
0.0677757172
0.0669140027
0.0000000000
0.1158348620
0.0888095604
0.0000000000
0.0
0.0000000000
0.1065558370
0.0963753430
0.1011256732
0.0000000000
0.0
0.0000000000
0.0
0.0
0.0000000000
0.0000000000
0.0000000000
0.0000000000
0.0816233519
0.1056260304
0.0000000000
0.0000000000
0.0000000000
0.0939080146
0.0000000000
0.0000000000
0.0000000000
0.0912876552
0.1162799528
0.0000000000
0.0000000000
0.0000000000
0.0925439074
0.0000000000
0.0000000000
0.0000000000
0.0000000000
0.0000000000
0.0000000000
0.0000000000
0.0000000000
0.0000000000
0.0000000000
0.1049847622
0.0000000000
0.0000000000
0.1082714050
0.0000000000
0.1189071030
0.0969154770
0.0000000000
0.0926856285
0.0742166958
0.0000000000
0.0000000000
0.0000000000
0.0000000000
0.0000000000
0.0000000000
0.0000000000
0.0000000000
0.0817335792
0.1097438176
0.0000000000
0.0000000000
0.0000000000
0.0963753430
0.0000000000
0.0
0.0000000000
0.0000000000
0.0000000000
0.0000000000
