0.0
0.0
0.0
0.0
0.0
0.0
0.0
0.0
0.0
0.0
0.0
0.0
0.0
0.0
0.0
0.0
0.0
0.0
0.0
0.0
0.0
0.0
0.0
0.0
0.0
0.0
0.0
0.0
0.0
0.0872679453
0.0
0.1120118537
0.0
0.0
0.0
0.0
0.0
0.0859930301
0.0
0.0
0.1094093478
0.0
0.0
0.0
0.0801391819
0.0
0.0
0.0
0.0
0.0884481279
0.0
0.0
0.1023690941
0.0
0.1077076470
0.0
0.0
0.0
0.0
0.0
0.0
0.0
0.0
0.0
0.0
0.0
0.0
0.0
0.0
0.0
0.1166743887
0.1032670686
0.0948625771
0.0
0.0947861982
0.0
0.1013991888
0.0
0.0920441425
0.0
0.0
0.0835517801
0.0
0.0
0.1087021775
0.1103322008
0.0
0.1013119262
0.0
0.1061537044
0.0
0.0
0.0
0.0
0.0
0.0
0.0000000000
0.0904181707
0.0
0.0
0.0
0.0979404810
0.0000000000
0.0030959752
0.0
0.0
0.0
0.0
0.0
0.1070222347
0.0954006955
0.0
0.0910475315
0.1009643724
0.0998511096
0.1030862156
0.0
0.0
0.0
0.0
0.0
0.0
0.1051111234
0.0967333264
0.0
0.0781184195
0.0
0.0
0.0
0.0
0.0
0.0
0.0
0.0
0.0
0.0875926028
0.0835517801
0.0
0.0
0.1147411873
0.0
0.0
0.0799215602
0.0
0.0963375272
0.0
0.0061919505
0.0
0.1071196162
0.1019259378
0.0523219814
0.0
0.0041279670
0.0630216586
0.0
0.0902794925
0.1017497478
0.0
0.1031765628
0.1066344730
0.0
0.0
0.1062495110
0.1037219896
0.1039050823
0.0944061413
0.0777572379
0.0
0.0
0.0968128768
0.0
0.0856177878
0.0
0.0
0.0931364385
0.0610604036
0.0
0.0
0.0872679453
0.0846329678
0.0807437985
0.0
0.1082026270
0.0000000000
0.0983495891
0.0
0.0
0.0962587557
0.0971323913
0.1193960022
0.0
0.1033577333
0.1021027391
0.0
0.0
0.0926964238
0.0834925235
0.0882492190
0.0
0.0
0.1195172165
0.1052050565
0.0
0.0892528114
0.0000000000
0.0
0.0
0.0
0.0000000000
0.0
0.0823247959
0.0
0.0
0.0
0.0572033325
0.0
0.0
0.0
0.0000000000
0.0
0.0
0.0837896500
0.0885146302
0.0000000000
0.0772470198
0.0998511096
0.0
0.0030959752
0.0
0.0898659986
0.0
0.0955555667
0.0
0.0936550980
0.0745091508
0.0678918444
0.0734400862
0.0000000000
0.0
0.0923329084
0.0949390792
0.0
0.0
0.0000000000
0.1211156977
0.0948625771
0.0
0.0837896500
0.0
0.1117991056
0.0864349913
0.0
0.0
0.0921882993
0.0
0.0996820137
0.0
0.1112707544
0.0000000000
0.0974540217
0.0757557646
0.0814702133
0.0
0.0951693276
0.0881171094
0.0671177071
0.0
0.0000000000
0.0
0.0
0.0941042831
0.0
0.0611238101
0.1061537044
0.1145179555
0.0986793447
0.1083021695
0.0069659443
0.0692904404
0.0000000000
0.0822672664
0.0822672664
0.1043656544
0.1111656829
0.0788509432
0.0
0.0
0.1146294627
0.0000000000
0.0
0.0
0.0
0.0884481279
0.0885146302
0.0
0.0
0.0756583922
0.0983495891
0.0061919505
0.0030959752
0.0
0.0883817254
0.0069659443
0.0967333264
0.0
0.0000000000
0.0
0.0
0.0
0.0
0.0572033325
0.0980220301
0.0
0.0902794925
0.0857425042
0.0857425042
0.0889157539
0.0
0.0000000000
0.0
0.1073149118
0.0751272867
0.0772470198
0.0000000000
0.1087021775
0.0857425042
0.1024581882
0.0968925582
0.1130878561
0.1110608096
0.1115871642
0.0000000000
0.0000000000
0.0911885811
0.1007052679
0.0827297668
0.0891851956
0.0872679453
0.0914719955
0.1002763699
0.0
0.1040888225
0.0812453128
0.0906269886
0.1009643724
0.0
0.0842694762
0.0000000000
0.0
0.0030959752
0.0771963660
0.0
0.0
0.0041279670
0.0
0.0750315221
0.0
0.0
0.1027264033
0.0000000000
0.0906968091
0.0030959752
0.0
0.1007914882
0.0
0.0000000000
0.0
0.0772470198
0.0000000000
0.0778086307
0.0030959752
0.0000000000
0.0884481279
0.0
0.0000000000
0.0896606689
0.0725350944
0.0041279670
0.0000000000
0.0030959752
0.0000000000
0.0647905659
0.0046439628
0.0843902926
0.0000000000
0.0000000000
0.0727592449
0.0000000000
0.0000000000
0.0882492190
0.0000000000
0.0000000000
0.0914719955
0.0
0.0631568982
0.0824400968
0.0555304048
0.1029960264
0.0000000000
0.0000000000
0.0831387417
0.0030959752
0.0
0.0785877558
0.0673480882
0.0
0.0
0.0000000000
0.0000000000
0.0000000000
0.0
0.0888486477
0.0
0.0000000000
0.0000000000
0.0000000000
0.0621893599
0.0728042413
0.0000000000
0.0000000000
0.0030959752
0.0663610249
0.0000000000
0.1018377666
0.0000000000
0.0000000000
0.0771963660
0.0990113189
0.0000000000
0.0926964238
0.0030959752
0.1072171750
0.0773485271
0.0000000000
0.0000000000
0.0046439628
0.0692089701
0.0000000000
0.0963375272
0.0800302231
0.0000000000
0.0000000000
0.0000000000
0.0000000000
0.0000000000
0.0
0.0998511096
0.0716521352
0.0834333510
0.0000000000
0.0756583922
0.1156428863
0.0000000000
0.0000000000
0.0649693478
0.0918287505
0.0972125997
0.0000000000
0.0
0.0000000000
0.0000000000
0.0000000000
0.0859302615
0.0000000000
0.0000000000
0.0000000000
0.0000000000
0.0830800693
0.0686039966
0.0000000000
0.0000000000
0.0000000000
0.0000000000
0.0000000000
0.0000000000
0.0000000000
0.0771457786
0.0834333510
0.0000000000
0.0000000000
0.0000000000
0.0734400862
0.0868174471
0.0000000000
0.0000000000
0.0000000000
0.0000000000
0.0000000000
0.0000000000
0.0000000000
0.0871387551
0.0000000000
0.0041279670
0.0000000000
0.0000000000
0.0481687636
0.0771963660
0.0000000000
0.0000000000
0.0000000000
0.0000000000
0.0000000000
0.0000000000
0.0000000000
0.0000000000
0.0000000000
0.0000000000
0.0000000000
0.0000000000
0.0000000000
0.0000000000
0.0000000000
0.0000000000
0.0000000000
0.0000000000
0.0000000000
0.0000000000
0.0000000000
0.0000000000
0.0000000000
