0.0
0.0
0.0
0.0
0.0
0.1401695813
0.0
0.0992867868
0.0
0.0
0.0
0.1254148886
0.0861282970
0.0
0.0
0.0
0.0
0.0
0.0270270270
0.0
0.1743572841
0.0
0.0000000000
0.1458907887
0.0
0.2166257166
0.0000000000
0.0
0.1662476430
0.0
0.0
0.1787162162
0.0000000000
0.1401695813
0.0
0.1348801632
0.0
0.1401695813
0.0
0.1881223329
0.2233952703
0.0000000000
0.0
0.0000000000
0.0
0.1429729730
0.0
0.1051271860
0.0270270270
0.1232525629
0.0
0.0000000000
0.1489301802
0.1153007847
0.1153007847
0.0270270270
0.1588588589
0.1832986833
0.0
0.0270270270
0.0
0.1743572841
0.0000000000
0.1520989074
0.0000000000
0.0000000000
0.0000000000
