0.0
0.0
0.0
0.0
0.0
0.0
0.0
0.0
0.0
0.0
0.0
0.0
0.0
0.0
0.0
0.0
0.0
0.0
0.0
0.0
0.0
0.0
0.0
0.0
0.0
0.0
0.0
0.0
0.0
0.0915194122
0.0
0.1206151791
0.0
0.0
0.0
0.0
0.0
0.1010970252
0.0
0.0
0.1304151625
0.0
0.0
0.0
0.0976892603
0.0
0.0
0.0
0.0
0.1077811260
0.0
0.0
0.0913591331
0.0
0.1200599885
0.0
0.0
0.0
0.0
0.0
0.0
0.0
0.0
0.0
0.0
0.0
0.0
0.0
0.0
0.0
0.1067882599
0.1217411085
0.1008039903
0.0
0.0948473909
0.0
0.1059209441
0.0
0.0939929099
0.0
0.1305783854
0.1119443455
0.0
0.1107559766
0.1097078128
0.0992693910
0.0
0.1060285874
0.0
0.1177563544
0.0
0.0
0.0
0.0
0.0
0.0
0.0825412421
0.1007066892
0.0
0.0
0.0
0.1123058450
0.0000000000
0.0000000000
0.0
0.0
0.0
0.0
0.0
0.1257013614
0.1085662122
0.0
0.0999349904
0.1086793020
0.0887933021
0.1049619014
0.0000000000
0.0
0.0
0.0
0.0
0.0
0.1188293052
0.1160535372
0.0
0.0870885893
0.0
0.0
0.0
0.0
0.0
0.0
0.0642043877
0.0
0.0
0.0801937971
0.1064613571
0.0
0.0
0.1035040972
0.0
0.0
0.0815732056
0.0
0.0972340447
0.0
0.0108303249
0.0
0.1053859899
0.1074481256
0.0000000000
0.0
0.0064981949
0.0154031288
0.0
0.0957175504
0.1160535372
0.0
0.0996486437
0.1207547801
0.0
0.0
0.1082283506
0.1013917687
0.1003193557
0.0920848455
0.0000000000
0.0
0.0
0.0969629461
0.0
0.1065701021
0.0
0.0
0.0794004033
0.0110022348
0.0
0.0
0.0951067730
0.0790394924
0.0705423462
0.0
0.1051735181
0.0000000000
0.0906447697
0.0
0.0
0.1054925480
0.0962473524
0.1111098296
0.0
0.1191006050
0.1097078128
0.0
0.0710709332
0.1087926277
0.1024873575
0.1016882358
0.0
0.0713626060
0.1164421093
0.0911994143
0.0
0.0938238579
0.1006095757
0.0
0.0
0.1105213241
0.0000000000
0.0
0.0532578509
0.0
0.0
0.0
0.0105021332
0.0
0.0996486437
0.0
0.0000000000
0.0
0.0
0.0901747018
0.0922476834
0.0036101083
0.1082283506
0.0979644413
0.0
0.0000000000
0.0
0.0878216582
0.0959817203
0.1127914919
0.0743106339
0.0856585632
0.0135909960
0.0165033522
0.0951067730
0.0000000000
0.0
0.0958054453
0.0889446973
0.0
0.0
0.0000000000
0.1092483036
0.1118243622
0.0
0.0835994631
0.0
0.0938238579
0.0902527076
0.0
0.0
0.0794608758
0.0
0.0846851704
0.0
0.1067882599
0.0633083313
0.1023867811
0.0000000000
0.0803172671
0.0
0.0915194122
0.0897094841
0.0943328481
0.0
0.0000000000
0.0
0.0
0.0921661925
0.0
0.0115523466
0.1178894124
0.0979644413
0.0840033253
0.0972340447
0.0670514974
0.0878216582
0.0000000000
0.0975066635
0.0797036898
0.1231784297
0.1078925853
0.0532578509
0.0
0.0
0.1178894124
0.0000000000
0.0
0.0
0.0
0.0903308485
0.0898640224
0.0
0.0
0.0787412302
0.0633083313
0.0000000000
0.0000000000
0.0798256541
0.1115851657
0.0748974372
0.0840033253
0.0
0.0036101083
0.0
0.0606229692
0.0
0.0
0.0688206662
0.0910402530
0.0000000000
0.0978725422
0.0884170593
0.0000000000
0.0897866867
0.0
0.0000000000
0.0
0.1169642713
0.0774551819
0.0802554846
0.0900190940
0.0911994143
0.0776280729
0.1169642713
0.0916802548
0.1164421093
0.0943328481
0.1113469904
0.0000000000
0.0000000000
0.0946752541
0.1104043703
0.0096269555
0.1028916469
0.0000000000
0.0000000000
0.0862962200
0.0
0.0822160205
0.0752214347
0.0582861061
0.0000000000
0.0934875717
0.0789199168
0.0000000000
0.0
0.0036101083
0.0917608883
0.0000000000
0.1050676032
0.0000000000
0.0
0.0000000000
0.0
0.0
0.0900190940
0.0000000000
0.0000000000
0.0000000000
0.0728067899
0.0997439101
0.0
0.0000000000
0.0
0.0784452105
0.0000000000
0.0814458470
0.0000000000
0.0552021852
0.0859407990
0.0000000000
0.0000000000
0.0699746009
0.0844794575
0.0064981949
0.0000000000
0.0000000000
0.0000000000
0.0743106339
0.0000000000
0.0000000000
0.0000000000
0.0000000000
0.0818291215
0.0000000000
0.0000000000
0.0000000000
0.0915194122
0.0000000000
0.1005126493
0.0
0.0000000000
0.0787412302
0.0085572938
0.0857994490
0.0000000000
0.0000000000
0.0000000000
0.0036101083
0.0064981949
0.0000000000
0.0000000000
0.0
0.0
0.0000000000
0.0000000000
0.0000000000
0.0881928402
0.0000000000
0.0
0.0000000000
0.0897866867
0.0000000000
0.0768843994
0.0000000000
0.0000000000
0.0000000000
0.0000000000
0.0096269555
0.0000000000
0.0794608758
0.0000000000
0.0000000000
0.0754389949
0.0000000000
0.0000000000
0.1076698968
0.0552021852
0.0000000000
0.0000000000
0.0000000000
0.0000000000
0.0000000000
0.0000000000
0.0000000000
0.0000000000
0.0000000000
0.0000000000
0.0000000000
0.0000000000
0.0000000000
0.0000000000
0.0000000000
0.0000000000
0.0000000000
0.0000000000
0.0000000000
0.0000000000
0.0000000000
