0.0
0.0
0.0
0.0
0.0
0.0
0.0
0.1284360634
0.0
0.0
0.0
0.0
0.0
0.0
0.0
0.0
0.0
0.0
0.0886256231
0.0
0.1356923382
0.0
0.0
0.1022023143
0.0
0.0
0.1039720513
0.0
0.0
0.0
0.0
0.1590565819
0.1691376328
0.1891145186
0.0
0.0
0.0
0.1667884990
0.0
0.0000000000
0.0
0.0
0.0
0.1968651136
0.0
0.1876370614
0.0
0.0
0.0
0.0
0.0
0.0
0.1601169591
0.1590565819
0.1891145186
0.0
0.1305301297
0.1177330581
0.0
0.1520097713
0.0
0.1891145186
0.0
0.1429615706
0.1622807018
0.1219164663
0.0899533478
0.0
0.0000000000
0.0000000000
0.1753105391
0.1165900187
0.1819510898
0.0
0.1491772911
0.1194902680
0.1753105391
0.0000000000
0.0
0.0
0.0000000000
0.1520097713
0.1412796698
0.0
0.1171587505
0.1455608719
0.0892845497
0.0
0.1753105391
0.0000000000
0.0
0.0000000000
0.1429615706
0.0000000000
0.0000000000
0.0000000000
0.1219164663
0.0787460454
0.0000000000
0.1446839992
0.0000000000
0.0000000000
0.0000000000
0.0000000000
0.0000000000
0.0000000000
0.0000000000
0.0000000000
0.0000000000
