0.0
0.0
0.0
0.0
0.0
0.0
0.0
0.1891410770
0.0
0.0
0.0
0.0
0.0
0.0
0.0
0.0
0.0
0.0
0.0
0.0
0.1271626450
0.0
0.0
0.2084054459
0.0
0.0
0.0
0.0
0.0
0.0
0.0
0.1829901477
0.1886127500
0.1912843187
0.0
0.0
0.0
0.1749309961
0.0
0.0
0.0
0.0
0.0
0.0
0.0
0.0
0.0
0.0
0.0
0.0
0.0
0.0
0.0
0.1912843187
0.0
0.0
0.0
0.1991839660
0.0
0.1097940886
0.0
0.0
0.0
0.2402966708
0.1870453310
0.1763012128
0.0
0.0
0.1772266784
0.0
0.2150425621
0.2228493877
0.2096998897
0.0
0.0
0.2250778816
0.2369240859
0.2039980800
0.0
0.0
0.0
0.0
0.2071268849
0.0
0.0
0.1875649013
0.1421544515
0.0
0.2273513956
0.2046162560
0.0
0.0
0.2206645898
0.1726940268
0.0
0.0
0.1607699154
0.0
0.2009623943
0.1791070676
0.1980157316
0.0
0.1427555275
0.1607699154
0.0
0.0
0.0
0.1545157082
0.0
0.0
0.1810277868
0.0000000000
0.0
0.1611536145
0.2143598873
0.0
0.1865286312
0.1415584161
0.0
0.0
0.1855037486
0.0
0.0
0.0
0.1688084112
0.1683874426
0.1934766891
0.1740292899
0.0
0.2157295990
0.1929238985
0.0
0.1860147782
0.2171169276
0.0
0.1791070676
0.1607699154
0.1592532181
0.1985981308
0.0
0.1538117642
0.1709452265
0.0
0.0000000000
0.1957198971
0.0
0.2288927610
0.1870453310
0.1891410770
0.0
0.1630999142
0.0
0.0
0.1740292899
0.0
0.1722534808
0.1503861124
0.0
0.0000000000
0.0
0.2033836280
0.0000000000
0.2213880803
0.1974367383
0.0000000000
0.1570310802
0.1308592335
0.0
0.1718151768
0.0000000000
0.0
0.0
0.2103531604
0.1527677930
0.0
0.1683874426
0.1296033867
0.0000000000
0.1875649013
0.1464715065
0.0
0.0000000000
0.1538117642
0.0000000000
0.1339749295
0.1623157800
0.0000000000
0.0000000000
0.0000000000
0.0000000000
0.1507217957
0.0000000000
0.0000000000
0.1563040845
0.1364108373
0.1392234319
0.1700840415
0.1430579756
0.1735819138
0.1339749295
0.0000000000
0.1252752588
0.0000000000
0.0
0.0000000000
0.0000000000
0.0000000000
0.0000000000
0.0000000000
