0.0
0.0
0.0
0.0
0.0
0.0
0.0
0.0
0.0
0.0
0.0
0.0
0.0
0.0
0.0
0.0
0.0
0.0
0.0
0.0
0.0
0.0
0.0
0.0
0.0
0.0
0.0
0.0
0.0
0.0
0.0
0.0141843972
0.0
0.0
0.0
0.0
0.0
0.0
0.0
0.0
0.0
0.0
0.0
0.0
0.0
0.0
0.0
0.0
0.0
0.0
0.0
0.0
0.0425531915
0.0
0.0
0.0
0.0
0.0
0.0
0.0
0.0
0.0801001252
0.0
0.0
0.0
0.0
0.0
0.0
0.0
0.0
0.0579447714
0.0
0.0
0.0
0.0
0.0
0.0
0.0
0.0106382979
0.0
0.0
0.0
0.0
0.0
0.0
0.0425531915
0.0
0.0
0.0
0.0
0.0
0.0592044403
0.0
0.0
0.0
0.0
0.0000000000
0.0
0.0
0.0
0.0106382979
0.0
0.0000000000
0.0
0.0
0.0
0.0
0.0
0.0
0.0
0.0000000000
0.0000000000
0.0
0.0
0.0
0.0
0.0
0.0
0.0
0.0
0.0106382979
0.0
0.0812956494
0.0231267345
0.0618955513
0.0693860957
0.0000000000
0.0
0.0106382979
0.0
0.0
0.0
0.0
0.0
0.0521225695
0.0
0.0598550386
0.0
0.0531395952
0.0
0.0
0.0106382979
0.0404967176
0.0354609929
0.0
0.0
0.0354609929
0.0453900709
0.0
0.0
0.0106382979
0.0000000000
0.0106382979
0.0
0.0
0.0
0.0
0.0
0.0106382979
0.0000000000
0.0
0.0000000000
0.0
0.0
0.0
0.0
0.0
0.0
0.0506679861
0.0
0.0
0.0
0.0
0.0
0.0
0.0
0.0
0.0
0.0312891114
0.0
0.0
0.0892919428
0.0
0.0680851064
0.0231267345
0.0
0.0
0.0844466436
0.0106382979
0.0287521564
0.0
0.0
0.0000000000
0.0
0.0000000000
0.0
0.0
0.0141843972
0.0712001113
0.0
0.0516285167
0.0598550386
0.0443262411
0.0
0.0
0.0
0.0
0.0000000000
0.0106382979
0.0106382979
0.0212765957
0.0287521564
0.0
0.0526261692
0.0000000000
0.0000000000
0.0676622175
0.0
0.0721431591
0.0000000000
0.0401978488
0.0106382979
0.0000000000
0.0000000000
0.0000000000
0.0539287971
0.0915430002
0.0637053627
0.0
0.0
0.0000000000
0.0605200946
0.0767156128
0.0
0.0
0.0652312396
0.0000000000
0.0106382979
0.0000000000
0.0461593942
0.0
0.0000000000
0.0
0.0000000000
0.0000000000
0.0680851064
0.0000000000
0.0457715001
0.0516285167
0.0000000000
0.0567375887
0.0106382979
0.0000000000
0.0312891114
0.0000000000
0.0000000000
0.0000000000
0.0000000000
0.0000000000
0.0000000000
0.0000000000
0.0000000000
