0.0
0.0
0.0
0.0
0.1307737193
0.0
0.1608182919
0.0
0.0
0.0943341673
0.0
0.1317248009
0.0
0.1427559418
0.0
0.1361816550
0.1035720379
0.1382607643
0.0
0.0
0.1377350580
0.0854851215
0.0
0.0
0.0
0.1322055483
0.1079711483
0.1221730868
0.1475532393
0.1312475371
0.0
0.0
0.1504644662
0.1359261548
0.1368246279
0.1475532393
0.1405405247
0.1259976356
0.1147246880
0.0
0.0
0.1554691856
0.1526841738
0.1336690784
0.0
0.1443200010
0.1426154340
0.1304205949
0.1140923472
0.1203465789
0.1206471948
0.1224829087
0.1481567290
0.1330553544
0.1318446597
0.1428967268
0.1240558912
0.0
0.1154560008
0.1588785976
0.0
0.1030563876
0.0855861081
0.1431791314
0.0
0.1486125959
0.0
0.0898866507
0.1390568915
0.1305380910
0.1501526228
0.1446080648
0.0000000000
0.1453332808
0.1386576851
0.1289121717
0.1079711483
0.0060422961
0.1000671830
0.1276628026
0.1397273683
0.1553025519
0.1373433943
0.0
0.1518839423
0.1317248009
0.1351653740
0.0
0.0973118072
0.0981688895
0.1492248002
0.0
0.1221730868
0.1140025814
0.1100207145
0.0
0.1034241834
0.1266584624
0.1266584624
0.1444638893
0.1377350580
0.1262171437
0.1140025814
0.1058416954
0.1261072941
0.1402684230
0.0
0.1110323992
0.1506208742
0.0
0.1164769140
0.1159178248
0.0030211480
0.1240558912
0.1014686842
0.1296040080
0.1217624210
0.0
0.0979697640
0.1469546460
0.1205468228
0.1300693725
0.0880299398
0.1322055483
0.0000000000
0.1306557989
0.0937239851
0.1258881677
0.0000000000
0.1345378653
0.0
0.0
0.0760216584
0.0030211480
0.1585309420
0.0030211480
0.1334229107
0.1132895082
0.0971161401
0.1359261548
0.1215581216
0.1294881867
0.0928828724
0.0
0.1118897923
0.1487651755
0.1164769140
0.0000000000
0.1326898177
0.1249114491
0.1073313192
0.1359261548
0.1195522120
0.1318446597
0.1166644774
0.0951393834
0.0000000000
0.0000000000
0.1187682631
0.1095217543
0.1325684181
0.0000000000
0.1128483497
0.0942114961
0.1357987638
0.1181870155
0.1307737193
0.0040281974
0.0924089802
0.1462131998
0.0
0.0
0.0040281974
0.0
0.0989735526
0.0030211480
0.0
0.1345378653
0.1063856688
0.0
0.1071725451
0.0924679521
0.1091093983
0.1437473025
0.0000000000
0.0981024245
0.1188656940
0.0
0.0000000000
0.1137341295
0.1082130552
0.1275504234
0.1283412586
0.1139129567
0.1285690159
0.0000000000
0.1159178248
0.1363097657
0.1228984571
0.1237380709
0.0
0.1171360396
0.1290269644
0.0
0.1198488676
0.0067975831
0.0
0.0956417696
0.0
0.0930618375
0.0030211480
0.1370835203
0.0
0.1087817425
0.1053032565
0.1106086114
0.1039435301
0.1134669389
0.0
0.1135558628
0.0000000000
0.1291419616
0.1385251252
0.0000000000
0.0
0.1276628026
0.0000000000
0.0000000000
0.1293725723
0.1395927562
0.0984356528
0.1326898177
0.0
0.1469546460
0.1268802811
0.0758227530
0.1296040080
0.0
0.1191589482
0.0759817939
0.1296040080
0.0000000000
0.0000000000
0.0000000000
0.1169469580
0.0858396214
0.1145433051
0.0000000000
0.1132895082
0.0948280635
0.1240558912
0.0000000000
0.1087817425
0.1151806685
0.0922912618
0.0909016819
0.1208484412
0.1158251646
0.1310101998
0.1207477341
0.0
0.1003443774
0.1020403387
0.0000000000
0.0857887987
0.1178026675
0.1084560486
0.1077303204
0.0060422961
0.0000000000
0.0000000000
0.1566457092
0.0853843730
0.0000000000
0.0030211480
0.0
0.0000000000
0.0000000000
0.0000000000
0.1148155951
0.0040281974
0.1215581216
0.0000000000
0.0040281974
0.1117172559
0.0000000000
0.0967917709
0.0030211480
0.0030211480
0.1091093983
0.0
0.0030211480
0.1181870155
0.0898866507
0.0030211480
0.1101043168
0.0967917709
0.0896087081
0.0924679521
0.0000000000
0.0000000000
0.0000000000
0.0991089473
0.1118897923
0.0000000000
0.0000000000
0.0000000000
0.0030211480
0.0983688262
0.0000000000
0.0000000000
0.0030211480
0.0000000000
0.0030211480
0.0030211480
0.0992447130
0.0045317221
0.0000000000
0.1051504216
0.0937239851
0.0030211480
0.1227943059
0.0856873335
0.0030211480
0.0000000000
0.0000000000
0.0067975831
0.0045317221
0.0000000000
0.0000000000
0.0000000000
0.0000000000
0.1091093983
0.0030211480
0.0000000000
0.0000000000
0.0000000000
0.0000000000
0.0000000000
0.0000000000
0.1178026675
0.0030211480
0.0000000000
0.0000000000
0.1123234736
0.0000000000
0.0000000000
0.1074108829
0.1144528286
0.0847352520
0.0000000000
0.0000000000
0.0000000000
0.0000000000
0.1118897923
0.0030211480
0.0000000000
0.0000000000
0.0000000000
0.0000000000
0.0030211480
0.0973118072
0.0924089802
0.0030211480
0.0000000000
0.0000000000
0.0000000000
0.0000000000
0.0000000000
0.0000000000
0.0000000000
0.0000000000
0.0000000000
0.0000000000
0.0000000000
0.0030211480
0.1215581216
0.0000000000
0.0000000000
0.0000000000
0.0000000000
0.0000000000
0.0000000000
0.0000000000
