0.0
0.0
0.0
0.0
0.0
0.0
0.0
0.0
0.0
0.0
0.0
0.0
0.0
0.0
0.0
0.1235000233
0.0
0.0
0.0
0.0
0.0
0.0
0.0
0.0
0.0
0.0
0.0
0.0
0.0
0.0000000000
0.0
0.1180371471
0.0
0.0
0.0
0.0
0.1055332120
0.0802551172
0.0874912343
0.0
0.1237044936
0.0
0.0
0.1090766630
0.0976699531
0.0
0.0
0.0
0.0
0.1036303941
0.0
0.0
0.0959146523
0.0
0.1135524531
0.0
0.0
0.0
0.0
0.0
0.0
0.0
0.0
0.0
0.0
0.0
0.0
0.0
0.0
0.0
0.1147734472
0.1125263767
0.1108568459
0.0
0.1056824811
0.0
0.1216897624
0.0
0.0633199272
0.0
0.1317769209
0.1299435028
0.0
0.1059822895
0.1346261516
0.0836702286
0.0
0.1237044936
0.1306250247
0.0994906979
0.0
0.0
0.0
0.0
0.0
0.0
0.0000000000
0.0971619169
0.0
0.0
0.0
0.1000234459
0.0000000000
0.0075329567
0.0
0.0
0.0
0.0
0.0
0.1329493134
0.0000000000
0.0000000000
0.1167461158
0.1000234459
0.0937484493
0.1195480226
0.1306250247
0.0000000000
0.0
0.0
0.0
0.0
0.0916779314
0.1154830203
0.0
0.0941026626
0.0
0.0
0.0
0.0
0.0
0.1032009864
0.0773473231
0.0
0.0691828834
0.0980544805
0.1153048057
0.0
0.0
0.0820170298
0.1095564723
0.0
0.0577415101
0.0
0.0701572903
0.0
0.0780747274
0.0
0.1224877281
0.0872868156
0.0000000000
0.0000000000
0.0886328756
0.0922438446
0.0
0.0784847837
0.1026339480
0.1013806162
0.0966591386
0.0863786290
0.0770283651
0.0
0.1133801428
0.1002919653
0.1116853724
0.0000000000
0.0984420476
0.0989635949
0.0
0.0960379359
0.0
0.0988326906
0.1039186566
0.0
0.0633199272
0.0851967094
0.0
0.0
0.1004267663
0.0000000000
0.0577415101
0.0
0.0807756909
0.0000000000
0.0000000000
0.0808631105
0.0891617114
0.0871849640
0.0858822001
0.0981833300
0.0
0.1158411072
0.0959146523
0.0
0.0000000000
0.0776689336
0.0870833498
0.0998897248
0.0
0.0000000000
0.0112994350
0.0981833300
0.0633736337
0.0757016354
0.0836702286
0.0
0.0
0.0891617114
0.0000000000
0.0
0.0000000000
0.0974152727
0.0
0.0
0.1070451492
0.0
0.0855870723
0.0
0.1029166861
0.0
0.0
0.0000000000
0.0000000000
0.0056497175
0.0000000000
0.0948191804
0.0000000000
0.0000000000
0.1241154720
0.0000000000
0.0874912343
0.0959146523
0.0719129106
0.0859810289
0.0677402667
0.0755485482
0.1084434167
0.0924721709
0.0000000000
0.0774274758
0.0784024283
0.0
0.0000000000
0.1084434167
0.0853914447
0.0912301760
0.0056497175
0.0000000000
0.0
0.0719129106
0.0000000000
0.0
0.0914535057
0.0075329567
0.0000000000
0.0000000000
0.0
0.0000000000
0.0000000000
0.0000000000
0.0000000000
0.0000000000
0.0
0.0000000000
0.0960379359
0.0000000000
0.0695046643
0.0889494216
0.1026339480
0.0863786290
0.0000000000
0.0
0.0000000000
0.0629465157
0.0000000000
0.0000000000
0.0699602192
0.0000000000
0.0822880112
0.0859810289
0.0800830805
0.0000000000
0.0000000000
0.0574308333
0.0000000000
0.0000000000
0.0000000000
0.0000000000
0.0000000000
0.0000000000
0.0000000000
0.0000000000
0.0000000000
0.0000000000
0.0000000000
0.0000000000
0.0000000000
0.0000000000
0.0000000000
