0.0
0.0
0.0
0.0
0.1236923369
0.0
0.1443418014
0.0
0.0
0.1129712676
0.0
0.1191361389
0.0
0.1317146151
0.0
0.1265605650
0.0
0.1282331716
0.0
0.0
0.1461536232
0.0988978367
0.0
0.0
0.0
0.1230821562
0.1210350518
0.1238677870
0.1315162498
0.1273913783
0.0
0.0
0.1408496610
0.1240437356
0.1366616429
0.1276707454
0.1298539626
0.1192174605
0.1235173831
0.0
0.0
0.1447005631
0.1381753004
0.1317146151
0.0
0.1346596605
0.1381753004
0.1226499857
0.1188928384
0.1163581477
0.1237799998
0.1072152116
0.1378481292
0.1352854994
0.1325140969
0.0
0.1273913783
0.0
0.1064311881
0.1433937436
0.0
0.0023094688
0.1277641402
0.1352854994
0.0
0.1408496610
0.0
0.0916816691
0.1236047981
0.1356006053
0.1383942787
0.1388343241
0.1104703224
0.1366616429
0.1223921371
0.1245745932
0.1151309029
0.0882534511
0.0920197996
0.1220500207
0.1277641402
0.1322131565
0.1363415923
0.0
0.1336293647
0.1278576718
0.1284217498
0.0
0.0960162615
0.0976809730
0.1287056593
0.0
0.1268362961
0.1128982415
0.0023094688
0.0
0.0917780240
0.1282331716
0.1236923369
0.1293730220
0.1327154861
0.1281390900
0.1160488902
0.1075453077
0.1274843647
0.1343489074
0.0
0.1128253099
0.1405097182
0.0
0.1236923369
0.1290861638
0.1144518871
0.1181688631
0.1114572940
0.1143020809
0.1342456416
0.0
0.1223921371
0.1407361641
0.1197898352
0.1199543816
0.0948688646
0.1191361389
0.0000000000
0.1354954070
0.0
0.1096381542
0.0000000000
0.1298539626
0.0
0.0
0.1127524724
0.1106102468
0.1341425343
0.0891089692
0.1104004928
0.1217098116
0.1265605650
0.1321131465
0.1211189873
0.1123174146
0.1234300916
0.0
0.0000000000
0.1352854994
0.1181688631
0.0000000000
0.1392771768
0.1165133954
0.1160488902
0.1314172910
0.1232558784
0.1201193808
0.1261947830
0.1158180237
0.0000000000
0.0000000000
0.1140036421
0.1111735071
0.1360230371
0.0000000000
0.1089541982
0.0982303598
0.1208675292
0.1131909136
0.1206171130
0.1021963603
0.1062369706
0.1301442472
0.0
0.0
0.0775204526
0.0
0.1065610614
0.1086154102
0.0
0.1305333181
0.1131909136
0.0
0.0963340208
0.1043330822
0.1118140715
0.1302412973
0.1055946673
0.1170600400
0.1111027861
0.0
0.0000000000
0.1155880739
0.1140036421
0.1330187202
0.0946119067
0.1097070224
0.1343489074
0.1031012867
0.1119574229
0.1417642692
0.1133378194
0.0
0.0
0.1157412722
0.1229954786
0.0
0.1123896909
0.0871524849
0.0
0.1188928384
0.0
0.0967074085
0.1068217613
0.1294689249
0.0
0.1009558264
0.0986186221
0.1258311093
0.1070837398
0.1125345230
0.0
0.1313184810
0.0000000000
0.1307287273
0.1311213061
0.0000000000
0.0
0.1239556988
0.0000000000
0.0000000000
0.1182488691
0.1336293647
0.1048340814
0.1242201847
0.0
0.1380660709
0.1248417296
0.1064311881
0.1297574886
0.0
0.1268362961
0.0
0.1243085976
0.0000000000
0.0046189376
0.0000000000
0.1242201847
0.0900276184
0.1252895120
0.0000000000
0.1262860301
0.1236047981
0.0961219481
0.0000000000
0.1113152197
0.1252895120
0.0836864301
0.0854051734
0.1253794542
0.1109616135
0.1398347315
0.0000000000
0.0
0.0000000000
0.1009558264
0.1003179665
0.1048970449
0.1126797288
0.1121731404
0.1165911747
0.0858670500
0.0000000000
0.0023094688
0.1369831997
0.1026770016
0.1123174146
0.0
0.0
0.0000000000
0.0000000000
0.0000000000
0.1126070791
0.0991223494
0.1115997314
0.1010726734
0.0756731281
0.1220500207
0.0030792918
0.1021963603
0.0942544952
0.0046189376
0.1309247224
0.0
0.0928021146
0.1081446314
0.0916816691
0.1215404173
0.1157412722
0.1182488691
0.0000000000
0.1013659778
0.1201193808
0.0000000000
0.0959635053
0.0996881163
0.1084804843
0.0935978455
0.1054034880
0.0000000000
0.0030792918
0.1017201978
0.0000000000
0.1068871357
0.1178499188
0.0000000000
0.0
0.0023094688
0.1137067576
0.1007229410
0.1034065007
0.1118857013
0.1228224892
0.1111027861
0.1151309029
0.0877215368
0.0
0.0000000000
0.0000000000
0.0767370737
0.0684915999
0.0000000000
0.0953869905
0.0000000000
0.1134114154
0.1281390900
0.0000000000
0.0000000000
0.1066912521
0.1128253099
0.0000000000
0.0000000000
0.0994610363
0.1160488902
0.1033453134
0.0023094688
0.0000000000
0.1068871357
0.1004333408
0.0000000000
0.0973000444
0.0960162615
0.1251100141
0.0000000000
0.0000000000
0.0981751432
0.0000000000
0.1240437356
0.1016018497
0.0775204526
0.0000000000
0.0030792918
0.1094320675
0.0000000000
0.0
0.1016018497
0.1212030393
0.0834465264
0.0000000000
0.0959635053
0.1111735071
0.0000000000
0.1215404173
0.0000000000
0.0000000000
0.0000000000
0.0000000000
0.0000000000
0.0914895650
0.1115997314
0.0000000000
0.1001454012
0.0836864301
0.0000000000
0.0000000000
0.0781797581
0.0000000000
0.0834465264
0.0023094688
0.1207004697
0.0000000000
0.0000000000
0.0000000000
0.0000000000
0.0000000000
0.0927035986
0.0000000000
0.0000000000
0.0000000000
0.0000000000
0.1218796788
0.0000000000
0.0030792918
0.1234300916
0.0866767145
0.0935477127
0.1140036421
0.0000000000
0.0000000000
0.0023094688
0.0000000000
0.1036519761
0.0000000000
0.0023094688
0.0000000000
0.0000000000
0.0000000000
0.0023094688
0.0000000000
0.0000000000
0.1133378194
0.0023094688
0.0000000000
0.0000000000
0.0000000000
0.0781797581
0.0000000000
0.1029797050
0.0000000000
0.0000000000
0.0000000000
0.0000000000
0.0023094688
0.0000000000
0.0000000000
0.0000000000
0.0000000000
0.0000000000
0.0000000000
0.0000000000
0.0000000000
0.0000000000
0.0000000000
0.0000000000
0.0023094688
0.0000000000
0.0000000000
0.0000000000
0.0000000000
0.0000000000
0.0000000000
0.0000000000
0.0000000000
0.0000000000
0.0000000000
0.0000000000
0.0000000000
0.0000000000
0.1171385511
0.0000000000
0.1089541982
0.0000000000
0.0000000000
0.0000000000
0.0000000000
0.0871524849
0.0000000000
0.0000000000
0.0000000000
0.0000000000
0.0000000000
0.0000000000
0.0000000000
0.0000000000
0.0000000000
0.0000000000
0.0000000000
0.0000000000
0.0000000000
0.0000000000
0.0000000000
0.0000000000
0.0000000000
0.0000000000
0.0000000000
0.0994610363
0.0000000000
0.0000000000
0.0000000000
0.0000000000
0.0000000000
0.0000000000
0.0000000000
0.0000000000
0.0000000000
0.0000000000
0.0000000000
0.0000000000
