0.0
0.0
0.0
0.0
0.0
0.0
0.0
0.0
0.0
0.0
0.0
0.0
0.0
0.0
0.0
0.0
0.0
0.0
0.0
0.0
0.0
0.0
0.0
0.0
0.0
0.0
0.0
0.0
0.0
0.0
0.0
0.0
0.0
0.0
0.0
0.0
0.0
0.0
0.0
0.0
0.0
0.0
0.0000000000
0.0682747919
0.0
0.0
0.0
0.0
0.0
0.0196078431
0.0
0.0
0.0
0.0
0.0
0.0261437908
0.0
0.0
0.0
0.0
0.1694677871
0.0
0.0804253905
0.0
0.0
0.0
0.0
0.0
0.0
0.0
0.0
0.1232492997
0.0
0.0
0.0
0.0862745098
0.0
0.0000000000
0.0
0.1336647335
0.0
0.0
0.0759215686
0.0
0.0
0.0196078431
0.1031543052
0.0
0.0
0.0
0.0
0.1416447176
0.0
0.0
0.0196078431
0.0
0.0
0.0
0.0
0.0
0.0
0.1031543052
0.0
0.0000000000
0.0000000000
0.0
0.0
0.1066314166
0.0
0.0261437908
0.0
0.0895301517
0.0650013430
0.1460030166
0.0
0.0000000000
0.1078431373
0.0
0.1300026860
0.0000000000
0.0196078431
0.1031543052
0.1232492997
0.1009595327
0.0
0.0196078431
0.0
0.0
0.1157340985
0.0196078431
0.0000000000
0.0000000000
0.0
0.0000000000
0.0000000000
0.0
0.0
0.0000000000
0.0392156863
0.0000000000
0.0
0.0958605664
0.0
0.1248710010
0.0
0.0
0.0000000000
0.0000000000
0.1009595327
0.0000000000
0.0000000000
0.0000000000
0.0000000000
0.0000000000
0.0000000000
