0.0
0.0
0.0
0.0
0.0
0.0
0.0
0.0
0.0
0.0
0.0
0.0
0.0
0.0
0.0
0.0
0.0
0.0
0.0
0.0
0.0
0.0
0.0
0.0
0.0
0.0
0.0
0.0
0.0
0.0
0.0
0.0162601626
0.0
0.0
0.0
0.0
0.0
0.0
0.0
0.0
0.0
0.0
0.0
0.0121951220
0.0
0.0
0.0
0.0
0.0
0.0
0.0
0.0
0.0000000000
0.0
0.0
0.0
0.0
0.0
0.0
0.0
0.0
0.0549228838
0.0
0.0
0.0458252282
0.0
0.0
0.0
0.0
0.0
0.0497967480
0.0
0.0
0.0
0.0
0.0
0.0
0.0
0.0655220368
0.0
0.0
0.0
0.0
0.0
0.0
0.0243902439
0.0
0.0
0.0
0.0
0.0
0.0000000000
0.0
0.0
0.0
0.0
0.0000000000
0.0
0.0
0.0
0.0162601626
0.0
0.0732305117
0.0
0.0
0.0
0.0
0.0
0.0
0.0
0.0638419846
0.0570191771
0.0
0.0
0.0
0.0
0.0
0.0
0.0
0.0
0.0000000000
0.0
0.0754496181
0.0725195359
0.0655220368
0.0447276179
0.0000000000
0.0
0.0162601626
0.0
0.0
0.0
0.0
0.0770052804
0.0274390244
0.0
0.0274390244
0.0
0.0770052804
0.0
0.0
0.0718222326
0.0622459350
0.0622459350
0.0
0.0
0.0000000000
0.0162601626
0.0
0.0
0.0557426283
0.0000000000
0.0617315057
0.0
0.0
0.0
0.0
0.0
0.0878766141
0.0811903499
0.0
0.0162601626
0.0
0.0
0.0
0.0
0.0
0.0
0.0000000000
0.0
0.0
0.0
0.0182926829
0.0549228838
0.0
0.0
0.0
0.0
0.0691621500
0.0
0.0
0.0848808204
0.0
0.0000000000
0.0545219868
0.0243902439
0.0
0.0511610424
0.0182926829
0.0000000000
0.0
0.0643923465
0.0000000000
0.0
0.0000000000
0.0
0.0121951220
0.0000000000
0.0000000000
0.0
0.0243902439
0.0622459350
0.0000000000
0.0
0.0
0.0121951220
0.0000000000
0.0000000000
0.0848808204
0.0000000000
0.0000000000
0.0458252282
0.0
0.0494669682
0.0000000000
0.0000000000
0.0627690100
0.0617315057
0.0643923465
0.0121951220
0.0000000000
0.0121951220
0.0000000000
0.0889227642
0.0000000000
0.0000000000
0.0889227642
0.0711382114
0.0162601626
0.0000000000
0.0121951220
0.0000000000
0.0000000000
