0.0
0.0
0.0
0.0
0.0
0.0
0.0
0.0
0.0
0.0000000000
0.0
0.0
0.0
0.0
0.0
0.0000000000
0.0
0.0
0.0
0.0
0.0
0.0
0.0
0.0
0.0320000000
0.0
0.0000000000
0.0
0.0
0.0
0.0200000000
0.0200000000
0.0
0.0
0.0
0.0
0.0
0.0
0.0
0.0
0.0
0.0
0.0
0.0000000000
0.0
0.0
0.0000000000
0.0
0.0
0.0816666667
0.0
0.0
0.0000000000
0.0
0.0
0.0
0.0
0.0
0.0
0.0
0.0
0.0000000000
0.0
0.0
0.0000000000
0.0
0.0
0.0
0.0
0.0266666667
0.0200000000
0.0445454545
0.0
0.0
0.0
0.0
0.0
0.0000000000
0.0200000000
0.0
0.0
0.0
0.0
0.0
0.0
0.0457142857
0.0
0.0
0.0
0.0
0.0
0.0000000000
0.0
0.0
0.0320000000
0.0
0.0000000000
0.0
0.0
0.0
0.0000000000
0.0
0.0000000000
0.0653333333
0.0457142857
0.0
0.0
0.0200000000
0.0266666667
0.0612500000
0.0200000000
0.0000000000
0.0400000000
0.0
0.0000000000
0.0816666667
0.0466666667
0.0000000000
0.0200000000
0.0000000000
0.0612500000
0.0200000000
0.0000000000
0.0000000000
0.0533333333
0.0544444444
0.0000000000
0.0000000000
0.0000000000
0.0200000000
0.0000000000
0.0000000000
0.0000000000
0.0200000000
