0.0
0.0
0.0
0.0
0.0
0.0
0.0
0.0
0.0
0.1453928999
0.0
0.0
0.0
0.0
0.0
0.1331750091
0.0
0.0
0.1140131373
0.0
0.0
0.0
0.0
0.0
0.1191565871
0.0
0.1078083407
0.0
0.0
0.0
0.1022440393
0.1140131373
0.0
0.0
0.0
0.1668192220
0.0
0.0
0.0
0.0
0.0
0.0
0.0
0.1741519350
0.0
0.0
0.1209757717
0.0
0.0
0.1402462486
0.0
0.0
0.0000000000
0.0
0.0
0.0
0.0
0.0
0.1402462486
0.0
0.0
0.0000000000
0.0
0.0
0.0000000000
0.0
0.0
0.0
0.0
0.0000000000
0.1228513650
0.1173913043
0.0
0.0
0.0000000000
0.0
0.0
0.0217391304
0.0796373170
0.0
0.1704067321
0.0
0.0000000000
0.0
0.0
0.1035805627
0.1378071834
0.0
0.0
0.0875570502
0.1509316770
0.0000000000
0.0
0.1173913043
0.0885353413
0.0
0.0000000000
0.0
0.0
0.0217391304
0.1156775627
0.1331750091
0.1331750091
0.0905590062
0.0000000000
0.0217391304
0.0217391304
0.0704347826
0.0000000000
0.1022440393
0.0000000000
0.0000000000
0.0000000000
0.0
0.0000000000
0.0000000000
