0.0
0.0
0.0
0.0
0.1434173669
0.0
0.1632197649
0.0
0.0
0.1324601827
0.0
0.1421111978
0.0
0.1256345372
0.0
0.1274821040
0.1031997984
0.1108225108
0.0
0.1491759993
0.0960825710
0.0047619048
0.0
0.0
0.0
0.1234478602
0.1021191723
0.1368755221
0.1340533464
0.1162727982
0.0
0.0
0.1477633478
0.1359216857
0.1431542158
0.1385773492
0.1234478602
0.1014551985
0.0759679139
0.0
0.0
0.1642506266
0.1300317460
0.1052888632
0.0
0.1354497354
0.0995140914
0.1260404647
0.0830873777
0.1112967869
0.1178535463
0.1240366417
0.1198449272
0.1159272624
0.1421111978
0.1338234093
0.1055738127
0.1710944027
0.0991347492
0.1313451980
0.0
0.1120963328
0.0000000000
0.1413388544
0.0
0.1342840751
0.0
0.1423705249
0.1270668528
0.1132351925
0.1366358102
0.1317889318
0.1254325524
0.1359216857
0.1120963328
0.1426308000
0.1157552635
0.1174985657
0.0997686031
0.1055738127
0.1182106782
0.1523809524
0.1129074495
0.0
0.1333658934
0.1159272624
0.1421111978
0.0863042562
0.0846193575
0.0000000000
0.1547996977
0.0
0.0677248677
0.0981371668
0.1154127923
0.1162727982
0.0000000000
0.1295997469
0.0063492063
0.1209597638
0.1002815522
0.1182106782
0.0953778088
0.1191130498
0.0975238095
0.1563507968
0.0
0.0977682301
0.1340533464
0.0
0.1077611155
0.1127442885
0.0000000000
0.0895741075
0.0000000000
0.1220955362
0.0975238095
0.0000000000
0.0000000000
0.1043035396
0.0891646259
0.0000000000
0.0000000000
0.0000000000
0.0000000000
0.1154127923
0.0063492063
0.1220955362
0.1295997469
0.0956115780
0.0
0.0
0.0000000000
0.0000000000
0.1393197279
0.0000000000
0.0063492063
0.0895741075
0.0000000000
0.1105085660
0.1045831738
0.1250305250
0.0928798186
0.0
0.1200293040
0.1366358102
0.0000000000
0.0000000000
0.1160997732
0.1058603088
0.0000000000
0.1356853002
0.0830873777
0.0095238095
0.0781753984
0.0843449163
0.0000000000
0.0000000000
0.1085104974
0.0000000000
0.1226714585
0.0000000000
0.0000000000
0.0095238095
0.1127442885
0.0905093360
0.0000000000
0.0996411847
0.0047619048
0.1220955362
0.0
0.0
0.0000000000
0.0000000000
0.0000000000
0.0000000000
0.0
0.1140629351
0.1070220132
0.0
0.0893688976
0.0000000000
0.0000000000
0.0000000000
0.0000000000
0.0047619048
0.0047619048
0.0000000000
0.0000000000
0.0000000000
0.0095238095
0.1045831738
0.0047619048
0.0000000000
0.1220955362
0.0000000000
0.1002815522
0.1052888632
0.0000000000
0.0875634653
0.0000000000
0.0000000000
0.0063492063
0.0
0.0000000000
0.1154127923
0.0000000000
0.0000000000
0.1052888632
0.0063492063
0.0000000000
0.0863998313
0.0
0.0000000000
0.0000000000
0.0788868024
0.0063492063
0.0000000000
0.0047619048
0.0783323771
0.0000000000
0.0757466482
0.1088131766
0.0000000000
0.0000000000
0.0000000000
0.0000000000
0.0000000000
0.0610000372
0.1027918941
0.0000000000
0.0000000000
0.0
0.0980138789
0.0000000000
0.0000000000
0.0000000000
0.0000000000
0.0694737735
0.0000000000
0.0000000000
0.0000000000
0.0000000000
0.0000000000
0.0000000000
0.0000000000
0.0000000000
