0.0
0.0
0.0
0.0
0.0
0.0
0.0
0.1962888502
0.0
0.0
0.0
0.0
0.0
0.0
0.0
0.0
0.0
0.0
0.0
0.0
0.1527677930
0.0
0.0
0.2116719890
0.0
0.0
0.0
0.0
0.0
0.0
0.0
0.2110105140
0.1929238985
0.2077641984
0.0
0.0
0.0
0.1951542326
0.0
0.0
0.0
0.0
0.0
0.0
0.0
0.0
0.0
0.0
0.0
0.0
0.0
0.0
0.0
0.2071268849
0.0
0.0
0.0
0.2046162560
0.0
0.1642904245
0.0
0.0
0.0
0.2328391879
0.1918277400
0.1929238985
0.0
0.0
0.1810277868
0.0
0.2213880803
0.2344561267
0.2369240859
0.0
0.0
0.2130074589
0.2312443989
0.2071268849
0.0
0.0
0.0
0.0
0.2312443989
0.0
0.0
0.1795834162
0.0000000000
0.0
0.2243301146
0.2136815332
0.0
0.0
0.2352730470
0.0
0.0
0.0
0.1623157800
0.0
0.2164210400
0.1865286312
0.1886127500
0.0
0.1654984424
0.1824955797
0.0
0.0
0.0
0.1763012128
0.0
0.0
0.1786332394
0.1749309961
0.0
0.1902066605
0.1934766891
0.0
0.1985981308
0.1448999238
0.0
0.0
0.1791070676
0.0
0.0
0.0
0.1820036779
0.1731368320
0.2123376242
0.1767627343
0.0
0.2228493877
0.2344561267
0.0
0.2192317029
0.2250778816
0.0
0.1865286312
0.1638916614
0.1860147782
0.2009623943
0.0
0.1627069024
0.2015622820
0.0
0.0000000000
0.2003660667
0.0
0.2411548732
0.1940326566
0.2046162560
0.0
0.1688084112
0.0
0.0
0.1800623053
0.0
0.1767627343
0.1638916614
0.0
0.0000000000
0.0
0.1957198971
0.1997732677
0.2288927610
0.2058639161
0.0000000000
0.1627069024
0.0000000000
0.0
0.1767627343
0.0000000000
0.0
0.0
0.2213880803
0.1531142052
0.0
0.1815144207
0.1688084112
0.1744789780
0.2143598873
0.1513976782
0.0
0.0000000000
0.1713790977
0.0000000000
0.1350467290
0.1968611210
0.0093457944
0.0000000000
0.0000000000
0.0000000000
0.0
0.0000000000
0.0000000000
0.1980157316
0.1461544686
0.1600079727
0.1744789780
0.1886127500
0.1781619116
0.1350467290
0.0000000000
0.1421544515
0.0093457944
0.0
0.0000000000
0.0
0.0000000000
0.0000000000
0.0000000000
0.0000000000
0.0000000000
0.1600079727
