0.0
0.0
0.0
0.0
0.0
0.0
0.0
0.0
0.0
0.0
0.0
0.0
0.0
0.0
0.0
0.0
0.0
0.0
0.0
0.0
0.0
0.0
0.0
0.0
0.0
0.0
0.0
0.0
0.0
0.0
0.0
0.0
0.0
0.0
0.0
0.0
0.0
0.0
0.0
0.0
0.0
0.0
0.0000000000
0.0602083333
0.0
0.0
0.0
0.0
0.0
0.0200000000
0.0
0.0
0.0
0.0
0.0
0.1070370370
0.0
0.0
0.0
0.0
0.1521052632
0.0
0.0722500000
0.0
0.0
0.0
0.0
0.0
0.0
0.0
0.0
0.1070370370
0.0
0.0
0.0
0.0000000000
0.0
0.0000000000
0.0
0.1376190476
0.0
0.0
0.0200000000
0.0
0.0
0.0200000000
0.0996551724
0.0
0.0
0.0
0.0
0.1313636364
0.0
0.0
0.0200000000
0.0
0.0
0.0
0.0
0.0
0.0
0.0996551724
0.0
0.0000000000
0.0000000000
0.0
0.0
0.0400000000
0.0
0.0688095238
0.0
0.0266666667
0.0200000000
0.1070370370
0.0
0.0000000000
0.0963333333
0.0
0.1111538462
0.0000000000
0.0200000000
0.0996551724
0.0000000000
0.0850000000
0.0
0.0200000000
0.0
0.0
0.1070370370
0.0200000000
0.0000000000
0.0000000000
0.0
0.0000000000
0.0000000000
0.0
0.0
0.0000000000
0.0850000000
0.0000000000
0.0
0.0875757576
0.0
0.0266666667
0.0
0.0
0.0000000000
0.0000000000
0.0000000000
0.0000000000
0.0000000000
0.0000000000
0.0000000000
0.0000000000
