0.0
0.0
0.0
0.0
0.0
0.0
0.0
0.0
0.0
0.0
0.0
0.0
0.0
0.0
0.0
0.0975308642
0.0
0.0
0.0
0.0
0.0
0.0
0.0
0.0
0.0
0.0
0.0
0.0
0.0
0.0000000000
0.0
0.1070130316
0.0
0.0
0.0
0.0
0.0883593838
0.0863782317
0.0082304527
0.0
0.0995470061
0.0
0.0
0.0842991058
0.0637826016
0.0
0.0
0.0
0.0
0.0856104252
0.0
0.0
0.0832066768
0.0
0.0856104252
0.0
0.0
0.1011146755
0.0
0.0
0.0
0.0
0.0
0.0
0.0
0.0
0.0
0.0
0.0
0.0
0.0732408581
0.0811046134
0.0799267456
0.0
0.0832066768
0.0
0.0832066768
0.0
0.0061728395
0.0
0.0951226947
0.1005866615
0.0
0.1149990787
0.0985286224
0.0712101504
0.0
0.0948884024
0.0821421991
0.0642078189
0.0
0.0
0.0
0.0
0.0
0.0
0.0000000000
0.0568210787
0.0
0.0
0.0
0.0082304527
0.0000000000
0.0061728395
0.0
0.0061728395
0.0
0.0
0.0
0.0948884024
0.0000000000
0.0000000000
0.1052587196
0.1064217993
0.0722789707
0.1038401384
0.0928305816
0.0000000000
0.0
0.0
0.0
0.0
0.0787825999
0.0714743810
0.0
0.0677059602
0.0
0.0
0.0
0.0000000000
0.0
0.0921643334
0.0061728395
0.0
0.0061728395
0.0902217596
0.0624387218
0.0
0.0140291807
0.0630518680
0.0784616932
0.0
0.0061728395
0.0
0.0061728395
0.0
0.0657417941
0.0
0.1030071961
0.0061728395
0.0000000000
0.0000000000
0.0758360066
0.0839317895
0.0
0.0000000000
0.0712101504
0.0891775263
0.0061728395
0.0568210787
0.0061728395
0.0
0.0718744242
0.0980272045
0.0821421991
0.0000000000
0.0863782317
0.0726880969
0.0
0.0809342255
0.0
0.0812757202
0.1046866613
0.0
0.0000000000
0.0220458554
0.0
0.0
0.0871599352
0.0755386105
0.0000000000
0.0
0.0061728395
0.0000000000
0.0000000000
0.0717405798
0.0844839723
0.0568210787
0.0697911075
0.0642078189
0.0
0.0852316180
0.1070130316
0.0
0.0061728395
0.0800929134
0.0745158440
0.0701724797
0.0
0.0000000000
0.0061728395
0.0642078189
0.0061728395
0.0510937551
0.0000000000
0.0
0.0789440397
0.0123456790
0.0000000000
0.0
0.0000000000
0.0140291807
0.0740859449
0.0
0.0898011454
0.0
0.0569891884
0.0
0.0749507614
0.0140291807
0.0965531112
0.0000000000
0.0000000000
0.0000000000
0.0000000000
0.0687940917
0.0000000000
0.0000000000
0.0797612658
0.0000000000
0.0000000000
0.0614428889
0.0061728395
0.0000000000
0.0140291807
0.0220458554
0.0000000000
0.0614428889
0.0000000000
0.0000000000
0.0000000000
0.0000000000
0.0000000000
0.0000000000
0.0568210787
0.0000000000
0.0000000000
0.0000000000
0.0
0.0000000000
0.0000000000
0.0061728395
0.0000000000
0.0000000000
0.0000000000
0.0000000000
0.0
0.0000000000
0.0000000000
0.0000000000
0.0000000000
0.0000000000
0.0
0.0000000000
0.0696649030
0.0000000000
0.0000000000
0.0000000000
0.0000000000
0.0000000000
0.0000000000
0.0000000000
0.0000000000
