0.0
0.0
0.0
0.0
0.0
0.0
0.0
0.0
0.0
0.0
0.0
0.0
0.0
0.0
0.0
0.0
0.0
0.0
0.0
0.0
0.0
0.0
0.0
0.0
0.0
0.0
0.0
0.0
0.0
0.0
0.0
0.0562673665
0.0
0.0
0.0
0.0
0.0
0.0
0.0
0.0
0.0
0.0
0.0
0.0668439391
0.0
0.0
0.0
0.0
0.0
0.0
0.0
0.0
0.0678644573
0.0
0.0
0.0
0.0
0.0
0.0
0.0
0.0
0.0162601626
0.0
0.0
0.0779845956
0.0
0.0
0.0
0.0
0.0
0.0000000000
0.0
0.0
0.0
0.0
0.0
0.0
0.0
0.0562673665
0.0
0.0
0.0
0.0
0.0
0.0
0.0121951220
0.0
0.0
0.0
0.0
0.0
0.0000000000
0.0
0.0
0.0000000000
0.0
0.0705574913
0.0
0.0
0.0
0.0592682927
0.0
0.0000000000
0.0
0.0
0.0
0.0
0.0
0.0
0.0
0.0830863916
0.0846689895
0.0
0.0
0.0
0.0
0.0
0.0
0.0
0.0
0.0000000000
0.0
0.0000000000
0.0243902439
0.0162601626
0.0000000000
0.0000000000
0.0
0.0121951220
0.0
0.0
0.0
0.0
0.0673503326
0.0000000000
0.0
0.0000000000
0.0
0.0243902439
0.0
0.0
0.0823170732
0.0162601626
0.0396885889
0.0
0.0
0.0121951220
0.0683864916
0.0
0.0
0.0444512195
0.0121951220
0.0711219512
0.0000000000
0.0
0.0
0.0
0.0
0.0121951220
0.0000000000
0.0
0.0121951220
0.0
0.0
0.0
0.0
0.0
0.0
0.0000000000
0.0635017422
0.0
0.0000000000
0.0000000000
0.0162601626
0.0
0.0
0.0
0.0
0.0162601626
0.0
0.0
0.0162601626
0.0
0.0000000000
0.0355609756
0.0499451905
0.0535556862
0.0854831144
0.0584884467
0.0000000000
0.0
0.0000000000
0.0000000000
0.0705574913
0.0584884467
0.0
0.0243902439
0.0678644573
0.0000000000
0.0121951220
0.0000000000
0.0663451037
0.0000000000
0.0
0.0000000000
0.0162601626
0.0000000000
0.0000000000
0.0121951220
0.0000000000
0.0000000000
0.0734730901
0.0
0.0162601626
0.0000000000
0.0000000000
0.0243902439
0.0000000000
0.0505127494
0.0566257573
0.0000000000
0.0000000000
0.0000000000
0.0000000000
0.0000000000
