0.0
0.0
0.0
0.0
0.0
0.0
0.0
0.1426787944
0.0
0.0
0.0
0.0
0.0
0.0
0.0
0.0
0.0
0.0
0.0000000000
0.0
0.1520767988
0.0
0.0
0.1289178954
0.0
0.0
0.1336675021
0.0
0.0
0.0
0.0
0.1827109741
0.1628001628
0.2098911190
0.0
0.0
0.0
0.1739508589
0.0
0.0000000000
0.0
0.0
0.0
0.2064782553
0.0
0.1895285477
0.0
0.0
0.0
0.0
0.0
0.0
0.1577442571
0.1827109741
0.2015621063
0.0
0.1577442571
0.1380262250
0.0
0.1567705271
0.0
0.1909535744
0.0
0.1751505200
0.1751505200
0.1659923229
0.1109031677
0.0
0.0000000000
0.0000000000
0.1924001924
0.1071596008
0.1924001924
0.0
0.1577442571
0.1289178954
0.1867413632
0.0000000000
0.0
0.0
0.0000000000
0.1567705271
0.1282667949
0.0
0.1322751323
0.1607394012
0.1365420720
0.0
0.1881246326
0.1269841270
0.0
0.0000000000
0.1597284616
0.0000000000
0.0
0.0000000000
0.1269841270
0.1128747795
0.0000000000
0.1577442571
0.0000000000
0.0000000000
0.0000000000
0.1289178954
0.0
0.0000000000
0.0000000000
0.0000000000
0.0000000000
0.1269841270
0.0000000000
0.0000000000
0.0000000000
0.0000000000
0.1485194468
0.0
0.0000000000
0.0000000000
