0.0
0.0
0.0
0.0
0.0
0.0
0.0
0.1635657330
0.0
0.0
0.0
0.0
0.0
0.0
0.0
0.0
0.0
0.0
0.1256873527
0.0
0.1602724632
0.0
0.0
0.1277037274
0.0
0.0
0.0149253731
0.0
0.0
0.0
0.0
0.1851209071
0.1658374793
0.1592039801
0.0
0.0
0.0
0.1743109271
0.0
0.0000000000
0.0
0.0
0.0
0.2132196162
0.0
0.1957425985
0.0
0.0
0.0
0.0
0.0
0.0
0.1581496491
0.1910447761
0.1925854598
0.0
0.1483266895
0.1635657330
0.0
0.1693659363
0.0
0.1895285477
0.0
0.1990049751
0.1624530409
0.1188089404
0.0149253731
0.0
0.0000000000
0.0000000000
0.1474110927
0.1052008679
0.1613553852
0.0
0.0
0.0000000000
0.1990049751
0.0149253731
0.0
0.0
0.0
0.1669971819
0.1270244522
0.0
0.1396526141
0.1571091909
0.1277037274
0.0
0.1635657330
0.0000000000
0.0
0.1349186272
0.1550688118
0.1730478045
0.0
0.1277037274
0.1304950657
0.1056663585
0.0149253731
0.1681732184
0.0000000000
0.0000000000
0.0149253731
0.1250293037
0.0
0.0000000000
0.0000000000
0.0000000000
0.1658374793
0.1483266895
0.0000000000
0.0149253731
0.0000000000
0.0000000000
0.1188089404
0.0
0.0000000000
0.0149253731
0.0149253731
0.0000000000
0.0000000000
0.0
0.0149253731
0.0149253731
0.0000000000
