0.0
0.0
0.0
0.0
0.0
0.0
0.0
0.0
0.0
0.0
0.0
0.0
0.0
0.0
0.0
0.0
0.0
0.0
0.0
0.0
0.0
0.0
0.0
0.0
0.0
0.0
0.0
0.0
0.0
0.0985003673
0.0
0.1203772445
0.0
0.0
0.0
0.0
0.0
0.1006852183
0.0
0.0
0.1336704371
0.0
0.0
0.0
0.1050543937
0.0
0.0
0.0
0.0
0.1186725558
0.0
0.0
0.0992180385
0.0
0.1328553735
0.0
0.0
0.0
0.0
0.0
0.0
0.0
0.0
0.0
0.0
0.0
0.0
0.0
0.0
0.0
0.1182860003
0.1243623359
0.1314130353
0.0
0.0980570713
0.0
0.1154040320
0.0
0.1181577074
0.0
0.1341642934
0.1255085325
0.0
0.1247896979
0.1033599680
0.0787148889
0.0
0.1075433428
0.1064920882
0.1284686394
0.0
0.0
0.0
0.0
0.0
0.0
0.0956465375
0.1032619964
0.0
0.0
0.0
0.1249328053
0.0000000000
0.0000000000
0.0
0.0
0.0
0.0
0.0
0.1389558753
0.1044500539
0.1113920309
0.1103762981
0.1017193336
0.0786013032
0.1224060744
0.0916243955
0.0
0.0
0.0
0.0
0.0
0.1210460069
0.1368610631
0.0
0.0985895079
0.0
0.0
0.0
0.0
0.0
0.0
0.0693011490
0.0
0.0
0.0868751246
0.1225437641
0.0
0.0
0.0891500869
0.0
0.0
0.1001299690
0.0
0.1028719606
0.0
0.0948966953
0.0
0.1194532963
0.1158951130
0.0000000000
0.0
0.0829082239
0.0156250000
0.0
0.1102645812
0.1186725558
0.0
0.1045502939
0.1338346514
0.0
0.0
0.1133625455
0.1121950631
0.0982339101
0.0934317378
0.0756012535
0.0
0.0
0.1053591937
0.0
0.1207776123
0.0
0.0
0.0122070312
0.0093750000
0.0
0.0
0.1068053002
0.0069754464
0.0122070312
0.0
0.1090504567
0.0000000000
0.0097656250
0.0
0.0
0.1213155972
0.1050543937
0.1206438607
0.0
0.1296921503
0.1207776123
0.0
0.0753919766
0.1151600489
0.1090504567
0.1045502939
0.0
0.0771539704
0.1194532963
0.1177744932
0.0
0.1111647003
0.1218583963
0.0
0.0
0.1281663603
0.0000000000
0.0
0.0573375822
0.0
0.0
0.0
0.0100446429
0.0
0.1236565338
0.0
0.0000000000
0.0
0.0
0.0978808681
0.0892962346
0.0831613788
0.1031642105
0.1010588184
0.0
0.0000000000
0.0
0.0971823428
0.1152819114
0.1215863909
0.0000000000
0.0703755854
0.0093750000
0.0140625000
0.1078627785
0.0000000000
0.0
0.1088325737
0.0889317602
0.0
0.0
0.0000000000
0.1162661753
0.1147960024
0.0
0.0905581099
0.0
0.0974431183
0.1008716725
0.0
0.1048521716
0.0830979453
0.0
0.0931919643
0.0
0.1110513825
0.0081380208
0.1106004124
0.0000000000
0.0851770182
0.0
0.1118494931
0.1031642105
0.1021006619
0.0
0.0000000000
0.0
0.0
0.0977052971
0.0
0.0117187500
0.1224060744
0.1010588184
0.0000000000
0.1236565338
0.0919336762
0.0955626371
0.0000000000
0.1015297356
0.0955626371
0.1349955468
0.1143141724
0.0573375822
0.0
0.0
0.1021964411
0.0000000000
0.0
0.0
0.0
0.1014352014
0.1217222416
0.0
0.0
0.0874329103
0.0081380208
0.1019096410
0.0000000000
0.0857806348
0.1162661753
0.0899598730
0.0000000000
0.0
0.0952285020
0.0
0.0875734777
0.0
0.0
0.0981454110
0.1002220849
0.0000000000
0.1063880920
0.0996719179
0.0000000000
0.1033599680
0.0
0.0000000000
0.0
0.1249328053
0.0951453330
0.0786013032
0.1010588184
0.0951453330
0.0701942051
0.1228200747
0.0986788100
0.1156490512
0.0989476896
0.1162661753
0.0859837461
0.0000000000
0.1101530902
0.1194532963
0.0000000000
0.1124266318
0.0000000000
0.0000000000
0.0854442402
0.0
0.0854442402
0.0635597469
0.0628266472
0.0000000000
0.1110513825
0.0879979049
0.0000000000
0.0
0.0000000000
0.1004994523
0.0959836178
0.0977052971
0.0000000000
0.0
0.0000000000
0.0
0.0
0.0000000000
0.0000000000
0.0000000000
0.0000000000
0.0834800048
0.1052573973
0.0
0.0000000000
0.0
0.1026780455
0.0000000000
0.0000000000
0.0000000000
0.0894428623
0.0000000000
0.0000000000
0.0000000000
0.0775935942
0.0880690430
0.0829082239
0.0000000000
0.0000000000
0.0000000000
0.0776488997
0.0000000000
0.0000000000
0.0000000000
0.0000000000
0.0883547496
0.0981454110
0.0000000000
0.0000000000
0.0985003673
0.0829082239
0.1104882416
0.0
0.0000000000
0.0874329103
0.0082720588
0.0901832833
0.0000000000
0.0000000000
0.0000000000
0.0000000000
0.0000000000
0.0000000000
0.0000000000
0.0000000000
0.0
0.0000000000
0.0000000000
0.0000000000
0.0959836178
0.0000000000
0.0
0.0000000000
0.0000000000
0.0000000000
0.0000000000
0.0000000000
0.0000000000
0.0000000000
0.0000000000
0.0000000000
0.0000000000
0.0000000000
0.0000000000
0.0000000000
0.0000000000
