0.0
0.0
0.0
0.0
0.0
0.0
0.1978774392
0.0
0.0
0.0
0.0
0.0
0.2393374741
0.0
0.0
0.1933110368
0.0
0.0
0.0
0.0
0.0
0.0
0.0
0.0
0.2059871703
0.0
0.0
0.2284584980
0.2264003134
0.2264003134
0.0
0.1551261406
0.1664267204
0.0
0.0
0.0
0.1590533847
0.0000000000
0.1918353800
0.0
0.1302095066
0.1721262656
0.2348638765
0.1861513688
0.2243788820
0.1807944948
0.0
0.0
0.0
0.1978774392
0.0
0.1933110368
0.1427865613
0.0
0.1288740245
0.0
0.2284584980
0.1757373062
0.2010434783
0.0000000000
0.2166416792
0.2043124779
0.0
0.2147900409
0.0000000000
0.0
0.2370795734
0.0000000000
0.1111966141
0.0
0.1733133433
0.0000000000
0.2488161860
0.0000000000
0.1889506375
0.0
0.0000000000
0.0000000000
0.0000000000
0.1733133433
0.0000000000
0.1570652174
0.0000000000
0.0000000000
0.1513881613
