0.0
0.0
0.0
0.0
0.0
0.0
0.0
0.1968572828
0.0
0.0
0.0
0.0
0.0
0.0
0.0
0.0
0.0
0.0
0.0
0.0
0.1485893914
0.0
0.0
0.1828792509
0.0
0.0
0.0
0.0
0.0
0.0
0.0
0.2102489347
0.1471742543
0.1584953508
0.0
0.0
0.0
0.0000000000
0.0
0.0
0.0
0.0
0.0
0.0
0.0
0.2255955723
0.0
0.0
0.0
0.0
0.0
0.0
0.0
0.1791686574
0.0
0.0
0.0
0.1993973768
0.0
0.1756056444
0.0
0.1613921327
0.0
0.2199757538
0.1670626671
0.2020038785
0.0000000000
0.0
0.1925644449
0.0
0.1956113507
0.1956113507
0.1818034906
0.0
0.0
0.2020038785
0.2482457302
0.1522492286
0.0
0.0
0.0
0.0000000000
0.1746135221
0.0
0.1493072145
0.2289377289
0.1507638703
0.0
0.2359281939
0.1884548378
0.0
0.1861842976
0.1530029377
0.2184211548
0.0
0.0
0.0885575742
0.1277131959
0.2323804016
0.1613921327
0.2359281939
0.0
0.2306462195
0.1424266977
0.0
0.0
0.0
0.1219195006
0.0
0.0
0.1987562277
0.1818034906
0.0
0.2223495929
0.1635269492
0.0
0.1791686574
0.0000000000
0.0
0.1818034906
0.1698164473
0.0
0.0
0.2131489200
0.1119804109
0.1861842976
0.1896110025
0.1670626671
0.1766091052
0.1475255055
0.1679706163
0.1219195006
0.1919664187
0.2176520662
0.1414489401
0.1618146252
0.1726625330
0.1807403123
0.0990595943
0.0000000000
0.1111747964
0.1845169756
0.1861842976
0.0000000000
0.2116889959
0.0
0.1993973768
0.1639607077
0.0000000000
0.0
0.1367548381
0.0
0.0
0.1511324861
0.0000000000
0.1503970482
0.1282431262
0.1355552342
0.0000000000
0.1913720954
0.1839678179
0.0000000000
0.1401659565
0.0000000000
0.0000000000
0.1937717455
0.0000000000
0.0000000000
0.0000000000
0.0000000000
