0.0
0.0
0.0
0.0
0.0
0.0
0.0
0.0
0.0
0.0
0.0
0.0
0.0
0.0
0.0
0.0
0.0
0.0
0.0
0.0
0.0
0.0
0.0
0.0
0.0
0.0
0.0
0.0
0.1328616352
0.0
0.0
0.2011904762
0.0
0.0
0.0
0.0
0.1717479675
0.0
0.1498226950
0.1637596899
0.0
0.0
0.1903153153
0.1328616352
0.0
0.0
0.0
0.0
0.1717479675
0.0000000000
0.0
0.0
0.0000000000
0.0000000000
0.0
0.1280303030
0.0
0.1117724868
0.1083333333
0.0000000000
0.0000000000
0.0000000000
0.0000000000
0.0000000000
0.0914502165
0.1380718954
0.1083333333
0.0000000000
0.0000000000
0.0000000000
