0.0
0.0
0.0
0.0
0.0
0.0
0.0
0.0
0.0
0.0
0.0
0.0
0.0
0.0
0.0
0.0
0.0
0.0
0.0
0.0
0.0
0.0
0.0
0.0
0.0
0.0
0.0
0.0
0.0
0.0
0.0
0.0071428571
0.0
0.0
0.0
0.0
0.0
0.0
0.0
0.0
0.0
0.0
0.0
0.0
0.0
0.0
0.0
0.0
0.0
0.0
0.0
0.0
0.0840628731
0.0
0.0
0.0
0.0
0.0
0.0
0.0
0.0
0.0494730679
0.0
0.0
0.0
0.0
0.0
0.0
0.0
0.0
0.0964171611
0.0
0.0
0.0
0.0
0.0
0.0
0.0
0.0
0.0
0.0
0.0
0.0
0.0
0.0
0.0253968254
0.0
0.0
0.0
0.0
0.0
0.0
0.0
0.0
0.0
0.0
0.0622238586
0.0
0.0
0.0
0.0
0.0
0.0182857143
0.0
0.0
0.0
0.0
0.0
0.0
0.0
0.0
0.0585991678
0.0
0.0
0.0
0.0
0.0
0.0
0.0
0.0
0.0000000000
0.0
0.0700198873
0.0
0.0798374906
0.0
0.0000000000
0.0
0.0000000000
0.0
0.0
0.0
0.0
0.0
0.0
0.0
0.0000000000
0.0
0.0071428571
0.0
0.0
0.0842976856
0.1026482021
0.0268907563
0.0
0.0
0.0716830675
0.0
0.0
0.0
0.0887605042
0.0800492611
0.0
0.0
0.0
0.0
0.0
0.0
0.0000000000
0.0561984570
0.0
0.0577028134
0.0
0.0
0.0
0.0
0.0
0.0
0.0000000000
0.0
0.0
0.0
0.0
0.0
0.0
0.0
0.0
0.0
0.0000000000
0.0
0.0
0.0000000000
0.0
0.0
0.0
0.0
0.0
0.0615889213
0.0000000000
0.0163265306
0.0
0.0
0.0071428571
0.0
0.0
0.0
0.0
0.0071428571
0.0802621581
0.0
0.0713441405
0.0708417170
0.0114285714
0.0
0.0
0.0
0.0
0.0
0.0
0.0682773109
0.0
0.0708417170
0.0
0.0217687075
0.0943080357
0.0000000000
0.0675135826
0.0
0.0734271811
0.0470804546
0.0760165527
0.0605995410
0.0549700755
0.0895506571
0.0622238586
0.0752582829
0.0635338346
0.0685876623
0.0
0.0
0.1081669227
0.0591736695
0.0071428571
0.0
0.0
0.0000000000
0.0550703858
0.0
0.0811251920
0.0705106809
0.0
0.0071428571
0.0
0.0000000000
0.0
0.0163265306
0.0190476190
0.0491507678
0.1093426501
0.0138528139
0.0000000000
0.0142857143
0.0
0.0879841733
0.0692169069
0.0175824176
0.0000000000
0.0
0.0000000000
0.0000000000
0.0228571429
0.0710084034
0.0
0.0660362613
0.0
0.0
0.0
0.0
0.0000000000
0.0
0.0
0.0785900298
0.0
0.0071428571
0.0943080357
0.0000000000
0.0000000000
0.0638024766
0.0
0.0
0.0523025501
0.0000000000
0.0869699465
0.0
0.0000000000
0.0000000000
0.0785900298
0.0623524203
0.0
0.0190476190
0.0618413349
0.0877284053
0.0
0.0756355174
0.0548701299
0.0737862382
0.0815637066
0.0000000000
0.0000000000
0.0000000000
0.0521218850
0.0000000000
0.0549700755
0.0000000000
0.0000000000
0.0000000000
0.0961101001
0.0000000000
0.0676649584
0.0000000000
0.0
0.0000000000
0.0713441405
0.0071428571
0.0
0.0657485216
0.0842976856
0.0695358789
0.0000000000
0.0536985257
0.0
0.0000000000
0.0
0.0071428571
0.0114285714
0.0000000000
0.0000000000
0.0000000000
0.0000000000
0.0000000000
0.0000000000
0.0000000000
0.0552721088
0.0000000000
0.0000000000
0.0071428571
0.0000000000
0.0000000000
0.0000000000
0.0000000000
0.0000000000
0.0000000000
0.0000000000
0.0000000000
