0.0
0.0
0.0
0.0
0.1462007256
0.0
0.1757423155
0.0
0.0
0.1365945882
0.0
0.1447114143
0.0
0.1319427601
0.0
0.1479774706
0.1064107653
0.1156513203
0.0
0.1578426353
0.0984238141
0.0046082949
0.0
0.0
0.0
0.1257153732
0.1077560342
0.1401891826
0.1452044686
0.1388192558
0.0
0.0
0.1558227112
0.1379207493
0.1544112736
0.1449575222
0.1321473225
0.1036922421
0.0772756329
0.0
0.0
0.1697908826
0.1363760369
0.1076199786
0.0
0.1392729135
0.1020778719
0.1313328552
0.0851498732
0.1131939217
0.1277886402
0.1279805151
0.1301298062
0.1238881149
0.1418220017
0.1427722329
0.1275973399
0.1728905133
0.1025692215
0.1538538322
0.0
0.1153383262
0.0000000000
0.1524776799
0.0
0.1401891826
0.0
0.1487522217
0.1340173318
0.1159660177
0.1434933048
0.1363760369
0.1329719548
0.1381442837
0.1164412883
0.1442216972
0.1174036130
0.1190433283
0.1049692402
0.1078924342
0.1224641136
0.1538538322
0.1305283661
0.0
0.1427722329
0.1205587313
0.1535766181
0.0876903529
0.0949165067
0.0000000000
0.1599156155
0.0
0.0689603746
0.1117103841
0.1158084552
0.1187117313
0.0000000000
0.1289485976
0.0984238141
0.1297336728
0.1078924342
0.1183819764
0.1081662729
0.1251615610
0.1035662491
0.1569705765
0.0
0.1038185421
0.1363760369
0.0
0.1121513461
0.1164412883
0.0000000000
0.1019557692
0.0000000000
0.1237083063
0.1017124380
0.1105512621
0.0000000000
0.1209007419
0.1014702655
0.0000000000
0.0000000000
0.0000000000
0.0000000000
0.1188772985
0.0061443932
0.1237083063
0.1338069436
0.0979712909
0.0
0.0
0.0000000000
0.0000000000
0.1418220017
0.0000000000
0.1202186503
0.0970786139
0.0000000000
0.1182177851
0.1081662729
0.1406518532
0.1026927988
0.0
0.1262741082
0.1415864170
0.0000000000
0.0000000000
0.1240684469
0.1117103841
0.0000000000
0.1361581838
0.0851498732
0.1166005787
0.0841411876
0.0891579739
0.0000000000
0.0000000000
0.1121513461
0.0000000000
0.1283659986
0.0000000000
0.0000000000
0.0092165899
0.1193767830
0.0957696888
0.0000000000
0.1011091614
0.0789213176
0.1237083063
0.0
0.0
0.0000000000
0.0000000000
0.0000000000
0.0000000000
0.0
0.1169204706
0.1070791747
0.0
0.1275973399
0.0000000000
0.0000000000
0.0000000000
0.0000000000
0.0046082949
0.0046082949
0.0000000000
0.0000000000
0.0000000000
0.0092165899
0.1144094269
0.0046082949
0.0000000000
0.1283659986
0.0000000000
0.1052284235
0.1077560342
0.0000000000
0.0920464612
0.0000000000
0.0000000000
0.0061443932
0.0
0.0046082949
0.0000000000
0.0000000000
0.0000000000
0.1105512621
0.0061443932
0.0000000000
0.0905791956
0.0
0.0000000000
0.0000000000
0.0831561200
0.0061443932
0.0000000000
0.0901957916
0.0879618401
0.0000000000
0.0793622188
0.1164412883
0.0000000000
0.0000000000
0.0046082949
0.0000000000
0.0000000000
0.0621699657
0.1092756706
0.0000000000
0.0000000000
0.0
0.0928486090
0.0000000000
0.0000000000
0.0000000000
0.0000000000
0.0772056368
0.0000000000
0.0000000000
0.0000000000
0.0000000000
0.0000000000
0.0705004326
0.0000000000
0.1081662729
0.0000000000
0.0000000000
0.0000000000
0.0846425254
0.0000000000
0.0000000000
0.0000000000
