0.0
0.0
0.0
0.0
0.0
0.0
0.0000000000
0.0
0.0
0.0000000000
0.0
0.0
0.0
0.0
0.0
0.0
0.0
0.0
0.0
0.0
0.0
0.0
0.0
0.0000000000
0.0
0.0
0.0
0.0
0.0
0.0
0.0
0.0
0.0
0.0
0.0
0.0
0.0
0.0
0.0
0.0
0.0
0.0
0.0000000000
0.0
0.0
0.0
0.0
0.0
0.0
0.0
0.0
0.0
0.0000000000
0.0
0.0030674847
0.0
0.0
0.0
0.0040899796
0.0
0.0
0.0000000000
0.0
0.0
0.0
0.0000000000
0.0
0.0168302052
0.0000000000
0.0
0.0000000000
0.0186571682
0.0
0.0
0.0272681689
0.0
0.0
0.0
0.0
0.0
0.0
0.0
0.0
0.0000000000
0.0
0.0250963679
0.0
0.0
0.0
0.0
0.0
0.0
0.0000000000
0.0
0.0046012270
0.0
0.0
0.0
0.0069018405
0.0
0.0
0.0
0.0
0.0
0.0
0.0
0.0
0.0
0.0
0.0
0.0
0.0000000000
0.0
0.0
0.0
0.0
0.0
0.0000000000
0.0
0.0000000000
0.0
0.0324101665
0.0
0.0000000000
0.0
0.0069018405
0.0
0.0
0.0100390407
0.0
0.0
0.0
0.0
0.0
0.0119383187
0.0061349693
0.0
0.0
0.0
0.0311636217
0.0095563945
0.0
0.0
0.0
0.0216480120
0.0
0.0289376487
0.0030674847
0.0000000000
0.0000000000
0.0000000000
0.0
0.0092024540
0.0
0.0054533061
0.0
0.0
0.0
0.0112939208
0.0
0.0
0.0263803681
0.0
0.0
0.0
0.0
0.0069018405
0.0069018405
0.0333634067
0.0
0.0046012270
0.0
0.0
0.0
0.0030674847
0.0
0.0
0.0061349693
0.0
0.0073619632
0.0
0.0000000000
0.0
0.0
0.0
0.0
0.0
0.0
0.0000000000
0.0030674847
0.0000000000
0.0282178067
0.0210341805
0.0
0.0000000000
0.0
0.0
0.0
0.0084945729
0.0
0.0124233129
0.0073078311
0.0
0.0
0.0
0.0222422711
0.0000000000
0.0030674847
0.0
0.0000000000
0.0226871166
0.0
0.0
0.0255485547
0.0030674847
0.0
0.0
0.0040899796
0.0030674847
0.0000000000
0.0
0.0
0.0
0.0
0.0
0.0000000000
0.0
0.0
0.0030674847
0.0
0.0
0.0
0.0261372311
0.0
0.0000000000
0.0
0.0030674847
0.0030674847
0.0
0.0
0.0000000000
0.0107736047
0.0
0.0
0.0
0.0365921235
0.0
0.0069018405
0.0
0.0000000000
0.0
0.0138036810
0.0213224780
0.0
0.0
0.0000000000
0.0280781146
0.0
0.0
0.0000000000
0.0
0.0218987612
0.0
0.0
0.0
0.0
0.0000000000
0.0138036810
0.0000000000
0.0000000000
0.0
0.0000000000
0.0078878177
0.0000000000
0.0
0.0
0.0
0.0
0.0000000000
0.0
0.0
0.0
0.0030674847
0.0061349693
0.0000000000
0.0
0.0100390407
0.0245531565
0.0081799591
0.0030674847
0.0
0.0000000000
0.0000000000
0.0095563945
0.0040899796
0.0
0.0
0.0000000000
0.0232449965
0.0
0.0073078311
0.0190968995
0.0
0.0
0.0
0.0000000000
0.0
0.0190968995
0.0040899796
0.0
0.0
0.0
0.0
0.0
0.0069018405
0.0
0.0138036810
0.0069018405
0.0
0.0000000000
0.0000000000
0.0000000000
0.0
0.0356715669
0.0
0.0217309546
0.0000000000
0.0
0.0164877301
0.0
0.0258985349
0.0
0.0110429448
0.0184148673
0.0
0.0030674847
0.0
0.0
0.0046012270
0.0098159509
0.0
0.0000000000
0.0313357964
0.0
0.0
0.0
0.0
0.0
0.0000000000
0.0046012270
0.0
0.0
0.0000000000
0.0000000000
0.0122699387
0.0000000000
0.0
0.0046012270
0.0
0.0
0.0030674847
0.0
0.0061349693
0.0
0.0000000000
0.0
0.0
0.0
0.0064958499
0.0
0.0
0.0000000000
0.0030674847
0.0000000000
0.0
0.0000000000
0.0000000000
0.0069018405
0.0061349693
0.0
0.0000000000
0.0030674847
0.0169891458
0.0030674847
0.0
0.0226871166
0.0214840119
0.0061349693
0.0000000000
0.0030674847
0.0149651165
0.0061349693
0.0000000000
0.0256641590
0.0
0.0
0.0
0.0000000000
0.0061349693
0.0
0.0000000000
0.0030674847
0.0
0.0092024540
0.0030674847
0.0000000000
0.0
0.0000000000
0.0
0.0254339872
0.0
0.0000000000
0.0000000000
0.0000000000
0.0000000000
0.0000000000
0.0052585451
0.0040899796
0.0030674847
0.0030674847
0.0000000000
0.0073078311
0.0092024540
0.0000000000
0.0030674847
0.0
0.0
0.0030674847
0.0222422711
0.0000000000
0.0000000000
0.0
0.0000000000
0.0
0.0000000000
0.0000000000
0.0215657002
0.0030674847
0.0040899796
0.0
0.0000000000
0.0000000000
0.0030674847
0.0000000000
0.0
0.0190968995
0.0157756354
0.0084945729
0.0000000000
0.0000000000
0.0030674847
0.0046012270
0.0
0.0000000000
0.0000000000
0.0000000000
0.0133853876
0.0073619632
0.0
0.0000000000
0.0000000000
0.0000000000
0.0000000000
0.0000000000
0.0
0.0000000000
0.0000000000
0.0030674847
0.0
0.0000000000
0.0
0.0030674847
0.0000000000
0.0030674847
0.0000000000
0.0000000000
0.0000000000
0.0
0.0040899796
0.0000000000
0.0
0.0147239264
0.0
0.0000000000
0.0350109824
0.0
0.0187807256
0.0
0.0000000000
0.0040899796
0.0000000000
0.0
0.0000000000
0.0
0.0000000000
0.0000000000
0.0000000000
0.0217309546
0.0040899796
0.0000000000
0.0040899796
0.0095563945
0.0000000000
0.0000000000
0.0030674847
0.0052585451
0.0287907571
0.0267536752
0.0
0.0000000000
0.0040899796
0.0300094134
0.0000000000
0.0030674847
0.0000000000
0.0000000000
0.0238310048
0.0000000000
0.0000000000
0.0000000000
0.0000000000
0.0000000000
0.0000000000
0.0124233129
0.0030674847
0.0000000000
0.0000000000
0.0030674847
0.0030674847
0.0000000000
0.0073078311
0.0000000000
0.0000000000
0.0000000000
0.0000000000
0.0000000000
0.0040899796
0.0030674847
0.0000000000
0.0000000000
0.0000000000
0.0000000000
0.0000000000
0.0000000000
0.0
0.0000000000
0.0000000000
0.0000000000
0.0000000000
0.0000000000
0.0030674847
0.0000000000
0.0000000000
0.0
0.0030674847
0.0000000000
0.0000000000
0.0000000000
0.0000000000
0.0000000000
0.0000000000
0.0000000000
0.0000000000
0.0000000000
0.0000000000
0.0000000000
0.0000000000
0.0000000000
0.0000000000
0.0000000000
0.0000000000
0.0000000000
0.0000000000
0.0000000000
0.0000000000
0.0000000000
0.0000000000
0.0000000000
0.0000000000
0.0000000000
0.0000000000
0.0000000000
0.0000000000
0.0000000000
0.0000000000
0.0000000000
0.0000000000
0.0000000000
0.0000000000
0.0000000000
0.0000000000
