0.0520714286
0.0
0.0
0.0
0.0
0.0
0.0261290323
0.0
0.0
0.0639473684
0.0
0.0352173913
0.0
0.0
0.0
0.0
0.0100000000
0.0565116279
0.0
0.0
0.0
0.0
0.0
0.0694285714
0.0
0.0
0.0528260870
0.0810000000
0.0
0.0
0.0000000000
0.0
0.0
0.0
0.0
0.0100000000
0.0
0.0
0.0000000000
0.0
0.0
0.0
0.0662727273
0.0100000000
0.0
0.0
0.0
0.0
0.0
0.0
0.0476470588
0.0385714286
0.0486000000
0.0000000000
0.0000000000
0.0
0.0476470588
0.0
0.0000000000
0.0
0.0767368421
0.0000000000
0.0
0.0100000000
0.0650892857
0.0578571429
0.0
0.0479605263
0.0200000000
0.0
0.0000000000
0.0694285714
0.0736363636
0.0
0.0470322581
0.0000000000
0.0
0.0
0.0
0.0
0.0544029851
0.0
0.0
0.0714705882
0.0133333333
0.0100000000
0.0687735849
0.0
0.0612605042
0.0502758621
0.0
0.0000000000
0.0133333333
0.0000000000
0.0000000000
0.0455625000
0.0
0.0
0.0000000000
0.0
0.0700961538
0.0623076923
0.0
0.0
0.0000000000
0.0
0.0414204545
0.0000000000
0.0
0.0
0.0
0.0639473684
0.0000000000
0.0000000000
0.0
0.0
0.0
0.0324000000
0.0000000000
0.0000000000
0.0633913043
0.0520714286
0.0
0.0000000000
0.0
0.0000000000
0.0000000000
0.0100000000
0.0000000000
0.0
0.0324000000
0.0000000000
0.0
0.0000000000
0.0000000000
0.0528260870
0.0200000000
0.0000000000
0.0000000000
0.0000000000
0.0000000000
0.0
0.0
0.0000000000
0.0000000000
0.0000000000
0.0000000000
0.0000000000
0.0000000000
0.0133333333
0.0000000000
0.0000000000
0.0000000000
0.0000000000
0.0000000000
0.0000000000
0.0000000000
0.0000000000
0.0300000000
0.0000000000
0.0000000000
0.0000000000
0.0000000000
0.0133333333
0.0000000000
0.0000000000
0.0000000000
0.0231428571
0.0324000000
0.0000000000
