0.0
0.0
0.0
0.0
0.0
0.0
0.0
0.0
0.0
0.0
0.0
0.0
0.0
0.0
0.0
0.0
0.0
0.0
0.0
0.0
0.0
0.0
0.0
0.0
0.0
0.0
0.0
0.0
0.0
0.0
0.0
0.0000000000
0.0
0.0
0.0
0.0
0.0
0.0
0.0
0.0
0.0
0.0
0.0
0.0879786036
0.0
0.0
0.0
0.0
0.0
0.0
0.0
0.0
0.0000000000
0.0
0.0
0.0
0.0
0.0
0.0
0.0
0.0
0.0270270270
0.0
0.0
0.0202702703
0.0
0.0
0.0
0.0
0.0
0.0000000000
0.0
0.0
0.0
0.0
0.0
0.0
0.0
0.1126126126
0.0
0.0
0.0
0.0
0.0
0.0
0.0889046942
0.0
0.0
0.0
0.0
0.0
0.0135135135
0.0
0.0
0.0000000000
0.0
0.0659839527
0.0
0.0
0.0
0.0000000000
0.0
0.1156978897
0.0
0.0
0.0
0.0
0.0
0.0
0.0000000000
0.0804375804
0.0928125928
0.0
0.0
0.0
0.0135135135
0.0
0.0
0.0243243243
0.0
0.0243243243
0.0
0.0721875722
0.0928125928
0.0286168521
0.0654724492
0.0180180180
0.0
0.1189569852
0.0
0.0
0.0
0.0
0.0982086738
0.0202702703
0.0
0.0734430082
0.0
0.0405405405
0.0
0.0
0.0812110187
0.0853125853
0.1042709376
0.0
0.0898504888
0.0324324324
0.0982086738
0.0
0.0
0.0918037603
0.0135135135
0.0659839527
0.0599003259
0.0
0.0
0.0
0.0
0.0659839527
0.0853125853
0.0
0.0405405405
0.0
0.0
0.0
0.0
0.0
0.0304054054
0.0000000000
0.0243243243
0.0
0.0000000000
0.0747428845
0.0000000000
0.0
0.0
0.0
0.0442260442
0.0286168521
0.0
0.0
0.0734430082
0.0
0.0135135135
0.0243243243
0.0728098788
0.0405405405
0.0304054054
0.0000000000
0.0000000000
0.0180180180
0.0000000000
0.0000000000
0.0000000000
0.0000000000
0.0000000000
0.0000000000
0.0000000000
0.0000000000
0.0000000000
0.0000000000
0.0000000000
0.0000000000
0.0000000000
0.0000000000
0.0000000000
0.0000000000
