0.0
0.0
0.0
0.0
0.0
0.0
0.0
0.0
0.0
0.0853427896
0.0
0.0
0.0
0.0
0.0
0.0818594104
0.0
0.0
0.0000000000
0.0
0.0
0.0
0.0
0.0
0.1383141762
0.0
0.1215488215
0.0
0.0
0.0
0.0835648148
0.1146031746
0.0
0.0
0.0
0.1383141762
0.0
0.0
0.0
0.0
0.0
0.0
0.0
0.1215488215
0.0
0.0
0.0716269841
0.0
0.0
0.1542735043
0.0
0.0
0.0462962963
0.1253472222
0.0
0.0
0.0
0.0
0.0978319783
0.0
0.0
0.0978319783
0.0
0.0
0.0694444444
0.0
0.0
0.0
0.0
0.0000000000
0.1028490028
0.0444444444
0.0
0.0
0.0462962963
0.0
0.0
0.0222222222
0.0000000000
0.0
0.1002777778
0.0
0.0000000000
0.0
0.0
0.0296296296
0.0818594104
0.0
0.1002777778
0.0955026455
0.0694444444
0.0555555556
0.0000000000
0.0802222222
0.0000000000
0.0
0.0000000000
0.0222222222
0.0
0.0000000000
0.0000000000
0.0296296296
0.0000000000
0.0000000000
0.0000000000
0.0222222222
0.0222222222
0.0818594104
0.0396825397
0.0000000000
