0.0
0.0
0.0
0.0
0.1366973902
0.0
0.1539158018
0.0
0.0
0.1241625613
0.0
0.1346763266
0.0
0.1260367132
0.0
0.1273178996
0.1026631014
0.1108398086
0.0
0.1473517456
0.0862299372
0.0795863280
0.0
0.0
0.0
0.1159712812
0.0834297977
0.1159712812
0.1370713912
0.1302980325
0.0
0.0
0.1387800374
0.1273178996
0.1296237865
0.1361401997
0.1249366421
0.1011091695
0.0753377346
0.0
0.0
0.1504492297
0.1299600350
0.1039410653
0.0
0.1258783756
0.0977553044
0.1254057409
0.0760236624
0.1062557656
0.1187194159
0.1221941305
0.1279683103
0.1118294498
0.1314949961
0.1421265064
0.1150392503
0.1541525954
0.0979464193
0.1427338846
0.0
0.1069361654
0.0000000000
0.1328901684
0.0
0.1357712561
0.0
0.1286254005
0.1197122903
0.0992071158
0.1297916930
0.1309793294
0.1240088948
0.1261954496
0.1201429101
0.1321889010
0.1096271192
0.1115803864
0.0670228676
0.1041571590
0.1155699965
0.1443792320
0.1257204354
0.0
0.1355875331
0.1177428754
0.1258783756
0.0846276917
0.0926911998
0.0040650407
0.1504492297
0.0
0.0677021534
0.1080897379
0.1091494412
0.1127099966
0.0000000000
0.1205766390
0.0966240955
0.1221941305
0.1067083994
0.1110855732
0.1051408048
0.0746084788
0.0954277971
0.1435518438
0.0
0.0974700263
0.1296237865
0.0
0.1038333544
0.1097471928
0.0000000000
0.1005006891
0.0040650407
0.1178813965
0.1015189331
0.1009055257
0.0674287934
0.1185789195
0.1000990879
0.0000000000
0.0040650407
0.0000000000
0.0000000000
0.1145133566
0.0054200542
0.1178813965
0.1218968212
0.0859341226
0.0
0.0
0.0081300813
0.0000000000
0.1363254245
0.0000000000
0.1190014097
0.0905141707
0.0000000000
0.1133474966
0.1018284421
0.1244710397
0.0942607592
0.0
0.1198554868
0.1350393356
0.0906779973
0.0000000000
0.1078570366
0.1052512468
0.0000000000
0.1332435997
0.0760236624
0.1137334699
0.0793342732
0.0878940237
0.0000000000
0.0000000000
0.1087939055
0.0000000000
0.1202871392
0.0000000000
0.1103515275
0.0081300813
0.1214535600
0.1061432066
0.1055839694
0.0963453721
0.0555120150
0.1178813965
0.0
0.0
0.0000000000
0.0000000000
0.0000000000
0.0000000000
0.0
0.1086759078
0.1015189331
0.0
0.1159712812
0.0000000000
0.0859341226
0.0560398138
0.0000000000
0.0908424179
0.1001991870
0.0810017680
0.0000000000
0.0830839030
0.0081300813
0.1051408048
0.0866774974
0.0000000000
0.1184387553
0.0000000000
0.0671126504
0.1075098573
0.0000000000
0.0738387524
0.0
0.0560398138
0.0054200542
0.0
0.0040650407
0.0000000000
0.0000000000
0.0000000000
0.1009055257
0.0054200542
0.0000000000
0.0609113599
0.0
0.0000000000
0.0905960099
0.0910901700
0.0054200542
0.0000000000
0.0607636064
0.0870540287
0.0000000000
0.0556971579
0.1161056628
0.0000000000
0.0
0.0040650407
0.0000000000
0.0000000000
0.0613965607
0.1045920532
0.0040650407
0.0917574972
0.0
0.1082064654
0.1021398440
0.0000000000
0.0000000000
0.0000000000
0.0766634943
0.0000000000
0.0000000000
0.0000000000
0.0000000000
0.0000000000
0.0512527811
0.0054200542
0.1055839694
0.0000000000
0.0920948410
0.0000000000
0.1217487084
0.0000000000
0.0000000000
0.0040650407
0.0982344971
0.0793971371
0.0000000000
0.0000000000
0.0000000000
0.0000000000
0.0000000000
0.0000000000
0.0000000000
0.0000000000
0.0000000000
0.0000000000
0.0000000000
0.0000000000
0.0040650407
0.0054200542
0.0000000000
0.1218968212
0.0000000000
0.0000000000
0.0000000000
0.0894635598
0.0000000000
0.0000000000
0.0000000000
0.0040650407
0.0040650407
0.0000000000
0.0000000000
0.0000000000
0.0000000000
