0.0
0.0
0.0
0.0
0.1438825782
0.0
0.1671017244
0.0
0.0
0.1329777933
0.0
0.1339649031
0.0
0.1371649334
0.0
0.1318673316
0.1074225371
0.1324202344
0.0
0.1619601329
0.1307752626
0.0812927308
0.0
0.0
0.0
0.1307752626
0.1048372644
0.1273476851
0.1435555723
0.1341071164
0.0
0.0
0.1474082890
0.1408348982
0.1429059996
0.1429059996
0.1438825782
0.1199704688
0.1244619740
0.0
0.0
0.1655686811
0.1450389250
0.1220569117
0.0
0.1371649334
0.1274761894
0.1376131848
0.1089042273
0.1219390962
0.1208889030
0.1286445047
0.1339649031
0.1332583372
0.1474082890
0.1507504817
0.1255754509
0.1655686811
0.1069677423
0.1474082890
0.0
0.1138098231
0.0813974895
0.1467234653
0.0
0.1379136503
0.0
0.1397443624
0.1248309325
0.1222932272
0.1477531037
0.1484475954
0.1348227360
0.1433926262
0.1299680079
0.1465532525
0.1196296436
0.0701827243
0.1040600524
0.1164321693
0.1279928102
0.1605195726
0.1281226203
0.0
0.1421022538
0.1210046970
0.1394358760
0.0
0.0920764604
0.0809281894
0.1595061915
0.0
0.1281226203
0.1072401559
0.1201987666
0.0
0.1074225371
0.1336813795
0.1065167822
0.1358375308
0.1111072152
0.1435555723
0.1070583929
0.1064270460
0.1212369517
0.1573211752
0.0
0.1108148278
0.1523870973
0.0
0.1123922630
0.1143247997
0.0000000000
0.1106207563
0.0791534484
0.1290387167
0.1082509886
0.0
0.1046635490
0.1248309325
0.1049243386
0.1181748397
0.0705748065
0.1122923588
0.0000000000
0.1221749552
0.0899778516
0.1287756408
0.0000000000
0.1201987666
0.0
0.0
0.0049833887
0.0033222591
0.1398991181
0.0000000000
0.1303703856
0.1120930822
0.0908187661
0.1230076959
0.1125926058
0.1285136355
0.0902994308
0.0
0.1342496319
0.1462140089
0.1044040526
0.0000000000
0.1224117283
0.1118945117
0.1171882223
0.1465532525
0.1152635982
0.1273476851
0.1090923175
0.0946993281
0.0000000000
0.0000000000
0.1208889030
0.0000000000
0.1295681063
0.0000000000
0.1196296436
0.1040600524
0.1385185347
0.1140152560
0.1166471871
0.0786605876
0.0000000000
0.1411496130
0.0
0.0
0.0000000000
0.0
0.0000000000
0.0033222591
0.0
0.1204279348
0.1109121191
0.0
0.1078812158
0.0000000000
0.1029575417
0.1219390962
0.0000000000
0.0928888997
0.1089042273
0.0
0.0000000000
0.1057145637
0.0952706664
0.1290387167
0.1077891669
0.0033222591
0.1257004016
0.0000000000
0.1186186889
0.1267090307
0.1111072152
0.1208889030
0.0
0.0981576563
0.1114011496
0.0
0.1081583079
0.0066445183
0.0
0.0000000000
0.1047503347
0.0831111208
0.0000000000
0.1422622789
0.0
0.1000228849
0.0956312670
0.1085299860
0.1231275864
0.0000000000
0.0
0.1055379312
0.0000000000
0.1263289037
0.1380643756
0.0000000000
0.0
0.1132994652
0.0000000000
0.0000000000
0.1155799667
0.1333990535
0.0074750831
0.1212369517
0.0
0.1272194397
0.1247077035
0.0723533240
0.1028737000
0.0000000000
0.1123922630
0.0000000000
0.1016322636
0.0000000000
0.0000000000
0.0000000000
0.1066967092
0.0074750831
0.1077891669
0.0000000000
0.1060696084
0.0000000000
0.1263289037
0.0000000000
0.1000228849
0.0049833887
0.0925486474
0.0833854150
0.1197430366
0.1267090307
0.1089042273
0.1171882223
0.0
0.0000000000
0.0903640226
0.0000000000
0.0720644060
0.1076972751
0.0879115544
0.1053618880
0.0033222591
0.0000000000
0.0000000000
0.1394358760
0.0901705237
0.0000000000
0.0033222591
0.0
0.0000000000
0.0000000000
0.0000000000
0.0922108786
0.0033222591
0.1194035006
0.0000000000
0.0000000000
0.0993151758
0.0000000000
0.0000000000
0.0033222591
0.0000000000
0.1066967092
0.0893415160
0.0033222591
0.1032098886
0.0000000000
0.0000000000
0.0033222591
0.0000000000
0.0000000000
0.0000000000
0.0000000000
0.0000000000
0.0000000000
0.0000000000
0.1016322636
0.0000000000
0.0000000000
0.0000000000
0.0000000000
0.0810320100
0.0000000000
0.0000000000
0.0000000000
0.0000000000
0.0000000000
0.0033222591
0.0934385382
0.0044296788
0.0000000000
0.0954866997
0.0916755469
0.0000000000
0.0000000000
0.0720644060
0.0000000000
0.0000000000
0.0000000000
0.0044296788
0.0000000000
0.0000000000
0.0000000000
0.0000000000
0.0000000000
0.1029575417
0.0000000000
0.0000000000
0.0000000000
0.0000000000
0.0000000000
0.0000000000
0.0000000000
0.0000000000
0.0000000000
0.0000000000
0.0000000000
0.0000000000
0.0000000000
0.0000000000
0.0000000000
0.0000000000
