0.0
0.0
0.0
0.0
0.0
0.0
0.0037974684
0.0
0.0
0.0068054988
0.0
0.0
0.0
0.0
0.0
0.0
0.0
0.0
0.0
0.0
0.0
0.0
0.0
0.0094936709
0.0
0.0
0.0
0.0
0.0
0.0
0.0
0.0
0.0
0.0
0.0
0.0
0.0
0.0
0.0
0.0
0.0
0.0
0.0000000000
0.0
0.0
0.0
0.0
0.0
0.0
0.0
0.0
0.0
0.0085091421
0.0
0.0021097046
0.0
0.0
0.0
0.0021097046
0.0
0.0
0.0000000000
0.0
0.0
0.0
0.0055124541
0.0
0.0047468354
0.0021097046
0.0
0.0037974684
0.0021097046
0.0
0.0
0.0
0.0
0.0
0.0
0.0
0.0
0.0
0.0
0.0
0.0031645570
0.0
0.0063291139
0.0
0.0
0.0
0.0
0.0
0.0
0.0000000000
0.0
0.0000000000
0.0
0.0
0.0
0.0050231063
0.0
0.0
0.0
0.0
0.0
0.0
0.0
0.0
0.0
0.0
0.0
0.0
0.0000000000
0.0
0.0
0.0
0.0
0.0
0.0058602907
0.0
0.0
0.0
0.0078137209
0.0
0.0000000000
0.0
0.0000000000
0.0
0.0
0.0000000000
0.0
0.0
0.0
0.0
0.0
0.0
0.0042194093
0.0
0.0
0.0
0.0105485232
0.0043952180
0.0
0.0
0.0
0.0
0.0
0.0037974684
0.0037974684
0.0075080665
0.0000000000
0.0021097046
0.0
0.0000000000
0.0
0.0
0.0
0.0
0.0
0.0000000000
0.0
0.0
0.0
0.0
0.0
0.0
0.0
0.0000000000
0.0091169379
0.0111037086
0.0
0.0060277275
0.0
0.0
0.0
0.0021097046
0.0
0.0
0.0053182138
0.0
0.0
0.0
0.0000000000
0.0
0.0
0.0
0.0
0.0
0.0
0.0000000000
0.0
0.0000000000
0.0
0.0
0.0
0.0000000000
0.0
0.0
0.0
0.0021097046
0.0
0.0043952180
0.0065928270
0.0
0.0
0.0
0.0
0.0000000000
0.0081374322
0.0
0.0
0.0000000000
0.0
0.0
0.0021097046
0.0059349933
0.0
0.0
0.0028129395
0.0063818565
0.0080609610
0.0
0.0
0.0
0.0
0.0
0.0000000000
0.0
0.0
0.0000000000
0.0
0.0
0.0
0.0058602907
0.0
0.0021097046
0.0
0.0
0.0055494405
0.0
0.0
0.0048824593
0.0070323488
0.0
0.0
0.0
0.0063818565
0.0
0.0
0.0
0.0037974684
0.0
0.0076068224
0.0028129395
0.0
0.0
0.0021097046
0.0000000000
0.0
0.0
0.0037974684
0.0
0.0000000000
0.0
0.0
0.0
0.0
0.0021097046
0.0037974684
0.0021097046
0.0000000000
0.0
0.0042194093
0.0063291139
0.0096443641
0.0
0.0
0.0
0.0
0.0
0.0
0.0
0.0
0.0068354430
0.0021097046
0.0
0.0
0.0094751647
0.0
0.0
0.0021097046
0.0
0.0
0.0021097046
0.0
0.0028129395
0.0
0.0
0.0021097046
0.0
0.0
0.0058602907
0.0
0.0
0.0
0.0
0.0000000000
0.0
0.0031645570
0.0028129395
0.0
0.0
0.0
0.0
0.0
0.0037974684
0.0
0.0000000000
0.0037974684
0.0
0.0042194093
0.0000000000
0.0058602907
0.0
0.0000000000
0.0
0.0021097046
0.0000000000
0.0
0.0047273011
0.0
0.0021097046
0.0
0.0048221820
0.0042194093
0.0
0.0000000000
0.0
0.0
0.0000000000
0.0021097046
0.0
0.0000000000
0.0
0.0
0.0
0.0
0.0
0.0
0.0085091421
0.0063291139
0.0
0.0
0.0075080665
0.0
0.0000000000
0.0000000000
0.0
0.0
0.0
0.0
0.0053182138
0.0
0.0042194093
0.0
0.0021097046
0.0
0.0
0.0
0.0000000000
0.0
0.0
0.0000000000
0.0000000000
0.0
0.0
0.0058926233
0.0
0.0041366758
0.0095895666
0.0
0.0000000000
0.0
0.0110221304
0.0000000000
0.0
0.0021097046
0.0000000000
0.0
0.0042194093
0.0105485232
0.0047468354
0.0021097046
0.0000000000
0.0
0.0
0.0
0.0
0.0028129395
0.0021097046
0.0
0.0
0.0058602907
0.0
0.0051456211
0.0
0.0
0.0
0.0
0.0
0.0000000000
0.0
0.0021097046
0.0
0.0031645570
0.0000000000
0.0021097046
0.0067177437
0.0021097046
0.0000000000
0.0
0.0000000000
0.0
0.0070909517
0.0000000000
0.0
0.0
0.0
0.0021097046
0.0
0.0063291139
0.0
0.0
0.0000000000
0.0
0.0
0.0000000000
0.0000000000
0.0
0.0021097046
0.0
0.0021097046
0.0000000000
0.0
0.0
0.0
0.0000000000
0.0000000000
0.0085091421
0.0000000000
0.0
0.0000000000
0.0
0.0
0.0047468354
0.0058422590
0.0
0.0122746452
0.0000000000
0.0
0.0044012804
0.0000000000
0.0000000000
0.0000000000
0.0
0.0
0.0000000000
0.0
0.0031645570
0.0
0.0
0.0
0.0070909517
0.0031645570
0.0078137209
0.0000000000
0.0037974684
0.0000000000
0.0
0.0021097046
0.0
0.0
0.0078137209
0.0
0.0021097046
0.0075346594
0.0
0.0058016878
0.0
0.0000000000
0.0068054988
0.0000000000
0.0
0.0
0.0
0.0000000000
0.0000000000
0.0000000000
0.0021097046
0.0044012804
0.0
0.0000000000
0.0000000000
0.0047468354
0.0000000000
0.0089940040
0.0063291139
0.0
0.0
0.0
0.0
0.0078273100
0.0
0.0031645570
0.0
0.0028129395
0.0000000000
0.0
0.0
0.0076068224
0.0000000000
0.0000000000
0.0
0.0000000000
0.0065928270
0.0
0.0000000000
0.0000000000
0.0000000000
0.0070909517
0.0
0.0021097046
0.0056258790
0.0000000000
0.0000000000
0.0
0.0033755274
0.0021097046
0.0021097046
0.0042194093
0.0
0.0000000000
0.0
0.0047468354
0.0
0.0
0.0021097046
0.0058602907
0.0000000000
0.0000000000
0.0068054988
0.0055494405
0.0083089906
0.0021097046
0.0
0.0021097046
0.0
0.0000000000
0.0000000000
0.0081374322
0.0056258790
0.0000000000
0.0
0.0000000000
0.0051456211
0.0028129395
0.0000000000
0.0000000000
0.0047468354
0.0
0.0
0.0
0.0000000000
0.0000000000
0.0021097046
0.0063818565
0.0028129395
0.0063291139
0.0058602907
0.0
0.0096443641
0.0000000000
0.0
0.0037505860
0.0000000000
0.0
0.0091169379
0.0
0.0037974684
0.0048221820
0.0021097046
0.0042194093
0.0021097046
0.0067510549
0.0100015627
0.0000000000
0.0028129395
0.0058602907
0.0000000000
0.0075011721
0.0
0.0000000000
0.0000000000
0.0021097046
0.0
0.0
0.0000000000
0.0047468354
0.0047468354
0.0000000000
0.0059349933
0.0000000000
0.0
0.0028129395
0.0000000000
0.0081142486
0.0028129395
0.0000000000
0.0028129395
0.0000000000
0.0078137209
0.0037974684
0.0120018753
0.0000000000
0.0
0.0000000000
0.0000000000
0.0042194093
0.0000000000
0.0000000000
0.0021097046
0.0028129395
0.0
0.0
0.0069044879
0.0021097046
0.0043816943
0.0000000000
0.0
0.0000000000
0.0
0.0047468354
0.0071063735
0.0052742616
0.0000000000
0.0000000000
0.0000000000
0.0
0.0028129395
0.0000000000
0.0000000000
0.0
0.0
0.0000000000
0.0021097046
0.0
0.0000000000
0.0000000000
0.0000000000
0.0000000000
0.0000000000
0.0000000000
0.0091169379
0.0000000000
0.0000000000
0.0031645570
0.0000000000
0.0000000000
0.0000000000
0.0000000000
0.0021097046
0.0021097046
0.0
0.0000000000
0.0021097046
0.0021097046
0.0000000000
0.0000000000
0.0000000000
0.0000000000
0.0000000000
0.0000000000
0.0
0.0021097046
0.0042194093
0.0033755274
0.0000000000
0.0000000000
0.0
0.0000000000
0.0000000000
0.0021097046
0.0
0.0000000000
0.0000000000
0.0000000000
0.0065928270
0.0000000000
0.0000000000
0.0000000000
0.0000000000
0.0069044879
0.0000000000
0.0037673297
0.0000000000
0.0000000000
0.0000000000
0.0
0.0000000000
0.0000000000
0.0000000000
0.0000000000
0.0000000000
0.0000000000
0.0000000000
0.0000000000
0.0000000000
0.0000000000
0.0
0.0000000000
0.0000000000
0.0
0.0000000000
0.0021097046
0.0067177437
0.0000000000
0.0000000000
0.0031645570
0.0000000000
0.0000000000
0.0000000000
0.0000000000
0.0000000000
0.0000000000
0.0000000000
0.0000000000
0.0000000000
0.0000000000
0.0000000000
0.0
0.0000000000
0.0021097046
0.0065863950
0.0000000000
0.0000000000
0.0047468354
0.0000000000
0.0
0.0000000000
0.0028129395
0.0000000000
0.0000000000
0.0028129395
0.0000000000
0.0000000000
0.0000000000
0.0000000000
0.0000000000
0.0000000000
0.0000000000
0.0000000000
0.0
0.0000000000
0.0000000000
0.0000000000
0.0000000000
0.0000000000
0.0000000000
0.0
0.0000000000
0.0021097046
0.0000000000
0.0058422590
0.0000000000
0.0000000000
0.0000000000
0.0000000000
0.0000000000
0.0021097046
0.0000000000
0.0000000000
0.0021097046
0.0000000000
0.0000000000
0.0000000000
0.0000000000
0.0000000000
0.0000000000
0.0
0.0021097046
0.0000000000
0.0000000000
0.0000000000
0.0000000000
0.0000000000
0.0000000000
0.0000000000
0.0000000000
0.0000000000
0.0000000000
0.0000000000
0.0000000000
0.0000000000
0.0021097046
0.0000000000
0.0
0.0000000000
0.0000000000
0.0021097046
0.0000000000
0.0000000000
0.0000000000
0.0
0.0000000000
0.0000000000
0.0000000000
0.0000000000
0.0000000000
0.0000000000
0.0000000000
0.0000000000
0.0000000000
0.0000000000
0.0000000000
0.0021097046
0.0000000000
0.0000000000
0.0000000000
0.0000000000
0.0000000000
0.0000000000
0.0000000000
0.0000000000
0.0000000000
0.0000000000
0.0000000000
0.0000000000
0.0000000000
0.0000000000
0.0000000000
0.0000000000
0.0000000000
0.0000000000
