0.0309278351
0.0
0.0
0.0
0.0000000000
0.0
0.0000000000
0.0
0.0
0.0401225968
0.0
0.0206185567
0.0
0.0
0.0
0.0
0.0103092784
0.0363065890
0.0
0.0
0.0
0.0
0.0
0.0380650278
0.0
0.0
0.0322725235
0.0530191458
0.0
0.0
0.0000000000
0.0
0.0
0.0
0.0
0.0251616285
0.0
0.0
0.0000000000
0.0
0.0
0.0
0.0491206792
0.0103092784
0.0
0.0
0.0
0.0
0.0
0.0
0.0274914089
0.0183276060
0.0231958763
0.0000000000
0.0000000000
0.0
0.0329896907
0.0
0.0000000000
0.0
0.0549828179
0.0000000000
0.0
0.0309278351
0.0424153166
0.0231958763
0.0
0.0154639175
0.0206185567
0.0
0.0000000000
0.0491206792
0.0269371467
0.0
0.0269371467
0.0000000000
0.0
0.0
0.0
0.0
0.0363065890
0.0
0.0
0.0463917526
0.0137457045
0.0103092784
0.0103092784
0.0
0.0412371134
0.0315858741
0.0000000000
0.0000000000
0.0000000000
0.0000000000
0.0000000000
0.0269371467
0.0
0.0103092784
0.0000000000
0.0000000000
0.0363065890
0.0363065890
0.0
0.0
0.0000000000
0.0
0.0154639175
0.0000000000
0.0
0.0
0.0
0.0000000000
0.0000000000
0.0000000000
0.0
0.0
0.0
0.0206185567
0.0000000000
0.0000000000
0.0103092784
0.0000000000
0.0000000000
0.0000000000
0.0000000000
0.0000000000
0.0269371467
0.0103092784
0.0000000000
0.0000000000
0.0000000000
0.0000000000
0.0000000000
0.0000000000
0.0000000000
0.0322725235
0.0000000000
0.0000000000
0.0000000000
0.0000000000
0.0000000000
0.0000000000
0.0
0.0000000000
0.0000000000
0.0000000000
0.0000000000
0.0103092784
0.0000000000
0.0137457045
0.0000000000
0.0000000000
0.0000000000
0.0000000000
0.0000000000
0.0000000000
0.0000000000
0.0000000000
