0.0
0.0
0.0
0.0
0.1377572713
0.0
0.1546712558
0.0
0.0
0.1250691016
0.0
0.1372149198
0.0
0.1294031794
0.0
0.1286073419
0.1044533156
0.1121864473
0.0
0.1497962306
0.0881600075
0.0801823381
0.0
0.0
0.0
0.1193581837
0.0839147423
0.1190862972
0.1390395863
0.1310247731
0.0
0.0
0.1403459986
0.1305340436
0.1306972112
0.1388549388
0.1270446767
0.1019081568
0.0759867507
0.0
0.0
0.1515329984
0.1316848475
0.1044533156
0.0
0.1297242791
0.0991068900
0.1284493476
0.0776226941
0.1086879095
0.1214375946
0.1244735344
0.1294031794
0.1130354259
0.1326875240
0.1444168079
0.1163045261
0.1558237987
0.0989193651
0.1436233090
0.0
0.1077915144
0.0000000000
0.1338767848
0.0
0.1364983929
0.0
0.1298854272
0.1217203363
0.1016110485
0.1308607871
0.1328561232
0.1338767848
0.1282917410
0.1215788011
0.1333645012
0.1106431417
0.1125487287
0.0674566251
0.1054009767
0.1166939385
0.1454210973
0.1264301922
0.0
0.1373952285
0.1184119693
0.1265832554
0.0853532808
0.0932718724
0.0039840637
0.1530860453
0.0
0.0682937746
0.1086879095
0.1101767850
0.1136497488
0.1044533156
0.1225765169
0.0978089513
0.1237370046
0.1079027543
0.1121864473
0.1058277013
0.0750594177
0.0981763088
0.1462346419
0.0
0.0986394046
0.1320173850
0.0
0.1059349229
0.1121864473
0.0000000000
0.1016110485
0.0039840637
0.1188156465
0.1026082129
0.0
0.0680271756
0.1199056983
0.1014139369
0.0000000000
0.0039840637
0.0000000000
0.0000000000
0.1148986472
0.0053120850
0.1188156465
0.1228645933
0.0878636714
0.0
0.0
0.0079681275
0.0039840637
0.1370350838
0.0000000000
0.1205971960
0.0913966512
0.0000000000
0.1148986472
0.1036251426
0.1259732156
0.0947939881
0.0
0.1217203363
0.1368557185
0.0950525172
0.0000000000
0.1088010082
0.1070192108
0.0000000000
0.1343930192
0.0776226941
0.1151517279
0.0801208957
0.0889853353
0.0000000000
0.0000000000
0.1102930052
0.0000000000
0.1208760334
0.0000000000
0.1113501266
0.0079681275
0.1244735344
0.1079027543
0.1089143426
0.0971726477
0.0559132454
0.1188156465
0.0
0.0
0.0000000000
0.0000000000
0.0000000000
0.0000000000
0.0
0.1105261828
0.1031141705
0.0
0.1172172297
0.0000000000
0.0878636714
0.0565482796
0.0000000000
0.0914766132
0.1070192108
0.0815583221
0.0000000000
0.0896721860
0.0079681275
0.1061500192
0.1068005811
0.0000000000
0.1210159363
0.0000000000
0.0675437784
0.1082378560
0.0000000000
0.0743125579
0.0
0.0565482796
0.0053120850
0.0
0.0874228837
0.0000000000
0.0000000000
0.0000000000
0.1025076166
0.0053120850
0.0000000000
0.0613242046
0.0
0.0000000000
0.0920402895
0.0925289990
0.0053120850
0.0000000000
0.0611806723
0.0880115900
0.0000000000
0.0560932237
0.1190862972
0.0000000000
0.0
0.1010219990
0.0000000000
0.0000000000
0.0619418062
0.1062578952
0.0039840637
0.0929402390
0.0
0.1092557669
0.1044533156
0.0000000000
0.0000000000
0.0000000000
0.0775076122
0.0000000000
0.0039840637
0.0000000000
0.0000000000
0.0000000000
0.0516334661
0.0053120850
0.1062578952
0.0000000000
0.0927753052
0.0000000000
0.1232992558
0.0000000000
0.0000000000
0.0039840637
0.0992951272
0.0806150878
0.0000000000
0.0000000000
0.0000000000
0.0000000000
0.0
0.0000000000
0.0877162491
0.0000000000
0.0000000000
0.0000000000
0.0039840637
0.1020075794
0.0039840637
0.0053120850
0.0000000000
0.1228645933
0.0000000000
0.0000000000
0.0000000000
0.0899808683
0.0000000000
0.0000000000
0.0000000000
0.0039840637
0.0039840637
0.0000000000
0.0000000000
0.0000000000
0.0000000000
0.0000000000
0.0000000000
0.0039840637
0.0000000000
0.1006330788
0.0000000000
0.0000000000
