0.0
0.0
0.0
0.0
0.0
0.0
0.0
0.2097127900
0.0
0.0
0.0
0.0
0.0
0.0
0.0
0.0
0.0
0.0
0.0
0.0
0.1547395344
0.0
0.0
0.1992271505
0.0
0.0
0.0
0.0
0.0
0.0
0.0
0.1847904005
0.1732410005
0.1998516871
0.0
0.0
0.0
0.0000000000
0.0
0.0
0.0
0.0
0.0
0.0
0.0
0.2369988408
0.0
0.0
0.0
0.0
0.0
0.0
0.0
0.1937771677
0.0
0.0
0.0
0.2190814027
0.0
0.1746648991
0.0
0.2043355390
0.0
0.2352497719
0.1547395344
0.1800923395
0.0000000000
0.0
0.1897401434
0.0
0.2111016165
0.2076634794
0.2190814027
0.0
0.0
0.2049925665
0.2490339382
0.1869580298
0.0
0.0
0.0
0.0000000000
0.1853275819
0.0
0.1566405115
0.2236936427
0.1800923395
0.0
0.2405761818
0.1746648991
0.0
0.1998516871
0.2146555157
0.2276881720
0.0
0.0
0.1554943614
0.1931899642
0.2161108074
0.1751447477
0.2309880006
0.0
0.2352497719
0.1677702320
0.0
0.0
0.0
0.1547395344
0.0
0.0
0.1766002442
0.1864113689
0.0
0.2352497719
0.1821505376
0.0
0.2104049115
0.0000000000
0.0
0.1864113689
0.1795850371
0.0
0.0
0.1998516871
0.1401157982
0.1998516871
0.1967675561
0.1842563242
0.0
0.1581952560
0.1514315634
0.1795850371
0.2125089606
0.2190814027
0.1926063087
0.1903065319
0.1547395344
0.1837253261
0.1398085267
0.1330953824
0.1593817204
0.2023894863
0.1967675561
0.0000000000
0.2146555157
0.0
0.2111016165
0.1660226254
0.0000000000
0.0
0.1746648991
0.0
0.0
0.1570263255
0.0000000000
0.1468955949
0.1514315634
0.0
0.0000000000
0.1920261692
0.2063193792
0.0000000000
0.1800923395
0.1926063087
0.0000000000
0.1961621175
0.0000000000
0.0
0.1737130468
0.1831973798
0.0000000000
0.0000000000
0.0000000000
0.0000000000
0.0000000000
