0.0
0.0
0.0
0.0
0.1350505887
0.0
0.1653205483
0.0
0.0
0.1283144888
0.0
0.1258645702
0.0
0.1380556411
0.0
0.1417668143
0.1063251107
0.1161613544
0.0
0.1576599549
0.0858214075
0.0791850674
0.0
0.0
0.0
0.1270777227
0.1130487779
0.1150212757
0.1524198119
0.1311872012
0.0
0.0
0.1548818059
0.1384179919
0.1380556411
0.1477234031
0.1325056656
0.1037114157
0.0804534781
0.0
0.0
0.1564903706
0.1378751762
0.1056858816
0.0
0.1333432488
0.1017111956
0.1359207601
0.0757719180
0.1140264971
0.1174549107
0.1272310130
0.1315143514
0.1198573975
0.1362719765
0.1460865787
0.1216545672
0.1555671236
0.1037114157
0.1502485895
0.0
0.1112600314
0.0000000000
0.1436982422
0.0
0.1338509008
0.0
0.1300548826
0.1264682372
0.0985743082
0.1343624329
0.1413867424
0.1393322454
0.1373366013
0.1292579777
0.1397013375
0.1148959802
0.1164177812
0.0849915470
0.1074078511
0.1235064518
0.1542024997
0.1242338160
0.0
0.1469004315
0.1166753427
0.1338509008
0.0874581342
0.0938385319
0.0039215686
0.1574246415
0.0
0.0833790591
0.1095270091
0.1125661791
0.1117314722
0.1063251107
0.1286274510
0.0998811646
0.1266200598
0.1093000102
0.1147709573
0.1042238239
0.0974810627
0.1032040213
0.1504629241
0.0
0.1036095381
0.1423407690
0.0
0.1134134514
0.1160335641
0.0000000000
0.1025019532
0.0039215686
0.1245271662
0.1035078605
0.0
0.0715566552
0.1212350687
0.1023031133
0.0000000000
0.0039215686
0.0000000000
0.0000000000
0.1156518748
0.0052287582
0.1245271662
0.1260149460
0.0855429925
0.0
0.0
0.0078431373
0.0039215686
0.1378751762
0.0000000000
0.1216545672
0.0948511779
0.0000000000
0.1199937540
0.1088488233
0.1269248012
0.1054745098
0.0
0.1267722474
0.1517618846
0.0995042545
0.0000000000
0.1137804852
0.1110257998
0.1109090534
0.1438942835
0.0757719180
0.1181125530
0.0827251057
0.0928472798
0.0000000000
0.0000000000
0.1160335641
0.0000000000
0.1273846737
0.0000000000
0.1177170868
0.0078431373
0.1260149460
0.1102136989
0.1148959802
0.0998811646
0.0673958529
0.1245271662
0.0
0.0
0.0000000000
0.0000000000
0.0000000000
0.0000000000
0.0
0.1169340463
0.1072985858
0.0
0.1270777227
0.0000000000
0.0855429925
0.1082900511
0.0000000000
0.0902262701
0.1136578769
0.0819537761
0.0000000000
0.0945112095
0.0078431373
0.1109090534
0.1116132379
0.0000000000
0.1316785391
0.0000000000
0.0851287408
0.1177170868
0.0000000000
0.1284707793
0.0
0.0819537761
0.0052287582
0.0
0.0913990553
0.0000000000
0.0039215686
0.0000000000
0.1057918855
0.0052287582
0.0000000000
0.0754467166
0.0
0.0000000000
0.0949365525
0.0943421376
0.0052287582
0.0000000000
0.0752314621
0.0886340419
0.0000000000
0.0676552340
0.1232178853
0.0000000000
0.0
0.1064324014
0.0000000000
0.0000000000
0.0938385319
0.1099838476
0.0039215686
0.0945112095
0.0
0.1239418447
0.1054745098
0.0000000000
0.0000000000
0.0000000000
0.0779560309
0.0000000000
0.0039215686
0.0000000000
0.0000000000
0.0000000000
0.0612511671
0.0052287582
0.1046374105
0.0000000000
0.0995982151
0.0000000000
0.1252666387
0.0000000000
0.0000000000
0.0039215686
0.1062180361
0.0827900391
0.0823376345
0.0000000000
0.0000000000
0.0000000000
0.0
0.0000000000
0.0883371104
0.0000000000
0.0000000000
0.0000000000
0.0039215686
0.1094133919
0.0039215686
0.0052287582
0.0000000000
0.1280030459
0.0000000000
0.0039215686
0.0000000000
0.0908479843
0.0000000000
0.0000000000
0.0000000000
0.0039215686
0.0039215686
0.0000000000
0.0000000000
0.0000000000
0.0000000000
0.0000000000
0.0000000000
0.0039215686
0.0000000000
0.0976615832
0.0039215686
0.0000000000
0.0039215686
0.0000000000
0.0000000000
0.0000000000
