0.0
0.0
0.0
0.0
0.0
0.0
0.0
0.0
0.0
0.0
0.0
0.0
0.0
0.0
0.0
0.0
0.0
0.0
0.0
0.0
0.0
0.0
0.0
0.0
0.0
0.0
0.0
0.0
0.0
0.0
0.0
0.0
0.0
0.0
0.0
0.0
0.0
0.0
0.0
0.0
0.0
0.0
0.0
0.0
0.0
0.0
0.0
0.0
0.0
0.0
0.0
0.0
0.0
0.0
0.0
0.0
0.0
0.0
0.0
0.0
0.0356144068
0.0
0.0
0.0
0.0
0.0
0.0
0.0
0.0
0.0
0.0
0.0
0.0
0.0
0.0
0.0150000000
0.0
0.0
0.0
0.0389120370
0.0
0.0
0.0
0.0
0.0
0.0
0.0622592593
0.0
0.0
0.0
0.0
0.0
0.0
0.0
0.0
0.0
0.0
0.0
0.0
0.0
0.0
0.0
0.0
0.0
0.0
0.0
0.0
0.0
0.0
0.0459289617
0.0
0.0
0.0
0.0
0.0
0.0
0.0
0.0
0.0542258065
0.0560333333
0.0
0.0560333333
0.0
0.0
0.0
0.0
0.0
0.0
0.0
0.0
0.0
0.0
0.0
0.0503293413
0.0
0.0
0.0
0.0
0.0
0.0424494949
0.0
0.0
0.0
0.0
0.0
0.0
0.0
0.0
0.0
0.0
0.0358422175
0.0
0.0200000000
0.0
0.0
0.0
0.0356144068
0.0
0.0225000000
0.0
0.0
0.0000000000
0.0
0.0150000000
0.0225000000
0.0
0.0
0.0535350318
0.0
0.0
0.0
0.0000000000
0.0
0.0
0.0
0.0000000000
0.0
0.0
0.0
0.0000000000
0.0
0.0
0.0425569620
0.0466944444
0.0000000000
0.0
0.0
0.0
0.0225000000
0.0
0.0
0.0420250000
0.0604676259
0.0
0.0
0.0
0.0
0.0
0.0497337278
0.0
0.0
0.0
0.0
0.0
0.0225000000
0.0
0.0583680556
0.0
0.0
0.0000000000
0.0
0.0
0.0
0.0
0.0
0.0100000000
0.0
0.0604676259
0.0000000000
0.0
0.0200000000
0.0
0.0636742424
0.0622592593
0.0
0.0150000000
0.0
0.0000000000
0.0
0.0631954887
0.0522049689
0.0
0.0000000000
0.0390023202
0.0
0.0461813187
0.0000000000
0.0
0.0
0.0
0.0454324324
0.0100000000
0.0225000000
0.0583680556
0.0357659574
0.0
0.0
0.0
0.0329607843
0.0542258065
0.0150000000
0.0
0.0385550459
0.0000000000
0.0225000000
0.0
0.0
0.0424494949
0.0000000000
0.0433247423
0.0
0.0410000000
0.0464364641
0.0
0.0
0.0150000000
0.0
0.0000000000
0.0000000000
0.0133333333
0.0000000000
0.0000000000
0.0000000000
0.0133333333
0.0509393939
0.0444708995
0.0
0.0000000000
0.0000000000
0.0000000000
0.0000000000
0.0483045977
0.0000000000
0.0000000000
0.0389120370
0.0000000000
0.0000000000
0.0150000000
0.0
0.0414039409
0.0000000000
0.0000000000
0.0000000000
0.0000000000
0.0000000000
0.0000000000
0.0000000000
0.0133333333
0.0133333333
0.0000000000
0.0000000000
0.0330255403
0.0000000000
0.0512500000
0.0000000000
0.0000000000
0.0000000000
0.0000000000
