0.0
0.0
0.0
0.0
0.1217218144
0.0
0.1544397509
0.0
0.0
0.0826313841
0.0
0.1341227510
0.0
0.1428852490
0.0
0.1320332047
0.0997044862
0.1276818279
0.0
0.0
0.1341227510
0.0788819670
0.0
0.0
0.0
0.1371062702
0.1086523247
0.1321618921
0.1451799799
0.1280435328
0.0
0.0
0.1436420564
0.1326791598
0.1338579479
0.1358698409
0.1310126582
0.1165933803
0.1161937457
0.0
0.0
0.1472292088
0.1451799799
0.1155994043
0.0
0.1272027216
0.1204246015
0.1273221608
0.1114199682
0.1162933973
0.1219407385
0.1175026874
0.1372450418
0.1286509500
0.1308861981
0.1399361210
0.1231590384
0.0
0.1064349303
0.1416908059
0.0
0.0944934504
0.0789738505
0.1385067429
0.0
0.1330697755
0.0
0.1149136451
0.1255537975
0.1238338824
0.1442532992
0.1408079972
0.1165933803
0.1421363745
0.1324200208
0.1253217202
0.1052780289
0.0031645570
0.0869218598
0.1150111122
0.1269645143
0.1530452610
0.1216126469
0.0
0.1402255442
0.1179113924
0.1322908305
0.0
0.0889167877
0.0769132735
0.1424349803
0.0
0.1190501328
0.1028037159
0.1091772152
0.0
0.0997044862
0.1221604516
0.1064349303
0.1308861981
0.1278021690
0.1261377686
0.1026480706
0.0997044862
0.1168949149
0.1386483653
0.0
0.1077886338
0.1490089025
0.0
0.1127166262
0.1148163432
0.0000000000
0.1114199682
0.0725899900
0.1244019278
0.1054417584
0.0
0.0989045232
0.1255537975
0.1056059979
0.1178089498
0.0653799910
0.1153045079
0.0000000000
0.1212863160
0.0814892435
0.1241740854
0.0000000000
0.1047089585
0.0
0.0
0.0743410643
0.0031645570
0.1387902777
0.0031645570
0.1275617133
0.0997778523
0.0924322435
0.1246306078
0.1101528036
0.1215036750
0.1019534596
0.0
0.0903385085
0.1470695241
0.1134712144
0.0000000000
0.1205316456
0.1128104004
0.0769569247
0.1422855207
0.1154026394
0.1269645143
0.1022610115
0.0926216539
0.0000000000
0.0000000000
0.1159949540
0.0945593454
0.1274418245
0.0000000000
0.1169957733
0.0927483593
0.1334626981
0.1133763389
0.1298832388
0.0031645570
0.0689014742
0.1390749757
0.0
0.0
0.0000000000
0.0
0.0977635914
0.0819323875
0.0
0.1287731256
0.1030380709
0.0
0.0939695781
0.0000000000
0.1042260579
0.1237208953
0.0000000000
0.0896220101
0.1135662490
0.0
0.0000000000
0.1083051927
0.1003686908
0.1094415668
0.1199983197
0.1116033755
0.1253217202
0.0000000000
0.1036682731
0.1319047678
0.1135662490
0.1233831677
0.0
0.0974124291
0.1182197919
0.0
0.1148163432
0.0063291139
0.0
0.0000000000
0.1089141376
0.0870893393
0.0000000000
0.1179113924
0.0
0.0999249088
0.0964424618
0.1077886338
0.1074469899
0.0000000000
0.0
0.1075321977
0.0000000000
0.1162933973
0.1339902186
0.0000000000
0.0
0.1266088714
0.0000000000
0.0000000000
0.1143322945
0.1278021690
0.0958968184
0.1183229505
0.0
0.1368295674
0.1252060030
0.0705138332
0.1186335094
0.0000000000
0.1151087447
0.0000000000
0.0904590402
0.0000000000
0.0000000000
0.0000000000
0.0995580773
0.0838059958
0.1032734968
0.0000000000
0.1100633939
0.0000000000
0.1210697333
0.0000000000
0.0999249088
0.1118796215
0.0822305041
0.0841179288
0.1141398159
0.1145254234
0.1237208953
0.1126230077
0.0
0.0000000000
0.0910054371
0.0000000000
0.0689365029
0.1046281646
0.0795296782
0.1052780289
0.0031645570
0.0000000000
0.0000000000
0.1366916343
0.0859848454
0.0000000000
0.0031645570
0.0
0.0000000000
0.0000000000
0.0000000000
0.0869218598
0.0031645570
0.1202110827
0.0000000000
0.0000000000
0.0689014742
0.0000000000
0.0000000000
0.0031645570
0.0031645570
0.1104219066
0.0
0.0935804702
0.1041460071
0.0000000000
0.0000000000
0.0954244203
0.0942963152
0.0000000000
0.0853354948
0.0000000000
0.0000000000
0.0000000000
0.0967866533
0.1077030193
0.0000000000
0.0000000000
0.0000000000
0.0031645570
0.0770006254
0.0000000000
0.0000000000
0.0000000000
0.0000000000
0.0031645570
0.0031645570
0.0885105100
0.0042194093
0.0000000000
0.0963054696
0.0945593454
0.0000000000
0.1215036750
0.0689365029
0.0000000000
0.0000000000
0.0000000000
0.0042194093
0.0000000000
0.0000000000
0.0000000000
0.0000000000
0.0000000000
0.1042260579
0.0000000000
0.0000000000
0.0000000000
0.0000000000
0.0000000000
0.0000000000
0.0000000000
0.1064349303
0.0031645570
0.0000000000
0.0000000000
0.0000000000
0.0000000000
0.0000000000
0.0980463494
0.0000000000
0.0000000000
0.0000000000
0.0000000000
0.0000000000
0.0000000000
0.0000000000
0.0000000000
0.0000000000
0.0000000000
0.0000000000
0.0000000000
0.0031645570
0.0000000000
0.0000000000
0.0000000000
0.0000000000
0.0000000000
0.0000000000
