0.0
0.0
0.0
0.0
0.0
0.0
0.0
0.0
0.0
0.0
0.0
0.0
0.0
0.0
0.0
0.1257206981
0.0
0.0
0.0
0.0
0.0
0.0
0.0
0.0
0.0
0.0
0.0
0.0
0.0
0.0000000000
0.0
0.1206999034
0.0
0.0
0.0
0.0
0.1079401993
0.0819502598
0.0893122217
0.0
0.1263514039
0.0
0.0
0.1106268514
0.0991576634
0.0
0.0
0.0
0.0
0.1055281278
0.0
0.0
0.0978732377
0.0
0.1157092489
0.0
0.0
0.0
0.0
0.0
0.0
0.0
0.0
0.0
0.0
0.0
0.0
0.0
0.0
0.0
0.1164224030
0.1148299993
0.1129419126
0.0
0.1076326774
0.0
0.1236630762
0.0
0.0645796064
0.0
0.1344450881
0.1316343894
0.0
0.1082494836
0.1368806876
0.0853764289
0.0
0.1257206981
0.1323259887
0.1010135555
0.0
0.0
0.0
0.0
0.0
0.0
0.0000000000
0.0986398688
0.0
0.0
0.0
0.1019677996
0.0000000000
0.0077519380
0.0
0.0
0.0
0.0
0.0
0.1354088522
0.0000000000
0.0000000000
0.1195540183
0.1022437612
0.0951613848
0.1216717223
0.1325581395
0.0000000000
0.0
0.0
0.0
0.0
0.0933969586
0.1175087707
0.0
0.0956432146
0.0
0.0
0.0
0.0
0.0
0.1055281278
0.0791184707
0.0
0.0707473217
0.0999446290
0.1175087707
0.0
0.0
0.0833055563
0.1112785560
0.0
0.0588917689
0.0
0.0716870394
0.0
0.0797868422
0.0
0.1250962575
0.0893122217
0.0000000000
0.0000000000
0.0905972896
0.0939777855
0.0
0.0800404020
0.1043620712
0.1036462819
0.0981274539
0.0877562596
0.0787884667
0.0
0.1150047786
0.1026605157
0.1136212625
0.0000000000
0.1002097341
0.1007441860
0.0
0.0981274539
0.0
0.1007441860
0.1058237248
0.0
0.0645796064
0.0865499880
0.0
0.0
0.1028001898
0.0000000000
0.0588917689
0.0
0.0823073415
0.0000000000
0.0000000000
0.0823970987
0.0911437148
0.0885792961
0.0875528847
0.0996809229
0.0
0.1178754127
0.0981274539
0.0
0.0000000000
0.0792014041
0.0887874730
0.1019677996
0.0
0.0000000000
0.0116279070
0.0996809229
0.0647456209
0.0769431156
0.0854730085
0.0
0.0
0.0909243556
0.0000000000
0.0
0.0000000000
0.0988980884
0.0
0.0
0.1090305044
0.0
0.0869483769
0.0
0.1049418605
0.0
0.0
0.0000000000
0.0000000000
0.0058139535
0.0000000000
0.0966216618
0.0000000000
0.0000000000
0.1267754019
0.0000000000
0.0895238620
0.0980001810
0.0732862653
0.0875528847
0.0688770643
0.0767867272
0.1099827359
0.0943297622
0.0000000000
0.0787063953
0.0801252805
0.0
0.0929374410
0.0000000000
0.0867487251
0.0929374410
0.0058139535
0.0000000000
0.0
0.0732862653
0.0000000000
0.0
0.0933969586
0.0077519380
0.0000000000
0.0000000000
0.0
0.0000000000
0.0000000000
0.0000000000
0.0000000000
0.0000000000
0.0
0.0000000000
0.0980001810
0.0000000000
0.0706811408
0.0000000000
0.1043620712
0.0877562596
0.0000000000
0.0
0.0000000000
0.0640323216
0.0000000000
0.0000000000
0.0713485737
0.0000000000
0.0836745731
0.0875528847
0.0815962630
0.0000000000
0.0000000000
0.0584363028
0.0000000000
0.0000000000
0.0000000000
0.0000000000
0.0000000000
0.0000000000
0.0000000000
0.0000000000
0.0000000000
0.0000000000
