0.0
0.0
0.0
0.0
0.1247285294
0.0
0.1453465024
0.0
0.0
0.1148115229
0.0
0.1219872431
0.0
0.1329441811
0.0
0.1288921814
0.0
0.1286121839
0.0
0.0
0.1471527970
0.0996149332
0.0
0.0
0.0
0.1237724222
0.1236001572
0.1253446901
0.1330437647
0.1288921814
0.0
0.0
0.1422045043
0.1250798774
0.1390864729
0.1293615629
0.1303106573
0.1200090716
0.1249918550
0.0
0.0
0.1453465024
0.1390864729
0.1337450496
0.0
0.1354793485
0.1396331965
0.1240317220
0.1197663020
0.1177027342
0.1337450496
0.1084993439
0.1381130839
0.1363111481
0.1325473328
0.0
0.1321528467
0.0
0.1061012102
0.1437001828
0.0
0.1036251026
0.1286121839
0.1365206963
0.0
0.1420907407
0.0
0.0922188089
0.1241183969
0.1364158417
0.1382205649
0.1396331965
0.1111473254
0.1368362295
0.1225765534
0.1255218558
0.1161631301
0.0886294541
0.0934315760
0.1231715852
0.1270482303
0.1334435957
0.1374716919
0.0
0.1340478686
0.1294558498
0.1295502742
0.0
0.0968448342
0.0987289749
0.1303106573
0.0
0.1285191215
0.1138547602
0.0023148148
0.0
0.0928454919
0.1267761784
0.1246410006
0.1301197260
0.1332433803
0.1287053811
0.1170048919
0.1093005698
0.1285191215
0.1348621305
0.0
0.1137089795
0.1415246422
0.0
0.1267761784
0.1344537668
0.1157845019
0.1188844886
0.1154833719
0.1153333935
0.1383282133
0.0
0.1236862298
0.1399632986
0.1152585502
0.1211551336
0.0979125832
0.1186462431
0.0000000000
0.1380057700
0.0
0.1106625707
0.0000000000
0.1305021498
0.0
0.0
0.1138547602
0.1112866077
0.1347598072
0.0897944519
0.1109390543
0.1228308616
0.1295502742
0.1320545918
0.1233426569
0.1132738686
0.1244663111
0.0
0.0000000000
0.1364158417
0.1188049672
0.0000000000
0.1411871430
0.1172365848
0.1179372018
0.1314681169
0.1244663111
0.1210725466
0.1273214523
0.1168509381
0.0000000000
0.0000000000
0.1147373552
0.1118472455
0.1375781765
0.0000000000
0.1091662114
0.0990041393
0.1220710831
0.1142208527
0.1210725466
0.1025481674
0.1071897561
0.1303106573
0.0
0.0
0.0779006254
0.0
0.1100454931
0.1097734400
0.0
0.1302151216
0.1062916971
0.0
0.0914119536
0.1047248974
0.1125560367
0.1311768286
0.1073841753
0.1178589422
0.1133461557
0.0
0.0000000000
0.1161631301
0.1010315278
0.1343520620
0.0963719077
0.1100454931
0.1373653719
0.1009167193
0.1132738686
0.1422045043
0.1137089795
0.0
0.0
0.1179372018
0.1196855970
0.0
0.1134910070
0.0888956086
0.0
0.1312737812
0.0
0.0873222350
0.1086985471
0.1310800191
0.0
0.1019594868
0.0992808418
0.1271391739
0.1076445006
0.1143679497
0.0
0.1326463226
0.0000000000
0.1321528467
0.1325473328
0.0000000000
0.0
0.1247285294
0.0000000000
0.0000000000
0.1198471160
0.1343520620
0.1057852447
0.1252562947
0.0
0.1382205649
0.1258776938
0.1071897561
0.1305981073
0.0
0.1276875815
0.0
0.1253446901
0.0000000000
0.0046296296
0.0000000000
0.1262355550
0.0908508573
0.1262355550
0.0000000000
0.1265052891
0.1251680239
0.0970035095
0.0000000000
0.1122714450
0.1264152498
0.0800421027
0.0860113443
0.1263253385
0.1114961870
0.1410750007
0.0000000000
0.0
0.0000000000
0.0978586369
0.1009167193
0.1056593848
0.1137089795
0.1129856399
0.1184089506
0.0865140896
0.0000000000
0.0023148148
0.1383282133
0.1037461600
0.1132738686
0.0
0.0
0.0000000000
0.0000000000
0.0000000000
0.1137089795
0.0998389128
0.1125560367
0.1015514156
0.0762616685
0.1270482303
0.0030864198
0.1031436852
0.0948789668
0.0046296296
0.1316630289
0.0
0.0937768880
0.1089652920
0.0922188089
0.1217364126
0.1150346023
0.1173915571
0.0000000000
0.1024889936
0.1205793794
0.0000000000
0.0974291969
0.1002899074
0.1084331050
0.0000000000
0.1057222773
0.0000000000
0.0030864198
0.1026667202
0.0000000000
0.1078405743
0.1205793794
0.0000000000
0.1157090723
0.0892529779
0.1147373552
0.1029046500
0.1057222773
0.1132738686
0.1236862298
0.1119177227
0.1160113821
0.0885410897
0.0
0.0000000000
0.0000000000
0.0781749234
0.0697069960
0.0000000000
0.0961111612
0.0000000000
0.1143679497
0.1305981073
0.0000000000
0.0000000000
0.1085656638
0.1145893070
0.0000000000
0.0000000000
0.1015514156
0.1130575595
0.1041110351
0.0023148148
0.0000000000
0.1078405743
0.1011465979
0.0000000000
0.0984553359
0.0968448342
0.1264152498
0.0000000000
0.0000000000
0.0996708339
0.0000000000
0.1252562947
0.1026074095
0.0779006254
0.0000000000
0.0030864198
0.1095702813
0.0000000000
0.0
0.1029643049
0.1214866114
0.0841769791
0.0000000000
0.0974291969
0.1119882887
0.0000000000
0.1224075988
0.0000000000
0.0000000000
0.0000000000
0.0000000000
0.0000000000
0.0929913225
0.1125560367
0.0000000000
0.1008594128
0.0800421027
0.0000000000
0.0000000000
0.0787992129
0.0000000000
0.0841769791
0.0023148148
0.1219035181
0.0000000000
0.0000000000
0.0000000000
0.0000000000
0.0000000000
0.0927969832
0.0000000000
0.0000000000
0.0000000000
0.0000000000
0.1216530315
0.0000000000
0.0030864198
0.1265052891
0.0872364567
0.0944250005
0.1147373552
0.0000000000
0.0000000000
0.0023148148
0.0000000000
0.1107315623
0.0000000000
0.0023148148
0.0000000000
0.0000000000
0.0000000000
0.0023148148
0.0000000000
0.0000000000
0.1137089795
0.0023148148
0.0000000000
0.0000000000
0.0000000000
0.0787992129
0.0000000000
0.1037461600
0.0000000000
0.0000000000
0.0000000000
0.0000000000
0.0023148148
0.0000000000
0.0000000000
0.0000000000
0.0000000000
0.0000000000
0.0000000000
0.0000000000
0.0000000000
0.0000000000
0.0000000000
0.0000000000
0.0023148148
0.0000000000
0.0000000000
0.0000000000
0.0000000000
0.0000000000
0.0000000000
0.0000000000
0.0000000000
0.0000000000
0.0000000000
0.0000000000
0.0000000000
0.0000000000
0.1178589422
0.0000000000
0.1091662114
0.0000000000
0.0000000000
0.0000000000
0.0000000000
0.0849418584
0.0000000000
0.0000000000
0.0000000000
0.0000000000
0.0000000000
0.0000000000
0.0000000000
0.0000000000
0.0000000000
0.0000000000
0.0000000000
0.0000000000
0.0000000000
0.0000000000
0.0000000000
0.0000000000
0.0000000000
0.0000000000
0.0000000000
0.1015514156
0.0000000000
0.0000000000
0.0000000000
0.0000000000
0.0000000000
0.0000000000
0.0000000000
0.0000000000
0.0000000000
0.0000000000
