0.0
0.0
0.0
0.0
0.0
0.0
0.0
0.0
0.0
0.0
0.0
0.0
0.0
0.0
0.0
0.0
0.0
0.0
0.0
0.0
0.0
0.0
0.0
0.0
0.0
0.0
0.0
0.0
0.0
0.0821467689
0.0
0.0865776805
0.0
0.0
0.0
0.0
0.0
0.0714215175
0.0
0.0
0.0968927338
0.0
0.0
0.0
0.0
0.0
0.0
0.0
0.0
0.0873839196
0.0
0.0
0.0953030873
0.0
0.0912400537
0.0
0.0
0.0
0.0
0.0
0.0
0.0
0.0
0.0
0.0
0.0
0.0
0.0
0.0
0.0
0.1019966152
0.1045312355
0.0
0.0
0.0000000000
0.0
0.0941991906
0.0
0.0739769265
0.0
0.0
0.0
0.0
0.0
0.0697074010
0.0873213685
0.0
0.0868860056
0.0
0.0898953219
0.0
0.0
0.0
0.0
0.0
0.0
0.0000000000
0.0565282446
0.0
0.0
0.0
0.0754409102
0.0744737191
0.0
0.0
0.0
0.0
0.0
0.0
0.1017414110
0.0822021239
0.0
0.0863325915
0.0826476638
0.0
0.0962809407
0.0
0.0
0.0
0.0
0.0
0.0
0.0710057927
0.0
0.0
0.0700275269
0.0
0.0
0.0
0.0
0.0
0.0
0.0
0.0
0.0
0.0811090105
0.0694296823
0.0
0.0
0.1093082005
0.0
0.0
0.0863937336
0.0
0.0800971450
0.0
0.0
0.0
0.0967390577
0.0745192131
0.0077108434
0.0
0.0
0.0
0.0
0.0969697550
0.0912400537
0.0
0.0795227848
0.0908324287
0.0
0.0
0.0951544086
0.0
0.0734424755
0.0654793085
0.0000000000
0.0
0.0
0.0830980598
0.0
0.0
0.0
0.0
0.0835533916
0.0700677495
0.0
0.0
0.0810012960
0.0000000000
0.0724394013
0.0
0.0741568096
0.0000000000
0.0774526678
0.0
0.0
0.0955269787
0.0821467689
0.0992578941
0.0
0.0843623456
0.0861496835
0.0
0.0
0.0848316772
0.0615789762
0.0876980243
0.0
0.0
0.1136886783
0.0941991906
0.0
0.0801497712
0.0774526678
0.0
0.0
0.0
0.0760997828
0.0
0.0000000000
0.0
0.0
0.0
0.0048192771
0.0
0.0
0.0
0.0000000000
0.0
0.0
0.0715052472
0.0060240964
0.0
0.0
0.0982981078
0.0
0.0610244881
0.0
0.0744737191
0.0
0.0948584384
0.0
0.0
0.0788035864
0.0803080657
0.0812711205
0.0024096386
0.0
0.1067261171
0.0846550672
0.0
0.0
0.0048192771
0.0908324287
0.0050200803
0.0
0.0714633578
0.0
0.0769154803
0.0
0.0
0.0
0.0
0.0
0.0698271046
0.0
0.1019966152
0.0823686373
0.0728721337
0.0554742846
0.0054764513
0.0
0.0
0.0562156460
0.0882691402
0.0
0.0000000000
0.0
0.0
0.0086058520
0.0
0.0672109927
0.0888477435
0.1020819680
0.0715891736
0.0822021239
0.0024096386
0.0620488056
0.0024096386
0.0075301205
0.0024096386
0.0874465604
0.0888477435
0.0644756616
0.0
0.0
0.1174090008
0.0000000000
0.0
0.0
0.0
0.0986159675
0.0818161984
0.0
0.0
0.0000000000
0.0676583205
0.0747017464
0.0
0.0
0.0878242994
0.0024096386
0.0720968982
0.0
0.0
0.0
0.0
0.0
0.0
0.0712546447
0.0860281748
0.0
0.0893684629
0.0920663787
0.0633045936
0.0981399451
0.0
0.0000000000
0.0
0.0
0.0787527126
0.0
0.0000000000
0.0859675488
0.0
0.0959779322
0.0655496786
0.0755343355
0.1016566265
0.0884611688
0.0
0.0618600161
0.0931205739
0.0846550672
0.0803080657
0.0753477158
0.0742922971
0.0790077408
0.0823686373
0.0
0.0
0.0
0.0731342637
0.0
0.0
0.0888477435
0.0484271345
0.0
0.0054764513
0.0797306875
0.0
0.0
0.0024096386
0.0
0.0024096386
0.0
0.0
0.0842458231
0.0000000000
0.0629452796
0.0655144747
0.0
0.0662617881
0.0
0.0770612456
0.0
0.0000000000
0.0024096386
0.0
0.0821467689
0.0000000000
0.0694692208
0.0
0.0707586727
0.0804139432
0.0100401606
0.0024096386
0.0000000000
0.0713797260
0.0717154332
0.0060240964
0.0000000000
0.0652691021
0.0000000000
0.0000000000
0.0902945609
0.0811090105
0.0024096386
0.0878242994
0.0705948795
0.0000000000
0.0785498724
0.0
0.0819811504
0.0676583205
0.0598860834
0.0894339823
0.0953030873
0.0000000000
0.0759576288
0.0086058520
0.0
0.0835533916
0.0617035669
0.0
0.0
0.0787527126
0.0627510040
0.0000000000
0.0
0.0699472201
0.0
0.0684172472
0.0000000000
0.0670631951
0.0687256067
0.0764814745
0.0000000000
0.0024096386
0.0687256067
0.0761948481
0.0776498738
0.0791615521
0.0512554419
0.0870099514
0.0632061926
0.0883970665
0.0
0.0824800215
0.0
0.0781473106
0.0060240964
0.0531075106
0.0000000000
0.0
0.0620488056
0.0024096386
0.0632717592
0.0808938672
0.0619857479
0.0000000000
0.0730466777
0.0857258973
0.0000000000
0.0
0.0955269787
0.0024096386
0.0024096386
0.0694296823
0.0000000000
0.0
0.0000000000
0.0
0.0847138554
0.0652691021
0.0897630256
0.0000000000
0.0
0.0000000000
0.0
0.0000000000
0.0772564609
0.0782475637
0.0656908733
0.0000000000
0.0818161984
0.0909678984
0.0
0.0821467689
0.0054764513
0.0709232278
0.0000000000
0.0811090105
0.0626865117
0.0794709784
0.0756279924
0.0689977103
0.0000000000
0.0567122045
0.0
0.0615789762
0.0782977868
0.0876980243
0.0000000000
0.0000000000
0.0503458324
0.0720968982
0.0663338509
0.0000000000
0.0781473106
0.0632717592
0.0863325915
0.0000000000
0.0
0.0064257028
0.0616100767
0.0000000000
0.0644075775
0.0000000000
0.0752547513
0.0633703646
0.0811090105
0.0000000000
0.0032128514
0.0000000000
0.0712546447
0.0000000000
0.0000000000
0.0000000000
0.0024096386
0.0000000000
0.0000000000
0.0000000000
0.0024096386
0.0000000000
0.0000000000
0.0024096386
0.0024096386
0.0000000000
0.0024096386
0.0
0.0555500691
0.0000000000
0.0000000000
0.0000000000
0.0000000000
0.0000000000
0.0000000000
0.0
0.0024096386
0.0586762635
0.0468463717
0.0859070083
0.0000000000
0.0000000000
0.0042838019
0.0000000000
0.0000000000
0.0656908733
0.0000000000
0.0024096386
0.0
0.0000000000
0.0822575535
0.0000000000
0.0626221519
0.0000000000
0.0000000000
0.0737532961
0.0000000000
0.0000000000
0.0000000000
0.0444724578
0.0000000000
0.0000000000
0.0048192771
0.0054764513
0.0000000000
0.0
0.0000000000
0.0
0.0000000000
0.0746103681
0.0483887155
0.0000000000
0.0000000000
0.0
0.0000000000
0.0715471858
0.0000000000
0.0656202000
0.0024096386
0.0000000000
0.0698670973
0.0024096386
0.0000000000
0.0024096386
0.0000000000
0.0000000000
0.0000000000
0.0000000000
0.0000000000
0.0000000000
0.0000000000
0.0
0.0000000000
0.0000000000
0.0732660371
0.0698271046
0.0714633578
0.0000000000
0.0771587298
0.0000000000
0.0000000000
0.0000000000
0.0000000000
0.0024096386
0.0000000000
0.0000000000
0.0000000000
0.0807867231
0.0539530968
0.0000000000
0.0000000000
0.0000000000
0.0000000000
0.0000000000
0.0000000000
0.0753012048
0.0620803826
0.0000000000
0.0000000000
0.0000000000
0.0000000000
0.0000000000
0.0032128514
0.0000000000
0.0000000000
0.0000000000
0.0756279924
0.0000000000
0.0000000000
0.0610244881
0.0000000000
0.0000000000
0.0000000000
0.0000000000
0.0000000000
0.0000000000
0.0000000000
0.0000000000
0.0000000000
0.0000000000
0.0000000000
0.0000000000
0.0000000000
0.0000000000
0.0000000000
0.0000000000
0.0000000000
0.0024096386
0.0000000000
0.0000000000
0.0000000000
0.0000000000
0.0000000000
0.0000000000
0.0000000000
0.0000000000
0.0000000000
0.0000000000
0.0000000000
0.0000000000
0.0000000000
