0.0782247765
0.0
0.0
0.0
0.0000000000
0.0
0.0500408497
0.0
0.0
0.0716374269
0.0
0.0648148148
0.0
0.0
0.0
0.0
0.0111111111
0.0872507123
0.0
0.0
0.0
0.0
0.0
0.0694444444
0.0
0.0
0.0496755880
0.0723995272
0.0
0.0
0.0111111111
0.0
0.0
0.0
0.0
0.0642033543
0.0
0.0
0.0000000000
0.0
0.0
0.0
0.0716374269
0.0111111111
0.0
0.0
0.0
0.0
0.0
0.0
0.0636033229
0.0548835125
0.0450699043
0.0000000000
0.0000000000
0.0
0.0747863248
0.0
0.0000000000
0.0
0.0723995272
0.0000000000
0.0
0.0764669164
0.0567129630
0.0507877280
0.0
0.0450699043
0.0111111111
0.0
0.0694444444
0.0800653595
0.0576741996
0.0840192044
0.0850694444
0.0000000000
0.0
0.0
0.0
0.0
0.0642033543
0.0
0.0
0.0708912037
0.0111111111
0.0111111111
0.0829945799
0.0
0.0618686869
0.0535870516
0.0000000000
0.0000000000
0.0000000000
0.0000000000
0.0000000000
0.0553297200
0.0
0.0111111111
0.0000000000
0.0111111111
0.0673817382
0.0000000000
0.0571895425
0.0
0.0000000000
0.0
0.0000000000
0.0000000000
0.0
0.0
0.0
0.0000000000
0.0000000000
0.0000000000
0.0
0.0
0.0
0.0630144033
0.0000000000
0.0000000000
0.0829945799
0.0000000000
0.0000000000
0.0000000000
0.0000000000
0.0000000000
0.0000000000
0.0111111111
0.0000000000
0.0000000000
0.0000000000
0.0000000000
0.0613113113
0.0000000000
0.0000000000
0.0496755880
0.0000000000
0.0000000000
0.0000000000
0.0000000000
0.0000000000
0.0000000000
0.0000000000
0.0000000000
0.0000000000
0.0000000000
0.0000000000
0.0111111111
