0.0
0.0
0.0
0.0
0.0
0.0
0.0
0.0
0.0
0.0
0.0
0.0
0.0
0.0
0.0
0.1096517616
0.0
0.0
0.0
0.0
0.0
0.0
0.0
0.0
0.0
0.0
0.0
0.0
0.0
0.0837884806
0.0
0.1273584906
0.0
0.0
0.0
0.0
0.1362392728
0.1247706548
0.0
0.0
0.1258667367
0.0
0.0
0.0084905660
0.1131144489
0.0
0.0
0.0
0.0
0.1067912809
0.0
0.0
0.0811775082
0.0
0.1388804219
0.0
0.0
0.0
0.0
0.0
0.0
0.0
0.0
0.0
0.0
0.0
0.0
0.0
0.0
0.0
0.1074587264
0.1149291192
0.1197311715
0.0
0.0747538966
0.0
0.0963755394
0.0
0.0906824695
0.0
0.1296636216
0.0710470918
0.0
0.1171212277
0.1266082196
0.0719388963
0.0
0.1128175605
0.1001946167
0.0671092749
0.0
0.0
0.0
0.0
0.0
0.0
0.0000000000
0.0932396758
0.0
0.0
0.0
0.0675841047
0.0000000000
0.0964837050
0.0
0.0
0.0
0.0
0.0
0.1377675980
0.1135627228
0.0749494169
0.1122284349
0.1062632647
0.0141509434
0.1102140784
0.0907782272
0.0
0.0
0.0
0.0
0.0
0.1089568836
0.1131144489
0.0
0.0849476098
0.0
0.0
0.0
0.0
0.0
0.1062632647
0.0960524929
0.0
0.0
0.0925371164
0.1044556271
0.0
0.0
0.0084905660
0.0863122301
0.0
0.0794519234
0.0
0.0141509434
0.0
0.1126697000
0.0
0.1129658096
0.0979122792
0.0000000000
0.0837884806
0.0958383290
0.0963755394
0.0
0.0674780072
0.1128175605
0.0
0.1147756757
0.0608400433
0.1106396154
0.0
0.1090951537
0.0972477162
0.1126697000
0.1044556271
0.1027084601
0.1034500375
0.0
0.0721805047
0.0
0.1345336168
0.0
0.0
0.0842813541
0.0850316332
0.0
0.0
0.0863122301
0.0047169811
0.0746241156
0.0
0.0935440491
0.0047169811
0.0047169811
0.0
0.0
0.0609262800
0.1112121360
0.0924376141
0.0
0.1222858907
0.1001946167
0.0
0.0062893082
0.1049657889
0.1168029635
0.0988126220
0.0
0.0810244874
0.0047169811
0.0967007662
0.0
0.0840341947
0.1219389803
0.0
0.0
0.0754096326
0.0899236204
0.0
0.0062893082
0.0975788662
0.0
0.0
0.1075932179
0.0
0.0914542352
0.0
0.1172810111
0.0
0.0
0.0000000000
0.0912600649
0.0933409133
0.1063947786
0.1009002126
0.0
0.0000000000
0.0
0.0758755350
0.0848637524
0.1189031551
0.0816400581
0.0890849545
0.0673194841
0.0752117070
0.0639635276
0.0880809233
0.0047169811
0.0557141809
0.0084905660
0.0
0.0
0.0797467357
0.0807960349
0.0846131704
0.0
0.0000000000
0.0
0.0816400581
0.0648807405
0.0
0.1128175605
0.0047169811
0.0000000000
0.0084905660
0.0
0.0047169811
0.0000000000
0.0000000000
0.0047169811
0.0094339623
0.0
0.0047169811
0.0950962181
0.0807960349
0.0
0.0000000000
0.0
0.0741734091
0.0000000000
0.0
0.1123751387
0.1057404442
0.0047169811
0.0920417357
0.0965921136
0.0047169811
0.0899236204
0.0890849545
0.0972477162
0.0047169811
0.0611429453
0.0909703504
0.0000000000
0.0961599342
0.0921403871
0.0000000000
0.0000000000
0.0
0.0094339623
0.0062893082
0.0889927341
0.0555701236
0.0
0.0
0.0000000000
0.0668483524
0.0062893082
0.0000000000
0.0000000000
0.1027084601
0.0047169811
0.0000000000
0.0047169811
0.0827401166
0.0
0.0890849545
0.0
0.0752117070
0.0047169811
0.0000000000
0.0000000000
0.0000000000
0.0000000000
0.0000000000
0.0512623620
0.0860530342
0.0000000000
0.0000000000
0.0000000000
0.0000000000
0.0000000000
0.0000000000
0.0047169811
0.0084905660
0.0607540503
0.0000000000
0.0931386578
0.0863989760
0.0996141149
0.0761443588
0.0000000000
0.0974682326
0.0084905660
0.0000000000
0.0047169811
0.0000000000
0.0000000000
0.0796728277
0.0000000000
0.0000000000
0.0000000000
0.0000000000
0.0000000000
0.0794519234
0.0000000000
0.0000000000
0.0000000000
0.0000000000
0.0000000000
0.0047169811
0.0000000000
