0.0
0.0
0.0
0.0
0.0
0.0
0.0
0.0
0.0
0.0
0.0
0.0
0.0
0.0
0.0
0.0
0.0
0.0
0.0
0.0
0.0
0.0
0.0
0.0
0.0
0.0
0.0
0.0
0.0
0.0
0.0
0.0000000000
0.0
0.0
0.0
0.0
0.0
0.0
0.0
0.0
0.0
0.0
0.0
0.0
0.0
0.0
0.0
0.0
0.0
0.0
0.0
0.0
0.0955342001
0.0
0.0
0.0
0.0
0.0
0.0
0.0
0.0
0.0832512315
0.0
0.0
0.0
0.0
0.0
0.0
0.0
0.0
0.0000000000
0.0
0.0
0.0
0.0
0.0
0.0
0.0
0.0
0.0
0.0
0.0
0.0
0.0
0.0
0.1273789335
0.0
0.0
0.0
0.0
0.0
0.0907017308
0.0
0.0
0.0
0.0
0.1355252606
0.0
0.0
0.0
0.0000000000
0.0
0.0086206897
0.0
0.0
0.0
0.0
0.0
0.0
0.0
0.0
0.0000000000
0.0
0.0
0.0
0.0
0.0
0.0
0.0
0.0
0.0192006270
0.0
0.1084202085
0.0801042778
0.1094382386
0.0
0.0086206897
0.0
0.0000000000
0.0
0.0
0.0
0.0
0.0
0.0
0.0
0.0000000000
0.0
0.0000000000
0.0
0.0
0.0000000000
0.0000000000
0.0996168582
0.0
0.0
0.1195402299
0.0
0.0
0.0
0.0715041252
0.0996168582
0.0
0.0
0.0
0.0
0.0
0.0
0.0000000000
0.0869788986
0.0
0.0000000000
0.0
0.0
0.0
0.0
0.0
0.0
0.0000000000
0.0
0.0
0.0
0.0
0.0
0.0
0.0
0.0
0.0
0.0996168582
0.0
0.0
0.1137089992
0.0
0.0192006270
0.0
0.0
0.0
0.0723923752
0.0264008621
0.0963237390
0.0
0.0
0.0000000000
0.0
0.0000000000
0.0
0.0
0.0129310345
0.0812207137
0.0
0.0963237390
0.0000000000
0.0000000000
0.0
0.0
0.0
0.0
0.0
0.0
0.0801042778
0.0
0.0987726476
0.0
0.1099544567
0.0844577711
0.0000000000
0.0756829378
0.0
0.1260018639
0.0000000000
0.0000000000
0.0000000000
0.0000000000
0.0983558853
0.0812207137
0.0697914516
0.1017918988
0.0882967607
0.0
0.0
0.0569935081
0.1031431187
0.0853858785
0.0
0.0
0.0647509579
0.0352011494
0.0352011494
0.0712854582
0.0000000000
0.0
0.0264008621
0.0
0.0000000000
0.0
0.0624942221
0.0000000000
0.0000000000
0.0847648903
0.0747126437
0.0000000000
0.0234674330
0.0
0.0817906836
0.0000000000
0.0893116660
0.0697914516
0.0
0.0193965517
0.0086206897
0.0086206897
0.0910560345
0.0
0.0823687096
0.0844577711
0.0744739451
0.0
0.0000000000
0.0681589030
0.0086206897
0.1026887437
0.0000000000
0.0
0.0234674330
0.0506746627
0.0000000000
0.0712854582
0.0987726476
0.0
0.0000000000
0.0000000000
0.0086206897
0.0193965517
0.0000000000
0.0000000000
0.0000000000
0.0000000000
0.0681589030
0.0000000000
0.0000000000
0.0730731813
0.0000000000
0.0000000000
0.0790181181
0.0000000000
0.0129310345
0.0000000000
0.0000000000
0.0000000000
0.0000000000
0.0000000000
