0.0
0.0
0.0
0.0
0.1229015636
0.0
0.1543950893
0.0
0.0
0.1167606347
0.0
0.1169976319
0.0
0.1313003037
0.0
0.1229015636
0.0
0.1369140934
0.0
0.0
0.1481769494
0.0996671470
0.0
0.0
0.0
0.1251248191
0.1086879321
0.1199185160
0.1180358362
0.1250343456
0.0
0.0
0.1495869377
0.1320019084
0.1411612245
0.1362667455
0.1384487590
0.1241367552
0.1279012574
0.0
0.0
0.1519529877
0.1542573595
0.1361594488
0.0
0.1401316856
0.1465444915
0.1237813171
0.1210094472
0.1200017349
0.1267760264
0.1157446452
0.1498461872
0.1390052251
0.1290466418
0.0
0.1261287381
0.0
0.1119964378
0.1502367507
0.0
0.1060874233
0.1335308880
0.1426753300
0.0
0.1411612245
0.0
0.0974211268
0.1287583768
0.1348849454
0.1464204064
0.1453130252
0.1152816667
0.1589361213
0.1292395366
0.1290466418
0.1173947726
0.0817987228
0.0905827658
0.1338409443
0.1348849454
0.1475447952
0.1288543219
0.0
0.1427931462
0.1340484496
0.1346748442
0.0
0.0928692266
0.0996097350
0.1401316856
0.0
0.1330173077
0.1080765625
0.0025000000
0.0
0.0984752278
0.1282807864
0.1323048967
0.1465444915
0.1350957031
0.1301147479
0.1120690214
0.1049924104
0.1260368076
0.1453130252
0.0
0.1149750665
0.1445840301
0.0
0.1214343399
0.1236927754
0.1144424222
0.1213491228
0.1102822066
0.1240477044
0.1304091252
0.0
0.1235160714
0.1486865864
0.1215196767
0.1233398716
0.0944931694
0.1157446452
0.0000000000
0.1418560295
0.1168395270
0.1205875174
0.0000000000
0.1323048967
0.0
0.0
0.1214343399
0.0025000000
0.1399049353
0.0075000000
0.1127265319
0.1200850694
0.1157446452
0.1419724959
0.1260368076
0.1078070449
0.1251248191
0.0
0.1102119184
0.1386708099
0.1211790470
0.0988128571
0.1494576491
0.1190926309
0.1194216160
0.1250343456
0.1256704215
0.1294330090
0.1300169173
0.0979176104
0.0000000000
0.0000000000
0.1190926309
0.1237813171
0.1424402801
0.0000000000
0.1051200608
0.1133918033
0.1266831502
0.1128736945
0.1248537906
0.0932699569
0.1011242690
0.1493285838
0.0
0.0
0.0727788300
0.0
0.1062830363
0.0025000000
0.0
0.1537088889
0.1074052795
0.0
0.0050000000
0.1031141920
0.1119964378
0.1402453366
0.1036084482
0.1173947726
0.1134662073
0.0
0.0000000000
0.1162113575
0.1053121194
0.1277123338
0.0968211086
0.1063484010
0.1368057753
0.1051840024
0.1142911434
0.1464204064
0.1254880261
0.0
0.0
0.1189288171
0.1251248191
0.0
0.1161333109
0.0868084839
0.0
0.1274299926
0.0
0.0908206408
0.0961749166
0.1329150653
0.0
0.1039197716
0.1010061332
0.1237813171
0.1142911434
0.1162895091
0.0
0.1335308880
0.0000000000
0.1270554739
0.1372400794
0.0000000000
0.0
0.1259450109
0.0000000000
0.0000000000
0.1251248191
0.1396789176
0.1111327121
0.1330173077
0.0
0.1504982594
0.1281856931
0.1110613359
0.1412765523
0.0
0.1284713967
0.0
0.1265904100
0.0000000000
0.1102822066
0.0000000000
0.1260368076
0.1067422840
0.1145182119
0.0000000000
0.1277123338
0.1300169173
0.0963893534
0.0000000000
0.1039197716
0.1311012130
0.0033333333
0.0876000507
0.1295299625
0.1190926309
0.1369140934
0.0000000000
0.0
0.0000000000
0.1026246291
0.1043587809
0.0867649272
0.1163677658
0.1161333109
0.1133174967
0.0868520844
0.0000000000
0.0000000000
0.1472934412
0.1040448255
0.1078070449
0.0803543216
0.0
0.0000000000
0.0000000000
0.0000000000
0.1169976319
0.0998974581
0.1145941021
0.0000000000
0.0767521083
0.1280907407
0.0944931694
0.1015995887
0.0025000000
0.0050000000
0.1426753300
0.0
0.0025000000
0.1156672241
0.0974211268
0.0930691604
0.1113473921
0.1180358362
0.0000000000
0.0786368804
0.1287583768
0.0000000000
0.0992096959
0.1023815867
0.1248537906
0.0000000000
0.1070064975
0.0000000000
0.0033333333
0.0997821696
0.0000000000
0.1118515524
0.1154355808
0.0000000000
0.1133918033
0.0914933862
0.1177946185
0.0997246251
0.0900638021
0.1008882730
0.1273361561
0.1132432875
0.1186025377
0.0866779449
0.0
0.0000000000
0.0000000000
0.0767861901
0.0687838107
0.0000000000
0.0987564249
0.0000000000
0.1142911434
0.1124333550
0.0000000000
0.0000000000
0.0960680556
0.1184400685
0.0000000000
0.0000000000
0.0982514205
0.1176343537
0.0045000000
0.0000000000
0.0000000000
0.1118515524
0.1044848943
0.0000000000
0.0892733609
0.0928692266
0.1079416355
0.0000000000
0.0000000000
0.1011242690
0.0000000000
0.1354130775
0.1062830363
0.0000000000
0.0000000000
0.0944931694
0.1168395270
0.0000000000
0.0
0.1084153605
0.1083474311
0.0000000000
0.0000000000
0.0992096959
0.1048650697
0.0000000000
0.0766840355
0.0000000000
0.0000000000
0.0000000000
0.0000000000
0.0000000000
0.0839429612
0.1145941021
0.0000000000
0.0000000000
0.0033333333
0.0000000000
0.0000000000
0.0045000000
0.0000000000
0.0000000000
0.0025000000
0.1332222650
0.0000000000
0.0000000000
0.0000000000
0.0000000000
0.0000000000
0.1049924104
0.0000000000
0.0000000000
0.0000000000
0.0000000000
0.1218622269
0.0000000000
0.0033333333
0.1042958384
0.0901107348
0.0000000000
0.0000000000
0.0000000000
0.0000000000
0.0000000000
0.0000000000
0.1063484010
0.0000000000
0.0000000000
0.0000000000
0.0000000000
0.0000000000
0.0000000000
0.0000000000
0.0000000000
0.1221204096
0.0000000000
0.0000000000
0.0000000000
0.0000000000
0.0045000000
0.0000000000
0.1067422840
0.0000000000
0.0000000000
0.0000000000
0.0000000000
0.0000000000
0.0000000000
0.0000000000
0.0000000000
0.0000000000
0.0000000000
0.0000000000
0.0000000000
0.0000000000
0.0000000000
0.0000000000
0.0000000000
0.0000000000
0.0000000000
0.0000000000
0.0000000000
0.0000000000
0.0000000000
0.0000000000
0.0000000000
0.0000000000
0.0000000000
0.0000000000
0.0000000000
0.0000000000
0.0000000000
0.1280907407
0.0000000000
0.0000000000
0.0000000000
