0.0
0.0
0.0
0.0
0.0
0.0
0.0
0.0
0.0
0.0
0.0
0.0
0.0
0.0
0.0
0.1119528147
0.0
0.0
0.0
0.0
0.0
0.0
0.0
0.0
0.0
0.0
0.0
0.0
0.0
0.0793789731
0.0
0.1206015300
0.0
0.0
0.0
0.0
0.1287030068
0.1207743116
0.0
0.0
0.1187330556
0.0
0.0
0.0084507042
0.1101966921
0.0
0.0
0.0
0.0
0.1115085575
0.0
0.0
0.0859332003
0.0
0.1381974910
0.0
0.0
0.0
0.0
0.0
0.0
0.0
0.0
0.0
0.0
0.0
0.0
0.0
0.0
0.0
0.1071162255
0.1206015300
0.1189005211
0.0
0.0743390383
0.0
0.0907432395
0.0
0.0941904687
0.0
0.1288998004
0.0729874195
0.0
0.1180678844
0.1258215962
0.0790070005
0.0
0.1118043362
0.1004773176
0.0686485908
0.0
0.0
0.0
0.0
0.0
0.0
0.0000000000
0.0930468758
0.0
0.0
0.0
0.0652985821
0.0000000000
0.0909390178
0.0
0.0
0.0
0.0
0.0
0.1370739341
0.1061718759
0.0722369062
0.1100528322
0.1013226797
0.0140845070
0.1096234974
0.0918305768
0.0
0.0
0.0
0.0
0.0
0.1079391415
0.1096234974
0.0
0.0932527317
0.0
0.0
0.0
0.0
0.0
0.1013226797
0.0919307192
0.0
0.0
0.0989442130
0.1049819047
0.0
0.0
0.0084507042
0.0901609299
0.0
0.0820043477
0.0
0.0140845070
0.0
0.1072525057
0.0
0.1145386814
0.0951472568
0.0000000000
0.0793789731
0.0917306523
0.0988282174
0.0
0.0651975789
0.1053755869
0.0
0.1142282784
0.0620312505
0.0989442130
0.0
0.1090562348
0.0959049710
0.1122509580
0.1014446083
0.1043322642
0.1051128048
0.0
0.0758097747
0.0
0.1317194836
0.0
0.0
0.0841322051
0.0853243618
0.0
0.0
0.0869973885
0.0046948357
0.0744046509
0.0
0.0924347253
0.0046948357
0.0046948357
0.0
0.0
0.0621226746
0.1090562348
0.0920310802
0.0
0.1248895844
0.1007174068
0.0
0.0062597809
0.1034361589
0.1145386814
0.1028054506
0.0
0.0902574620
0.0046948357
0.0982522954
0.0
0.1025553157
0.1218214877
0.0
0.0
0.0726728185
0.0000000000
0.0
0.0105633803
0.0981379156
0.0
0.0
0.1051128048
0.0
0.0985970403
0.0
0.1127011624
0.0
0.0
0.0000000000
0.0905483023
0.0967858433
0.1056396861
0.1001193224
0.0
0.0000000000
0.0
0.0776247417
0.0815285005
0.1207743116
0.0000000000
0.0901609299
0.0673326434
0.0753355402
0.0654506751
0.0911356427
0.0046948357
0.0566535413
0.0084507042
0.0
0.0
0.0823246772
0.0803626973
0.0842162532
0.0
0.0000000000
0.0
0.0806703057
0.0677112205
0.0
0.1125506936
0.0046948357
0.0000000000
0.0084507042
0.0
0.0046948357
0.0000000000
0.0000000000
0.0046948357
0.0093896714
0.0
0.0046948357
0.0954705204
0.0803626973
0.0
0.0000000000
0.0
0.0761521856
0.0000000000
0.0
0.1083553592
0.1004773176
0.0046948357
0.0916309451
0.0965641117
0.0046948357
0.0917306523
0.0901609299
0.0968970914
0.0046948357
0.0591997679
0.0869077005
0.0000000000
0.0
0.0901609299
0.0000000000
0.0000000000
0.0
0.0105633803
0.0062597809
0.0918305768
0.0565016551
0.0
0.0
0.0000000000
0.0665880486
0.0070422535
0.0000000000
0.0000000000
0.1043322642
0.0046948357
0.0000000000
0.0046948357
0.0853243618
0.0
0.0901609299
0.0
0.0724853564
0.0046948357
0.0916309451
0.0000000000
0.0000000000
0.0000000000
0.0951472568
0.0520052249
0.0884579953
0.0000000000
0.0
0.0000000000
0.0000000000
0.0000000000
0.0000000000
0.0046948357
0.0084507042
0.0619400951
0.0000000000
0.0922324611
0.0836314181
0.0961236824
0.0738829706
0.0000000000
0.1100528322
0.0084507042
0.0000000000
0.0046948357
0.0000000000
0.0000000000
0.0764283495
0.0000000000
0.0000000000
0.0000000000
0.0070422535
0.0000000000
0.0820043477
0.0000000000
0.0000000000
0.0000000000
0.0000000000
0.0000000000
0.0046948357
0.0000000000
0.0000000000
0.0000000000
0.0000000000
