0.0
0.0
0.0
0.0
0.0
0.0
0.0
0.0
0.0
0.0
0.0
0.0
0.0
0.0
0.0
0.0932980600
0.0
0.0
0.0
0.0
0.0
0.0
0.0
0.0
0.0
0.0
0.0
0.0
0.0
0.0000000000
0.0
0.1190134706
0.0
0.0
0.0
0.0
0.1057629830
0.0061728395
0.0820202725
0.0
0.1099935023
0.0
0.0
0.0894638931
0.0762728665
0.0
0.0
0.0
0.0
0.0951674200
0.0
0.0
0.0946502058
0.0
0.0932980600
0.0
0.0
0.1138276984
0.0
0.0
0.0
0.0
0.0
0.0
0.0
0.0
0.0
0.0
0.0
0.0
0.0879577670
0.0946502058
0.0902364656
0.0
0.0885540908
0.0
0.1066263542
0.0
0.0061728395
0.0
0.1055493204
0.1051245746
0.0
0.1182056868
0.1106926135
0.0812549200
0.0
0.1128443058
0.0967535437
0.0767208716
0.0
0.0
0.0
0.0
0.0
0.0
0.0000000000
0.0786851108
0.0
0.0
0.0
0.0641066424
0.0000000000
0.0082304527
0.0
0.0061728395
0.0
0.0
0.0
0.1066263542
0.0000000000
0.0000000000
0.1220722280
0.0985790822
0.0776328582
0.1220722280
0.1055493204
0.0000000000
0.0
0.0
0.0
0.0
0.0884042531
0.1040775171
0.0
0.0774028349
0.0
0.0
0.0
0.0
0.0
0.1064091926
0.0061728395
0.0
0.0061728395
0.1010578599
0.1118777593
0.0
0.0
0.0683860125
0.0894638931
0.0
0.0061728395
0.0
0.0061728395
0.0
0.0744258028
0.0
0.1271214442
0.0061728395
0.0000000000
0.0000000000
0.0855104969
0.0946502058
0.0
0.0641066424
0.0899258409
0.0997078503
0.0782139425
0.0676773492
0.0061728395
0.0
0.0905492436
0.1086214420
0.0928009122
0.0000000000
0.0000000000
0.0837290282
0.0
0.0953410832
0.0
0.0859324237
0.0802563957
0.0
0.0061728395
0.0870781893
0.0
0.0
0.1010578599
0.0000000000
0.0061728395
0.0
0.0770603445
0.0000000000
0.0000000000
0.0812549200
0.0987654321
0.0676773492
0.0747452269
0.0767208716
0.0
0.0980242281
0.1123589539
0.0
0.0061728395
0.0867888930
0.0833284108
0.0943085083
0.0
0.0000000000
0.0123456790
0.0767208716
0.0061728395
0.0606816650
0.0000000000
0.0
0.0926363716
0.0721642453
0.0000000000
0.0
0.0000000000
0.0865015126
0.0859324237
0.0
0.1081716637
0.0
0.0678531345
0.0
0.1024449286
0.0976577824
0.1036645111
0.0000000000
0.0000000000
0.0000000000
0.0000000000
0.0779804680
0.0000000000
0.0000000000
0.0891585556
0.0000000000
0.0000000000
0.1016476918
0.0679413701
0.0000000000
0.0790422293
0.0916612519
0.0000000000
0.0882549216
0.0000000000
0.0061728395
0.0744258028
0.0000000000
0.0893109634
0.0000000000
0.0676773492
0.0000000000
0.0000000000
0.0000000000
0.0
0.0679413701
0.0000000000
0.0
0.0061728395
0.0082304527
0.0000000000
0.0000000000
0.0
0.0000000000
0.0000000000
0.0000000000
0.0000000000
0.0000000000
0.0
0.0000000000
0.0812549200
0.0000000000
0.0061728395
0.0000000000
0.0899258409
0.0000000000
0.0000000000
0.0
0.0000000000
0.0000000000
0.0000000000
0.0000000000
0.0000000000
