0.0
0.0
0.0
0.0
0.1329683865
0.0
0.1592273903
0.0
0.0
0.0932437042
0.0
0.1363863136
0.0
0.1413074692
0.0
0.1385694138
0.0
0.1427794220
0.0
0.0
0.1435269582
0.0891017845
0.0
0.0
0.0
0.1226561478
0.1103905330
0.1358231991
0.1473852098
0.1322201721
0.0
0.0
0.1515962158
0.1320079407
0.1401038281
0.1401038281
0.1426555890
0.1281011637
0.1148616579
0.0
0.0
0.1562031283
0.1566494230
0.1354875570
0.0
0.1449179684
0.1436523093
0.1302311118
0.1185028056
0.1191034715
0.1282010087
0.1237636525
0.1480485096
0.1366128689
0.1317963895
0.1463362048
0.1288033627
0.0
0.1162416213
0.1557593695
0.0
0.1070148953
0.0891984242
0.1437778795
0.0
0.1517360647
0.0
0.0960197864
0.1370682451
0.1371825639
0.1496650538
0.1397467240
0.0000000000
0.1563516104
0.1331837200
0.1284011664
0.1079986173
0.0880995684
0.1092902951
0.1278025596
0.1402232687
0.1565003750
0.1424085664
0.0
0.1520165380
0.1341614145
0.1354875570
0.0
0.1004776385
0.0976733338
0.1510393886
0.0
0.1221097952
0.1179081678
0.1105389074
0.0
0.1046988505
0.1293096652
0.1297175821
0.1439036694
0.1363863136
0.1251764796
0.1179081678
0.1125817208
0.1297175821
0.1458172820
0.0
0.1139071289
0.1496650538
0.0
0.1243249389
0.1283010095
0.0999282467
0.1272095082
0.1029942982
0.1315855153
0.1223823617
0.0
0.0983743386
0.1454304988
0.1199722058
0.1319020803
0.0894409430
0.1329683865
0.0000000000
0.1355992532
0.0993248153
0.1272095082
0.0000000000
0.1361605084
0.0
0.0
0.1303343060
0.0027855153
0.1596911594
0.0027855153
0.1359354497
0.1184174904
0.1185882438
0.1375266673
0.1266219355
0.1331837200
0.1212099441
0.0
0.1134357891
0.1481818866
0.1152641164
0.0984332101
0.1383363281
0.1247019668
0.1216582057
0.1361605084
0.1229311615
0.1354875570
0.1247019668
0.0975574698
0.0000000000
0.0000000000
0.1159139494
0.1197102578
0.1350426060
0.0000000000
0.1134357891
0.1066678950
0.1393914357
0.1232074113
0.1282010087
0.1010952023
0.1031881394
0.1489872230
0.0
0.0
0.0779904666
0.0
0.1080695757
0.0027855153
0.0
0.1424085664
0.1086406170
0.0
0.1112868025
0.0037140204
0.1141442707
0.1460762825
0.1151027951
0.1025448218
0.1214785038
0.0
0.0000000000
0.1151027951
0.1094357247
0.1326466888
0.1281011637
0.1167366176
0.1346005680
0.0000000000
0.1182472280
0.1402232687
0.1247965813
0.0949664516
0.0
0.1171523463
0.1302311118
0.0
0.1191034715
0.0979058894
0.0
0.1188452992
0.0
0.0942589651
0.0980810341
0.1371825639
0.0
0.1104646703
0.1055047429
0.1242310379
0.1118163794
0.1161595298
0.0
0.1366128689
0.0000000000
0.1289043058
0.1393914357
0.0000000000
0.0
0.1233922687
0.0000000000
0.0000000000
0.1296153618
0.1436523093
0.1052347371
0.1351535696
0.0
0.1521571639
0.1314803311
0.0788503807
0.1279019395
0.0
0.1294114037
0.0760434092
0.1289043058
0.0000000000
0.0000000000
0.0000000000
0.1155881196
0.1124278156
0.1202353027
0.0000000000
0.1164061530
0.1239501840
0.1272095082
0.0000000000
0.1104646703
0.1169857000
0.0956290082
0.0913280923
0.1282010087
0.1200597768
0.1354875570
0.0000000000
0.0
0.1043005036
0.1019726560
0.1017833503
0.0856230579
0.1203232583
0.1128907990
0.1123510206
0.0055710306
0.0000000000
0.0000000000
0.1593816804
0.0859362038
0.0000000000
0.0814670105
0.0
0.0000000000
0.0000000000
0.0000000000
0.1137495810
0.0037140204
0.1216582057
0.0000000000
0.0037140204
0.1233922687
0.0000000000
0.1008472680
0.0027855153
0.0027855153
0.1354875570
0.0
0.0027855153
0.1202353027
0.0960197864
0.1008472680
0.1117404172
0.0993848303
0.0000000000
0.0037140204
0.1151027951
0.0000000000
0.0000000000
0.0985511649
0.1179081678
0.0000000000
0.0000000000
0.0000000000
0.0027855153
0.0978476467
0.0000000000
0.0000000000
0.0871196473
0.0000000000
0.0000000000
0.0925615611
0.1213888518
0.1140651138
0.0000000000
0.1053695670
0.1129683339
0.0989662420
0.1226561478
0.0855340063
0.1012819545
0.0000000000
0.0000000000
0.0856676532
0.0760785819
0.0000000000
0.0000000000
0.0000000000
0.0000000000
0.1144620001
0.0881467814
0.0000000000
0.0000000000
0.1224734878
0.0000000000
0.0000000000
0.0000000000
0.1218384401
0.0027855153
0.0000000000
0.0000000000
0.1129683339
0.0000000000
0.0000000000
0.0055710306
0.1179927505
0.1121977450
0.0000000000
0.0000000000
0.0000000000
0.0000000000
0.1177393659
0.1158323198
0.0000000000
0.0000000000
0.0000000000
0.1143824021
0.0000000000
0.1004776385
0.1084972917
0.1184174904
0.0000000000
0.0000000000
0.0000000000
0.1021626672
0.0000000000
0.0000000000
0.0000000000
0.0000000000
0.0000000000
0.0000000000
0.0000000000
0.0857122950
0.1216582057
0.0000000000
0.0000000000
0.0956290082
0.0000000000
0.0000000000
0.0000000000
0.0000000000
0.0000000000
0.0950762394
0.1187594904
0.0000000000
0.0000000000
0.0000000000
0.0000000000
0.0000000000
0.1004776385
0.0000000000
0.0000000000
0.0000000000
0.0000000000
0.0000000000
0.0000000000
0.0000000000
0.0000000000
0.0000000000
0.0000000000
0.0000000000
0.0000000000
0.0000000000
0.0000000000
0.0000000000
0.0000000000
0.0000000000
0.0000000000
0.0000000000
0.0000000000
