0.0
0.0
0.0
0.0
0.0
0.0
0.0
0.1969679699
0.0
0.0
0.0
0.0
0.0
0.0
0.0
0.0
0.0
0.0
0.0
0.0
0.1366223909
0.0
0.0
0.1663938373
0.0
0.0
0.0
0.0
0.0
0.0
0.0
0.1983698772
0.1343179168
0.1502478045
0.0
0.0
0.0
0.1114838710
0.0
0.0
0.0
0.0
0.0
0.0
0.0
0.2265932337
0.0
0.0
0.0
0.0
0.0
0.0
0.0
0.1798126951
0.0
0.0
0.0
0.1731116009
0.0
0.1634660865
0.0
0.1317776253
0.0
0.1976664379
0.1668920224
0.1935483871
0.0000000000
0.0
0.1864278779
0.0
0.1858064516
0.1955857385
0.1815698224
0.0
0.0
0.1889557135
0.2312943381
0.1502478045
0.0
0.0
0.0
0.0000000000
0.1678973960
0.0
0.1459212971
0.2211981567
0.1379750878
0.0
0.2229677419
0.1827604442
0.0
0.1858064516
0.1565784705
0.2211981567
0.0
0.1731116009
0.0143369176
0.1173514431
0.2168946906
0.1531371854
0.2238631947
0.0
0.2168946906
0.1299345815
0.0
0.0
0.0
0.1287342621
0.0
0.0
0.2087712939
0.1699449253
0.0
0.2034377207
0.1531371854
0.0
0.1673931997
0.0000000000
0.0
0.1699449253
0.1114838710
0.0
0.0
0.2019635344
0.0143369176
0.1725756517
0.1792345192
0.1552700153
0.1658986175
0.1463042926
0.1583577713
0.1539832472
0.1474654378
0.2119465228
0.1429280397
0.1574630946
0.1990783410
0.0000000000
0.0215053763
0.0000000000
0.1017188604
0.1763985300
0.1741935484
0.0000000000
0.2119465228
0.0
0.1955857385
0.1694283753
0.0000000000
0.0
0.1281423804
0.0000000000
0.0
0.1175990200
0.0000000000
0.1383174578
0.1168594035
0.1311574953
0.0000000000
0.0000000000
0.1736508894
0.0000000000
0.1447842480
0.0000000000
0.0000000000
0.1908970393
0.0000000000
0.0000000000
0.0000000000
0.0000000000
