0.0
0.0
0.0
0.0
0.0
0.0
0.0
0.2272727273
0.0
0.0
0.0
0.0
0.0
0.0
0.0
0.0
0.0
0.0
0.0
0.0
0.1602564103
0.0
0.0
0.2212389381
0.0
0.0
0.0
0.0
0.0
0.0
0.0
0.1937984496
0.2010723861
0.2094972067
0.0
0.0
0.0
0.1937984496
0.0
0.0
0.0
0.0
0.0
0.0
0.0
0.0
0.0
0.0
0.0
0.0
0.0
0.0
0.0
0.2112676056
0.0
0.0
0.0
0.2112676056
0.0
0.1842751843
0.0
0.0
0.0
0.2525252525
0.2032520325
0.1575630252
0.1728110599
0.0
0.1918158568
0.0
0.2279635258
0.2467105263
0.2314814815
0.0
0.0
0.2459016393
0.2365930599
0.2279635258
0.0
0.0
0.0
0.0
0.2252252252
0.0
0.0
0.2010723861
0.1994680851
0.0
0.2343750000
0.2403846154
0.0
0.2427184466
0.2577319588
0.2279635258
0.0
0.0
0.2010723861
0.0
0.2142857143
0.1943005181
0.2199413490
0.0
0.1559251559
0.1893939394
0.0
0.0
0.0
0.1815980630
0.0
0.0
0.2038043478
0.1884422111
0.0
0.1732101617
0.2212389381
0.0
0.2032520325
0.1605995717
0.0
0.0
0.2130681818
0.0
0.0
0.2252252252
0.1861042184
0.1829268293
0.2106741573
0.1833740831
0.0
0.2218934911
0.2124645892
0.1958224543
0.1879699248
0.2577319588
0.2279635258
0.1984126984
0.1748251748
0.1807228916
0.2148997135
0.0
0.1616379310
0.2100840336
0.0
0.0000000000
0.2192982456
0.0
0.2459016393
0.1833740831
0.1756440281
0.0
0.2118644068
0.0
0.0
0.2000000000
0.0
0.1838235294
0.1623376623
0.0
0.0000000000
0.0
0.2161383285
0.0000000000
0.2343750000
0.2293577982
0.1434034417
0.1798561151
0.1417769376
0.0
0.1984126984
0.1588983051
0.0
0.0
0.2336448598
0.0000000000
0.0
0.1811594203
0.1494023904
0.0000000000
0.2112676056
0.1605995717
0.0000000000
0.0000000000
0.1509054326
0.1434034417
0.1889168766
0.1689189189
0.1689189189
0.0000000000
0.0000000000
0.0000000000
0.0000000000
0.0000000000
0.0000000000
0.1704545455
0.0000000000
0.1442307692
0.1756440281
0.1506024096
0.0000000000
0.0000000000
0.0000000000
0.1231527094
0.0000000000
