0.0
0.0
0.0
0.0
0.0967069833
0.0
0.1345313512
0.0
0.0
0.1112990295
0.0
0.0960367369
0.0
0.1269595605
0.0
0.1179296100
0.0
0.1221625998
0.0
0.0
0.1332377806
0.0940350017
0.0
0.0
0.0
0.1195281630
0.1156103745
0.1091695039
0.1238788049
0.1147894725
0.0
0.0
0.1328727455
0.1217027657
0.1270427037
0.1231709260
0.1330550127
0.1125909510
0.1201202529
0.0
0.0
0.1341592037
0.0
0.1260521173
0.0
0.0
0.1342520474
0.1223938224
0.1094775443
0.1098494952
0.0830454660
0.1055463594
0.1330550127
0.0
0.1230147169
0.0
0.1167936234
0.0
0.0956107484
0.1277117897
0.0
0.0
0.1202691931
0.1011967702
0.0
0.1290713297
0.0
0.0909063770
0.1080747680
0.1236419430
0.1255625945
0.1257253458
0.1103493791
0.1331463339
0.1079544844
0.1102866450
0.0
0.0840893838
0.0859522412
0.1121353806
0.1112990295
0.1253192561
0.1295021419
0.0
0.1167936234
0.1170755634
0.1197495114
0.0
0.0920276131
0.0935813837
0.1255625945
0.0
0.1154727432
0.1081350103
0.0761657670
0.0
0.0900623066
0.1201202529
0.1098494952
0.1180731640
0.1249962684
0.1198234765
0.0877404833
0.0999454964
0.1158174379
0.1285581236
0.0
0.0909489960
0.1266280734
0.0
0.1174299083
0.1283030479
0.1109172147
0.1133806011
0.1120705999
0.1129843963
0.1297620124
0.0
0.1068250047
0.1326002792
0.1142486505
0.1187962085
0.1097873280
0.1174299083
0.0730124985
0.1245948674
0.0
0.1041859337
0.0000000000
0.1223938224
0.0
0.0
0.0
0.0019305019
0.1241960362
0.1035740569
0.1022636840
0.1166531621
0.1210194688
0.1134469056
0.1154727432
0.1225484577
0.1212463803
0.0
0.0885414005
0.1326002792
0.1241165761
0.0019305019
0.1295886496
0.0994842095
0.1123952541
0.1334210512
0.1129843963
0.0999970147
0.1197495114
0.1067662127
0.0000000000
0.0000000000
0.1043540659
0.1041859337
0.1208686657
0.0000000000
0.0687922725
0.0955165970
0.1102866450
0.0963706947
0.1193076313
0.0972402048
0.1065316906
0.1270427037
0.0
0.0
0.0739589053
0.0
0.1145184230
0.1086802288
0.0
0.1143833776
0.1071199384
0.0
0.0912913922
0.1095393611
0.1030240088
0.1245148963
0.0989261645
0.1110441949
0.1240372177
0.0
0.0912055517
0.1110441949
0.1117478160
0.1294157495
0.1114909244
0.0984242560
0.1252383528
0.1022098043
0.0984242560
0.1303724519
0.1093541198
0.0
0.0
0.1058920352
0.1226259219
0.0
0.1102239821
0.0949091040
0.0
0.1214741443
0.0
0.0985242298
0.0019305019
0.1109806685
0.0
0.1056613336
0.0859141756
0.1129843963
0.1040741462
0.1052600155
0.0
0.1122002363
0.0000000000
0.1149254790
0.1207182380
0.0025740026
0.0
0.1202691931
0.0828680942
0.0000000000
0.1077745603
0.1345313512
0.0994332181
0.1213981280
0.0
0.1375845450
0.1133806011
0.1021559813
0.0
0.0
0.1142486505
0.0
0.1192343015
0.0000000000
0.0038610039
0.0000000000
0.1096632043
0.0855730959
0.1177864047
0.0019305019
0.1154040503
0.1133806011
0.0875425129
0.0000000000
0.1079544844
0.1185059307
0.0794732521
0.0755429161
0.1227034842
0.1062981964
0.1286433743
0.0000000000
0.0
0.0000000000
0.0964185927
0.1005151339
0.1034635779
0.1054316351
0.1094775443
0.1072976817
0.0019305019
0.0000000000
0.0000000000
0.1331463339
0.0912484518
0.1069427831
0.0
0.0
0.1189418814
0.0000000000
0.0931321212
0.0
0.0940350017
0.1090467726
0.1002036201
0.0019305019
0.1217027657
0.1045790881
0.0
0.0019305019
0.1050320566
0.1217791642
0.0
0.1009335112
0.1036293849
0.1000485861
0.1094775443
0.1127873305
0.1133143741
0.0000000000
0.0931768533
0.1197495114
0.0000000000
0.0988253737
0.1032433254
0.0019305019
0.0956578937
0.0980759396
0.1153354391
0.0896875675
0.0932216283
0.0812031011
0.1002036201
0.1190148518
0.0000000000
0.0
0.0000000000
0.1180013434
0.0
0.0998426189
0.1030240088
0.1129186313
0.1056613336
0.1049752210
0.0885818304
0.0
0.0000000000
0.0038610039
0.0822706567
0.0725483203
0.0000000000
0.1047484927
0.0000000000
0.1023716140
0.1200459211
0.0000000000
0.1052029330
0.1004110810
0.1093541198
0.0000000000
0.1074165053
0.1120058940
0.1151300941
0.1001002108
0.0038610039
0.0
0.1003072433
0.0952352521
0.0970941984
0.0
0.0926871517
0.1167233505
0.0955165970
0.0000000000
0.0950020610
0.1025881589
0.1115550365
0.0935813837
0.0739589053
0.0028957529
0.0025740026
0.0957523240
0.0000000000
0.0
0.0995863493
0.1131161566
0.0849361683
0.0000000000
0.0942176826
0.1088631922
0.0000000000
0.1226259219
0.0848247523
0.0000000000
0.0000000000
0.0000000000
0.0000000000
0.0019305019
0.1090467726
0.0000000000
0.1094157972
0.0
0.0000000000
0.0886628010
0.0887033418
0.0000000000
0.0800306141
0.0869539258
0.1118767062
0.0000000000
0.0826562456
0.0000000000
0.0000000000
0.0000000000
0.0019305019
0.0019305019
0.0000000000
0.0000000000
0.0019305019
0.1136462850
0.0878995054
0.0896875675
0.1192343015
0.0903559425
0.0890698845
0.1043540659
0.0000000000
0.0000000000
0.0922025706
0.0851225136
0.0
0.0000000000
0.0802292012
0.1221625998
0.0000000000
0.0000000000
0.0025740026
0.0862196482
0.0999970147
0.1149936031
0.0923342258
0.0930427858
0.0000000000
0.0882192854
0.0886222972
0.0025740026
0.0019305019
0.0028957529
0.0000000000
0.0000000000
0.0000000000
0.0038610039
0.0
0.0
0.0000000000
0.0019305019
0.0000000000
0.0019305019
0.0000000000
0.1069427831
0.1025881589
0.1098494952
0.0000000000
0.0025740026
0.0730674985
0.0019305019
0.0019305019
0.0898953700
0.0000000000
0.0606990640
0.1141814058
0.0848247523
0.0000000000
0.0910770932
0.0000000000
0.0794407078
0.0000000000
0.1109172147
0.1103493791
0.1096012477
0.0794407078
0.0000000000
0.0000000000
0.1071199384
0.0833308456
0.0019305019
0.0000000000
0.0000000000
0.0794407078
0.0000000000
0.0000000000
0.0025740026
0.0859903406
0.0000000000
0.0000000000
0.0000000000
0.0000000000
0.0019305019
0.0000000000
0.0000000000
0.0000000000
0.0000000000
0.0673591002
0.0000000000
0.0996886991
0.0000000000
0.0775046778
0.0000000000
0.0928201955
0.0000000000
0.0709561845
0.0019305019
0.0000000000
0.0000000000
0.0000000000
0.0000000000
0.0000000000
0.0000000000
0.1022098043
0.0000000000
0.0000000000
0.0606990640
0.0019305019
0.0000000000
0.0000000000
0.0000000000
0.0824454775
0.0025740026
0.0000000000
0.0019305019
0.0019305019
0.0000000000
0.0000000000
0.1005672413
0.0000000000
0.0000000000
0.0000000000
0.0000000000
0.0000000000
0.0000000000
0.0043436293
0.0000000000
0.0000000000
0.0
0.0025740026
0.1024797721
0.0901460077
0.0774737254
0.0000000000
0.0000000000
0.0000000000
0.0019305019
0.0000000000
0.0000000000
0.0000000000
0.0019305019
0.0000000000
0.0000000000
0.0000000000
0.0000000000
0.0000000000
0.0000000000
0.0801628961
0.0000000000
0.0000000000
0.0000000000
0.0000000000
0.0000000000
0.0000000000
0.0043436293
0.0000000000
0.0000000000
0.0000000000
0.0826562456
0.0000000000
0.0652959302
0.0019305019
0.0000000000
0.0000000000
0.0000000000
0.0000000000
0.0000000000
0.0000000000
0.0000000000
0.0000000000
0.0000000000
0.0000000000
0.0867983036
0.0000000000
0.0000000000
0.0000000000
0.0000000000
0.0000000000
0.0000000000
0.0000000000
0.0000000000
0.1020485053
0.0000000000
0.0000000000
0.0000000000
0.0000000000
0.0000000000
0.0000000000
0.0000000000
0.0000000000
0.0000000000
0.0000000000
0.0000000000
0.0000000000
0.0000000000
0.0000000000
0.0000000000
0.0000000000
0.0000000000
0.0000000000
0.0000000000
0.0000000000
0.0000000000
0.0000000000
