0.0085470085
0.0
0.0
0.0
0.0
0.0
0.0275709953
0.0
0.0
0.0085470085
0.0
0.0
0.0
0.0
0.0
0.0
0.0170940171
0.0294724433
0.0
0.0
0.0
0.0
0.0
0.0237416904
0.0
0.0
0.0000000000
0.0
0.0
0.0
0.0113960114
0.0
0.0
0.0
0.0
0.0085470085
0.0
0.0
0.0
0.0
0.0
0.0
0.0192307692
0.0113960114
0.0
0.0
0.0
0.0
0.0
0.0
0.0294724433
0.0194250194
0.0192307692
0.0000000000
0.0000000000
0.0
0.0388500389
0.0
0.0000000000
0.0
0.0194250194
0.0000000000
0.0
0.0085470085
0.0237416904
0.0192307692
0.0
0.0128205128
0.0170940171
0.0
0.0000000000
0.0388500389
0.0224921278
0.0
0.0224921278
0.0085470085
0.0
0.0
0.0
0.0
0.0192307692
0.0
0.0
0.0237416904
0.0113960114
0.0113960114
0.0194250194
0.0
0.0142450142
0.0000000000
0.0
0.0000000000
0.0195360195
0.0000000000
0.0085470085
0.0128205128
0.0
0.0
0.0000000000
0.0
0.0294724433
0.0128205128
0.0
0.0
0.0000000000
0.0
0.0128205128
0.0000000000
0.0
0.0
0.0
0.0085470085
0.0000000000
0.0000000000
0.0
0.0
0.0
0.0275709953
0.0000000000
0.0000000000
0.0142450142
0.0085470085
0.0
0.0000000000
0.0
0.0136752137
0.0000000000
0.0170940171
0.0000000000
0.0
0.0407000407
0.0000000000
0.0
0.0
0.0000000000
0.0164365549
0.0227920228
0.0000000000
0.0136752137
0.0000000000
0.0000000000
0.0
0.0
0.0000000000
0.0000000000
0.0000000000
0.0000000000
0.0000000000
0.0000000000
0.0113960114
0.0000000000
0.0195360195
0.0000000000
0.0113960114
0.0000000000
0.0
0.0000000000
0.0000000000
0.0305250305
0.0
0.0000000000
0.0000000000
0.0000000000
0.0
0.0000000000
0.0
0.0000000000
0.0237416904
0.0224921278
0.0085470085
0.0000000000
0.0000000000
0.0000000000
0.0000000000
0.0000000000
0.0000000000
0.0000000000
0.0000000000
0.0000000000
0.0164365549
0.0000000000
0.0000000000
0.0000000000
0.0085470085
0.0000000000
0.0000000000
0.0000000000
0.0000000000
0.0000000000
0.0000000000
0.0000000000
0.0000000000
0.0000000000
0.0000000000
0.0000000000
