0.0
0.0
0.0
0.0
0.0
0.0
0.0
0.0
0.0
0.0
0.0
0.0
0.0
0.0
0.0
0.0
0.0
0.0
0.0
0.0
0.0
0.0
0.0
0.0
0.0
0.0
0.0
0.0
0.0
0.0
0.0
0.1741496599
0.0
0.0
0.0
0.0
0.1462857143
0.0
0.1875457875
0.0
0.0
0.0
0.1406593407
0.1741496599
0.0
0.0
0.0
0.0
0.2359447005
0.1700996678
0.0
0.0
0.0
0.1662337662
0.0
0.1828571429
0.0
0.0285714286
0.0
0.0
0.0000000000
0.1239709443
0.0285714286
0.1741496599
0.1239709443
0.2438095238
0.0
0.2216450216
0.0000000000
0.0285714286
0.1239709443
0.0285714286
0.1662337662
0.0000000000
0.0285714286
0.0000000000
0.1283208020
0.0000000000
0.0285714286
0.0000000000
0.0
0.0
0.0000000000
0.0000000000
0.0000000000
0.0000000000
0.0000000000
0.0000000000
0.0000000000
