0.0
0.0
0.0
0.0
0.0
0.0
0.0
0.0
0.0
0.1522556391
0.0000000000
0.0
0.0
0.0
0.0
0.1808035714
0.0
0.0
0.0000000000
0.0
0.0
0.1244239631
0.0
0.0
0.2314285714
0.0
0.1314935065
0.0
0.1218045113
0.0
0.1808035714
0.1361344538
0.0
0.1483516484
0.0000000000
0.0000000000
0.2225274725
0.0
0.0
0.0
0.0
0.1836734694
0.0
0.2462006079
0.0
0.0000000000
0.1629778672
0.0000000000
0.0
0.1483516484
0.1961259080
0.1808035714
0.1896955504
0.1134453782
0.1653061224
0.0
0.0000000000
0.0000000000
0.0000000000
0.0000000000
