0.0
0.0
0.0
0.0
0.0
0.0
0.0022870212
0.0
0.0
0.0
0.0
0.0
0.0
0.0
0.0
0.0
0.0
0.0
0.0
0.0
0.0
0.0
0.0
0.0034305317
0.0
0.0
0.0
0.0
0.0
0.0
0.0
0.0
0.0
0.0
0.0
0.0
0.0
0.0
0.0
0.0
0.0
0.0
0.0000000000
0.0
0.0
0.0
0.0
0.0
0.0
0.0
0.0
0.0
0.0122005201
0.0
0.0104419943
0.0
0.0
0.0
0.0000000000
0.0
0.0
0.0000000000
0.0
0.0
0.0
0.0017152659
0.0
0.0137409760
0.0017152659
0.0
0.0038593482
0.0038593482
0.0
0.0
0.0
0.0
0.0
0.0
0.0
0.0
0.0
0.0
0.0
0.0000000000
0.0
0.0038593482
0.0
0.0
0.0
0.0
0.0
0.0
0.0090051458
0.0
0.0000000000
0.0
0.0
0.0
0.0017152659
0.0
0.0
0.0
0.0
0.0
0.0
0.0
0.0
0.0
0.0
0.0
0.0
0.0100034305
0.0
0.0
0.0
0.0
0.0
0.0030874786
0.0
0.0
0.0
0.0099043867
0.0
0.0000000000
0.0
0.0039206077
0.0
0.0
0.0094554031
0.0
0.0
0.0
0.0
0.0
0.0
0.0038593482
0.0
0.0
0.0
0.0025728988
0.0030874786
0.0
0.0
0.0
0.0
0.0
0.0017152659
0.0034305317
0.0068610635
0.0000000000
0.0045740423
0.0
0.0000000000
0.0
0.0
0.0
0.0
0.0
0.0
0.0
0.0
0.0
0.0
0.0
0.0
0.0
0.0
0.0
0.0141291392
0.0
0.0
0.0
0.0
0.0
0.0045740423
0.0
0.0
0.0081679327
0.0
0.0
0.0
0.0
0.0
0.0
0.0
0.0
0.0
0.0
0.0000000000
0.0
0.0000000000
0.0
0.0
0.0
0.0017152659
0.0
0.0
0.0
0.0070040023
0.0
0.0000000000
0.0120233540
0.0
0.0
0.0
0.0
0.0061749571
0.0038593482
0.0
0.0
0.0022870212
0.0
0.0
0.0000000000
0.0000000000
0.0
0.0
0.0
0.0022870212
0.0034305317
0.0
0.0
0.0
0.0
0.0
0.0000000000
0.0
0.0
0.0000000000
0.0
0.0
0.0
0.0109686738
0.0
0.0088840413
0.0
0.0
0.0025728988
0.0
0.0
0.0025728988
0.0
0.0
0.0
0.0
0.0000000000
0.0
0.0
0.0
0.0000000000
0.0
0.0123804833
0.0
0.0
0.0
0.0017152659
0.0000000000
0.0
0.0
0.0025728988
0.0
0.0000000000
0.0
0.0
0.0
0.0
0.0017152659
0.0
0.0000000000
0.0000000000
0.0
0.0098653161
0.0000000000
0.0133379074
0.0
0.0
0.0
0.0
0.0
0.0
0.0
0.0
0.0
0.0039206077
0.0
0.0
0.0167842794
0.0
0.0
0.0030493615
0.0
0.0
0.0025728988
0.0
0.0017152659
0.0
0.0
0.0017152659
0.0
0.0
0.0038983315
0.0
0.0
0.0
0.0
0.0000000000
0.0
0.0122291327
0.0000000000
0.0
0.0
0.0
0.0
0.0
0.0030874786
0.0
0.0000000000
0.0022870212
0.0
0.0
0.0090051458
0.0096932466
0.0
0.0000000000
0.0
0.0
0.0034305317
0.0
0.0
0.0
0.0000000000
0.0
0.0
0.0017152659
0.0
0.0000000000
0.0
0.0
0.0000000000
0.0040839663
0.0
0.0120233540
0.0
0.0
0.0
0.0
0.0
0.0
0.0056135974
0.0034305317
0.0
0.0
0.0099530559
0.0
0.0
0.0034305317
0.0
0.0
0.0
0.0
0.0034305317
0.0
0.0068610635
0.0
0.0017152659
0.0
0.0
0.0
0.0
0.0
0.0
0.0000000000
0.0047646274
0.0
0.0
0.0025728988
0.0
0.0017152659
0.0149304933
0.0
0.0
0.0
0.0154373928
0.0000000000
0.0
0.0022870212
0.0017152659
0.0
0.0122291327
0.0047646274
0.0
0.0051977754
0.0017152659
0.0
0.0
0.0
0.0
0.0110902778
0.0027444254
0.0
0.0
0.0000000000
0.0
0.0107103111
0.0
0.0
0.0
0.0
0.0
0.0000000000
0.0
0.0117411156
0.0
0.0022870212
0.0000000000
0.0034305317
0.0000000000
0.0034305317
0.0078795026
0.0
0.0089958908
0.0
0.0044106837
0.0017152659
0.0
0.0
0.0
0.0022870212
0.0
0.0038593482
0.0
0.0
0.0000000000
0.0
0.0
0.0000000000
0.0000000000
0.0
0.0025728988
0.0
0.0017152659
0.0108497077
0.0
0.0
0.0
0.0000000000
0.0
0.0050448996
0.0000000000
0.0
0.0000000000
0.0
0.0
0.0038593482
0.0022870212
0.0
0.0171880250
0.0000000000
0.0
0.0022870212
0.0089316344
0.0017152659
0.0
0.0
0.0
0.0000000000
0.0
0.0
0.0
0.0
0.0
0.0084048027
0.0038593482
0.0038593482
0.0017152659
0.0030874786
0.0034305317
0.0
0.0017152659
0.0
0.0
0.0017152659
0.0
0.0017152659
0.0000000000
0.0
0.0032499774
0.0
0.0000000000
0.0
0.0017152659
0.0
0.0
0.0
0.0000000000
0.0000000000
0.0000000000
0.0098072848
0.0057175529
0.0
0.0000000000
0.0
0.0
0.0065971764
0.0054888508
0.0051457976
0.0
0.0
0.0
0.0
0.0000000000
0.0
0.0047499670
0.0
0.0
0.0000000000
0.0
0.0
0.0000000000
0.0000000000
0.0000000000
0.0
0.0000000000
0.0
0.0
0.0000000000
0.0017152659
0.0
0.0085958210
0.0
0.0022870212
0.0000000000
0.0000000000
0.0017152659
0.0
0.0060034305
0.0045740423
0.0017152659
0.0017152659
0.0
0.0000000000
0.0
0.0077186964
0.0
0.0
0.0000000000
0.0
0.0000000000
0.0000000000
0.0156303602
0.0068766568
0.0
0.0028587764
0.0
0.0034305317
0.0
0.0000000000
0.0017152659
0.0034305317
0.0098265526
0.0
0.0
0.0017152659
0.0106646381
0.0038593482
0.0000000000
0.0000000000
0.0022870212
0.0
0.0
0.0
0.0
0.0
0.0000000000
0.0085763293
0.0000000000
0.0000000000
0.0047646274
0.0
0.0140893388
0.0022870212
0.0
0.0
0.0000000000
0.0
0.0105060034
0.0
0.0030874786
0.0071361533
0.0022870212
0.0
0.0
0.0109686738
0.0149304933
0.0017152659
0.0000000000
0.0036323277
0.0
0.0162922321
0.0
0.0000000000
0.0025728988
0.0060034305
0.0
0.0
0.0000000000
0.0
0.0056135974
0.0000000000
0.0022870212
0.0000000000
0.0
0.0000000000
0.0000000000
0.0017152659
0.0051457976
0.0
0.0000000000
0.0000000000
0.0107563769
0.0000000000
0.0162393353
0.0000000000
0.0
0.0000000000
0.0
0.0000000000
0.0000000000
0.0000000000
0.0
0.0109446724
0.0
0.0
0.0034305317
0.0000000000
0.0017152659
0.0022870212
0.0
0.0
0.0
0.0000000000
0.0034305317
0.0038593482
0.0061749571
0.0017152659
0.0017152659
0.0
0.0017152659
0.0000000000
0.0000000000
0.0
0.0
0.0017152659
0.0034305317
0.0
0.0
0.0051457976
0.0000000000
0.0000000000
0.0017152659
0.0
0.0118192539
0.0017152659
0.0000000000
0.0025728988
0.0000000000
0.0
0.0000000000
0.0017152659
0.0017152659
0.0038593482
0.0
0.0000000000
0.0022870212
0.0025728988
0.0022870212
0.0119945210
0.0000000000
0.0000000000
0.0025728988
0.0017152659
0.0
0.0
0.0123804833
0.0063528365
0.0000000000
0.0017152659
0.0
0.0000000000
0.0000000000
0.0
0.0
0.0000000000
0.0061749571
0.0000000000
0.0025728988
0.0017152659
0.0138936535
0.0000000000
0.0
0.0
0.0000000000
0.0051457976
0.0000000000
0.0022870212
0.0017152659
0.0
0.0056135974
0.0000000000
0.0000000000
0.0017152659
0.0038593482
0.0000000000
0.0
0.0082220896
0.0017152659
0.0000000000
0.0
0.0000000000
0.0000000000
0.0
0.0000000000
0.0080471516
0.0082220896
0.0017152659
0.0000000000
0.0000000000
0.0000000000
0.0025728988
0.0017152659
0.0022870212
0.0000000000
0.0000000000
0.0017152659
0.0
0.0017152659
0.0000000000
0.0000000000
0.0
0.0000000000
0.0025728988
0.0054888508
0.0000000000
0.0017152659
0.0017152659
0.0000000000
0.0
0.0038593482
0.0
0.0
0.0000000000
0.0017152659
0.0082809855
0.0000000000
0.0000000000
0.0000000000
0.0000000000
0.0000000000
0.0017152659
0.0000000000
0.0
0.0000000000
0.0
0.0000000000
0.0000000000
0.0087903607
0.0017152659
0.0
0.0000000000
0.0000000000
0.0000000000
0.0022870212
0.0041166381
0.0
0.0000000000
0.0022870212
0.0137788299
0.0066353706
0.0108061750
0.0000000000
0.0017152659
0.0050448996
0.0017152659
0.0090775232
0.0028587764
0.0000000000
0.0000000000
0.0
0.0
0.0000000000
0.0000000000
0.0082129972
0.0000000000
0.0022870212
0.0000000000
0.0000000000
0.0000000000
0.0
0.0000000000
0.0022870212
0.0000000000
0.0097309636
0.0038593482
0.0000000000
0.0
0.0109927808
0.0034305317
0.0000000000
0.0000000000
0.0
0.0000000000
0.0
0.0017152659
0.0000000000
0.0017152659
0.0022870212
0.0000000000
0.0047499670
0.0000000000
0.0000000000
0.0017152659
0.0
0.0017152659
0.0038983315
0.0000000000
0.0088840413
0.0017152659
0.0000000000
0.0038593482
0.0000000000
0.0
0.0000000000
0.0047499670
0.0000000000
0.0000000000
0.0017152659
0.0000000000
0.0000000000
0.0000000000
0.0
0.0034305317
0.0
0.0000000000
0.0017152659
0.0133379074
0.0000000000
0.0017152659
0.0000000000
0.0000000000
0.0000000000
0.0
0.0109446724
0.0000000000
0.0000000000
0.0
0.0000000000
0.0000000000
0.0000000000
0.0017152659
0.0017152659
0.0041166381
0.0000000000
0.0000000000
0.0000000000
0.0022870212
0.0030493615
0.0
0.0000000000
0.0000000000
0.0000000000
0.0017152659
0.0030874786
0.0000000000
0.0
0.0000000000
0.0017152659
0.0000000000
0.0000000000
0.0
0.0000000000
0.0034305317
0.0000000000
0.0106646381
0.0000000000
0.0000000000
0.0
0.0000000000
0.0096186832
0.0017152659
0.0000000000
0.0000000000
0.0000000000
0.0000000000
0.0017152659
0.0000000000
0.0000000000
0.0068610635
0.0098458962
0.0000000000
0.0
0.0000000000
0.0000000000
0.0000000000
0.0119945210
0.0000000000
0.0017152659
0.0000000000
0.0000000000
0.0000000000
0.0128910187
0.0051810428
0.0000000000
0.0000000000
0.0044106837
0.0000000000
0.0000000000
0.0000000000
0.0000000000
0.0036323277
0.0000000000
0.0116862506
0.0000000000
0.0000000000
0.0000000000
0.0000000000
0.0000000000
0.0000000000
0.0000000000
0.0
0.0000000000
0.0000000000
0.0000000000
0.0
0.0000000000
0.0000000000
0.0
0.0000000000
0.0041166381
0.0000000000
0.0000000000
0.0000000000
0.0
0.0000000000
0.0000000000
0.0000000000
0.0067538593
0.0000000000
0.0000000000
0.0000000000
0.0000000000
0.0017152659
0.0017152659
0.0044106837
0.0000000000
0.0000000000
0.0000000000
0.0027444254
0.0000000000
0.0000000000
0.0022870212
0.0000000000
0.0017152659
0.0000000000
0.0
0.0000000000
0.0000000000
0.0000000000
0.0000000000
0.0000000000
0.0000000000
0.0000000000
0.0000000000
0.0041166381
0.0000000000
0.0000000000
0.0000000000
0.0017152659
0.0000000000
0.0000000000
0.0017152659
0.0000000000
0.0000000000
0.0000000000
0.0000000000
0.0000000000
0.0000000000
0.0000000000
0.0000000000
0.0000000000
0.0000000000
0.0000000000
0.0041166381
0.0000000000
0.0000000000
0.0000000000
0.0000000000
0.0000000000
0.0000000000
0.0000000000
0.0000000000
0.0000000000
0.0000000000
0.0000000000
0.0000000000
0.0000000000
0.0000000000
0.0000000000
0.0000000000
0.0000000000
0.0000000000
0.0000000000
0.0000000000
0.0000000000
0.0000000000
0.0000000000
0.0000000000
0.0000000000
0.0000000000
0.0000000000
0.0000000000
0.0000000000
0.0000000000
0.0000000000
0.0000000000
0.0000000000
