0.0
0.0
0.0
0.0
0.0
0.0
0.0
0.1945248532
0.0
0.0
0.0
0.0
0.0
0.0
0.0
0.0
0.0
0.0
0.0
0.0
0.1512475349
0.0
0.0
0.2093457944
0.0
0.0
0.0
0.0
0.0
0.0
0.0
0.2080250007
0.1905893793
0.2067207688
0.0
0.0
0.0
0.1928184948
0.0
0.0
0.0
0.0
0.0
0.0
0.0
0.0
0.0
0.0
0.0
0.0
0.0
0.0
0.0
0.2047947989
0.0
0.0
0.0
0.2029043853
0.0
0.1624234612
0.0
0.0
0.0
0.2305731652
0.1911418123
0.1905893793
0.0
0.0
0.1796837200
0.0
0.2205482449
0.2313821938
0.2346758905
0.0
0.0
0.2113587347
0.2297697743
0.2054327889
0.0
0.0
0.0
0.0
0.2281796721
0.0
0.0
0.1782268250
0.0000000000
0.0
0.2235387296
0.2106834672
0.0
0.0
0.2338437065
0.0
0.0
0.0
0.1600580710
0.0
0.2141036534
0.1847168774
0.1873406967
0.0
0.0
0.1791954490
0.0
0.0
0.0
0.1703977396
0.0
0.0
0.1767933652
0.1735366454
0.0
0.1836878140
0.1922563418
0.0
0.1968475380
0.1439823695
0.0
0.0
0.1767933652
0.0
0.0
0.0
0.1767933652
0.1717289720
0.2086833077
0.1749175736
0.0
0.2212883397
0.2305731652
0.0
0.2162095909
0.2242990654
0.0
0.1852357450
0.1628245067
0.1787098245
0.1980298055
0.0
0.1612320910
0.1974369019
0.0
0.0000000000
0.1998300765
0.0
0.2397960918
0.1928184948
0.2022819792
0.0
0.1665250637
0.0
0.0
0.1782268250
0.0
0.1753827799
0.1612320910
0.0
0.0000000000
0.0
0.1945248532
0.1974369019
0.2281796721
0.2047947989
0.0000000000
0.1612320910
0.0000000000
0.0
0.1758504673
0.0000000000
0.0
0.0
0.2198130841
0.1495327103
0.0
0.1749175736
0.1628245067
0.1726280765
0.2127223395
0.1502139527
0.0
0.0000000000
0.1695216587
0.0000000000
0.1332200510
0.1945248532
0.0093457944
0.0000000000
0.0000000000
0.0000000000
0.0
0.0000000000
0.0000000000
0.1951003705
0.1421205285
0.1551621770
0.1730811686
0.1862822747
0.1772686162
0.1332200510
0.0000000000
0.1298108764
0.0093457944
0.0
0.0000000000
0.0
0.0000000000
0.0000000000
0.0000000000
0.0000000000
0.0000000000
0.1581389094
0.0000000000
