0.0
0.0
0.0
0.0
0.1492004347
0.0
0.1377234782
0.0
0.0
0.1223658242
0.0
0.1360707965
0.0
0.1360707965
0.0
0.1100896411
0.0919397273
0.1472627667
0.0
0.1349908695
0.0088495575
0.0000000000
0.0
0.0
0.0
0.1388477515
0.1049928985
0.1334027416
0.1093816692
0.1185285683
0.0
0.0
0.1334027416
0.1518647282
0.1360707965
0.1532328789
0.1228075780
0.1394167997
0.0176991150
0.0
0.0
0.1539262403
0.1334027416
0.0088495575
0.0
0.0088495575
0.0000000000
0.1086827448
0.0088495575
0.1202038838
0.1093816692
0.1079926956
0.0088495575
0.0885877581
0.1228075780
0.0088495575
0.0919397273
0.1546259051
0.0000000000
0.0000000000
0.0977520090
0.1003471950
0.0000000000
0.1168993097
0.1104470750
0.1323645880
0.0
0.1210594275
0.1157064596
0.0988886602
0.1355286817
0.0929445331
0.0088495575
0.1366172655
0.1108068375
0.1210594275
0.0000000000
0.0994669565
0.0000000000
0.0000000000
0.1360707965
0.0926912782
0.0883576600
0.0
0.1193603478
0.1288549209
0.1283686759
0.0117994100
0.1214917826
0.0000000000
0.1111689514
0.0
0.0117994100
0.0997586484
0.0000000000
0.1177083014
0.0697083998
0.1104470750
0.0000000000
0.0000000000
0.0000000000
0.0000000000
0.0000000000
0.0994669565
0.1053179539
0.1377234782
0.0000000000
0.0697083998
0.0796667427
0.0796667427
0.1097345133
0.0000000000
0.0000000000
0.0000000000
0.0000000000
0.0000000000
0.0000000000
0.0000000000
0.0000000000
0.0000000000
0.0000000000
0.0000000000
0.0000000000
0.0000000000
0.0000000000
0.0088495575
0.0000000000
0.0000000000
0.0000000000
0.0000000000
0.0000000000
0.0000000000
0.0000000000
0.0000000000
0.0000000000
0.0000000000
