0.0546265329
0.0
0.0
0.0
0.0373760488
0.0
0.0000000000
0.0
0.0
0.0144927536
0.0
0.0263016640
0.0
0.0
0.0
0.0
0.0373760488
0.0473429952
0.0
0.0
0.0
0.0
0.0
0.0473429952
0.0000000000
0.0
0.0000000000
0.0308758664
0.0
0.0
0.0362318841
0.0
0.0
0.0144927536
0.0
0.0144927536
0.0
0.0
0.0417732310
0.0000000000
0.0
0.0
0.0452898551
0.0546265329
0.0
0.0
0.0
0.0
0.0000000000
0.0
0.0452898551
0.0301932367
0.0373760488
0.0144927536
0.0000000000
0.0258799172
0.0301932367
0.0
0.0000000000
0.0000000000
0.0417732310
0.0144927536
0.0
0.0144927536
0.0338164251
0.0144927536
0.0
0.0144927536
0.0144927536
0.0000000000
0.0000000000
0.0000000000
0.0144927536
0.0000000000
0.0373760488
0.0000000000
0.0000000000
0.0000000000
0.0000000000
0.0000000000
0.0000000000
0.0
0.0000000000
0.0473429952
0.0144927536
0.0000000000
0.0284057971
0.0
0.0308758664
0.0000000000
0.0000000000
0.0144927536
0.0000000000
0.0000000000
0.0144927536
0.0144927536
0.0
0.0000000000
0.0000000000
0.0000000000
0.0000000000
0.0000000000
0.0000000000
0.0000000000
0.0000000000
0.0
0.0000000000
0.0000000000
