0.0
0.0
0.0
0.0
0.0
0.0
0.0
0.1937734836
0.0
0.0
0.0
0.0
0.0
0.0
0.0
0.0
0.0
0.0
0.0
0.0
0.1449944774
0.0
0.0
0.1788678310
0.0
0.0
0.0
0.0
0.0
0.0
0.0
0.2031799634
0.1433392893
0.1531283139
0.0
0.0
0.0
0.1221451531
0.0
0.0
0.0
0.0
0.0
0.0
0.0
0.2226333642
0.0
0.0
0.0
0.0
0.0
0.0
0.0
0.1753704154
0.0
0.0
0.0
0.1955844508
0.0
0.1706049149
0.0
0.1589433132
0.0
0.2142751150
0.1665321186
0.1931772575
0.0000000000
0.0
0.1891042431
0.0
0.1874107722
0.1885363624
0.1809297081
0.0
0.0
0.2005834144
0.2387171433
0.1505578146
0.0
0.0
0.0
0.0000000000
0.1710697785
0.0
0.1129183610
0.2226333642
0.1480721903
0.0
0.2242236025
0.1851994357
0.0
0.1835748792
0.1523849726
0.2150089339
0.0
0.0
0.0873193445
0.1258168511
0.2242236025
0.1557881109
0.2325281804
0.0
0.2283003953
0.1430127761
0.0
0.0
0.0
0.1223832528
0.0
0.0
0.1968106856
0.1768524189
0.0
0.2179951691
0.1626492453
0.0
0.1763556424
0.0000000000
0.0
0.1768524189
0.1696827262
0.0
0.0
0.2058446187
0.1099520292
0.1825075834
0.1879718823
0.1643523788
0.0994970027
0.1449944774
0.1634963768
0.1223832528
0.1885363624
0.2072033290
0.1299846971
0.1557881109
0.1706049149
0.1793788820
0.0974885228
0.0000000000
0.1091871456
0.1819785759
0.1835748792
0.0000000000
0.2065217391
0.0
0.1902503294
0.1634963768
0.0000000000
0.0
0.1361878714
0.0000000000
0.0
0.1516488133
0.0000000000
0.1505578146
0.1255652174
0.1313443697
0.0000000000
0.1857473630
0.1768524189
0.0000000000
0.1398276363
0.0000000000
0.0000000000
0.1902503294
0.0000000000
0.0000000000
0.0000000000
0.0000000000
