0.0
0.0
0.0
0.0
0.0
0.0
0.0
0.2642889803
0.0
0.0
0.0
0.0
0.0
0.0
0.0
0.0
0.0
0.0
0.0
0.0
0.1594592731
0.0
0.0
0.2017187977
0.0
0.0
0.0
0.0
0.0
0.0
0.0
0.2212651928
0.1471299478
0.1890278800
0.0
0.0
0.0
0.1674088556
0.0
0.1382237766
0.0
0.0
0.0
0.0
0.0
0.2229938272
0.0
0.0
0.0
0.0
0.0
0.0
0.0
0.2283456790
0.0
0.0
0.0
0.1982167353
0.0
0.1935132873
0.0
0.1254646588
0.0
0.2429209351
0.1767381417
0.2301871764
0.0000000000
0.0
0.2187219148
0.0
0.2195631529
0.1835576198
0.2247496841
0.0
0.0
0.1941714958
0.2655182314
0.1659488946
0.0
0.0
0.0
0.0000000000
0.2075869809
0.0
0.1349560751
0.2655182314
0.1649896525
0.0
0.2594837262
0.1941714958
0.0
0.2060881580
0.2265334117
0.2525947777
0.0
0.2017187977
0.1603551117
0.1382237766
0.2642889803
0.1767381417
0.2349235381
0.0
0.1890278800
0.2083445976
0.0
0.0
0.0
0.1406069452
0.0
0.0
0.1859492500
0.2017187977
0.0
0.2283456790
0.1581341267
0.0
0.1800833431
0.1640414361
0.0
0.2031545187
0.1674088556
0.0
0.0
0.2292627299
0.1352758762
0.1751117170
0.1751117170
0.1772870179
0.2075869809
0.1835576198
0.1835576198
0.1683965184
0.1612610727
0.1599059377
0.1165028975
0.0000000000
0.1526374860
0.0000000000
0.1608068162
0.0000000000
0.1767381417
0.1975308642
0.1823847276
0.0000000000
0.1968497233
0.0
0.1812267294
0.0000000000
0.0000000000
0.1355971966
0.0000000000
0.0000000000
0.0000000000
0.0000000000
0.0000000000
