0.0
0.0
0.0
0.0
0.0
0.0
0.0
0.0
0.0
0.0
0.0
0.0
0.0
0.0
0.0
0.0
0.0
0.0
0.0
0.0
0.0
0.0
0.0
0.0
0.0
0.0
0.0
0.0
0.0
0.0
0.0
0.0000000000
0.0
0.0
0.0
0.0
0.0
0.0
0.0
0.0
0.0
0.0
0.0
0.0
0.0
0.0
0.0
0.0
0.0
0.0
0.0
0.0
0.0612180631
0.0
0.0
0.0
0.0
0.0
0.0
0.0
0.0
0.0823147495
0.0
0.0
0.0
0.0
0.0
0.0
0.0
0.0
0.0000000000
0.0
0.0
0.0
0.0
0.0
0.0
0.0
0.0
0.0
0.0
0.0
0.0
0.0
0.0
0.1298655028
0.0
0.0
0.0
0.0
0.0
0.1036910604
0.0
0.0
0.0
0.0
0.1210511022
0.0
0.0
0.0
0.0726964499
0.0
0.0952038917
0.0
0.0
0.0
0.0
0.0
0.0
0.0
0.0
0.0000000000
0.0
0.0
0.0
0.0
0.0
0.0
0.0
0.0
0.0894725538
0.0
0.1036910604
0.0897727972
0.1078721515
0.0
0.0091743119
0.0
0.0000000000
0.0
0.0
0.0
0.0
0.0
0.0
0.0
0.1143260409
0.0
0.0091743119
0.0
0.0
0.0000000000
0.0000000000
0.1238532110
0.0
0.0
0.0693064600
0.0
0.0
0.0
0.0698493305
0.0958863569
0.0
0.0
0.0
0.0
0.0
0.0
0.0000000000
0.0998219910
0.0
0.0851983872
0.0
0.0
0.0
0.0
0.0
0.0
0.0000000000
0.0
0.0
0.0
0.0
0.0
0.0
0.0
0.0
0.0
0.1032907088
0.0
0.0
0.1337614679
0.0
0.1024992091
0.0
0.0
0.0
0.1227169430
0.0868580960
0.0784524738
0.0
0.0
0.0000000000
0.0
0.0000000000
0.0
0.0
0.0165137615
0.0000000000
0.0
0.0000000000
0.0000000000
0.0545965175
0.0
0.0
0.0
0.0
0.0
0.0
0.0000000000
0.0
0.0612180631
0.0
0.1133571762
0.0969285999
0.0000000000
0.0860202366
0.0
0.1163143199
0.0000000000
0.0000000000
0.0860202366
0.0000000000
0.1001958561
0.0545965175
0.0000000000
0.0983540205
0.0888780518
0.0
0.0
0.0638479560
0.0958863569
0.0987169505
0.0
0.0
0.0730936983
0.0655693470
0.0749363966
0.0000000000
0.0091743119
0.0
0.0580310056
0.0
0.0000000000
0.0
0.0987169505
0.0000000000
0.0000000000
0.0810675563
0.0836009174
0.0000000000
0.0165137615
0.0
0.0000000000
0.0000000000
0.0925684899
0.0698493305
0.0
0.0275229358
0.0000000000
0.0800966874
0.1087491609
0.0
0.0810675563
0.0000000000
0.0849279161
0.0
0.0000000000
0.1040945275
0.0091743119
0.1199654421
0.0000000000
0.0
0.0000000000
0.0860202366
0.0000000000
0.0000000000
0.0945310727
0.0091743119
0.0000000000
0.0000000000
0.0091743119
0.0165137615
0.0000000000
0.0000000000
0.0000000000
0.0000000000
0.0000000000
0.0000000000
0.0000000000
0.0000000000
0.0000000000
0.0000000000
