0.0
0.0
0.0
0.0
0.0
0.0
0.2082292187
0.0
0.0
0.0
0.0
0.0
0.2448100274
0.0
0.0
0.2024127601
0.0
0.0
0.0
0.0
0.0
0.0
0.0
0.0
0.0
0.0
0.0
0.0
0.0
0.1877299692
0.0
0.2383676583
0.2118823629
0.0
0.0
0.0
0.2131287298
0.0000000000
0.1896957281
0.0
0.2156659765
0.1522348070
0.1750332563
0.2024127601
0.2293157219
0.0
0.0
0.0
0.0
0.2222814973
0.0
0.0
0.1820697691
0.0
0.2118823629
0.0
0.2001761550
0.1979884375
0.0
0.0
0.2143898465
0.0
0.0
0.0
0.1906941266
0.0
0.0
0.0000000000
0.1497185292
0.0
0.1767408978
0.1717150903
0.2481635894
0.0
0.1858045336
0.0
0.1917030903
0.1685203910
0.1802581296
0.2464754018
0.2131287298
0.2082292187
0.1491024035
0.2070393375
0.1624748164
0.1858045336
0.0
0.0289855072
0.1228199460
0.1969124134
0.0
0.1750332563
0.0
0.1776072748
0.0
0.0
0.1472840815
0.1372419851
0.1509661836
0.0
0.1426452128
0.1784821875
0.1867622890
0.0000000000
0.2082292187
0.1811594203
0.1262434985
0.0
0.0193236715
0.0000000000
0.0000000000
0.1646903821
0.2035499104
0.0000000000
0.0000000000
0.0000000000
0.0193236715
0.1654423930
0.0000000000
0.0
0.0000000000
0.0000000000
0.0000000000
0.0000000000
0.0000000000
0.0000000000
0.0000000000
