0.0
0.0
0.0
0.0
0.1466753092
0.0
0.1716802475
0.0
0.0
0.1358194063
0.0
0.1451286451
0.0
0.1278300295
0.0
0.1300444080
0.1053293355
0.1131208206
0.0
0.1537769070
0.0985420036
0.0047393365
0.0
0.0
0.0
0.1256898007
0.1058694860
0.1404391140
0.1364928910
0.1189887594
0.0
0.0
0.1520777146
0.1385540253
0.1466753092
0.1418869400
0.1270433832
0.1041339206
0.0776841007
0.0
0.0
0.1685269368
0.1327623779
0.1086555251
0.0
0.1383219415
0.1022007414
0.1292303585
0.0852200197
0.1135876191
0.1203763835
0.1264597229
0.1216173771
0.1202011631
0.1448740334
0.1360431615
0.1078044374
0.1749538116
0.1011987733
0.1526399243
0.0
0.1148514590
0.0000000000
0.1469362972
0.0
0.1376303318
0.0
0.1464152465
0.1319140560
0.1161437399
0.1399630492
0.1349316978
0.1325492762
0.1378600986
0.1143742369
0.1456405627
0.1183068754
0.1200264521
0.1038719485
0.1076638840
0.1205521154
0.1563981043
0.1161437399
0.0
0.1394902011
0.1195053532
0.1466753092
0.0882245716
0.0872919652
0.0000000000
0.1575919829
0.0
0.0692770126
0.1013229436
0.1178005693
0.1189887594
0.0000000000
0.1317036667
0.0063191153
0.1236200585
0.1019483939
0.1205521154
0.0980738706
0.1236200585
0.1009513436
0.1588042289
0.0
0.1011987733
0.1364928910
0.0
0.1105464512
0.1156557410
0.0000000000
0.0910454234
0.0000000000
0.1253083445
0.0991334923
0.0000000000
0.0000000000
0.1058694860
0.0906456631
0.0000000000
0.0000000000
0.0000000000
0.0000000000
0.1195053532
0.0063191153
0.1253083445
0.1329761659
0.0980738706
0.0
0.0
0.0000000000
0.0000000000
0.1428688565
0.0000000000
0.0063191153
0.0917535545
0.0000000000
0.1128117473
0.1068282006
0.1284264371
0.0962449872
0.0
0.1236200585
0.1392549731
0.0000000000
0.0000000000
0.1189887594
0.1096656030
0.0000000000
0.1387868892
0.0852200197
0.0094786730
0.0800952464
0.0871997878
0.0000000000
0.0000000000
0.1111415869
0.0000000000
0.1274354924
0.0000000000
0.0000000000
0.0094786730
0.1146919431
0.0936260760
0.0000000000
0.1018226869
0.0782731745
0.1253083445
0.0
0.0
0.0000000000
0.0000000000
0.0000000000
0.0000000000
0.0
0.1158179510
0.1089422151
0.0
0.0915501098
0.0000000000
0.0000000000
0.0000000000
0.0000000000
0.0047393365
0.0047393365
0.0000000000
0.0000000000
0.0000000000
0.0094786730
0.1071053165
0.0047393365
0.0000000000
0.1254987828
0.0000000000
0.1076638840
0.1090861282
0.0000000000
0.0906456631
0.0000000000
0.0000000000
0.0063191153
0.0
0.0000000000
0.1178005693
0.0000000000
0.0000000000
0.1090861282
0.0063191153
0.0000000000
0.1002162610
0.0
0.0000000000
0.0000000000
0.0815184591
0.0063191153
0.0000000000
0.0893703453
0.0797086863
0.0000000000
0.1058694860
0.1106946368
0.0000000000
0.0000000000
0.0000000000
0.0000000000
0.0000000000
0.0624173840
0.1057339296
0.0000000000
0.0000000000
0.0
0.1009513436
0.0000000000
0.0000000000
0.0000000000
0.0000000000
0.0707610960
0.0000000000
0.0000000000
0.0000000000
0.0000000000
0.0000000000
0.1227016331
0.0000000000
0.0980738706
0.0000000000
