0.0
0.0
0.0
0.0
0.1442773177
0.0
0.1570499980
0.0
0.0
0.0825387276
0.0
0.1320273568
0.0
0.1387159674
0.0
0.1285245902
0.1012492752
0.1264599381
0.0
0.0
0.1297158582
0.0799201132
0.0
0.0
0.0
0.1337092339
0.1074693672
0.1283935763
0.1423210151
0.1331438672
0.0
0.0
0.1429671945
0.1379562961
0.1385633645
0.1376547523
0.1291836906
0.1163011065
0.1170577122
0.0
0.0
0.1590329525
0.1434556929
0.1189368256
0.0
0.1335674426
0.1243377082
0.1248306228
0.1080223828
0.1199562842
0.1198421488
0.1200706371
0.1342794226
0.1283935763
0.1413626244
0.1408882532
0.1228820472
0.1606557377
0.1054009191
0.1432924896
0.0
0.0946311783
0.0800216635
0.1402606886
0.0
0.1426433730
0.0
0.1372049002
0.1242150871
0.1205302377
0.1456116744
0.1387159674
0.1172756968
0.1413626244
0.1273550034
0.1426433730
0.1168405365
0.0032786885
0.0908104530
0.1119591985
0.1259540984
0.1541665831
0.1253274611
0.0
0.1394840513
0.1219303953
0.1321658954
0.0
0.0904193097
0.0792662671
0.1467996484
0.0
0.1234844102
0.1051369769
0.1159798327
0.0
0.1012492752
0.1277424933
0.1047871035
0.1305223817
0.1184892741
0.1314760943
0.1049617486
0.1053127913
0.1180450781
0.1513871375
0.0
0.1072862848
0.1494117418
0.0
0.1104860512
0.1132680741
0.0000000000
0.1095253029
0.0779418925
0.1247070281
0.1063801506
0.0
0.0992546086
0.1232427577
0.1036659246
0.1165162797
0.0695494745
0.1086748045
0.0000000000
0.1195010421
0.0885130698
0.1244605715
0.0000000000
0.1020697718
0.0
0.0
0.0049180328
0.0032786885
0.1410460228
0.0032786885
0.1252028811
0.0967389388
0.0899672131
0.1213430620
0.1106802270
0.1218124742
0.0999635701
0.0
0.0881414264
0.1452757767
0.1106802270
0.0000000000
0.1187126280
0.1113652505
0.0797177838
0.1431296572
0.1136769841
0.1250785485
0.1014123175
0.0920044546
0.0000000000
0.0000000000
0.1141922923
0.0000000000
0.1252028811
0.0000000000
0.1171666031
0.1022354694
0.1338513266
0.1130647203
0.1255773663
0.0032786885
0.0000000000
0.1379562961
0.0
0.0
0.0000000000
0.0
0.0963688587
0.0805333110
0.0
0.1190492423
0.1066503796
0.0
0.0924094632
0.0000000000
0.1015758858
0.1184892741
0.0000000000
0.0912049952
0.1076530755
0.0
0.0000000000
0.1068312963
0.0935071257
0.1076530755
0.1074693672
0.0032786885
0.1232427577
0.0000000000
0.1177141106
0.1238486710
0.1111686658
0.1216947810
0.0
0.0958554782
0.1091456658
0.0
0.1100035794
0.0065573770
0.0
0.0000000000
0.1071038251
0.0816822947
0.0000000000
0.1394840513
0.0
0.0987101084
0.0951314942
0.1078374130
0.1207613599
0.0000000000
0.0
0.1045262227
0.0000000000
0.1228820472
0.1370556021
0.0000000000
0.0
0.1192747144
0.0000000000
0.0000000000
0.1125595160
0.1255773663
0.0073770492
0.1173849938
0.0
0.1257026930
0.1219303953
0.0712007340
0.1008439539
0.0000000000
0.1120588064
0.0000000000
0.0882649603
0.0000000000
0.0000000000
0.0000000000
0.1040942962
0.0073770492
0.1056661899
0.0000000000
0.1039225234
0.0000000000
0.1213430620
0.0000000000
0.0987101084
0.0049180328
0.0808434521
0.0829190904
0.1166241651
0.1226427443
0.1264599381
0.1134721607
0.0
0.0000000000
0.0893291478
0.0000000000
0.0706813122
0.1045262227
0.0776535748
0.1034955615
0.0032786885
0.0000000000
0.0000000000
0.1349990336
0.0860342202
0.0000000000
0.0032786885
0.0
0.0000000000
0.0000000000
0.0000000000
0.0901604140
0.0032786885
0.1186008459
0.0000000000
0.0000000000
0.0709600554
0.0000000000
0.0000000000
0.0032786885
0.0000000000
0.1072862848
0.0
0.0920044546
0.1001224947
0.0000000000
0.0000000000
0.0032786885
0.0000000000
0.0000000000
0.0000000000
0.0000000000
0.0000000000
0.0000000000
0.0000000000
0.1005220258
0.0000000000
0.0000000000
0.0000000000
0.0000000000
0.0793661615
0.0000000000
0.0000000000
0.0000000000
0.0000000000
0.0000000000
0.0032786885
0.0876507295
0.0043715847
0.0000000000
0.0949880078
0.0920044546
0.0000000000
0.1213430620
0.0706813122
0.0000000000
0.0000000000
0.0000000000
0.0043715847
0.0000000000
0.0000000000
0.0000000000
0.0000000000
0.0000000000
0.1015758858
0.0000000000
0.0000000000
0.0000000000
0.0000000000
0.0000000000
0.0000000000
0.0000000000
0.0000000000
0.0032786885
0.0000000000
0.0000000000
0.0000000000
0.0000000000
0.0000000000
0.0954197715
0.0000000000
0.0000000000
0.0000000000
0.0000000000
0.0000000000
0.0000000000
0.0000000000
