0.0
0.0
0.0
0.0
0.1430453149
0.0
0.1671108120
0.0
0.0
0.1332224607
0.0
0.1316684341
0.0
0.1370456218
0.0
0.1316684341
0.1075938764
0.1319482820
0.0
0.1612510823
0.1306982456
0.0813652250
0.0
0.0
0.0
0.1296068198
0.1051340672
0.1260541455
0.1437075617
0.1171352201
0.0
0.0
0.1471129542
0.1409345441
0.1432103037
0.1427164751
0.1437075617
0.1195027270
0.1242876210
0.0
0.0
0.1662159750
0.1453903201
0.1219679109
0.0
0.1371970534
0.1277400549
0.1367437592
0.1087244600
0.1218482172
0.1188165869
0.1290679141
0.1346673897
0.1342306306
0.1494143602
0.1505010101
0.1251646505
0.1680153360
0.1065779685
0.1476377329
0.0
0.1137026862
0.0814720035
0.1465918930
0.0
0.1384206615
0.0
0.1414160972
0.1249128102
0.1218482172
0.1479896702
0.1479896702
0.1345214879
0.1440409899
0.1290679141
0.1481662689
0.1205469256
0.1212532552
0.1039893914
0.1191586692
0.1276087701
0.1610419369
0.1288001383
0.0
0.1423891437
0.1208990587
0.1391965620
0.0
0.0925211128
0.0812587260
0.1604177433
0.0
0.1288001383
0.1077806713
0.1213717823
0.0
0.1075938764
0.1345214879
0.1064865638
0.1361440058
0.1114572113
0.1438740827
0.1074077278
0.1069451622
0.1223284072
0.1585738612
0.0
0.1163667604
0.1503188055
0.0
0.1115573525
0.1131844424
0.0000000000
0.1102693902
0.0793883205
0.1292022199
0.1086293380
0.0
0.1044266891
0.1250386036
0.1049563257
0.1182507937
0.0707080486
0.1075938764
0.0000000000
0.1214905414
0.0903663270
0.1289338872
0.0000000000
0.1184764631
0.0
0.0
0.0033333333
0.0033333333
0.1409345441
0.0000000000
0.1290679141
0.1126709014
0.0901694505
0.1235456053
0.1125687519
0.1285334714
0.0904321437
0.0
0.1327950089
0.1467651694
0.1052231638
0.0000000000
0.1222080052
0.1116576739
0.1169146265
0.1474623911
0.1156083178
0.1274777550
0.1120607702
0.1141207108
0.0000000000
0.0000000000
0.1204300032
0.0000000000
0.1284005515
0.0000000000
0.1200805932
0.1046908375
0.1387299814
0.1138069050
0.1166948622
0.1044266891
0.0000000000
0.1415773470
0.0
0.0
0.0000000000
0.0
0.0000000000
0.0000000000
0.0
0.1208990587
0.1113572496
0.0
0.1081562137
0.0000000000
0.1025295899
0.1222080052
0.0000000000
0.0930759620
0.1084395924
0.0809408953
0.0000000000
0.1065779685
0.0914984033
0.1296068198
0.1076871928
0.0033333333
0.1250386036
0.0000000000
0.1196178548
0.1259263016
0.1114572113
0.1211349593
0.0
0.0983082608
0.1063953156
0.0
0.1076871928
0.0033333333
0.0
0.0000000000
0.1046908375
0.0801570906
0.0000000000
0.1438740827
0.0
0.0999704777
0.0953635433
0.1087244600
0.1241633333
0.0000000000
0.0
0.1047791842
0.0000000000
0.1276087701
0.1382665182
0.0000000000
0.0
0.1121619994
0.0000000000
0.0000000000
0.1159321506
0.1336526731
0.0033333333
0.1266972789
0.0
0.1268266939
0.1249128102
0.0723562549
0.1022762219
0.0000000000
0.1118588589
0.0000000000
0.0033333333
0.0000000000
0.0000000000
0.0000000000
0.1075007215
0.0033333333
0.1081562137
0.0000000000
0.1054018110
0.0000000000
0.1260541455
0.0000000000
0.0999704777
0.0033333333
0.0926592040
0.0831079875
0.1204300032
0.1273470085
0.1087244600
0.1169146265
0.0
0.0000000000
0.0903006061
0.0000000000
0.0722720217
0.1076871928
0.0033333333
0.1047791842
0.0033333333
0.0000000000
0.0000000000
0.1399812101
0.0899082790
0.0000000000
0.0033333333
0.0
0.0000000000
0.0000000000
0.0000000000
0.0927284043
0.0033333333
0.1196178548
0.0000000000
0.0000000000
0.0990138224
0.0000000000
0.0000000000
0.0033333333
0.0000000000
0.1054913622
0.0963253168
0.0000000000
0.1032972823
0.0000000000
0.0000000000
0.0033333333
0.0000000000
0.0000000000
0.0000000000
0.0000000000
0.0000000000
0.0000000000
0.0000000000
0.1018567132
0.0000000000
0.0000000000
0.0000000000
0.0000000000
0.0813652250
0.0000000000
0.0000000000
0.0000000000
0.0000000000
0.0000000000
0.0033333333
0.0955102564
0.0033333333
0.0000000000
0.0952172802
0.0000000000
0.0000000000
0.0000000000
0.0722720217
0.0000000000
0.0000000000
0.0000000000
0.0000000000
0.0000000000
0.0000000000
0.0000000000
0.0000000000
0.0000000000
0.1025295899
0.0000000000
0.0000000000
0.0000000000
0.0000000000
0.0000000000
0.0000000000
0.0000000000
0.0000000000
0.0000000000
0.0000000000
0.0000000000
0.0000000000
0.0000000000
0.0000000000
