0.0
0.0
0.0
0.0
0.1865889213
0.0
0.1847041847
0.0
0.0
0.1210974456
0.0
0.1549636804
0.0
0.1865889213
0.0
0.1428571429
0.1261083744
0.1523809524
0.1576354680
0.1847041847
0.1549636804
0.0000000000
0.0
0.1451247166
0.0
0.1847041847
0.1157323689
0.1677588467
0.0000000000
0.1417497231
0.0
0.1549636804
0.1474654378
0.1828571429
0.1428571429
0.1576354680
0.1792717087
0.1604010025
0.0238095238
0.0
0.0357142857
0.1523809524
0.1210974456
0.0000000000
0.0
0.0000000000
0.0238095238
0.0000000000
0.0000000000
0.1417497231
0.1227229147
0.1038961039
0.0000000000
0.0000000000
0.0000000000
0.0000000000
0.1164695177
0.1693121693
0.0000000000
0.0000000000
0.0000000000
0.0000000000
0.0000000000
0.0000000000
0.0972644377
0.1439820022
0.0000000000
0.0000000000
0.0000000000
0.1142857143
0.0000000000
0.0000000000
