0.0
0.0
0.0
0.0
0.1306139513
0.0
0.1348002959
0.0
0.0
0.1278349310
0.0
0.1302095737
0.0
0.1188070404
0.0
0.1015886288
0.0735274341
0.1262993763
0.0
0.1374434389
0.0064102564
0.0000000000
0.0
0.0
0.0
0.1262993763
0.0861837957
0.1302095737
0.1018346061
0.1046211251
0.0
0.0
0.1365509491
0.1397265525
0.1251717033
0.1420867983
0.1178086619
0.1212037242
0.0144230769
0.0
0.0
0.1486137537
0.1158614113
0.0064102564
0.0
0.0786125090
0.0000000000
0.1089577521
0.0064102564
0.1149117276
0.1043615194
0.0645056630
0.0824660633
0.1100986710
0.1314302885
0.0978085868
0.0851370290
0.1557692308
0.0000000000
0.1103876439
0.0
0.1208554377
0.0000000000
0.1259212345
0.0
0.1142872074
0.0
0.1136694387
0.1298076923
0.1048820257
0.1236990950
0.0942997585
0.0920299613
0.1226171787
0.1006164888
0.1229757085
0.0085470085
0.0934615385
0.0821439303
0.0085470085
0.1215540240
0.1062062937
0.1006164888
0.0
0.0000000000
0.1121538462
0.1188070404
0.0144230769
0.0759164121
0.0000000000
0.1194820804
0.0
0.0096153846
0.0887293087
0.0000000000
0.1046211251
0.0732712410
0.1127552073
0.0000000000
0.1001373626
0.0000000000
0.1051442308
0.0844531974
0.0973557692
0.1051442308
0.1435416120
0.0831179690
0.1001373626
0.1028305435
0.0851370290
0.0000000000
0.0000000000
0.0000000000
0.0000000000
0.0000000000
0.0000000000
0.0128205128
0.0000000000
0.0128205128
0.0000000000
0.0000000000
0.0000000000
0.0984957665
0.0000000000
0.0000000000
0.0064102564
0.0085470085
0.0883564964
0.1158614113
0.0874380297
0.0683864916
0.0000000000
0.0000000000
0.0000000000
0.1008577753
0.0000000000
0.0064102564
0.0064102564
0.0000000000
0.0949383574
0.0987269772
0.0000000000
0.0821439303
0.0085470085
0.1089577521
0.0860075507
0.0000000000
0.0000000000
0.1011002219
0.0000000000
0.0000000000
0.0883564964
0.0000000000
0.0064102564
0.0064102564
0.0000000000
0.0000000000
0.0000000000
0.0000000000
0.0000000000
0.0000000000
0.0000000000
0.0000000000
0.0000000000
0.0000000000
0.0000000000
0.0000000000
0.0096153846
0.0000000000
0.0000000000
0.0000000000
0.0000000000
0.0000000000
0.0000000000
0.0000000000
0.0000000000
0.0000000000
0.0000000000
0.0000000000
0.0000000000
0.0000000000
