0.0
0.0
0.0
0.0
0.0
0.0
0.0026666667
0.0
0.0
0.0057857143
0.0
0.0
0.0
0.0
0.0
0.0
0.0
0.0
0.0
0.0
0.0
0.0
0.0
0.0095238095
0.0
0.0
0.0
0.0
0.0
0.0
0.0
0.0
0.0
0.0
0.0
0.0
0.0
0.0
0.0
0.0
0.0
0.0
0.0000000000
0.0
0.0
0.0
0.0
0.0
0.0
0.0
0.0
0.0
0.0086428571
0.0
0.0020000000
0.0
0.0
0.0
0.0000000000
0.0
0.0
0.0000000000
0.0
0.0
0.0
0.0020000000
0.0
0.0064000000
0.0020000000
0.0
0.0080666667
0.0020000000
0.0
0.0
0.0
0.0
0.0
0.0
0.0
0.0
0.0
0.0
0.0
0.0000000000
0.0
0.0110000000
0.0
0.0
0.0
0.0
0.0
0.0
0.0067222222
0.0
0.0000000000
0.0
0.0
0.0
0.0045454545
0.0
0.0
0.0
0.0
0.0
0.0
0.0
0.0
0.0
0.0
0.0
0.0
0.0000000000
0.0
0.0
0.0
0.0
0.0
0.0055555556
0.0
0.0
0.0
0.0067500000
0.0
0.0000000000
0.0
0.0045000000
0.0
0.0
0.0000000000
0.0
0.0
0.0
0.0
0.0
0.0
0.0040000000
0.0
0.0
0.0
0.0090000000
0.0000000000
0.0
0.0
0.0
0.0
0.0
0.0075625000
0.0000000000
0.0071428571
0.0000000000
0.0026666667
0.0
0.0000000000
0.0
0.0
0.0
0.0
0.0
0.0000000000
0.0
0.0
0.0
0.0
0.0
0.0
0.0
0.0
0.0083333333
0.0090000000
0.0
0.0055555556
0.0
0.0
0.0
0.0020000000
0.0
0.0
0.0050000000
0.0
0.0
0.0
0.0000000000
0.0
0.0
0.0
0.0
0.0
0.0
0.0000000000
0.0
0.0000000000
0.0
0.0
0.0
0.0000000000
0.0
0.0
0.0
0.0020000000
0.0
0.0000000000
0.0121000000
0.0
0.0
0.0
0.0
0.0030000000
0.0056279070
0.0
0.0
0.0000000000
0.0
0.0
0.0000000000
0.0026666667
0.0
0.0
0.0045000000
0.0063684211
0.0040000000
0.0
0.0
0.0
0.0
0.0
0.0000000000
0.0
0.0
0.0000000000
0.0
0.0
0.0
0.0050625000
0.0
0.0026666667
0.0
0.0
0.0000000000
0.0
0.0
0.0083448276
0.0055555556
0.0
0.0
0.0
0.0000000000
0.0
0.0
0.0
0.0026666667
0.0
0.0060606061
0.0026666667
0.0
0.0
0.0020000000
0.0000000000
0.0
0.0
0.0075625000
0.0
0.0000000000
0.0
0.0
0.0
0.0
0.0000000000
0.0
0.0000000000
0.0000000000
0.0
0.0053777778
0.0000000000
0.0055555556
0.0
0.0
0.0
0.0
0.0
0.0
0.0
0.0
0.0
0.0030000000
0.0
0.0
0.0074074074
0.0
0.0
0.0020000000
0.0
0.0
0.0000000000
0.0
0.0026666667
0.0
0.0
0.0020000000
0.0
0.0
0.0055555556
0.0
0.0
0.0
0.0
0.0000000000
0.0
0.0040000000
0.0026666667
0.0
0.0
0.0
0.0
0.0
0.0080000000
0.0
0.0000000000
0.0026666667
0.0
0.0040000000
0.0000000000
0.0071176471
0.0
0.0000000000
0.0
0.0020000000
0.0000000000
0.0
0.0
0.0
0.0020000000
0.0
0.0045714286
0.0040000000
0.0
0.0000000000
0.0
0.0
0.0000000000
0.0026666667
0.0
0.0000000000
0.0
0.0
0.0
0.0
0.0
0.0
0.0074074074
0.0040000000
0.0
0.0
0.0075625000
0.0
0.0000000000
0.0026666667
0.0
0.0
0.0
0.0
0.0052608696
0.0
0.0045000000
0.0
0.0020000000
0.0
0.0
0.0
0.0000000000
0.0
0.0
0.0000000000
0.0000000000
0.0
0.0
0.0045660377
0.0
0.0033333333
0.0081000000
0.0
0.0000000000
0.0
0.0074074074
0.0000000000
0.0
0.0000000000
0.0000000000
0.0
0.0053777778
0.0100000000
0.0053333333
0.0040000000
0.0000000000
0.0
0.0
0.0
0.0
0.0036000000
0.0000000000
0.0
0.0
0.0050625000
0.0
0.0080666667
0.0
0.0
0.0
0.0
0.0
0.0000000000
0.0
0.0020000000
0.0
0.0030000000
0.0000000000
0.0020000000
0.0060606061
0.0020000000
0.0000000000
0.0
0.0000000000
0.0
0.0058823529
0.0000000000
0.0
0.0
0.0
0.0020000000
0.0
0.0069142857
0.0
0.0
0.0000000000
0.0
0.0
0.0000000000
0.0000000000
0.0
0.0020000000
0.0
0.0020000000
0.0000000000
0.0
0.0
0.0
0.0000000000
0.0
0.0080000000
0.0000000000
0.0
0.0000000000
0.0
0.0
0.0057619048
0.0090909091
0.0
0.0100000000
0.0000000000
0.0
0.0043214286
0.0000000000
0.0000000000
0.0
0.0
0.0
0.0000000000
0.0
0.0
0.0
0.0
0.0
0.0067222222
0.0035555556
0.0067500000
0.0020000000
0.0051282051
0.0020000000
0.0
0.0020000000
0.0
0.0
0.0045454545
0.0
0.0000000000
0.0000000000
0.0
0.0046511628
0.0
0.0000000000
0.0057857143
0.0000000000
0.0
0.0
0.0
0.0000000000
0.0000000000
0.0000000000
0.0040000000
0.0040816327
0.0
0.0000000000
0.0000000000
0.0
0.0026666667
0.0040000000
0.0066666667
0.0
0.0
0.0
0.0
0.0057142857
0.0
0.0030000000
0.0
0.0026666667
0.0000000000
0.0
0.0
0.0060606061
0.0020000000
0.0000000000
0.0
0.0000000000
0.0
0.0
0.0000000000
0.0000000000
0.0
0.0063684211
0.0
0.0020000000
0.0053333333
0.0020000000
0.0000000000
0.0
0.0032000000
0.0045000000
0.0020000000
0.0020000000
0.0
0.0000000000
0.0
0.0045000000
0.0
0.0
0.0020000000
0.0055555556
0.0000000000
0.0000000000
0.0057857143
0.0052608696
0.0
0.0020000000
0.0
0.0020000000
0.0
0.0000000000
0.0000000000
0.0026666667
0.0083448276
0.0000000000
0.0
0.0000000000
0.0080666667
0.0026666667
0.0000000000
0.0000000000
0.0054054054
0.0
0.0
0.0
0.0000000000
0.0000000000
0.0000000000
0.0060606061
0.0026666667
0.0040000000
0.0055555556
0.0
0.0083333333
0.0000000000
0.0
0.0096800000
0.0000000000
0.0
0.0086428571
0.0
0.0051282051
0.0045714286
0.0020000000
0.0040000000
0.0000000000
0.0069142857
0.0076923077
0.0000000000
0.0026666667
0.0055555556
0.0000000000
0.0055555556
0.0
0.0000000000
0.0000000000
0.0020000000
0.0
0.0
0.0000000000
0.0062051282
0.0045000000
0.0000000000
0.0026666667
0.0000000000
0.0
0.0026666667
0.0000000000
0.0033333333
0.0030000000
0.0
0.0000000000
0.0000000000
0.0100833333
0.0026666667
0.0105263158
0.0000000000
0.0
0.0000000000
0.0000000000
0.0040000000
0.0000000000
0.0000000000
0.0020000000
0.0036000000
0.0
0.0
0.0071428571
0.0020000000
0.0020000000
0.0000000000
0.0
0.0
0.0
0.0049387755
0.0040000000
0.0040000000
0.0020000000
0.0000000000
0.0000000000
0.0
0.0020000000
0.0000000000
0.0000000000
0.0
0.0
0.0000000000
0.0020000000
0.0
0.0000000000
0.0000000000
0.0000000000
0.0000000000
0.0000000000
0.0000000000
0.0093076923
0.0020000000
0.0000000000
0.0075625000
0.0000000000
0.0000000000
0.0020000000
0.0000000000
0.0020000000
0.0020000000
0.0
0.0000000000
0.0020000000
0.0020000000
0.0000000000
0.0040000000
0.0000000000
0.0000000000
0.0000000000
0.0000000000
0.0
0.0040000000
0.0060000000
0.0032000000
0.0000000000
0.0000000000
0.0
0.0000000000
0.0000000000
0.0
0.0
0.0000000000
0.0055555556
0.0000000000
0.0026666667
0.0020000000
0.0000000000
0.0000000000
0.0
0.0071428571
0.0000000000
0.0026666667
0.0000000000
0.0000000000
0.0000000000
0.0
0.0020000000
0.0000000000
0.0000000000
0.0000000000
0.0000000000
0.0000000000
0.0020000000
0.0000000000
0.0000000000
0.0000000000
0.0
0.0000000000
0.0000000000
0.0
0.0030000000
0.0020000000
0.0063684211
0.0000000000
0.0000000000
0.0078064516
0.0000000000
0.0060500000
0.0000000000
0.0020000000
0.0000000000
0.0000000000
0.0000000000
0.0000000000
0.0000000000
0.0000000000
0.0000000000
0.0
0.0000000000
0.0020000000
0.0026666667
0.0000000000
0.0000000000
0.0054054054
0.0000000000
0.0
0.0000000000
0.0026666667
0.0000000000
0.0000000000
0.0026666667
0.0000000000
0.0000000000
0.0000000000
0.0000000000
0.0000000000
0.0000000000
0.0000000000
0.0020000000
0.0
0.0000000000
0.0
0.0020000000
0.0000000000
0.0000000000
0.0000000000
0.0
0.0000000000
0.0020000000
0.0000000000
0.0066666667
0.0020000000
0.0000000000
0.0000000000
0.0000000000
0.0036000000
0.0020000000
0.0000000000
0.0000000000
0.0020000000
0.0000000000
0.0000000000
0.0000000000
0.0000000000
0.0000000000
0.0000000000
0.0
0.0000000000
0.0020000000
0.0000000000
0.0000000000
0.0000000000
0.0000000000
0.0000000000
0.0000000000
0.0000000000
0.0000000000
0.0000000000
0.0000000000
0.0000000000
0.0000000000
0.0020000000
0.0000000000
0.0
0.0000000000
0.0000000000
0.0000000000
0.0000000000
0.0000000000
0.0000000000
0.0
0.0000000000
0.0000000000
0.0000000000
0.0000000000
0.0000000000
0.0000000000
0.0000000000
0.0000000000
0.0000000000
0.0
0.0020000000
0.0020000000
0.0000000000
0.0026666667
0.0000000000
0.0026666667
0.0000000000
0.0000000000
0.0000000000
0.0000000000
0.0000000000
0.0000000000
0.0000000000
0.0000000000
0.0000000000
0.0000000000
0.0000000000
0.0020000000
0.0000000000
0.0
0.0000000000
0.0000000000
0.0000000000
0.0000000000
0.0000000000
0.0000000000
0.0000000000
0.0000000000
0.0000000000
0.0000000000
0.0000000000
0.0000000000
0.0000000000
0.0000000000
0.0026666667
0.0000000000
0.0000000000
0.0000000000
0.0000000000
0.0000000000
0.0000000000
0.0000000000
0.0000000000
0.0000000000
0.0000000000
0.0000000000
0.0000000000
0.0000000000
0.0000000000
0.0000000000
0.0000000000
0.0000000000
0.0000000000
0.0000000000
0.0000000000
0.0000000000
0.0000000000
0.0000000000
0.0000000000
0.0000000000
0.0000000000
0.0000000000
0.0000000000
0.0000000000
