0.0
0.0
0.0
0.0
0.0
0.0
0.0
0.0
0.0
0.0000000000
0.0469924812
0.0
0.0
0.0
0.0
0.1446298674
0.0
0.0
0.1710526316
0.0
0.0
0.0548245614
0.0
0.0
0.2251832112
0.0
0.1815252417
0.0
0.0
0.0
0.2578184592
0.1892497200
0.0
0.0
0.0
0.1546910755
0.0822368421
0.0
0.0
0.0
0.0
0.1778947368
0.0
0.0822368421
0.0
0.0
0.2371929825
0.0
0.0
0.1853070175
0.2371929825
0.0
0.1470204437
0.0263157895
0.0
0.0
0.2541353383
0.0
0.0548245614
0.1308049536
0.0657894737
0.0263157895
0.2251832112
0.0
0.0000000000
0.0
0.1853070175
0.0
0.1104936254
0.1833966359
0.2280701754
0.0000000000
0.2021531100
0.0
0.2403982930
0.0
0.1976608187
0.1458153581
0.1104936254
0.1710526316
0.1778947368
0.0000000000
0.1796916534
