0.0
0.0
0.0
0.0
0.0
0.0
0.0
0.2388157895
0.0
0.0
0.0
0.0
0.0
0.0
0.0
0.0
0.0
0.0
0.0
0.0
0.1500000000
0.0
0.0
0.1215401786
0.0
0.0
0.0
0.0
0.0
0.0
0.0
0.1980000000
0.1421671018
0.1871134021
0.0
0.0
0.0
0.1520949721
0.0
0.0948606272
0.0
0.0
0.0
0.0
0.0
0.2086206897
0.0
0.0
0.0
0.0
0.0
0.0
0.0
0.2039325843
0.0
0.0
0.0
0.1762135922
0.0
0.1802980132
0.0
0.1215401786
0.0
0.2054716981
0.1670245399
0.1845762712
0.0000000000
0.0
0.1994505495
0.0
0.2102316602
0.1670245399
0.2169322709
0.0
0.0
0.1767857143
0.2346982759
0.1551282051
0.0
0.0
0.0
0.0000000000
0.1436675462
0.0
0.1278169014
0.2307203390
0.1069744597
0.0
0.2357142857
0.1802980132
0.0
0.1903846154
0.2152173913
0.2297468354
0.0
0.1965703971
0.1587463557
0.0948606272
0.2377729258
0.1701562500
0.2110465116
0.0
0.1728571429
0.1858361775
0.0
0.0
0.0
0.1293349169
0.0
0.0
0.1833333333
0.1852040816
0.0
0.2001838235
0.1459785523
0.0
0.1615727003
0.1525210084
0.0
0.1864726027
0.1520949721
0.0
0.0
0.2152173913
0.1318401937
0.1640060241
0.1463709677
0.1399742931
0.2001838235
0.1670245399
0.1723101266
0.1529494382
0.0000000000
0.1399742931
0.1108961303
0.0000000000
0.1504143646
0.0000000000
0.1564655172
0.0000000000
0.1670245399
0.1802980132
0.1696261682
0.0000000000
0.1680555556
0.0
0.1512500000
0.0000000000
0.0000000000
0.0000000000
0.0000000000
0.0000000000
0.0000000000
0.0000000000
