0.0
0.0
0.0
0.0
0.0
0.0
0.0
0.0
0.0
0.0
0.0
0.0
0.0
0.0
0.0
0.0
0.0
0.0
0.0
0.0
0.0
0.0
0.0
0.0
0.0
0.0
0.0
0.0
0.0
0.0
0.0
0.0172413793
0.0
0.0
0.0
0.0
0.0
0.0
0.0
0.0
0.0
0.0
0.0
0.0258620690
0.0
0.0
0.0
0.0
0.0
0.0
0.0
0.0
0.0114942529
0.0
0.0
0.0
0.0
0.0
0.0
0.0
0.0
0.0306513410
0.0
0.0
0.0153256705
0.0
0.0
0.0
0.0
0.0
0.0862068966
0.0
0.0
0.0
0.0
0.0
0.0
0.0
0.0994694960
0.0
0.0
0.0
0.0
0.0
0.0
0.0718390805
0.0
0.0
0.0
0.0
0.0
0.0229885057
0.0
0.0
0.0
0.0
0.0000000000
0.0
0.0
0.0
0.0229885057
0.0
0.0626959248
0.0
0.0
0.0
0.0
0.0
0.0
0.0
0.0000000000
0.0153256705
0.0
0.0
0.0
0.0
0.0
0.0
0.0
0.0
0.0172413793
0.0
0.1217038540
0.0808189655
0.0827586207
0.0985221675
0.0000000000
0.0
0.0597966912
0.0
0.0
0.0
0.0
0.0827586207
0.0550256787
0.0
0.0650618087
0.0
0.0847936687
0.0
0.0
0.0689655172
0.0204342273
0.0795755968
0.0
0.0
0.0502176096
0.0306513410
0.0
0.0
0.0814553353
0.0172413793
0.0584453536
0.0
0.0
0.0
0.0
0.0
0.0760649087
0.0671742051
0.0
0.0258620690
0.0
0.0
0.0
0.0
0.0
0.0
0.0000000000
0.0
0.0
0.0
0.0783699060
0.0229885057
0.0
0.0
0.0
0.0
0.0884173298
0.0
0.0
0.1044932079
0.0
0.0114942529
0.0114942529
0.0258620690
0.0
0.0229885057
0.0000000000
0.0000000000
0.0
0.1014198783
0.0000000000
0.0
0.0000000000
0.0
0.0229885057
0.0153256705
0.0000000000
0.0
0.0367816092
0.0000000000
0.0114942529
0.0
0.0
0.0153256705
0.0
0.0000000000
0.0949066751
0.0000000000
0.0000000000
0.0114942529
0.0
0.0663129973
0.0172413793
0.0114942529
0.0367816092
0.0
0.0957854406
0.0000000000
0.0204342273
0.0258620690
0.0000000000
0.0966806316
0.0907441016
0.0000000000
0.1231527094
0.0000000000
0.0229885057
0.0000000000
0.0000000000
0.0755096904
0.0000000000
0.0000000000
0.0000000000
0.0000000000
0.0000000000
0.0000000000
0.0000000000
0.0000000000
