0.0
0.0
0.0
0.0
0.0
0.0
0.0
0.0
0.0
0.0
0.0
0.0
0.0
0.0
0.0
0.0
0.0
0.0
0.0
0.0
0.0
0.0
0.0
0.0
0.0
0.0
0.0
0.0
0.0
0.0
0.0
0.0699197432
0.0
0.0
0.0
0.0
0.0
0.0
0.0
0.0
0.0
0.0
0.0
0.0252808989
0.0
0.0
0.0
0.0
0.0
0.0
0.0
0.0
0.0252808989
0.0
0.0
0.0
0.0
0.0
0.0
0.0
0.0
0.1063996092
0.0
0.0
0.0
0.0
0.0
0.0
0.0
0.0
0.0815730337
0.0
0.0
0.0
0.0
0.0
0.0
0.0
0.0000000000
0.0
0.0
0.0
0.0
0.0
0.0
0.0563868897
0.0
0.0
0.0
0.0
0.0
0.0168539326
0.0
0.0
0.0
0.0
0.0112359551
0.0
0.0
0.0
0.0000000000
0.0
0.0112359551
0.0
0.0
0.0
0.0
0.0
0.0
0.0
0.0112359551
0.0168539326
0.0
0.0
0.0
0.0
0.0
0.0
0.0
0.0
0.0168539326
0.0
0.0934042371
0.0843858969
0.0661402976
0.1019662921
0.0000000000
0.0
0.0491403818
0.0
0.0
0.0
0.0
0.0821205037
0.0687413205
0.0
0.0826753720
0.0
0.0563868897
0.0
0.0
0.0683572908
0.0934042371
0.0640625919
0.0
0.0
0.0168539326
0.0252808989
0.0
0.0
0.0112359551
0.0000000000
0.0579903083
0.0
0.0
0.0
0.0
0.0
0.0112359551
0.0676019616
0.0
0.0516285023
0.0
0.0
0.0
0.0
0.0
0.0
0.0000000000
0.0
0.0
0.0
0.0
0.0
0.0
0.0
0.0
0.0
0.0495382796
0.0
0.0
0.0978876404
0.0
0.0112359551
0.0112359551
0.0596875856
0.0
0.0149812734
0.0000000000
0.0732691920
0.0
0.0
0.0000000000
0.0
0.0112359551
0.0
0.0112359551
0.0112359551
0.0000000000
0.0
0.0252808989
0.0654329147
0.0252808989
0.0
0.0
0.0
0.0
0.0000000000
0.0112359551
0.0000000000
0.0591108940
0.0112359551
0.0
0.0000000000
0.0000000000
0.0112359551
0.0149812734
0.0
0.0789416455
0.0112359551
0.0168539326
0.0252808989
0.0112359551
0.0867798231
0.0779360195
0.0000000000
0.1122564684
0.0000000000
0.0672305223
0.0
0.0112359551
0.0654329147
0.0224719101
0.0
0.0
0.0832377895
0.0000000000
0.0000000000
0.0168539326
0.0112359551
0.0
0.0000000000
0.0438564697
0.0000000000
0.0000000000
0.0000000000
0.0000000000
0.0582664526
0.0000000000
0.0000000000
0.0112359551
