0.0
0.0
0.0
0.0
0.0
0.0
0.0
0.0
0.0
0.0
0.0
0.0
0.0
0.0
0.0
0.0
0.0
0.0
0.0
0.0
0.0
0.0
0.0
0.0
0.0
0.0
0.0
0.0
0.0
0.0
0.0
0.0
0.0
0.0
0.0
0.0
0.0
0.0
0.0
0.0
0.0
0.0
0.0
0.0
0.0
0.0
0.0
0.0
0.0
0.0
0.0
0.0
0.0
0.0
0.0
0.0
0.0
0.0
0.0
0.0
0.1098963625
0.0
0.0
0.0
0.0
0.0
0.0
0.0
0.0
0.0
0.0
0.0
0.0
0.0
0.0
0.1042606516
0.0
0.0
0.0
0.1368421053
0.0
0.0
0.0
0.0
0.0
0.0
0.0974765681
0.0
0.0
0.0
0.0
0.1265029240
0.0
0.0
0.0
0.0
0.0
0.0
0.0
0.0
0.0
0.0
0.0
0.0
0.0
0.0
0.0
0.0
0.0
0.1467173087
0.0
0.0
0.0
0.0
0.0
0.0
0.0
0.0
0.1444830350
0.1166522865
0.0
0.0820263916
0.0
0.0
0.0
0.0
0.0
0.0
0.0
0.0
0.0
0.0
0.0
0.1444830350
0.0
0.0
0.0
0.1409067223
0.0
0.1437533227
0.0
0.1323867809
0.0
0.0
0.0
0.0
0.0
0.0
0.0
0.0
0.1133990354
0.0
0.0292397661
0.0
0.0
0.0
0.1299687575
0.0
0.0105263158
0.0
0.0
0.0105263158
0.1046439628
0.0105263158
0.1282124229
0.0
0.0
0.0961593172
0.0
0.0
0.0
0.1513997760
0.0
0.1317738791
0.0
0.0000000000
0.1287925697
0.1330054107
0.0
0.1176163549
0.0
0.0
0.1381706694
0.1094736842
0.0292397661
0.0
0.0
0.0
0.1311666262
0.0
0.0
0.0915214080
0.1402126005
0.0
0.0
0.0
0.0
0.0
0.0964852810
0.0
0.0
0.0
0.0
0.0
0.0105263158
0.0375939850
0.1452201933
0.0
0.0
0.0903592314
0.0
0.0
0.0
0.0000000000
0.1226860254
0.1176163549
0.0
0.1171323370
0.1098963625
0.0
0.0105263158
0.0
0.0964852810
0.1490217691
0.0
0.0105263158
0.0
0.0202429150
0.1190927109
0.0000000000
0.1348964829
0.0
0.0105263158
0.0942488672
0.0
0.1416077507
0.0105263158
0.0
0.0
0.0
0.0105263158
0.0971438836
0.1078149920
0.0000000000
0.0968134622
0.0202429150
0.0000000000
0.0981488203
0.1171323370
0.0829829676
0.0000000000
0.0
0.0105263158
0.0000000000
0.1042606516
0.0
0.0
0.0105263158
0.0000000000
0.0955139527
0.0000000000
0.0105263158
0.1086380072
0.0105263158
0.0
0.0000000000
0.0
0.0000000000
0.0900732845
0.1074081430
0.0000000000
0.0239234450
0.0000000000
0.0105263158
0.1152354571
0.0105263158
0.0105263158
0.0000000000
0.0000000000
0.0000000000
0.0000000000
0.0000000000
0.0000000000
0.0000000000
0.0000000000
