0.0
0.0
0.0
0.0
0.1237811000
0.0
0.1431161149
0.0
0.0
0.1138462317
0.0
0.1118512627
0.0
0.1340961917
0.0
0.1254845096
0.0
0.1305312622
0.0
0.0
0.1457301078
0.0995266953
0.0
0.0
0.0
0.1241824654
0.1212725533
0.1209661160
0.1307987443
0.1286026606
0.0
0.0
0.1425832924
0.1268981854
0.1362913606
0.1339086445
0.1434377241
0.1157035418
0.1327942869
0.0
0.0
0.1453981486
0.1363884343
0.1364856463
0.0
0.1404910944
0.1484413657
0.1299113716
0.1187162813
0.1169043722
0.1119820829
0.1098619402
0.1389618009
0.0
0.1349466961
0.0
0.1246675532
0.0
0.1045247608
0.1401825488
0.0
0.0
0.1284301554
0.1285163501
0.0
0.1411122783
0.0
0.0909256228
0.1191595281
0.1317889619
0.1366804866
0.1405942450
0.1141856659
0.1386599288
0.1239413344
0.1198306394
0.0
0.0868432479
0.0922395769
0.1262289794
0.1249115210
0.1326103613
0.1354238767
0.0
0.1305312622
0.1309776756
0.1273200543
0.0
0.0960327792
0.1059122576
0.1320616288
0.0
0.1273200543
0.1128399303
0.0021276596
0.0
0.0937753975
0.1292100956
0.1219677463
0.1301763166
0.1328864412
0.1309776756
0.1146642884
0.1077599109
0.1214263549
0.1353281708
0.0
0.0980488283
0.1376630925
0.0
0.1252383007
0.1355197181
0.1163361857
0.1188636634
0.1145956683
0.1143220070
0.1352326001
0.0
0.1266464032
0.1399776036
0.1201313436
0.1254845096
0.0972027217
0.1222012519
0.0028368794
0.1410083665
0.0
0.1099881457
0.0000000000
0.1268141468
0.0
0.0
0.1155638876
0.0021276596
0.1339086445
0.1053296819
0.1101146416
0.1255667946
0.1317889619
0.1318797257
0.1257316886
0.1117859671
0.1254023325
0.0
0.1036197845
0.1392649903
0.1152855880
0.0000000000
0.1431161149
0.1127070993
0.1189374917
0.1383593654
0.1225139870
0.1184958921
0.1321527686
0.1157734956
0.0000000000
0.0830396191
0.1152855880
0.1108797694
0.1399776036
0.0000000000
0.1137785869
0.0944693447
0.1208897485
0.1052717766
0.1220454823
0.1002562103
0.1097989459
0.1331636730
0.0
0.0
0.0764733873
0.0
0.1055037806
0.1106235481
0.0
0.1310673249
0.1132403085
0.0
0.0964196182
0.1205852404
0.1094224924
0.1363884343
0.1049256776
0.1178396072
0.1320616288
0.0
0.0962258099
0.1094850553
0.1160541586
0.1333491377
0.1180575596
0.1061470963
0.1342842649
0.1061470963
0.1137785869
0.1445202730
0.1141856659
0.0
0.0
0.1151469403
0.1272354563
0.0
0.1165486072
0.0832562442
0.0
0.1226709556
0.0
0.1007308583
0.1063239099
0.1334420639
0.0
0.1049256776
0.0959365540
0.1246675532
0.1059708698
0.1123763860
0.0
0.1317889619
0.0000000000
0.1335351197
0.1331636730
0.0000000000
0.0
0.1259798432
0.0042553191
0.0000000000
0.1180575596
0.1389618009
0.1056784557
0.1308881488
0.0
0.1453981486
0.1240216073
0.1089865462
0.1340023525
0.0
0.1263122439
0.0
0.1237811000
0.0000000000
0.0961774795
0.0000000000
0.1232235275
0.0907102613
0.1261458246
0.0021276596
0.1274047649
0.1241019843
0.0943297348
0.0000000000
0.1149395929
0.1263956183
0.0838027841
0.0834376304
0.1247487698
0.1117207478
0.1417389798
0.0000000000
0.0
0.0000000000
0.1012635440
0.1067387746
0.1236212793
0.1094850553
0.1143902997
0.1144586741
0.0863731898
0.0000000000
0.0818680469
0.1410083665
0.1058537102
0.1117859671
0.0
0.0
0.1169757860
0.0000000000
0.0000000000
0.1140496496
0.0997340426
0.1143902997
0.1046962065
0.0761086493
0.1262289794
0.1129064633
0.1206612235
0.0021276596
0.0042553191
0.1295597846
0.0
0.0943297348
0.1124423733
0.0997860144
0.1157734956
0.1148706429
0.1201313436
0.0000000000
0.1030066497
0.1251564456
0.0000000000
0.1036758861
0.0976986539
0.1089245516
0.1011565566
0.1062649066
0.1270665970
0.0028368794
0.1101146416
0.0000000000
0.1062059688
0.1202067556
0.0000000000
0.0
0.0000000000
0.1299995667
0.0955059161
0.1046962065
0.1105596777
0.1197556984
0.1117207478
0.1133073146
0.0939594513
0.0
0.0000000000
0.0021276596
0.0737348332
0.0661220172
0.0000000000
0.1082472367
0.0000000000
0.1118512627
0.1273200543
0.0000000000
0.1094224924
0.1062059688
0.1221233174
0.0000000000
0.1133073146
0.1012100220
0.1153550372
0.1044677369
0.0021276596
0.0
0.1063239099
0.0979986498
0.0000000000
0.1036758861
0.0971534052
0.1269823353
0.0979986498
0.0000000000
0.1003087280
0.0021276596
0.1224356533
0.1016937662
0.0764733873
0.0000000000
0.0836198086
0.1093600010
0.0000000000
0.0
0.0928208249
0.1184226108
0.0905387053
0.0000000000
0.0966629792
0.1155638876
0.0000000000
0.1327942869
0.0910553313
0.0000000000
0.0000000000
0.0000000000
0.0000000000
0.0911854103
0.1145271302
0.0000000000
0.1169043722
0.0838027841
0.0000000000
0.0000000000
0.0904531704
0.0000000000
0.0835104063
0.0021276596
0.1239413344
0.0000000000
0.0934550326
0.0000000000
0.0000000000
0.0000000000
0.0930915711
0.0000000000
0.0000000000
0.0000000000
0.0000000000
0.1206612235
0.0021276596
0.0028368794
0.1251564456
0.0947498079
0.0938673342
0.1152855880
0.0000000000
0.0000000000
0.0960327792
0.0000000000
0.0954107432
0.0000000000
0.0835104063
0.1139817629
0.0000000000
0.0000000000
0.0021276596
0.0911854103
0.1025103649
0.1230651425
0.0938673342
0.0000000000
0.0000000000
0.0934550326
0.0904531704
0.0021276596
0.0000000000
0.0000000000
0.0000000000
0.0000000000
0.0000000000
0.0042553191
0.0
0.0
0.0000000000
0.0000000000
0.0000000000
0.0000000000
0.0000000000
0.0000000000
0.1076387643
0.1063829787
0.0000000000
0.0028368794
0.0028368794
0.0000000000
0.0021276596
0.0000000000
0.0000000000
0.0021276596
0.1102414287
0.0000000000
0.0000000000
0.0936836408
0.0971534052
0.0000000000
0.0000000000
0.1163361857
0.0000000000
0.1137785869
0.0908393556
0.0000000000
0.0000000000
0.0000000000
0.0874380647
0.0000000000
0.0000000000
0.0000000000
0.0000000000
0.0000000000
0.0000000000
0.0000000000
0.0000000000
0.0000000000
0.0000000000
0.0000000000
0.0000000000
0.0000000000
0.0000000000
0.0000000000
0.0000000000
0.0000000000
0.0021276596
0.0000000000
0.1012100220
0.0000000000
0.0000000000
0.0000000000
0.0000000000
0.0000000000
0.0000000000
0.0000000000
0.0000000000
0.0000000000
0.0000000000
0.0000000000
0.1015320051
0.0000000000
0.0000000000
0.0000000000
0.0000000000
0.0000000000
0.0000000000
0.0000000000
0.0000000000
0.0000000000
0.0000000000
0.0028368794
0.0000000000
0.0000000000
0.0000000000
0.0000000000
0.0000000000
0.1052717766
0.0000000000
0.0000000000
0.0000000000
0.0000000000
0.0000000000
0.0000000000
0.0000000000
0.0000000000
0.0000000000
0.0000000000
0.0836198086
0.0000000000
0.0000000000
0.0000000000
0.0000000000
0.0000000000
0.0000000000
0.0000000000
0.0000000000
0.0000000000
0.0000000000
0.0000000000
0.0000000000
0.0000000000
0.0000000000
0.0000000000
