0.0047619048
0.0
0.0
0.0
0.0
0.0
0.0047619048
0.0
0.0
0.0000000000
0.0
0.0
0.0
0.0
0.0
0.0
0.0
0.0047619048
0.0
0.0
0.0
0.0
0.0
0.0000000000
0.0
0.0
0.0000000000
0.0
0.0
0.0
0.0
0.0
0.0
0.0
0.0
0.0
0.0
0.0
0.0
0.0
0.0
0.0
0.0071428571
0.0000000000
0.0
0.0
0.0
0.0
0.0
0.0
0.0
0.0
0.0000000000
0.0000000000
0.0000000000
0.0
0.0097181730
0.0
0.0000000000
0.0
0.0
0.0000000000
0.0
0.0
0.0165898618
0.0047619048
0.0
0.0047619048
0.0211350294
0.0
0.0119047619
0.0047619048
0.0047619048
0.0
0.0071428571
0.0
0.0
0.0
0.0
0.0
0.0
0.0
0.0
0.0071428571
0.0
0.0302521008
0.0
0.0
0.0
0.0107142857
0.0
0.0
0.0121904762
0.0092352092
0.0000000000
0.0000000000
0.0
0.0
0.0275510204
0.0
0.0117216117
0.0144300144
0.0
0.0
0.0
0.0
0.0
0.0
0.0
0.0
0.0
0.0176366843
0.0
0.0
0.0
0.0
0.0
0.0095238095
0.0000000000
0.0140056022
0.0
0.0198412698
0.0
0.0063492063
0.0
0.0107142857
0.0
0.0
0.0140259740
0.0
0.0
0.0237362637
0.0
0.0
0.0177339901
0.0000000000
0.0
0.0
0.0000000000
0.0190476190
0.0132275132
0.0
0.0
0.0
0.0233766234
0.0047619048
0.0144300144
0.0047619048
0.0107142857
0.0047619048
0.0000000000
0.0
0.0177339901
0.0
0.0000000000
0.0
0.0
0.0
0.0095238095
0.0
0.0
0.0000000000
0.0
0.0
0.0
0.0
0.0071428571
0.0047619048
0.0170068027
0.0
0.0000000000
0.0
0.0047619048
0.0
0.0047619048
0.0
0.0000000000
0.0000000000
0.0
0.0000000000
0.0
0.0047619048
0.0
0.0000000000
0.0
0.0
0.0197802198
0.0071428571
0.0000000000
0.0000000000
0.0047619048
0.0000000000
0.0110741971
0.0
0.0220408163
0.0
0.0
0.0
0.0107142857
0.0
0.0063492063
0.0047619048
0.0
0.0
0.0000000000
0.0107142857
0.0063492063
0.0181512605
0.0188153310
0.0095238095
0.0107142857
0.0047619048
0.0
0.0000000000
0.0063492063
0.0
0.0047619048
0.0107142857
0.0047619048
0.0000000000
0.0
0.0
0.0
0.0
0.0
0.0000000000
0.0220408163
0.0145124717
0.0047619048
0.0
0.0226890756
0.0095238095
0.0000000000
0.0
0.0000000000
0.0
0.0000000000
0.0000000000
0.0
0.0
0.0000000000
0.0000000000
0.0000000000
0.0
0.0
0.0063492063
0.0
0.0000000000
0.0000000000
0.0000000000
0.0000000000
0.0047619048
0.0296703297
0.0047619048
0.0
0.0063492063
0.0000000000
0.0
0.0179271709
0.0280519481
0.0
0.0000000000
0.0
0.0000000000
0.0
0.0
0.0000000000
0.0000000000
0.0000000000
0.0063492063
0.0047619048
0.0000000000
0.0047619048
0.0181512605
0.0
0.0
0.0047619048
0.0
0.0000000000
0.0
0.0095238095
0.0126984127
0.0047619048
0.0000000000
0.0000000000
0.0
0.0169312169
0.0000000000
0.0000000000
0.0047619048
0.0000000000
0.0152380952
0.0000000000
0.0071428571
0.0000000000
0.0
0.0063492063
0.0047619048
0.0000000000
0.0000000000
0.0000000000
0.0071428571
0.0000000000
0.0
0.0107142857
0.0000000000
0.0000000000
0.0000000000
0.0000000000
0.0000000000
0.0000000000
0.0000000000
0.0
0.0071428571
0.0000000000
0.0000000000
0.0000000000
0.0000000000
0.0000000000
0.0185886403
0.0000000000
0.0047619048
0.0000000000
0.0000000000
0.0000000000
0.0000000000
0.0000000000
0.0000000000
0.0000000000
0.0000000000
0.0000000000
0.0000000000
0.0000000000
0.0000000000
0.0
0.0000000000
0.0
0.0047619048
0.0047619048
0.0000000000
0.0000000000
0.0000000000
0.0000000000
0.0000000000
0.0
0.0000000000
0.0000000000
0.0000000000
0.0000000000
0.0047619048
0.0000000000
0.0
0.0000000000
0.0000000000
0.0000000000
0.0047619048
0.0000000000
0.0000000000
0.0047619048
0.0000000000
0.0000000000
0.0000000000
0.0000000000
0.0000000000
0.0000000000
0.0000000000
0.0000000000
0.0000000000
0.0000000000
