0.0
0.0
0.0
0.0
0.0971595926
0.0
0.1341018889
0.0
0.0
0.1118294498
0.0
0.0964781125
0.0
0.1266077005
0.0
0.1181412960
0.0
0.1228910737
0.0
0.0
0.1341953397
0.0938909373
0.0
0.0
0.0
0.1169218655
0.1154498276
0.1097266738
0.1237598409
0.1153806546
0.0
0.0
0.1338223158
0.1226562500
0.1278687334
0.1239989134
0.1336365805
0.1130107468
0.1207337382
0.0
0.0
0.1349476612
0.0
0.1267743993
0.0
0.0
0.1352319610
0.1223445442
0.1101660827
0.1106090250
0.0833998755
0.1058078640
0.1334513600
0.0
0.1233634289
0.0
0.1173493678
0.0
0.0961409448
0.1279536960
0.0
0.0
0.1190174985
0.1017813491
0.0
0.1291551392
0.0
0.0914388948
0.1086126974
0.1243191172
0.1265245154
0.1265245154
0.1106090250
0.1342889209
0.1082463814
0.1109275994
0.0
0.0840918395
0.0860457160
0.1127460846
0.1119594840
0.1229695482
0.1299394821
0.0
0.1170640198
0.1172065201
0.1199067948
0.0
0.0923155860
0.0934807342
0.1258629493
0.0
0.1163566843
0.1084903169
0.0765382800
0.0
0.0902814405
0.1205825376
0.1028138348
0.1187239904
0.1242389113
0.1199067948
0.0880522691
0.1000365260
0.1160062123
0.1294155326
0.0
0.0910497931
0.1273613178
0.0
0.1178520884
0.1285516105
0.1114411531
0.1137450162
0.1089815011
0.1071621105
0.1297643615
0.0
0.1069241047
0.1328987664
0.1148987545
0.1192385836
0.0959493336
0.1177080150
0.0732485023
0.1252082656
0.0
0.1025947323
0.0000000000
0.1230481230
0.0
0.0
0.0
0.0019531250
0.1237598409
0.1038674825
0.1009807617
0.1172065201
0.1213423519
0.1141495628
0.1162864206
0.1227344248
0.1201311993
0.0
0.0886603649
0.1333589422
0.1248834711
0.0019531250
0.1305561441
0.0999845859
0.1126801126
0.1341018889
0.1137450162
0.0956633445
0.1204317151
0.1068647683
0.0000000000
0.0000000000
0.1049429496
0.1048857911
0.1216489656
0.0000000000
0.0019531250
0.0960450436
0.1108637378
0.0969151044
0.1196088898
0.0972086383
0.1068054978
0.1276145212
0.0
0.0
0.0739801431
0.0
0.1148302400
0.1077617865
0.0
0.1151736319
0.1075811802
0.0
0.0916565029
0.1102922752
0.1035324261
0.1255347539
0.0991097851
0.1107999497
0.1248025356
0.0
0.0915693355
0.1115702853
0.1125484001
0.1300272198
0.1119594840
0.0987033893
0.1257807397
0.1027041667
0.0990078728
0.1314473123
0.1096641871
0.0
0.0
0.1052872130
0.1232844510
0.0
0.1101030946
0.0949557754
0.0
0.1214954653
0.0
0.0991608200
0.0019531250
0.1118294498
0.0
0.1060993457
0.0863156936
0.1136778704
0.1046577785
0.1058660322
0.0
0.1120246146
0.0000000000
0.1156578453
0.1214954653
0.0026041667
0.0
0.1188705633
0.0831478033
0.0000000000
0.1085514727
0.1348531600
0.1000365260
0.1222668651
0.0
0.1387394182
0.1140819387
0.1015666205
0.0
0.0
0.1146251860
0.0
0.1199815031
0.0000000000
0.0039062500
0.0000000000
0.1099773344
0.0860457160
0.1181412960
0.0019531250
0.1161461475
0.1142172672
0.0879316495
0.0000000000
0.1084292300
0.1193124613
0.0797722918
0.0758748276
0.1232055742
0.1069241047
0.1287234709
0.0000000000
0.0
0.0000000000
0.0969151044
0.1010867782
0.1035881186
0.1034212205
0.1101660827
0.1079430003
0.0019531250
0.0000000000
0.0000000000
0.1341018889
0.0913521407
0.1072815111
0.0
0.0
0.1187239904
0.0000000000
0.0830044450
0.0
0.0938909373
0.1096017715
0.1009278367
0.0019531250
0.1221892846
0.1051147994
0.0
0.0019531250
0.1045441436
0.1226562500
0.0
0.0953790552
0.1043741531
0.1006640421
0.1097266738
0.1129444648
0.1138795461
0.0000000000
0.0937538036
0.1207337382
0.0000000000
0.0990078728
0.1038114892
0.0019531250
0.0960929703
0.0986528240
0.1160062123
0.0893597738
0.0931641570
0.0815630294
0.1003493030
0.1193124613
0.0000000000
0.0
0.0000000000
0.1187239904
0.0
0.1001405681
0.1035881186
0.1136108038
0.1050001704
0.1055179795
0.0884567352
0.0
0.0000000000
0.0039062500
0.0823301892
0.0726132400
0.0000000000
0.1052872130
0.0000000000
0.1027589715
0.1202812695
0.0000000000
0.1054601930
0.1006114485
0.1098518611
0.0000000000
0.1080035404
0.1120246146
0.1156578453
0.1006114485
0.0039062500
0.0
0.1004539971
0.0954736304
0.0976027940
0.0
0.0929842166
0.1170640198
0.0958538141
0.0000000000
0.0952375433
0.1028687567
0.1123514075
0.0940284729
0.0739801431
0.0029296875
0.0026041667
0.0962851563
0.0000000000
0.0
0.1001926704
0.1132766544
0.0852458223
0.0000000000
0.0946291462
0.1090432121
0.0000000000
0.1230481230
0.0850575585
0.0000000000
0.0000000000
0.0000000000
0.0000000000
0.0019531250
0.1096017715
0.0000000000
0.1099773344
0.0
0.0000000000
0.0892355480
0.0889470266
0.0000000000
0.0802710765
0.0874127610
0.1126142178
0.0000000000
0.0830760623
0.0000000000
0.0000000000
0.0000000000
0.0019531250
0.0019531250
0.0000000000
0.0000000000
0.0019531250
0.1140819387
0.0881328661
0.0893597738
0.1196088898
0.0908350531
0.0879316495
0.1049429496
0.0000000000
0.0000000000
0.0924929455
0.0852835751
0.0
0.0000000000
0.0804723412
0.1231267983
0.0000000000
0.0000000000
0.0026041667
0.0863544002
0.1002448269
0.1153115644
0.0927156054
0.0932995700
0.0000000000
0.0886195640
0.0888649342
0.0026041667
0.0019531250
0.0029296875
0.0000000000
0.0000000000
0.0000000000
0.0039062500
0.0
0.0
0.0000000000
0.0019531250
0.0000000000
0.0019531250
0.0000000000
0.1072815111
0.1024310173
0.1103554799
0.0000000000
0.0026041667
0.0733042682
0.0019531250
0.0019531250
0.0904510627
0.0000000000
0.0609399723
0.1146251860
0.0852835751
0.0000000000
0.0913954972
0.0000000000
0.0795416409
0.0000000000
0.1117645459
0.1101030946
0.1101030946
0.0795416409
0.0000000000
0.0000000000
0.1071621105
0.0837262228
0.0019531250
0.0000000000
0.0000000000
0.0795416409
0.0000000000
0.0000000000
0.0026041667
0.0861997818
0.0000000000
0.0000000000
0.0000000000
0.0000000000
0.0019531250
0.0000000000
0.0000000000
0.0000000000
0.0000000000
0.0676397304
0.0000000000
0.0999326998
0.0000000000
0.0777119905
0.0000000000
0.0932092510
0.0000000000
0.0711641953
0.0019531250
0.0000000000
0.0000000000
0.0000000000
0.0000000000
0.0000000000
0.0000000000
0.1025401025
0.0000000000
0.0000000000
0.0609399723
0.0019531250
0.0000000000
0.0000000000
0.0000000000
0.0000000000
0.0026041667
0.0000000000
0.0019531250
0.0019531250
0.0000000000
0.0000000000
0.0996225103
0.0000000000
0.0000000000
0.0000000000
0.0000000000
0.0000000000
0.0000000000
0.0043945312
0.0000000000
0.0000000000
0.0
0.0026041667
0.1027589715
0.0904935679
0.0019531250
0.0000000000
0.0000000000
0.0000000000
0.0019531250
0.0000000000
0.0000000000
0.0000000000
0.0019531250
0.0000000000
0.0000000000
0.0000000000
0.0000000000
0.0000000000
0.0000000000
0.0804051409
0.0000000000
0.0000000000
0.0000000000
0.0000000000
0.0000000000
0.0000000000
0.0043945312
0.0000000000
0.0000000000
0.0000000000
0.0830760623
0.0000000000
0.0655001063
0.0019531250
0.0000000000
0.0000000000
0.0000000000
0.0000000000
0.0000000000
0.0000000000
0.0000000000
0.0000000000
0.0000000000
0.0000000000
0.0873334751
0.0000000000
0.0000000000
0.0000000000
0.0000000000
0.0000000000
0.0000000000
0.0000000000
0.0000000000
0.1025401025
0.0000000000
0.0000000000
0.0000000000
0.0000000000
0.0000000000
0.0000000000
0.0000000000
0.0000000000
0.0000000000
0.0000000000
0.0000000000
0.0000000000
0.0000000000
0.0000000000
0.0000000000
0.0000000000
