0.0
0.0
0.0
0.0
0.0
0.0
0.0
0.0
0.0
0.0
0.0
0.0
0.0
0.0
0.0
0.0932626449
0.0
0.0
0.0
0.0
0.0
0.0
0.0
0.0
0.0
0.0
0.0
0.0
0.0
0.0787982995
0.0
0.1192324532
0.0
0.0
0.0
0.0
0.1258442343
0.1196515479
0.0
0.0
0.1165783061
0.0
0.0
0.0086538462
0.1103431617
0.0
0.0
0.0
0.0
0.0873963168
0.0
0.0
0.0678780965
0.0
0.1171802595
0.0
0.0
0.0
0.0
0.0
0.0
0.0
0.0
0.0
0.0
0.0
0.0
0.0
0.0
0.0
0.1050643993
0.1041005058
0.1005638564
0.0
0.0481483244
0.0
0.0912623737
0.0
0.0859617813
0.0
0.1192324532
0.0859617813
0.0
0.1068786982
0.1110631823
0.0000000000
0.0
0.0778076923
0.0978185787
0.0236686391
0.0
0.0
0.0
0.0
0.0
0.0
0.0000000000
0.0876212751
0.0
0.0
0.0
0.0617801550
0.0000000000
0.0918781792
0.0
0.0
0.0
0.0
0.0
0.1213578089
0.1092804667
0.0000000000
0.1034676759
0.0988123814
0.0144230769
0.0899362362
0.0867283195
0.0
0.0
0.0
0.0
0.0
0.0999731729
0.0901744778
0.0
0.0707710299
0.0
0.0
0.0
0.0
0.0
0.0988123814
0.0883031527
0.0
0.0
0.0765823743
0.0910183566
0.0
0.0
0.0086538462
0.0793493366
0.0
0.0748150888
0.0
0.0096153846
0.0
0.1036251610
0.0
0.1008618234
0.0792569625
0.0000000000
0.0787982995
0.0878473945
0.0867283195
0.0
0.0616682344
0.1077242575
0.0
0.1036251610
0.0170940171
0.1020715604
0.0
0.1033106688
0.0887636646
0.0968445672
0.0991000448
0.0862886322
0.0869498477
0.0
0.0608415825
0.0
0.1190240048
0.0
0.0
0.0788896069
0.0795347322
0.0
0.0
0.0706975397
0.0000000000
0.0695421152
0.0
0.0856373972
0.0048076923
0.0000000000
0.0
0.0
0.0170940171
0.0986691750
0.0893461034
0.0
0.1014630861
0.0913848735
0.0
0.0064102564
0.0973987565
0.1060463096
0.0896992500
0.0
0.0676084715
0.0048076923
0.0935188609
0.0
0.0771027529
0.1026873767
0.0
0.0
0.0690484085
0.0822243125
0.0
0.0064102564
0.0917543541
0.0
0.0
0.0967070039
0.0
0.0873963168
0.0
0.1070467465
0.0
0.0
0.0000000000
0.0481483244
0.0109890110
0.0525321997
0.0856373972
0.0
0.0000000000
0.0
0.0665510565
0.0778076923
0.1047411243
0.0745692560
0.0755624093
0.0624603035
0.0700429329
0.0748150888
0.0796277553
0.0048076923
0.0123076923
0.0064102564
0.0
0.0000000000
0.0791648032
0.0773656031
0.0525321997
0.0
0.0000000000
0.0
0.0745692560
0.0550377775
0.0
0.1060463096
0.0048076923
0.0000000000
0.0064102564
0.0
0.0048076923
0.0000000000
0.0000000000
0.0048076923
0.0096153846
0.0
0.0048076923
0.0798144558
0.0773656031
0.0
0.0000000000
0.0
0.0192307692
0.0000000000
0.0
0.1033106688
0.0975382962
0.0048076923
0.0888795441
0.0908968368
0.0048076923
0.0636277858
0.0755624093
0.0576963820
0.0048076923
0.0558046974
0.0836384899
0.0000000000
0.0883031527
0.0828244900
0.0000000000
0.0000000000
0.0
0.0096153846
0.0064102564
0.0833313718
0.0123076923
0.0
0.0
0.0000000000
0.0620617418
0.0064102564
0.0000000000
0.0000000000
0.0862886322
0.0048076923
0.0000000000
0.0048076923
0.0146520147
0.0000000000
0.0755624093
0.0
0.0688389593
0.0048076923
0.0000000000
0.0000000000
0.0000000000
0.0000000000
0.0000000000
0.0000000000
0.0752284318
0.0000000000
0.0000000000
0.0000000000
0.0000000000
0.0000000000
0.0000000000
0.0048076923
0.0086538462
0.0153846154
0.0000000000
0.0852086743
0.0096153846
0.0064102564
0.0064102564
0.0000000000
0.0881887704
0.0000000000
0.0000000000
0.0000000000
0.0000000000
0.0000000000
0.0730490673
0.0000000000
0.0000000000
0.0000000000
0.0000000000
0.0000000000
0.0000000000
0.0000000000
