0.0
0.0
0.0
0.0
0.1219058466
0.0
0.1540786948
0.0
0.0
0.0986785495
0.0
0.1151721664
0.0
0.1335690516
0.0
0.1323577906
0.0
0.1346895973
0.0
0.0
0.1405866900
0.0893433500
0.0
0.0
0.0
0.1238811728
0.1104195323
0.1235000000
0.1362903226
0.1223704268
0.0
0.0
0.1489332096
0.1267166535
0.1342391304
0.1307410423
0.1346895973
0.1220912548
0.1160043353
0.0
0.0
0.1483826248
0.1513195099
0.1312755519
0.0
0.1369880546
0.1384051724
0.1235000000
0.1156700288
0.1159205776
0.1272187005
0.1121159218
0.1455575703
0.1333471761
0.1280303030
0.0
0.1257243540
0.0
0.1098904860
0.1497667910
0.0
0.1041180285
0.1076794098
0.1413292254
0.0
0.1380481513
0.0
0.0941642229
0.1269169960
0.1324669967
0.1399738448
0.1313829787
0.0000000000
0.1530505243
0.1283373301
0.1226508785
0.1070333333
0.0810040363
0.1066069057
0.1217210008
0.1321399177
0.1462204007
0.1276232114
0.0
0.1454257246
0.1276232114
0.1320312500
0.0
0.0918478261
0.0985573972
0.1351430976
0.0
0.1257243540
0.1068908123
0.1071762350
0.0
0.0956793802
0.1269169960
0.1305284553
0.1371050384
0.1326859504
0.1251363991
0.1070333333
0.1100411241
0.1231211656
0.1398519164
0.0
0.1108770718
0.1375749786
0.0
0.1236902928
0.1300000000
0.1128250176
0.1255277561
0.1084797297
0.1239768340
0.1309543230
0.0
0.0986179361
0.1437332140
0.1179647318
0.1243609605
0.0930185400
0.1162563360
0.0000000000
0.1342391304
0.1137845500
0.1194568452
0.0000000000
0.1321399177
0.0
0.0
0.1210784314
0.0026315789
0.1392454467
0.0026315789
0.1121159218
0.1182253314
0.1170189504
0.1362903226
0.1235000000
0.1067486702
0.1237856592
0.0
0.1098904860
0.1365221088
0.1099657534
0.0936697783
0.1337916667
0.1167636364
0.1196348733
0.1250389408
0.1201721557
0.1276232114
0.1271179731
0.0947756789
0.0000000000
0.0000000000
0.1093664850
0.1126666667
0.1360593220
0.0000000000
0.1049346405
0.1104195323
0.1233102919
0.1087737127
0.1225572519
0.0923762946
0.1011020151
0.1433482143
0.0
0.0
0.0720601436
0.0
0.1162563360
0.0026315789
0.0
0.1423315603
0.1062541363
0.0
0.0052631579
0.0035087719
0.1101165981
0.1350294365
0.1100411241
0.1035138620
0.1144333571
0.0
0.0000000000
0.1093664850
0.1039831606
0.1264173228
0.0973620376
0.1047292890
0.1385245902
0.1038486417
0.1149248389
0.1410808436
0.1199029126
0.0944411765
0.0
0.1179647318
0.1235000000
0.0
0.1147605432
0.0855810235
0.0
0.1311683007
0.0
0.0896927374
0.0946639151
0.1317063167
0.0
0.1044567339
0.0991661519
0.1171897810
0.1100411241
0.1113384189
0.0
0.1350294365
0.0000000000
0.1274206349
0.1336802664
0.0000000000
0.0
0.1211698113
0.0000000000
0.0000000000
0.1209871891
0.1362903226
0.1100411241
0.1295803067
0.0
0.1470238095
0.1229326187
0.0924294761
0.1232156562
0.0
0.1272187005
0.0758742911
0.1236902928
0.0000000000
0.0026315789
0.0000000000
0.1294758065
0.1069620253
0.1128250176
0.0000000000
0.1244573643
0.1196348733
0.0932346109
0.0000000000
0.1044567339
0.1286458333
0.0035087719
0.0860857909
0.1225572519
0.1151721664
0.1289558233
0.0000000000
0.0
0.0000000000
0.0999066584
0.0960801915
0.0858556150
0.1149248389
0.1087737127
0.1142704626
0.0788168876
0.0000000000
0.0000000000
0.1472935780
0.0856723586
0.0000000000
0.0790108268
0.0
0.0000000000
0.0000000000
0.0000000000
0.1157534247
0.0895426659
0.1129043601
0.0000000000
0.0703241349
0.1270174051
0.0000000000
0.1000935162
0.0026315789
0.0026315789
0.1256259781
0.0
0.0026315789
0.1118815331
0.0941642229
0.0921641791
0.1113384189
0.1169337218
0.0000000000
0.0035087719
0.1098153215
0.0000000000
0.0000000000
0.0941090270
0.1170189504
0.0000000000
0.0000000000
0.0000000000
0.0026315789
0.0987392374
0.0000000000
0.1098153215
0.1147605432
0.0000000000
0.0000000000
0.0898936170
0.1153376437
0.0982558140
0.0000000000
0.0990438001
0.1088474576
0.0978963415
0.1136234961
0.0857638889
0.1277247414
0.0000000000
0.0000000000
0.0757311321
0.0678571429
0.0000000000
0.0932346109
0.0000000000
0.0919530355
0.1105716253
0.1068196939
0.0000000000
0.0945524146
0.1155035971
0.0000000000
0.0000000000
0.0000000000
0.1155867531
0.0026315789
0.0000000000
0.0000000000
0.1098153215
0.0000000000
0.0000000000
0.0052631579
0.0000000000
0.1074631861
0.0000000000
0.0000000000
0.0000000000
0.0000000000
0.1295803067
0.1068196939
0.0000000000
0.0000000000
0.0026315789
0.1127457865
0.0000000000
0.0919530355
0.1069620253
0.1073195187
0.0000000000
0.0000000000
0.0000000000
0.0986179361
0.0000000000
0.0000000000
0.0000000000
0.0000000000
0.0000000000
0.0000000000
0.0000000000
0.0826725026
0.1129043601
0.0000000000
0.0000000000
0.0035087719
0.0000000000
0.0000000000
0.0000000000
0.0000000000
0.0000000000
0.0920584862
0.1133027523
0.0000000000
0.0000000000
0.0000000000
0.0000000000
0.0000000000
0.0992274413
0.0000000000
0.0000000000
0.0000000000
0.0000000000
0.0000000000
0.0000000000
0.0000000000
0.0000000000
0.0000000000
0.0000000000
0.0000000000
0.0000000000
0.0000000000
0.0000000000
0.0000000000
0.1064655172
0.0000000000
0.0000000000
0.0000000000
0.0000000000
0.0000000000
0.0000000000
0.0000000000
0.0000000000
0.1190140845
0.0000000000
0.0000000000
0.0000000000
0.0000000000
0.0000000000
0.0000000000
0.0000000000
0.0000000000
0.0000000000
0.0000000000
0.0000000000
0.0000000000
0.0000000000
0.0000000000
0.0000000000
0.0000000000
0.0000000000
