0.0
0.0
0.0
0.0
0.1209562684
0.0
0.1538188162
0.0
0.0
0.0849591948
0.0
0.1334111713
0.0
0.1425876011
0.0
0.1312028072
0.1011601224
0.1277206474
0.0
0.0
0.1334111713
0.0783858540
0.0
0.0
0.0
0.1386268344
0.1084905660
0.1322328587
0.1442668983
0.1272382276
0.0
0.0
0.1444215252
0.1373550286
0.1335433925
0.1445764839
0.1303145871
0.1177843383
0.1154629675
0.0
0.0
0.1463032389
0.1450433617
0.1232802223
0.0
0.1293140912
0.1340749085
0.1265213925
0.1108102656
0.1193492321
0.1212828830
0.1196672140
0.1374951868
0.1278418245
0.1304407386
0.1419865996
0.1226071729
0.0
0.1069407008
0.1410945372
0.0
0.0976415094
0.0784771596
0.1376356313
0.0
0.1322328587
0.0
0.1145793223
0.1249956243
0.1233931163
0.1433460458
0.1400678618
0.1160596753
0.1415391628
0.1319738325
0.1245335333
0.1046159030
0.0031446541
0.0867086763
0.1146768366
0.1278418245
0.1538188162
0.1208477875
0.0
0.1396324176
0.1174762712
0.1315871904
0.0
0.0883575626
0.0765163447
0.1458282284
0.0
0.1187183110
0.1021571516
0.1087532551
0.0
0.1011601224
0.1226071729
0.1061822561
0.1303145871
0.1273584906
0.1261659953
0.1020024853
0.0995164572
0.1161597267
0.1393436226
0.0
0.1071107178
0.1480717396
0.0
0.1120077166
0.1140942278
0.0000000000
0.1111759761
0.0723658878
0.1247641509
0.1054344938
0.0
0.0982824821
0.1256952267
0.1055997516
0.1172717868
0.0651572935
0.1147745171
0.0000000000
0.1216112663
0.0812697726
0.1245335333
0.0000000000
0.1042920147
0.0
0.0
0.0740358698
0.0031446541
0.1387696015
0.0031446541
0.1285737433
0.0995164572
0.0919135628
0.1244185439
0.1145793223
0.1226071729
0.1015412834
0.0
0.0899501222
0.1471018374
0.1127575590
0.0000000000
0.1236195257
0.1122877358
0.0767342158
0.1418371400
0.1160596753
0.1267594384
0.1019253275
0.0920391277
0.0000000000
0.0000000000
0.1153641122
0.1080555598
0.1266403036
0.0000000000
0.1165616635
0.0925448372
0.1344763304
0.1136132235
0.1290663630
0.0031446541
0.0686775143
0.1399224123
0.0
0.0
0.0000000000
0.0
0.0971487260
0.0815155977
0.0
0.1285737433
0.1032530904
0.0
0.0937032566
0.0000000000
0.1038099253
0.1273584906
0.0000000000
0.0890583496
0.1130413448
0.0
0.0000000000
0.1076240280
0.0998113208
0.1091939084
0.1194550381
0.1109928196
0.1245335333
0.0000000000
0.1030950903
0.1310751780
0.1165616635
0.1232802223
0.0
0.0979253510
0.1175787810
0.0
0.1140942278
0.0062893082
0.0
0.0000000000
0.1084032848
0.0865972256
0.0000000000
0.1175787810
0.0
0.0994430133
0.0959724238
0.1075381349
0.1072812763
0.0000000000
0.0
0.1069407008
0.0000000000
0.1157605524
0.1336758760
0.0000000000
0.0
0.1264027045
0.0000000000
0.0000000000
0.1151669086
0.1275996998
0.0955640305
0.1179906156
0.0
0.1361063465
0.1249956243
0.0700703500
0.1188230009
0.0000000000
0.1143847903
0.0000000000
0.0900703763
0.0000000000
0.0000000000
0.0000000000
0.0990774140
0.0834853055
0.1026239779
0.0000000000
0.1093711713
0.0000000000
0.1224957118
0.0000000000
0.0994430133
0.1115441085
0.0819618510
0.0836927224
0.1139013381
0.1148723640
0.1229427765
0.1184053454
0.0
0.0000000000
0.0909212436
0.0000000000
0.0685726631
0.1047786027
0.0791687914
0.1046159030
0.0031446541
0.0000000000
0.0000000000
0.1362439667
0.0854440603
0.0000000000
0.0031446541
0.0
0.0000000000
0.0000000000
0.0000000000
0.0864860610
0.0031446541
0.1200938351
0.0000000000
0.0000000000
0.0686775143
0.0000000000
0.0000000000
0.0031446541
0.0031446541
0.1136132235
0.0
0.0931204444
0.1066022809
0.0000000000
0.0000000000
0.0948910444
0.0937032566
0.0000000000
0.0850127969
0.0000000000
0.0000000000
0.0000000000
0.0961779322
0.1074523788
0.0000000000
0.0000000000
0.0000000000
0.0031446541
0.0766033445
0.0000000000
0.0000000000
0.0000000000
0.0000000000
0.0031446541
0.0031446541
0.0881840857
0.0041928721
0.0000000000
0.0958359054
0.0967997723
0.0000000000
0.1207395009
0.0685726631
0.0000000000
0.0000000000
0.0000000000
0.0041928721
0.0000000000
0.0000000000
0.0000000000
0.0000000000
0.0000000000
0.1038099253
0.0000000000
0.0000000000
0.0000000000
0.0000000000
0.0000000000
0.0000000000
0.0000000000
0.1069407008
0.0031446541
0.0000000000
0.0000000000
0.0000000000
0.0000000000
0.0000000000
0.0977123155
0.0000000000
0.0000000000
0.0000000000
0.0000000000
0.0000000000
0.0000000000
0.0000000000
0.0000000000
0.0000000000
0.0000000000
0.0000000000
0.0000000000
0.0031446541
0.0000000000
0.0000000000
0.0000000000
0.0000000000
0.0000000000
0.0000000000
0.0000000000
0.0000000000
