0.0
0.0
0.0
0.0
0.0
0.0
0.0
0.0
0.0
0.0
0.0
0.0
0.0
0.0
0.0
0.0
0.0
0.0
0.0
0.0
0.0
0.0
0.0
0.0
0.0
0.0
0.0
0.0
0.0
0.0
0.0
0.0185185185
0.0
0.0
0.0
0.0
0.0
0.0
0.0
0.0
0.0
0.0
0.0
0.0222222222
0.0
0.0
0.0
0.0
0.0
0.0
0.0
0.0
0.0370370370
0.0
0.0
0.0
0.0
0.0
0.0
0.0
0.0
0.0711346267
0.0
0.0
0.0563708362
0.0
0.0
0.0
0.0
0.0
0.0342935528
0.0
0.0
0.0
0.0
0.0
0.0
0.0
0.0663923182
0.0
0.0
0.0
0.0
0.0
0.0
0.0123456790
0.0
0.0
0.0
0.0
0.0
0.0000000000
0.0
0.0
0.0
0.0
0.0123456790
0.0
0.0
0.0
0.0766065211
0.0
0.0000000000
0.0
0.0
0.0
0.0
0.0
0.0
0.0
0.1012764177
0.0853615520
0.0
0.0
0.0
0.0
0.0
0.0
0.0
0.0
0.0000000000
0.0
0.0506382088
0.0277777778
0.0164609053
0.0237416904
0.0000000000
0.0
0.0123456790
0.0
0.0
0.0
0.0
0.0865986760
0.0000000000
0.0
0.0000000000
0.0
0.0246913580
0.0
0.0
0.1195061728
0.0277777778
0.0342935528
0.0
0.0
0.0185185185
0.0222222222
0.0
0.0
0.0440917108
0.0123456790
0.0841592766
0.0000000000
0.0
0.0
0.0
0.0
0.0580127053
0.0000000000
0.0
0.0277777778
0.0
0.0
0.0
0.0
0.0
0.0
0.0000000000
0.0123456790
0.0
0.0123456790
0.0000000000
0.0711346267
0.0
0.0
0.0
0.0
0.0164609053
0.0
0.0
0.0185185185
0.0
0.0000000000
0.0237416904
0.0277777778
0.0
0.0702977487
0.0728696176
0.0000000000
0.0
0.0000000000
0.0000000000
0.0979558794
0.0728696176
0.0
0.0123456790
0.0656627323
0.0000000000
0.0123456790
0.0000000000
0.0841592766
0.0000000000
0.0
0.0123456790
0.0123456790
0.0000000000
0.0000000000
0.0728696176
0.0000000000
0.0000000000
0.0563708362
0.0
0.0280583614
0.0123456790
0.0000000000
0.0948461689
0.0000000000
0.0616011200
0.0222222222
0.0563708362
0.0000000000
0.0123456790
0.0000000000
0.0185185185
0.0000000000
