0.0
0.0
0.0
0.0
0.0
0.0
0.0
0.0
0.0
0.0
0.0
0.0
0.0
0.0
0.0
0.0
0.0
0.0
0.0
0.0
0.0
0.0
0.0
0.0
0.0
0.0
0.0
0.0
0.0
0.0
0.0
0.0153256705
0.0
0.0
0.0
0.0
0.0
0.0
0.0
0.0
0.0
0.0
0.0
0.0258620690
0.0
0.0
0.0
0.0
0.0
0.0
0.0
0.0
0.0331304936
0.0
0.0
0.0
0.0
0.0
0.0
0.0
0.0
0.1128526646
0.0
0.0
0.0
0.0
0.0
0.0
0.0
0.0
0.1241379310
0.0
0.0
0.0
0.0
0.0
0.0
0.0
0.0913898879
0.0
0.0
0.0
0.0
0.0
0.0
0.0642092747
0.0
0.0
0.0
0.0
0.0
0.0719640180
0.0
0.0
0.0
0.0
0.0000000000
0.0
0.0
0.0
0.0752351097
0.0
0.0114942529
0.0
0.0
0.0
0.0
0.0
0.0
0.0
0.0000000000
0.0114942529
0.0
0.0
0.0
0.0
0.0
0.0
0.0
0.0
0.0172413793
0.0
0.1145888594
0.0925251660
0.0775862069
0.1342031687
0.0000000000
0.0
0.0557923286
0.0
0.0
0.0
0.0
0.0268199234
0.0856123662
0.0
0.1071694369
0.0
0.0656235759
0.0
0.0
0.0331304936
0.0892009085
0.0886699507
0.0
0.0
0.0375478927
0.0726661060
0.0
0.0
0.1071694369
0.0000000000
0.0375478927
0.0
0.0
0.0
0.0
0.0
0.0892009085
0.0208599404
0.0
0.0153256705
0.0
0.0
0.0
0.0
0.0
0.0
0.0000000000
0.0
0.0
0.0
0.0986526604
0.0
0.0
0.0
0.0
0.0
0.0748570438
0.0
0.0
0.1182266010
0.0
0.0114942529
0.0114942529
0.0229885057
0.0
0.0114942529
0.0000000000
0.0000000000
0.0
0.0
0.0183908046
0.0
0.0114942529
0.0
0.0262725780
0.0183908046
0.0262725780
0.0
0.0866078589
0.0719640180
0.0244877561
0.0
0.0
0.0306513410
0.0
0.0752351097
0.1071694369
0.0000000000
0.0000000000
0.0114942529
0.0
0.0856123662
0.0172413793
0.0114942529
0.0913898879
0.0
0.0936890046
0.0000000000
0.0620689655
0.0258620690
0.0000000000
0.1087339542
0.1103448276
0.0000000000
0.1392201096
0.0000000000
0.1027348395
0.0000000000
0.0000000000
0.0767863491
0.0752351097
0.0
0.0000000000
0.0892009085
0.0000000000
0.0000000000
0.0244877561
0.0000000000
0.0000000000
0.0000000000
0.0000000000
0.0000000000
