0.0
0.0
0.0
0.0
0.0
0.0
0.0
0.0
0.0
0.0
0.0
0.0
0.0
0.0
0.0
0.0
0.0
0.0
0.0
0.0
0.0
0.0
0.0
0.0
0.0
0.0
0.0
0.0
0.0
0.0
0.0
0.0
0.0
0.0
0.0
0.0
0.0
0.0
0.0
0.0
0.0
0.0
0.0000000000
0.0185185185
0.0
0.0
0.0
0.0
0.0
0.0
0.0
0.0
0.0
0.0
0.0
0.0
0.0
0.0
0.0
0.0
0.0896296296
0.0
0.0
0.0
0.0
0.0
0.0
0.0
0.0
0.0
0.0
0.0
0.0
0.0
0.0
0.0185185185
0.0
0.0
0.0
0.1200396825
0.0
0.0
0.0
0.0
0.0
0.0
0.0138888889
0.0
0.0
0.0
0.0
0.0800264550
0.0
0.0
0.0
0.0
0.0
0.0
0.0
0.0
0.0
0.0000000000
0.0
0.0
0.0
0.0
0.0
0.0819783198
0.0
0.0722819594
0.0
0.0
0.0
0.0
0.0
0.0
0.0000000000
0.0
0.0375375375
0.0659041394
0.0
0.0462962963
0.0
0.0
0.0
0.0
0.0
0.0
0.0000000000
0.0
0.0
0.0
0.0
0.0694444444
0.0
0.0
0.0
0.0496031746
0.0185185185
0.1018518519
0.0
0.0603864734
0.0
0.0
0.0
0.0
0.0
0.0
0.0
0.0
0.0000000000
0.0
0.0000000000
0.1102003643
0.0
0.0514403292
0.0434027778
0.0634171908
0.0385802469
0.0772669221
0.0
0.0790849673
0.0000000000
0.0000000000
0.0277777778
0.0
0.0
0.0000000000
0.0665566557
0.0
0.0
0.0908408408
0.0722819594
0.0138888889
0.0138888889
0.0800264550
0.0603864734
0.1102003643
0.0
0.0000000000
0.0
0.0
0.1102003643
0.0589668616
0.0375375375
0.0700231481
0.0589668616
0.0000000000
0.0356125356
0.0000000000
0.0659041394
0.0000000000
0.0000000000
0.0
0.0000000000
0.0
0.0000000000
0.0000000000
0.0000000000
0.0000000000
0.0
0.0
0.0000000000
0.0000000000
0.0000000000
0.0873015873
0.0185185185
0.0277777778
0.0000000000
0.0000000000
0.0840277778
0.0000000000
0.0000000000
0.0000000000
0.0138888889
0.0000000000
0.0000000000
