0.0
0.0
0.0
0.0
0.0
0.0
0.0082559340
0.0
0.0
0.0050125313
0.0
0.0
0.0
0.0
0.0
0.0
0.0
0.0
0.0
0.0
0.0
0.0
0.0
0.0098684211
0.0
0.0
0.0
0.0
0.0
0.0
0.0
0.0
0.0
0.0
0.0
0.0
0.0
0.0
0.0
0.0
0.0
0.0
0.0000000000
0.0
0.0
0.0
0.0
0.0
0.0
0.0
0.0
0.0
0.0084345479
0.0
0.0021929825
0.0
0.0
0.0
0.0021929825
0.0
0.0
0.0000000000
0.0
0.0
0.0
0.0057300509
0.0
0.0049342105
0.0021929825
0.0
0.0071052632
0.0021929825
0.0
0.0
0.0
0.0
0.0
0.0
0.0
0.0
0.0
0.0
0.0
0.0021929825
0.0
0.0104489164
0.0
0.0
0.0
0.0
0.0
0.0
0.0021929825
0.0
0.0000000000
0.0
0.0
0.0
0.0064529139
0.0
0.0
0.0
0.0
0.0
0.0
0.0
0.0
0.0
0.0
0.0
0.0
0.0000000000
0.0
0.0
0.0
0.0
0.0
0.0050125313
0.0
0.0
0.0
0.0071637427
0.0
0.0000000000
0.0
0.0000000000
0.0
0.0
0.0000000000
0.0
0.0
0.0
0.0
0.0
0.0
0.0043859649
0.0
0.0
0.0
0.0097687400
0.0029239766
0.0
0.0
0.0
0.0118421053
0.0
0.0071052632
0.0039473684
0.0032894737
0.0000000000
0.0021929825
0.0
0.0000000000
0.0
0.0
0.0
0.0
0.0
0.0000000000
0.0
0.0
0.0
0.0
0.0
0.0
0.0
0.0000000000
0.0043859649
0.0082658570
0.0
0.0075865339
0.0
0.0
0.0
0.0084586466
0.0
0.0
0.0049342105
0.0
0.0000000000
0.0
0.0000000000
0.0
0.0
0.0
0.0
0.0
0.0
0.0000000000
0.0
0.0000000000
0.0
0.0114572145
0.0
0.0000000000
0.0
0.0
0.0
0.0087719298
0.0
0.0029239766
0.0070175439
0.0
0.0
0.0
0.0
0.0000000000
0.0084586466
0.0
0.0
0.0000000000
0.0
0.0
0.0021929825
0.0044754744
0.0
0.0
0.0021929825
0.0073099415
0.0021929825
0.0
0.0
0.0
0.0
0.0
0.0000000000
0.0
0.0
0.0029239766
0.0
0.0
0.0
0.0051169591
0.0
0.0064499484
0.0
0.0
0.0047673532
0.0
0.0
0.0050751880
0.0089111668
0.0
0.0
0.0
0.0021929825
0.0
0.0081362827
0.0
0.0039473684
0.0
0.0029239766
0.0029239766
0.0
0.0
0.0021929825
0.0000000000
0.0
0.0
0.0071052632
0.0
0.0059095106
0.0
0.0
0.0
0.0
0.0021929825
0.0112280702
0.0021929825
0.0032894737
0.0
0.0043859649
0.0065789474
0.0078320802
0.0
0.0
0.0
0.0
0.0021929825
0.0
0.0
0.0
0.0071052632
0.0021929825
0.0056555863
0.0
0.0070741370
0.0
0.0
0.0061252269
0.0
0.0
0.0021929825
0.0
0.0029239766
0.0
0.0
0.0059095106
0.0
0.0
0.0050125313
0.0
0.0
0.0
0.0
0.0000000000
0.0
0.0032894737
0.0029239766
0.0
0.0
0.0
0.0
0.0
0.0073868883
0.0
0.0087719298
0.0093567251
0.0
0.0021929825
0.0000000000
0.0000000000
0.0
0.0029239766
0.0
0.0095347063
0.0000000000
0.0
0.0065789474
0.0
0.0121832359
0.0
0.0068530702
0.0043859649
0.0
0.0000000000
0.0
0.0
0.0000000000
0.0021929825
0.0
0.0000000000
0.0043859649
0.0
0.0
0.0
0.0
0.0
0.0021929825
0.0105925190
0.0
0.0
0.0081221572
0.0
0.0000000000
0.0000000000
0.0
0.0
0.0
0.0
0.0059269796
0.0
0.0021929825
0.0
0.0070175439
0.0
0.0
0.0
0.0000000000
0.0
0.0
0.0000000000
0.0000000000
0.0
0.0
0.0061252269
0.0
0.0055039560
0.0087719298
0.0
0.0000000000
0.0
0.0087719298
0.0021929825
0.0
0.0087719298
0.0000000000
0.0
0.0043859649
0.0087719298
0.0049342105
0.0021929825
0.0000000000
0.0
0.0
0.0
0.0
0.0056230319
0.0021929825
0.0
0.0
0.0051169591
0.0
0.0082559340
0.0000000000
0.0
0.0
0.0
0.0
0.0000000000
0.0
0.0021929825
0.0050125313
0.0021929825
0.0000000000
0.0000000000
0.0029239766
0.0021929825
0.0000000000
0.0
0.0000000000
0.0
0.0065789474
0.0000000000
0.0
0.0
0.0
0.0043859649
0.0
0.0065789474
0.0021929825
0.0
0.0000000000
0.0
0.0000000000
0.0000000000
0.0000000000
0.0000000000
0.0021929825
0.0
0.0021929825
0.0000000000
0.0
0.0049342105
0.0
0.0000000000
0.0087719298
0.0029239766
0.0000000000
0.0
0.0000000000
0.0
0.0
0.0021929825
0.0060728745
0.0
0.0091374269
0.0045687135
0.0
0.0047673532
0.0000000000
0.0000000000
0.0000000000
0.0
0.0
0.0000000000
0.0021929825
0.0000000000
0.0
0.0
0.0
0.0049342105
0.0032894737
0.0071637427
0.0000000000
0.0045274477
0.0000000000
0.0
0.0000000000
0.0095347063
0.0
0.0103963613
0.0
0.0021929825
0.0056555863
0.0
0.0093490305
0.0
0.0021929825
0.0050125313
0.0000000000
0.0
0.0
0.0
0.0000000000
0.0000000000
0.0000000000
0.0087719298
0.0032894737
0.0
0.0000000000
0.0000000000
0.0021929825
0.0000000000
0.0093490305
0.0058479532
0.0
0.0000000000
0.0
0.0
0.0048732943
0.0
0.0021929825
0.0000000000
0.0021929825
0.0000000000
0.0
0.0
0.0029239766
0.0000000000
0.0000000000
0.0
0.0000000000
0.0043859649
0.0
0.0000000000
0.0000000000
0.0000000000
0.0059269796
0.0000000000
0.0000000000
0.0068530702
0.0000000000
0.0000000000
0.0
0.0039160401
0.0021929825
0.0021929825
0.0043859649
0.0
0.0021929825
0.0000000000
0.0021929825
0.0
0.0
0.0000000000
0.0050125313
0.0000000000
0.0000000000
0.0050125313
0.0032894737
0.0066454014
0.0021929825
0.0
0.0021929825
0.0
0.0000000000
0.0000000000
0.0084586466
0.0058479532
0.0000000000
0.0021929825
0.0000000000
0.0051981806
0.0029239766
0.0000000000
0.0000000000
0.0049342105
0.0000000000
0.0
0.0
0.0000000000
0.0000000000
0.0064499484
0.0049342105
0.0029239766
0.0065789474
0.0000000000
0.0
0.0043859649
0.0000000000
0.0
0.0038986355
0.0000000000
0.0000000000
0.0073099415
0.0
0.0000000000
0.0054824561
0.0021929825
0.0043859649
0.0000000000
0.0070175439
0.0060916179
0.0000000000
0.0000000000
0.0050125313
0.0000000000
0.0054824561
0.0
0.0000000000
0.0000000000
0.0061022121
0.0
0.0
0.0000000000
0.0029239766
0.0021929825
0.0000000000
0.0000000000
0.0000000000
0.0
0.0029239766
0.0000000000
0.0081362827
0.0000000000
0.0000000000
0.0029239766
0.0000000000
0.0051981806
0.0039473684
0.0075620085
0.0000000000
0.0
0.0000000000
0.0000000000
0.0021929825
0.0000000000
0.0000000000
0.0000000000
0.0021929825
0.0
0.0000000000
0.0071770335
0.0021929825
0.0045546559
0.0000000000
0.0000000000
0.0000000000
0.0000000000
0.0000000000
0.0054824561
0.0021929825
0.0000000000
0.0000000000
0.0000000000
0.0
0.0029239766
0.0000000000
0.0000000000
0.0
0.0
0.0000000000
0.0029239766
0.0
0.0000000000
0.0000000000
0.0000000000
0.0000000000
0.0000000000
0.0000000000
0.0081221572
0.0000000000
0.0000000000
0.0021929825
0.0056230319
0.0000000000
0.0000000000
0.0000000000
0.0000000000
0.0021929825
0.0
0.0000000000
0.0000000000
0.0021929825
0.0000000000
0.0000000000
0.0000000000
0.0000000000
0.0000000000
0.0000000000
0.0000000000
0.0021929825
0.0073099415
0.0045687135
0.0000000000
0.0000000000
0.0000000000
0.0000000000
0.0000000000
0.0000000000
0.0073099415
0.0000000000
0.0000000000
0.0000000000
0.0000000000
0.0000000000
0.0000000000
0.0000000000
0.0000000000
0.0071770335
0.0000000000
0.0021929825
0.0000000000
0.0000000000
0.0000000000
0.0
0.0000000000
0.0000000000
0.0000000000
0.0000000000
0.0000000000
0.0000000000
0.0000000000
0.0000000000
0.0000000000
0.0000000000
0.0
0.0000000000
0.0000000000
0.0000000000
0.0000000000
0.0000000000
0.0056230319
0.0000000000
0.0021929825
0.0000000000
0.0000000000
0.0000000000
0.0000000000
0.0000000000
0.0000000000
0.0000000000
0.0000000000
0.0000000000
0.0000000000
0.0000000000
0.0000000000
0.0000000000
0.0000000000
0.0000000000
0.0021929825
0.0000000000
0.0000000000
0.0049342105
0.0056230319
0.0000000000
0.0000000000
0.0000000000
0.0000000000
0.0000000000
0.0021929825
0.0000000000
0.0000000000
0.0000000000
0.0000000000
0.0000000000
0.0000000000
0.0000000000
0.0000000000
0.0000000000
0.0000000000
0.0000000000
0.0000000000
0.0000000000
0.0000000000
0.0000000000
0.0000000000
0.0000000000
0.0000000000
0.0000000000
0.0060728745
0.0000000000
0.0000000000
0.0000000000
0.0000000000
0.0000000000
0.0000000000
0.0000000000
0.0000000000
0.0000000000
0.0000000000
0.0000000000
0.0000000000
0.0000000000
0.0000000000
0.0000000000
0.0000000000
