0.0
0.0
0.0
0.0
0.0
0.1547987616
0.0
0.0789473684
0.0
0.0
0.0
0.1670843776
0.0861244019
0.0
0.0
0.0
0.0
0.0
0.0263157895
0.0
0.0557275542
0.0
0.0263157895
0.1879699248
0.0
0.2288329519
0.0000000000
0.0
0.1461988304
0.0
0.0
0.2148227712
0.0000000000
0.0789473684
0.0
0.1012145749
0.0
0.1547987616
0.0
0.1547987616
0.1986097319
0.1461988304
0.0
0.0000000000
0.0
0.1461988304
0.0
0.1283697047
0.0263157895
0.1299545159
0.0
0.0263157895
0.1670843776
0.0631578947
0.0557275542
0.1594896332
0.1238390093
0.1986097319
0.0
0.1238390093
0.0
0.1644736842
0.0473684211
0.1697792869
0.0000000000
0.0000000000
0.0000000000
0.0
0.0000000000
