0.0
0.0
0.0
0.0
0.0
0.0
0.0
0.0
0.0
0.0
0.0
0.0
0.0
0.0
0.0
0.0
0.0
0.0
0.0
0.0
0.0
0.0
0.0
0.0
0.0
0.0
0.0
0.0
0.0
0.0
0.0
0.0
0.0
0.0
0.0
0.0
0.0
0.0
0.0
0.0
0.0
0.0
0.0
0.0
0.0
0.0
0.0
0.0
0.0
0.0
0.0
0.0
0.0773902373
0.0
0.0
0.0
0.0
0.0
0.0
0.0
0.0
0.1147394388
0.0
0.0
0.0
0.0
0.0
0.0
0.0
0.0
0.0
0.0
0.0
0.0
0.0
0.0
0.0
0.0
0.0
0.0
0.0
0.0
0.0
0.0
0.0
0.0000000000
0.0
0.0
0.0
0.0
0.0
0.0
0.0
0.0
0.0
0.0
0.0966669265
0.0
0.0
0.0
0.0
0.0
0.0
0.0
0.0
0.0
0.0
0.0
0.0
0.0
0.0
0.0070921986
0.0
0.0
0.0
0.0
0.0
0.0
0.0
0.0
0.1064115763
0.0
0.0094562648
0.0
0.0804575333
0.0
0.0000000000
0.0
0.0992107929
0.0
0.0
0.0
0.0
0.0
0.0
0.0
0.0776178557
0.0
0.0127659574
0.0
0.0
0.0070921986
0.0
0.0
0.0
0.0
0.0792494622
0.0
0.0
0.0
0.0070921986
0.1199548678
0.0
0.0
0.0
0.0
0.0
0.0
0.0000000000
0.0848555335
0.0
0.0000000000
0.0
0.0
0.0
0.0
0.0
0.0
0.0792494622
0.0
0.0
0.0
0.0
0.0
0.0
0.0
0.0
0.0
0.0
0.0
0.0
0.0
0.0
0.0
0.0
0.0
0.0
0.0984704139
0.0000000000
0.0
0.0
0.0
0.0000000000
0.0
0.0
0.0
0.0
0.0000000000
0.0
0.0
0.0804575333
0.0932511340
0.0
0.0
0.0
0.0
0.0
0.0
0.0
0.0000000000
0.0
0.0
0.0
0.1099586288
0.0925967401
0.0
0.0141843972
0.0
0.1137503057
0.0000000000
0.0070921986
0.0127659574
0.0696307940
0.0862420618
0.0822120589
0.1011113828
0.0903769552
0.0070921986
0.0
0.0
0.1072767111
0.0666415932
0.0776178557
0.0
0.0
0.0141843972
0.0070921986
0.0
0.1022870966
0.0696307940
0.0
0.0000000000
0.0
0.0000000000
0.0
0.0094562648
0.0840448119
0.0070921986
0.0094562648
0.0000000000
0.0000000000
0.1059842206
0.0
0.1127780809
0.0070921986
0.0977410034
0.0070921986
0.0
0.0000000000
0.0000000000
0.1147394388
0.0843133256
0.0
0.0992107929
0.0
0.0
0.0
0.0
0.0
0.0
0.0
0.0988392169
0.0
0.0
0.0879669031
0.0070921986
0.0
0.0711322666
0.0
0.0
0.0514426334
0.0778468169
0.0000000000
0.0
0.0070921986
0.0824689716
0.0000000000
0.0906875289
0.0
0.0000000000
0.0
0.0
0.0
0.0785418777
0.0070921986
0.0070921986
0.0
0.0000000000
0.0000000000
0.0827274951
0.0
0.0925967401
0.0
0.0668103061
0.0000000000
0.0000000000
0.1086011149
0.1043085807
0.0000000000
0.0
0.0
0.0
0.0000000000
0.0
0.0
0.0070921986
0.0000000000
0.0764929592
0.0070921986
0.0601140568
0.0
0.0070921986
0.0
0.0000000000
0.0000000000
0.0000000000
0.0000000000
0.0000000000
0.0094562648
0.0000000000
0.0666415932
0.0094562648
0.0981043529
0.0705616870
0.0919514666
0.0141843972
0.0000000000
0.0942502533
0.0212765957
0.0094562648
0.0000000000
0.0000000000
0.0897621460
0.0
0.0000000000
0.0
0.0000000000
0.0
0.0582562272
0.0
0.0822120589
0.0
0.0910002446
0.0984704139
0.0000000000
0.0922729753
0.0000000000
0.0127659574
0.0000000000
0.1178128166
0.0000000000
0.0070921986
0.0000000000
0.0751853872
0.0070921986
0.0000000000
0.0000000000
0.0000000000
0.0070921986
0.0070921986
0.0000000000
0.0000000000
0.0000000000
