0.0
0.0
0.0
0.0
0.0
0.0
0.0026298488
0.0
0.0
0.0000000000
0.0
0.0
0.0
0.0
0.0
0.0
0.0
0.0
0.0
0.0
0.0
0.0
0.0
0.0093923171
0.0
0.0
0.0
0.0
0.0
0.0
0.0
0.0
0.0
0.0
0.0
0.0
0.0
0.0
0.0
0.0
0.0
0.0
0.0000000000
0.0
0.0
0.0
0.0
0.0
0.0
0.0
0.0
0.0
0.0085235278
0.0
0.0019723866
0.0
0.0
0.0
0.0000000000
0.0
0.0
0.0000000000
0.0
0.0
0.0
0.0019723866
0.0
0.0070442378
0.0019723866
0.0
0.0079552926
0.0019723866
0.0
0.0
0.0
0.0
0.0
0.0
0.0
0.0
0.0
0.0
0.0
0.0000000000
0.0
0.0108481262
0.0
0.0
0.0
0.0
0.0
0.0
0.0066294105
0.0
0.0000000000
0.0
0.0
0.0
0.0044826968
0.0
0.0
0.0
0.0
0.0
0.0
0.0
0.0
0.0
0.0
0.0
0.0
0.0000000000
0.0
0.0
0.0
0.0
0.0
0.0060110829
0.0
0.0
0.0
0.0063116371
0.0
0.0000000000
0.0
0.0044378698
0.0
0.0
0.0000000000
0.0
0.0
0.0
0.0
0.0
0.0
0.0039447732
0.0
0.0
0.0
0.0084155161
0.0000000000
0.0
0.0
0.0
0.0
0.0
0.0074580868
0.0000000000
0.0070442378
0.0000000000
0.0026298488
0.0
0.0000000000
0.0
0.0
0.0
0.0
0.0
0.0000000000
0.0
0.0
0.0
0.0
0.0
0.0
0.0
0.0
0.0082182774
0.0078895464
0.0
0.0054788516
0.0
0.0
0.0
0.0019723866
0.0
0.0
0.0049309665
0.0
0.0
0.0
0.0000000000
0.0
0.0
0.0
0.0
0.0
0.0
0.0000000000
0.0
0.0000000000
0.0
0.0
0.0
0.0000000000
0.0
0.0
0.0
0.0019723866
0.0
0.0000000000
0.0119329389
0.0
0.0
0.0
0.0
0.0029585799
0.0055502041
0.0
0.0
0.0000000000
0.0
0.0
0.0000000000
0.0026298488
0.0
0.0
0.0044378698
0.0062804941
0.0039447732
0.0
0.0
0.0
0.0
0.0
0.0000000000
0.0
0.0
0.0000000000
0.0
0.0
0.0
0.0046752867
0.0
0.0026298488
0.0
0.0
0.0000000000
0.0
0.0
0.0082296130
0.0054788516
0.0
0.0
0.0
0.0000000000
0.0
0.0
0.0
0.0026298488
0.0
0.0059769291
0.0026298488
0.0
0.0
0.0019723866
0.0000000000
0.0
0.0
0.0074580868
0.0
0.0000000000
0.0
0.0
0.0
0.0
0.0000000000
0.0
0.0000000000
0.0000000000
0.0
0.0053035284
0.0000000000
0.0054788516
0.0
0.0
0.0
0.0
0.0
0.0
0.0
0.0
0.0
0.0029585799
0.0
0.0
0.0073051355
0.0
0.0
0.0019723866
0.0
0.0
0.0000000000
0.0
0.0026298488
0.0
0.0
0.0019723866
0.0
0.0
0.0060110829
0.0
0.0
0.0
0.0
0.0000000000
0.0
0.0044826968
0.0026298488
0.0
0.0
0.0
0.0
0.0
0.0078895464
0.0
0.0000000000
0.0026298488
0.0
0.0039447732
0.0000000000
0.0070193758
0.0
0.0000000000
0.0
0.0019723866
0.0000000000
0.0
0.0
0.0
0.0019723866
0.0
0.0045083122
0.0039447732
0.0
0.0000000000
0.0
0.0
0.0000000000
0.0026298488
0.0
0.0000000000
0.0
0.0
0.0
0.0
0.0
0.0
0.0073051355
0.0039447732
0.0
0.0
0.0074580868
0.0
0.0000000000
0.0026298488
0.0
0.0
0.0
0.0
0.0051882343
0.0
0.0044378698
0.0
0.0019723866
0.0
0.0
0.0
0.0000000000
0.0
0.0
0.0000000000
0.0000000000
0.0
0.0
0.0045029958
0.0
0.0032873110
0.0066438285
0.0
0.0000000000
0.0
0.0073051355
0.0000000000
0.0
0.0000000000
0.0000000000
0.0
0.0053035284
0.0090166244
0.0054788516
0.0039447732
0.0000000000
0.0
0.0
0.0
0.0
0.0035502959
0.0000000000
0.0
0.0
0.0046752867
0.0
0.0079552926
0.0
0.0
0.0
0.0
0.0
0.0000000000
0.0
0.0019723866
0.0
0.0039447732
0.0000000000
0.0019723866
0.0059769291
0.0019723866
0.0000000000
0.0
0.0000000000
0.0
0.0058011370
0.0000000000
0.0
0.0
0.0
0.0019723866
0.0
0.0068188222
0.0
0.0
0.0000000000
0.0
0.0
0.0000000000
0.0000000000
0.0
0.0019723866
0.0
0.0019723866
0.0000000000
0.0
0.0
0.0
0.0000000000
0.0
0.0078895464
0.0000000000
0.0
0.0000000000
0.0
0.0
0.0056823518
0.0089653936
0.0
0.0098619329
0.0000000000
0.0
0.0042617639
0.0000000000
0.0000000000
0.0
0.0
0.0
0.0000000000
0.0
0.0
0.0
0.0
0.0
0.0066294105
0.0037930511
0.0063116371
0.0019723866
0.0050574015
0.0019723866
0.0
0.0019723866
0.0
0.0
0.0044826968
0.0
0.0000000000
0.0000000000
0.0
0.0045869456
0.0
0.0000000000
0.0048551054
0.0000000000
0.0
0.0
0.0
0.0000000000
0.0000000000
0.0000000000
0.0039447732
0.0040252788
0.0
0.0000000000
0.0000000000
0.0
0.0026298488
0.0039447732
0.0065746220
0.0
0.0
0.0
0.0
0.0056353903
0.0
0.0035064650
0.0
0.0026298488
0.0000000000
0.0
0.0
0.0059769291
0.0019723866
0.0000000000
0.0
0.0000000000
0.0
0.0
0.0000000000
0.0000000000
0.0
0.0062804941
0.0
0.0019723866
0.0052596976
0.0019723866
0.0000000000
0.0
0.0031558185
0.0044378698
0.0019723866
0.0019723866
0.0
0.0000000000
0.0
0.0052596976
0.0
0.0
0.0019723866
0.0060110829
0.0000000000
0.0000000000
0.0048551054
0.0051882343
0.0
0.0019723866
0.0
0.0019723866
0.0
0.0000000000
0.0000000000
0.0026298488
0.0082296130
0.0000000000
0.0
0.0000000000
0.0079552926
0.0026298488
0.0000000000
0.0000000000
0.0053307746
0.0
0.0
0.0
0.0019723866
0.0000000000
0.0000000000
0.0059769291
0.0026298488
0.0039447732
0.0060110829
0.0
0.0082182774
0.0000000000
0.0
0.0095463511
0.0000000000
0.0
0.0085235278
0.0
0.0050574015
0.0045083122
0.0019723866
0.0039447732
0.0000000000
0.0068188222
0.0075861023
0.0000000000
0.0026298488
0.0084155161
0.0000000000
0.0054788516
0.0
0.0000000000
0.0000000000
0.0019723866
0.0
0.0
0.0000000000
0.0061194558
0.0063116371
0.0000000000
0.0026298488
0.0000000000
0.0
0.0026298488
0.0000000000
0.0032873110
0.0029585799
0.0
0.0000000000
0.0000000000
0.0099441157
0.0026298488
0.0103809820
0.0000000000
0.0
0.0000000000
0.0000000000
0.0039447732
0.0000000000
0.0000000000
0.0019723866
0.0035502959
0.0
0.0
0.0070442378
0.0019723866
0.0019723866
0.0000000000
0.0
0.0
0.0
0.0048705873
0.0039447732
0.0054883801
0.0019723866
0.0000000000
0.0000000000
0.0
0.0019723866
0.0000000000
0.0000000000
0.0
0.0
0.0000000000
0.0019723866
0.0
0.0000000000
0.0000000000
0.0000000000
0.0000000000
0.0000000000
0.0000000000
0.0091791837
0.0019723866
0.0000000000
0.0074580868
0.0000000000
0.0000000000
0.0019723866
0.0000000000
0.0019723866
0.0019723866
0.0
0.0000000000
0.0019723866
0.0019723866
0.0000000000
0.0054788516
0.0000000000
0.0000000000
0.0000000000
0.0000000000
0.0
0.0039447732
0.0059171598
0.0031558185
0.0000000000
0.0000000000
0.0
0.0000000000
0.0000000000
0.0
0.0
0.0000000000
0.0054788516
0.0000000000
0.0042077581
0.0019723866
0.0000000000
0.0000000000
0.0
0.0070442378
0.0000000000
0.0070129301
0.0000000000
0.0000000000
0.0000000000
0.0
0.0019723866
0.0000000000
0.0000000000
0.0000000000
0.0037930511
0.0000000000
0.0019723866
0.0000000000
0.0000000000
0.0000000000
0.0
0.0000000000
0.0000000000
0.0
0.0029585799
0.0019723866
0.0062804941
0.0000000000
0.0000000000
0.0076986702
0.0000000000
0.0059664694
0.0000000000
0.0019723866
0.0000000000
0.0000000000
0.0000000000
0.0000000000
0.0000000000
0.0000000000
0.0000000000
0.0
0.0000000000
0.0019723866
0.0026298488
0.0000000000
0.0000000000
0.0053307746
0.0000000000
0.0
0.0000000000
0.0026298488
0.0000000000
0.0000000000
0.0026298488
0.0000000000
0.0000000000
0.0000000000
0.0000000000
0.0000000000
0.0000000000
0.0000000000
0.0019723866
0.0
0.0000000000
0.0
0.0019723866
0.0000000000
0.0000000000
0.0000000000
0.0
0.0000000000
0.0019723866
0.0000000000
0.0065746220
0.0019723866
0.0000000000
0.0000000000
0.0000000000
0.0035502959
0.0019723866
0.0019723866
0.0000000000
0.0019723866
0.0000000000
0.0000000000
0.0000000000
0.0000000000
0.0000000000
0.0000000000
0.0
0.0000000000
0.0019723866
0.0000000000
0.0000000000
0.0000000000
0.0000000000
0.0000000000
0.0000000000
0.0000000000
0.0000000000
0.0000000000
0.0000000000
0.0000000000
0.0000000000
0.0019723866
0.0000000000
0.0
0.0000000000
0.0000000000
0.0000000000
0.0000000000
0.0000000000
0.0000000000
0.0
0.0000000000
0.0000000000
0.0000000000
0.0000000000
0.0000000000
0.0000000000
0.0000000000
0.0000000000
0.0000000000
0.0
0.0019723866
0.0019723866
0.0000000000
0.0026298488
0.0000000000
0.0026298488
0.0000000000
0.0000000000
0.0000000000
0.0000000000
0.0000000000
0.0000000000
0.0000000000
0.0000000000
0.0000000000
0.0000000000
0.0000000000
0.0019723866
0.0039447732
0.0
0.0000000000
0.0000000000
0.0000000000
0.0000000000
0.0000000000
0.0000000000
0.0000000000
0.0000000000
0.0000000000
0.0000000000
0.0000000000
0.0000000000
0.0
0.0000000000
0.0026298488
0.0000000000
0.0000000000
0.0000000000
0.0000000000
0.0000000000
0.0000000000
0.0000000000
0.0000000000
0.0000000000
0.0000000000
0.0000000000
0.0000000000
0.0000000000
0.0000000000
0.0000000000
0.0000000000
0.0000000000
0.0000000000
0.0000000000
0.0000000000
0.0000000000
0.0000000000
0.0000000000
0.0000000000
0.0000000000
0.0000000000
0.0000000000
0.0000000000
0.0000000000
0.0000000000
0.0000000000
0.0000000000
0.0000000000
0.0000000000
0.0000000000
0.0000000000
0.0000000000
