0.0
0.0
0.0
0.0
0.0
0.0
0.0
0.0
0.0
0.0
0.0
0.0
0.0
0.0
0.0
0.0
0.0
0.0
0.0
0.0
0.0
0.0
0.0
0.0
0.0
0.0
0.0
0.0
0.0
0.0
0.0
0.0981416957
0.0
0.0
0.0
0.0
0.1373983740
0.0
0.1665434836
0.0
0.0
0.0
0.1152993348
0.1340471941
0.0
0.0
0.0
0.0
0.0
0.1616451459
0.0
0.0
0.0
0.0
0.0
0.1648780488
0.0
0.0000000000
0.0
0.0
0.0000000000
0.1397271600
0.1772882245
0.1319024390
0.1472125436
0.1986482515
0.0
0.2060975610
0.0243902439
0.0
0.1526648600
0.0000000000
0.1772882245
0.0000000000
0.0975609756
0.0000000000
0.1099186992
0.0243902439
0.0849886849
0.1129301704
0.0
0.0
0.0910928446
0.1114040870
0.0000000000
0.1056910569
0.1298252353
0.1397271600
0.1239684577
0.0000000000
0.0
0.0000000000
0.1319024390
0.1099186992
0.0000000000
0.0000000000
0.0000000000
0.0000000000
0.0000000000
