0.0
0.0
0.0
0.0
0.0
0.0
0.0
0.0
0.0
0.0
0.0
0.0
0.0
0.0
0.0
0.0
0.0
0.0
0.0
0.0
0.0
0.0
0.0
0.0
0.0
0.0
0.0
0.0
0.0
0.0888081549
0.0
0.1157573400
0.0
0.0
0.0
0.0
0.0
0.0825577275
0.0
0.0
0.1160436319
0.0
0.0
0.0
0.0722221270
0.0
0.0
0.0
0.0
0.1066370647
0.0
0.0
0.1103142049
0.0
0.1031215571
0.0
0.0
0.0
0.0
0.0
0.0
0.0
0.0
0.0
0.0
0.0
0.0
0.0
0.0
0.0
0.1177915694
0.1018530575
0.0840865743
0.0
0.0547707881
0.0
0.1101415692
0.0
0.0853096518
0.0
0.0
0.0994776858
0.0
0.0
0.0986411531
0.1022971842
0.0
0.0991274123
0.0
0.1072055792
0.0
0.0
0.0
0.0
0.0
0.0
0.0000000000
0.0858298326
0.0
0.0
0.0
0.0839361511
0.0818853551
0.0792572778
0.0
0.0
0.0
0.0
0.0
0.1070425289
0.0956256287
0.0
0.1008316085
0.1049671331
0.0
0.1131518693
0.0
0.0
0.0
0.0
0.0
0.0
0.0982281406
0.1063952573
0.0
0.0852579803
0.0
0.0
0.0
0.0
0.0
0.0
0.0
0.0
0.0
0.0932809314
0.0961481731
0.0
0.0
0.1115379758
0.0
0.0
0.0964115928
0.0
0.0998304436
0.0
0.0034275921
0.0
0.1118926275
0.1033486971
0.0082262211
0.0
0.0
0.0
0.0
0.1083609896
0.1071239920
0.0
0.0967429041
0.1186854346
0.0
0.0
0.1098836264
0.0
0.0976828074
0.0750724936
0.0000000000
0.0
0.0
0.0868358578
0.0
0.0
0.0
0.0
0.0886403813
0.0987103264
0.0
0.0
0.0993372798
0.0000000000
0.0772986960
0.0
0.0909308304
0.0000000000
0.0790347700
0.0
0.0
0.1090324752
0.0963456026
0.1121601000
0.0
0.1054388955
0.0981596412
0.0
0.0
0.0908721275
0.0025706941
0.0871584678
0.0
0.0
0.1269259923
0.1150947878
0.0
0.0975474189
0.0927890082
0.0
0.0
0.0
0.0795709019
0.0
0.0645100483
0.0
0.0
0.0
0.0068551842
0.0
0.0
0.0
0.0000000000
0.0
0.0
0.0969427861
0.0667746326
0.0000000000
0.0
0.1132429006
0.0
0.0690004537
0.0
0.0845410964
0.0
0.0924234573
0.0
0.0874834838
0.0842879793
0.0944704198
0.1035768399
0.0000000000
0.0
0.1162352811
0.1071239920
0.0
0.0
0.0051413882
0.1195929698
0.0602314615
0.0
0.0881408425
0.0
0.0897137830
0.0
0.0
0.0
0.0
0.0
0.0990576534
0.0
0.1168140460
0.0910484641
0.0993372798
0.0025706941
0.0051413882
0.0
0.1068799738
0.0667746326
0.1055970934
0.0
0.0000000000
0.0
0.0
0.0082262211
0.0
0.0785934815
0.1072872907
0.1165239449
0.0912254864
0.1069611896
0.0809901757
0.0782439830
0.0645692319
0.0668380463
0.0909308304
0.0973450383
0.1096268890
0.0783310659
0.0
0.0
0.1208248287
0.0000000000
0.0
0.0
0.0
0.0873748761
0.0970095971
0.0
0.0
0.0000000000
0.0034275921
0.0845919023
0.0
0.0
0.0997596920
0.0935288541
0.0759228293
0.0
0.0
0.0
0.0
0.0
0.0
0.0785058145
0.0987103264
0.0
0.0984342136
0.1144397768
0.0025706941
0.1131518693
0.0
0.0000000000
0.0
0.1163313433
0.1007594312
0.0601285457
0.0000000000
0.0976828074
0.0025706941
0.1076977241
0.0951730395
0.1136084951
0.1060745482
0.0916412275
0.0
0.0848980250
0.1011940514
0.0971434958
0.0820285113
0.0838361676
0.0848468508
0.0961481731
0.1025207032
0.0
0.0
0.0
0.0900005917
0.0
0.0
0.0812707422
0.0549418132
0.0
0.0045701228
0.0949803815
0.0
0.0
0.0000000000
0.0
0.0790347700
0.0
0.0
0.0972105839
0.0000000000
0.0997596920
0.0741627637
0.0
0.0736968196
0.0
0.0810368022
0.0
0.0835872479
0.0000000000
0.0
0.0911664025
0.0000000000
0.0834880934
0.0
0.0856210009
0.0826546832
0.0749925016
0.0051413882
0.0000000000
0.0792126761
0.0025706941
0.0667113391
0.0000000000
0.0790347700
0.0908135003
0.0000000000
0.1076977241
0.0982281406
0.0668380463
0.0871584678
0.0844903514
0.0000000000
0.0893153080
0.0
0.0902313625
0.0034275921
0.0695459118
0.1014858871
0.1123391265
0.0000000000
0.0857775292
0.0068551842
0.0
0.0911073951
0.0025706941
0.0
0.0
0.0962138930
0.0748330279
0.0000000000
0.0
0.0839862324
0.0
0.0000000000
0.0000000000
0.0000000000
0.0792126761
0.0722221270
0.0645100483
0.0034275921
0.0778975791
0.0739679062
0.0000000000
0.0954958789
0.0752329906
0.1099694730
0.0835376412
0.0988489645
0.0045701228
0.0973450383
0.0
0.0880856855
0.0846936976
0.0603864974
0.0000000000
0.0809901757
0.0747138670
0.0787694043
0.0792572778
0.0922417598
0.0000000000
0.0000000000
0.0025706941
0.0909308304
0.0000000000
0.0
0.1048889161
0.0025706941
0.0905797461
0.0816478686
0.0000000000
0.0
0.0025706941
0.0025706941
0.0914031983
0.0790347700
0.0935910409
0.0000000000
0.0
0.0000000000
0.0
0.0000000000
0.0051413882
0.0880856855
0.0742018584
0.0000000000
0.0000000000
0.1054388955
0.0742801717
0.0000000000
0.0051413882
0.0854131829
0.0000000000
0.0947247143
0.0750724936
0.0937780982
0.1083609896
0.0974124052
0.0738127559
0.0025706941
0.0
0.0829469213
0.0866754467
0.0871584678
0.0000000000
0.0000000000
0.0000000000
0.0000000000
0.0000000000
0.0000000000
0.0909896092
0.0792572778
0.0980912372
0.0783310659
0.0
0.0051413882
0.0733511857
0.0000000000
0.0025706941
0.0000000000
0.0874834838
0.0025706941
0.0947247143
0.0000000000
0.0000000000
0.0000000000
0.0853096518
0.0000000000
0.0000000000
0.0000000000
0.0000000000
0.0000000000
0.0000000000
0.0000000000
0.0000000000
0.0000000000
0.0914031983
0.0583344076
0.0000000000
0.0000000000
0.0601799596
0.0985720766
0.0744372953
0.0000000000
0.0000000000
0.0751125536
0.0856210009
0.0000000000
0.0000000000
0.0
0.0000000000
0.0669652357
0.0669015805
0.0000000000
0.0908135003
0.0000000000
0.0000000000
0.0000000000
0.0000000000
0.0742018584
0.0000000000
0.0000000000
0.0000000000
0.0000000000
0.0944070593
0.0000000000
0.0749925016
0.0000000000
0.0000000000
0.0806652868
0.0000000000
0.0000000000
0.0000000000
0.0503616907
0.0000000000
0.0000000000
0.0000000000
0.0000000000
0.0000000000
0.0000000000
0.0000000000
0.0
0.0000000000
0.0865156272
0.0000000000
0.0000000000
0.0000000000
0.0700303112
0.0000000000
0.0000000000
0.0601799596
0.0756779169
0.0025706941
0.0000000000
0.0000000000
0.0025706941
0.0000000000
0.0000000000
0.0000000000
0.0000000000
0.0000000000
0.0000000000
0.0000000000
0.0000000000
0.0000000000
0.0
0.0000000000
0.0000000000
0.0836866382
0.0000000000
0.0000000000
0.0000000000
0.0910484641
0.0000000000
0.0000000000
0.0000000000
0.0000000000
0.0025706941
0.0000000000
0.0000000000
0.0000000000
0.0801599803
0.0000000000
0.0000000000
0.0000000000
0.0000000000
0.0000000000
0.0000000000
0.0000000000
