0.0
0.0
0.0
0.0
0.0
0.0
0.0
0.1892378701
0.0
0.0
0.0
0.0
0.0
0.0
0.0
0.0
0.0
0.0
0.0
0.0
0.1970229723
0.0
0.0
0.1945601852
0.0
0.0
0.0
0.0
0.0
0.0
0.0
0.1995489079
0.1915669516
0.1600495097
0.0
0.0
0.0
0.2048001949
0.0
0.0
0.0
0.0
0.0
0.0
0.0
0.0
0.0
0.0
0.0
0.0
0.0
0.0
0.0
0.1976484421
0.0
0.0
0.0
0.1921582076
0.0
0.1773768070
0.0
0.0
0.0
0.2075308642
0.2027988901
0.1989113714
0.0
0.0
0.0
0.0
0.1852954145
0.2247626688
0.2082249474
0.0
0.0
0.2034616316
0.1815138754
0.1600495097
0.0
0.0
0.0
0.0
0.2124889395
0.0
0.0
0.1852954145
0.0092592593
0.0
0.1892378701
0.2082249474
0.0
0.0
0.1852954145
0.0
0.0
0.0
0.1651439238
0.0
0.2117661880
0.1831154684
0.1572203517
0.0
0.0
0.1809862188
0.0
0.0
0.0
0.1836556320
0.0
0.0
0.1763718393
0.0
0.0
0.1957838341
0.1739085454
0.0
0.1809862188
0.1344692425
0.0
0.0
0.1687242798
0.0
0.0
0.0
0.2110483365
0.1724633220
0.1976484421
0.1743956842
0.0
0.2184535413
0.2223544974
0.0
0.2272235739
0.2054761032
0.0
0.1783932930
0.1604620084
0.1612934178
0.2075308642
0.0
0.1763718393
0.1903952883
0.0
0.0000000000
0.1825784729
0.0
0.2305898491
0.1898148148
0.2117661880
0.0
0.1638401559
0.0
0.0
0.1945601852
0.0
0.1898148148
0.2117661880
0.0
0.0000000000
0.0
0.1880944388
0.2231514669
0.2021404521
0.1710419210
0.0000000000
0.1804616210
0.0000000000
0.0
0.1629823541
0.0
0.0
0.0
0.2154299628
0.1434545144
0.0
0.0
0.1596391263
0.1892378701
0.1858485351
0.1447889750
0.0
0.0000000000
0.1710419210
0.0000000000
0.1359372473
0.1847455764
0.0092592593
0.1701072657
0.0000000000
0.0000000000
0.0
0.0092592593
0.0000000000
0.1815138754
0.0
0.1568243306
0.1701072657
0.1421444275
0.1600495097
0.1359372473
0.0000000000
0.1302494964
0.0092592593
0.0
0.0000000000
0.0
0.0000000000
0.0000000000
0.0000000000
0.0000000000
0.0000000000
0.1729423868
0.0000000000
0.1660246914
0.0000000000
0.0000000000
0.0000000000
0.0000000000
0.0000000000
